#!ascii label  , from subject 3354 vox2ras=TkReg
1728
77453  -47.487  -25.443  12.836 0.0000000000
97594  -59.271  -11.179  8.506 0.0000000000
88320  -52.901  -17.803  11.069 0.0000000000
35259  -20.149  -58.760  35.923 0.0000000000
70317  -46.713  -30.816  18.954 0.0000000000
48882  -32.625  -47.718  36.016 0.0000000000
60027  -38.923  -39.043  31.342 0.0000000000
62431  -45.437  -37.037  25.897 0.0000000000
64969  -50.081  -35.149  23.807 0.0000000000
47819  -24.098  -49.267  29.462 0.0000000000
46520  -27.945  -49.563  35.614 0.0000000000
48972  -29.586  -47.726  28.608 0.0000000000
60098  -35.534  -38.864  26.242 0.0000000000
60119  -40.890  -39.254  25.826 0.0000000000
73132  -52.182  -28.125  19.567 0.0000000000
80245  -53.125  -24.089  16.651 0.0000000000
93688  -55.819  -14.289  9.807 0.0000000000
84232  -49.391  -20.928  11.781 0.0000000000
95024  -58.123  -12.939  3.361 0.0000000000
32744  -15.481  -60.608  36.898 0.0000000000
70244  -51.178  -30.381  22.397 0.0000000000
73172  -47.196  -28.816  16.685 0.0000000000
52341  -33.984  -45.002  27.590 0.0000000000
53577  -35.925  -43.581  33.484 0.0000000000
84179  -55.196  -20.841  14.409 0.0000000000
103248  -65.626  -7.292  1.024 0.0000000000
62468  -43.498  -37.415  23.268 0.0000000000
63723  -45.043  -36.664  22.209 0.0000000000
48953  -26.443  -48.288  28.863 0.0000000000
61308  -37.907  -38.213  22.398 0.0000000000
61296  -40.532  -38.674  23.266 0.0000000000
61256  -43.466  -39.010  25.191 0.0000000000
75922  -49.759  -26.541  15.779 0.0000000000
77311  -52.361  -25.693  18.338 0.0000000000
78891  -50.138  -24.764  14.404 0.0000000000
96280  -57.107  -12.489  9.142 0.0000000000
96245  -57.668  -12.287  12.382 0.0000000000
98957  -61.129  -9.421  7.917 0.0000000000
36594  -16.499  -57.297  33.445 0.0000000000
32747  -18.868  -60.262  36.407 0.0000000000
66284  -48.587  -33.616  21.273 0.0000000000
66270  -51.406  -33.501  22.456 0.0000000000
70283  -48.933  -30.957  20.975 0.0000000000
73112  -48.664  -29.661  20.093 0.0000000000
73142  -46.417  -29.342  18.160 0.0000000000
47751  -30.574  -49.110  35.304 0.0000000000
47704  -28.775  -49.344  38.633 0.0000000000
48854  -30.981  -48.128  39.108 0.0000000000
49989  -33.149  -46.512  38.139 0.0000000000
52381  -31.856  -44.232  24.137 0.0000000000
56511  -33.760  -41.929  23.272 0.0000000000
60052  -37.545  -39.611  28.738 0.0000000000
56424  -36.529  -41.330  29.103 0.0000000000
57673  -37.320  -40.856  32.595 0.0000000000
56323  -37.076  -42.154  35.567 0.0000000000
41503  -21.782  -53.602  32.291 0.0000000000
43998  -22.616  -52.601  35.171 0.0000000000
42677  -21.589  -53.177  38.594 0.0000000000
86922  -50.449  -19.378  11.384 0.0000000000
85486  -51.977  -20.466  13.835 0.0000000000
86891  -53.623  -19.308  12.910 0.0000000000
101913  -66.392  -7.105  -0.383 0.0000000000
33955  -20.523  -59.372  39.174 0.0000000000
63616  -46.523  -36.048  28.159 0.0000000000
66174  -48.720  -34.554  27.862 0.0000000000
64966  -47.147  -35.931  24.563 0.0000000000
63748  -47.122  -35.047  21.397 0.0000000000
46552  -23.456  -50.443  32.468 0.0000000000
46536  -25.466  -50.279  34.619 0.0000000000
47794  -26.199  -49.251  32.407 0.0000000000
47797  -29.335  -49.169  32.585 0.0000000000
47799  -31.148  -48.391  32.354 0.0000000000
62461  -33.369  -38.206  22.531 0.0000000000
62464  -35.173  -37.502  23.056 0.0000000000
61229  -37.569  -39.068  25.920 0.0000000000
60068  -39.453  -39.515  28.341 0.0000000000
58909  -42.787  -39.476  28.323 0.0000000000
61197  -45.174  -37.758  28.436 0.0000000000
45344  -22.358  -50.736  28.848 0.0000000000
74446  -52.863  -27.775  23.475 0.0000000000
75828  -55.098  -27.705  24.089 0.0000000000
77243  -54.086  -26.183  22.040 0.0000000000
78757  -54.858  -24.746  20.155 0.0000000000
89702  -54.187  -15.739  10.527 0.0000000000
88296  -55.552  -17.556  12.856 0.0000000000
92446  -56.694  -14.428  12.332 0.0000000000
28861  -13.190  -63.147  40.664 0.0000000000
81646  -48.493  -23.096  12.684 0.0000000000
86935  -49.026  -19.975  9.790 0.0000000000
89718  -51.920  -16.306  8.551 0.0000000000
92500  -52.776  -14.541  8.188 0.0000000000
94971  -54.633  -13.375  7.352 0.0000000000
96319  -56.845  -12.644  6.305 0.0000000000
96336  -58.657  -12.370  5.972 0.0000000000
95010  -56.065  -12.820  4.253 0.0000000000
32702  -18.911  -60.693  40.214 0.0000000000
32689  -17.141  -61.349  41.172 0.0000000000
31404  -14.802  -62.000  42.242 0.0000000000
68835  -54.697  -32.789  28.190 0.0000000000
66192  -51.366  -33.823  26.718 0.0000000000
67530  -53.544  -32.650  25.769 0.0000000000
71620  -53.266  -29.829  24.640 0.0000000000
74474  -50.964  -28.325  21.580 0.0000000000
74499  -49.948  -28.579  17.651 0.0000000000
74570  -47.023  -27.417  14.300 0.0000000000
47718  -26.738  -49.183  38.110 0.0000000000
50085  -32.097  -46.865  28.527 0.0000000000
50046  -33.307  -46.747  31.576 0.0000000000
56465  -34.999  -41.635  26.479 0.0000000000
53638  -35.315  -43.810  29.537 0.0000000000
51116  -34.861  -45.506  34.673 0.0000000000
52237  -35.563  -44.181  36.654 0.0000000000
37912  -18.081  -56.471  32.354 0.0000000000
40332  -20.250  -55.474  31.961 0.0000000000
37886  -20.561  -56.575  35.531 0.0000000000
82883  -50.976  -22.375  14.304 0.0000000000
81606  -54.703  -22.743  15.294 0.0000000000
81559  -57.453  -22.832  17.204 0.0000000000
86833  -56.703  -18.579  15.471 0.0000000000
97625  -60.968  -10.772  5.026 0.0000000000
100488  -62.677  -9.605  4.394 0.0000000000
101866  -64.054  -8.006  3.750 0.0000000000
101895  -63.316  -8.145  1.365 0.0000000000
100512  -66.972  -8.539  3.316 0.0000000000
62487  -42.593  -37.299  22.365 0.0000000000
62507  -42.964  -37.298  21.218 0.0000000000
62528  -41.833  -37.458  20.322 0.0000000000
61329  -39.348  -37.924  21.395 0.0000000000
61330  -40.458  -37.908  21.418 0.0000000000
62467  -42.457  -37.563  23.181 0.0000000000
75943  -48.631  -26.042  14.237 0.0000000000
77364  -50.053  -25.985  15.395 0.0000000000
78889  -48.563  -25.045  13.983 0.0000000000
96296  -58.543  -11.618  8.946 0.0000000000
96270  -58.155  -11.940  10.353 0.0000000000
97573  -59.665  -10.541  9.788 0.0000000000
98948  -60.324  -9.964  9.405 0.0000000000
97595  -60.066  -10.692  7.955 0.0000000000
36587  -18.063  -58.284  33.768 0.0000000000
35278  -17.600  -58.835  34.383 0.0000000000
33981  -19.144  -59.680  35.940 0.0000000000
68954  -47.280  -31.941  19.906 0.0000000000
68933  -48.623  -31.817  20.774 0.0000000000
70302  -47.578  -30.744  20.008 0.0000000000
71691  -47.509  -30.368  19.536 0.0000000000
73126  -46.405  -29.782  18.557 0.0000000000
45246  -22.550  -51.042  36.985 0.0000000000
48881  -31.805  -48.467  35.757 0.0000000000
47722  -30.603  -49.167  37.255 0.0000000000
48875  -32.163  -48.229  36.985 0.0000000000
49979  -32.412  -46.952  38.563 0.0000000000
48876  -32.770  -47.424  37.013 0.0000000000
60041  -38.277  -39.679  29.882 0.0000000000
58870  -37.365  -40.290  29.930 0.0000000000
58844  -37.777  -40.156  32.093 0.0000000000
58834  -37.932  -39.941  33.222 0.0000000000
45278  -22.849  -51.496  33.720 0.0000000000
45265  -23.231  -51.724  34.904 0.0000000000
43969  -22.260  -51.859  36.997 0.0000000000
68859  -56.097  -31.884  27.088 0.0000000000
86923  -51.591  -18.809  11.420 0.0000000000
86908  -52.579  -19.014  12.241 0.0000000000
86909  -53.616  -18.575  12.124 0.0000000000
63637  -46.157  -36.368  26.995 0.0000000000
64931  -47.331  -35.595  26.313 0.0000000000
64965  -46.620  -35.977  24.847 0.0000000000
63725  -46.970  -35.954  21.754 0.0000000000
63747  -46.246  -35.364  20.906 0.0000000000
66281  -46.814  -33.991  20.304 0.0000000000
46589  -23.706  -49.874  30.518 0.0000000000
47793  -24.984  -49.505  32.239 0.0000000000
47808  -25.160  -49.303  30.924 0.0000000000
48955  -28.230  -48.261  29.194 0.0000000000
47823  -27.691  -49.241  30.707 0.0000000000
48923  -29.280  -48.619  30.625 0.0000000000
47798  -30.306  -48.936  32.628 0.0000000000
48942  -30.499  -47.728  30.169 0.0000000000
63739  -33.617  -36.444  21.144 0.0000000000
61277  -38.671  -39.081  24.090 0.0000000000
61276  -37.808  -38.417  24.131 0.0000000000
61231  -39.313  -39.553  26.129 0.0000000000
61211  -38.562  -39.573  27.037 0.0000000000
60084  -40.271  -39.431  27.518 0.0000000000
60070  -41.465  -39.599  28.714 0.0000000000
60102  -42.103  -38.986  26.782 0.0000000000
62448  -44.751  -37.986  24.902 0.0000000000
61233  -44.791  -38.509  26.607 0.0000000000
62413  -45.395  -37.686  26.761 0.0000000000
63614  -45.746  -36.751  28.523 0.0000000000
46601  -23.311  -49.794  29.485 0.0000000000
74467  -52.331  -27.614  21.724 0.0000000000
75853  -53.510  -26.740  22.399 0.0000000000
74477  -53.329  -27.217  20.783 0.0000000000
78820  -52.570  -24.923  17.752 0.0000000000
77285  -53.717  -25.576  19.105 0.0000000000
80205  -54.247  -24.544  18.198 0.0000000000
80191  -55.320  -24.340  19.310 0.0000000000
81555  -54.597  -24.039  17.494 0.0000000000
92472  -54.880  -14.585  10.450 0.0000000000
91111  -55.600  -15.275  11.496 0.0000000000
93678  -56.039  -13.824  11.123 0.0000000000
97513  -58.524  -10.722  13.942 0.0000000000
91155  -52.547  -15.181  8.372 0.0000000000
92516  -51.964  -14.573  7.059 0.0000000000
94983  -53.626  -13.668  6.629 0.0000000000
94984  -54.789  -13.266  6.321 0.0000000000
94972  -55.555  -13.168  7.067 0.0000000000
96318  -55.989  -12.437  6.066 0.0000000000
96334  -56.632  -12.538  5.527 0.0000000000
33978  -15.611  -59.944  35.868 0.0000000000
32743  -14.684  -60.462  37.343 0.0000000000
35208  -20.979  -59.316  42.336 0.0000000000
33945  -19.907  -60.138  39.643 0.0000000000
32679  -20.292  -60.280  41.860 0.0000000000
31407  -18.134  -61.686  43.241 0.0000000000
30142  -17.214  -62.349  43.269 0.0000000000
32674  -15.656  -61.330  41.802 0.0000000000
28849  -16.372  -62.879  42.558 0.0000000000
27612  -15.510  -63.531  41.880 0.0000000000
66227  -49.633  -34.892  25.547 0.0000000000
66191  -49.840  -34.205  27.446 0.0000000000
66228  -50.836  -34.519  25.167 0.0000000000
68916  -51.747  -31.846  22.462 0.0000000000
67557  -52.839  -32.880  23.565 0.0000000000
68891  -52.648  -31.346  23.717 0.0000000000
70213  -53.599  -30.972  24.950 0.0000000000
71630  -51.776  -30.049  23.273 0.0000000000
73086  -51.800  -29.023  23.254 0.0000000000
73093  -50.928  -29.002  22.347 0.0000000000
73144  -48.558  -29.262  18.116 0.0000000000
73145  -49.650  -29.014  18.431 0.0000000000
74513  -48.096  -28.357  17.096 0.0000000000
74514  -48.905  -28.110  17.124 0.0000000000
74554  -46.989  -28.070  15.030 0.0000000000
46537  -26.546  -50.064  34.819 0.0000000000
46501  -25.755  -49.313  36.815 0.0000000000
47747  -26.896  -49.508  36.421 0.0000000000
53687  -33.208  -44.183  25.071 0.0000000000
51196  -32.203  -45.694  26.421 0.0000000000
51183  -33.426  -45.810  27.371 0.0000000000
50058  -32.473  -46.834  30.130 0.0000000000
51160  -33.877  -45.882  29.360 0.0000000000
61246  -34.617  -38.867  24.705 0.0000000000
60136  -34.224  -39.488  23.930 0.0000000000
58918  -35.599  -39.964  25.763 0.0000000000
54989  -36.538  -42.391  31.019 0.0000000000
55007  -35.703  -42.952  29.271 0.0000000000
53598  -35.578  -43.758  31.323 0.0000000000
51133  -34.923  -45.600  32.590 0.0000000000
52279  -35.631  -44.278  33.157 0.0000000000
52246  -35.501  -44.969  35.911 0.0000000000
53534  -35.876  -43.677  35.468 0.0000000000
58847  -43.395  -39.422  32.257 0.0000000000
40333  -20.898  -55.093  32.152 0.0000000000
40310  -21.098  -55.206  34.055 0.0000000000
39102  -20.592  -55.860  34.252 0.0000000000
42660  -22.297  -53.058  39.937 0.0000000000
82945  -48.473  -21.912  12.113 0.0000000000
81647  -49.435  -22.865  13.156 0.0000000000
82928  -49.716  -21.823  13.356 0.0000000000
85466  -53.418  -20.637  14.378 0.0000000000
84177  -53.057  -21.156  14.574 0.0000000000
82887  -54.902  -21.910  14.541 0.0000000000
81580  -56.586  -22.989  16.455 0.0000000000
81608  -56.953  -22.414  15.284 0.0000000000
89647  -56.810  -16.803  13.916 0.0000000000
88260  -55.929  -18.174  14.325 0.0000000000
88245  -56.936  -17.640  15.591 0.0000000000
96351  -59.336  -12.612  5.245 0.0000000000
96337  -59.916  -11.775  5.987 0.0000000000
96352  -60.608  -12.080  4.773 0.0000000000
97634  -61.747  -10.646  3.639 0.0000000000
97635  -62.278  -10.165  3.049 0.0000000000
101865  -63.577  -8.444  4.116 0.0000000000
99004  -63.369  -9.113  2.760 0.0000000000
101911  -64.304  -7.663  0.005 0.0000000000
100536  -63.196  -8.479  0.503 0.0000000000
101896  -63.911  -7.944  1.003 0.0000000000
101875  -65.250  -8.158  2.575 0.0000000000
101885  -65.466  -7.945  1.664 0.0000000000
101887  -66.596  -8.232  1.700 0.0000000000
99046  -65.687  -9.525  -0.612 0.0000000000
63672  -45.019  -37.479  24.427 0.0000000000
63673  -45.823  -36.722  24.737 0.0000000000
63722  -44.445  -37.079  22.464 0.0000000000
62509  -44.637  -36.630  21.543 0.0000000000
48936  -25.283  -48.258  29.211 0.0000000000
61328  -38.285  -37.951  21.514 0.0000000000
61295  -39.369  -38.867  23.189 0.0000000000
61279  -40.928  -38.617  24.339 0.0000000000
60120  -41.855  -38.761  25.740 0.0000000000
61280  -42.069  -38.545  24.562 0.0000000000
61299  -43.523  -38.028  24.055 0.0000000000
74516  -50.967  -27.068  17.373 0.0000000000
74502  -52.418  -26.938  18.860 0.0000000000
75911  -50.952  -26.327  17.068 0.0000000000
77366  -51.330  -25.445  16.398 0.0000000000
78863  -51.905  -24.720  15.906 0.0000000000
96268  -56.449  -12.790  9.630 0.0000000000
96253  -56.621  -12.658  11.251 0.0000000000
96261  -56.948  -12.341  11.050 0.0000000000
97533  -58.561  -10.842  12.308 0.0000000000
100457  -61.916  -9.459  6.834 0.0000000000
33990  -16.664  -59.700  35.406 0.0000000000
32745  -16.593  -60.561  36.519 0.0000000000
65008  -49.600  -34.514  21.932 0.0000000000
64988  -50.803  -34.455  23.034 0.0000000000
67571  -49.602  -32.889  21.866 0.0000000000
68914  -49.846  -31.901  21.764 0.0000000000
70263  -49.568  -30.892  21.587 0.0000000000
71676  -49.409  -29.945  21.392 0.0000000000
71675  -48.685  -30.288  20.727 0.0000000000
73128  -48.181  -29.633  18.983 0.0000000000
73157  -46.749  -29.113  17.389 0.0000000000
46521  -28.953  -49.648  35.560 0.0000000000
47733  -27.876  -49.511  36.761 0.0000000000
47721  -29.701  -49.280  37.523 0.0000000000
47705  -29.777  -49.219  38.540 0.0000000000
49971  -32.744  -46.505  39.676 0.0000000000
55148  -32.564  -42.830  22.613 0.0000000000
55106  -33.742  -43.030  24.797 0.0000000000
60065  -36.458  -39.420  27.675 0.0000000000
57740  -35.903  -40.476  27.772 0.0000000000
57714  -36.782  -40.636  29.195 0.0000000000
54990  -36.941  -41.591  30.923 0.0000000000
54954  -36.815  -42.052  32.602 0.0000000000
54912  -36.725  -42.482  34.621 0.0000000000
56338  -37.254  -41.579  34.258 0.0000000000
42793  -22.011  -52.815  29.886 0.0000000000
42767  -21.999  -52.912  32.174 0.0000000000
42725  -22.038  -53.442  34.983 0.0000000000
42695  -21.522  -53.659  37.271 0.0000000000
42696  -22.066  -53.131  36.971 0.0000000000
85525  -50.492  -19.833  11.891 0.0000000000
85501  -50.503  -20.510  12.959 0.0000000000
85514  -51.327  -19.811  12.958 0.0000000000
86872  -52.669  -19.905  13.713 0.0000000000
85489  -54.055  -19.642  14.299 0.0000000000
95034  -58.333  -12.907  2.411 0.0000000000
95026  -60.260  -12.897  3.502 0.0000000000
95035  -59.290  -13.104  2.466 0.0000000000
103271  -64.895  -6.852  -0.275 0.0000000000
103249  -66.066  -7.177  0.759 0.0000000000
103272  -65.614  -6.472  -0.533 0.0000000000
103273  -65.979  -6.511  -0.766 0.0000000000
36563  -20.773  -57.670  37.236 0.0000000000
33972  -20.436  -59.274  37.279 0.0000000000
66158  -48.447  -35.020  28.520 0.0000000000
66188  -47.614  -35.311  27.290 0.0000000000
66210  -47.970  -35.000  26.145 0.0000000000
64949  -48.517  -35.638  24.879 0.0000000000
63674  -46.553  -36.196  23.980 0.0000000000
63676  -48.125  -36.053  23.305 0.0000000000
63703  -48.479  -35.855  22.493 0.0000000000
65027  -48.146  -34.258  21.217 0.0000000000
67600  -47.388  -32.814  19.845 0.0000000000
46533  -23.309  -50.834  33.799 0.0000000000
46516  -24.120  -50.633  35.550 0.0000000000
47776  -24.440  -50.438  33.728 0.0000000000
47778  -25.601  -49.657  33.288 0.0000000000
46557  -26.862  -49.667  34.046 0.0000000000
47822  -26.747  -49.065  30.528 0.0000000000
47795  -27.256  -49.451  32.465 0.0000000000
47764  -28.221  -49.555  33.960 0.0000000000
47782  -29.773  -49.419  33.728 0.0000000000
47766  -30.634  -49.039  34.371 0.0000000000
48895  -31.836  -47.914  33.695 0.0000000000
63689  -34.146  -37.631  22.600 0.0000000000
62427  -35.067  -38.533  24.301 0.0000000000
62466  -36.444  -37.433  22.530 0.0000000000
61274  -36.219  -38.457  24.098 0.0000000000
61227  -35.911  -38.443  26.073 0.0000000000
61193  -37.455  -39.311  27.482 0.0000000000
60066  -38.205  -39.351  28.242 0.0000000000
60043  -39.597  -39.282  30.447 0.0000000000
60028  -39.858  -39.004  31.526 0.0000000000
60044  -40.468  -39.721  30.611 0.0000000000
58871  -42.177  -39.744  30.297 0.0000000000
58873  -43.662  -39.439  30.419 0.0000000000
60103  -43.155  -39.396  26.783 0.0000000000
61213  -44.147  -38.584  28.314 0.0000000000
61181  -44.518  -38.123  29.762 0.0000000000
62363  -45.027  -36.671  29.781 0.0000000000
45316  -22.756  -51.388  30.830 0.0000000000
74414  -53.923  -28.630  25.119 0.0000000000
77199  -54.173  -27.521  23.777 0.0000000000
77201  -54.878  -26.897  23.644 0.0000000000
78683  -54.924  -25.464  23.569 0.0000000000
77270  -53.834  -26.168  19.929 0.0000000000
78738  -54.403  -25.471  20.624 0.0000000000
88335  -53.396  -16.835  10.273 0.0000000000
88309  -54.861  -17.863  11.751 0.0000000000
88322  -54.743  -16.916  11.216 0.0000000000
89662  -56.561  -16.121  13.071 0.0000000000
91086  -57.436  -15.447  13.798 0.0000000000
93669  -56.794  -13.615  12.145 0.0000000000
92434  -57.557  -14.466  13.625 0.0000000000
78930  -46.669  -24.675  12.006 0.0000000000
80307  -47.557  -23.900  12.298 0.0000000000
81663  -47.021  -23.198  11.573 0.0000000000
81680  -47.478  -22.328  11.504 0.0000000000
84230  -48.132  -20.982  10.840 0.0000000000
85523  -48.962  -20.692  10.760 0.0000000000
86936  -49.781  -19.242  10.085 0.0000000000
86937  -50.704  -18.530  10.278 0.0000000000
88333  -51.302  -17.967  9.811 0.0000000000
88349  -52.267  -16.700  9.372 0.0000000000
89719  -52.549  -15.984  9.182 0.0000000000
91139  -53.074  -15.272  8.873 0.0000000000
93700  -54.421  -14.019  9.149 0.0000000000
93735  -52.835  -13.905  6.513 0.0000000000
94970  -53.792  -13.632  7.573 0.0000000000
94947  -55.120  -13.427  8.947 0.0000000000
96279  -56.233  -12.681  8.601 0.0000000000
96294  -56.910  -12.282  8.158 0.0000000000
96306  -57.825  -12.140  7.641 0.0000000000
96321  -59.039  -11.898  7.016 0.0000000000
96320  -57.818  -12.447  6.674 0.0000000000
96349  -57.187  -12.197  4.869 0.0000000000
95012  -57.621  -12.684  4.277 0.0000000000
95033  -57.407  -12.668  2.541 0.0000000000
33963  -19.942  -59.840  37.666 0.0000000000
32724  -18.385  -60.899  38.189 0.0000000000
32723  -17.301  -61.123  38.443 0.0000000000
32664  -18.805  -61.212  42.461 0.0000000000
32690  -18.188  -61.075  41.211 0.0000000000
32722  -16.292  -61.315  38.665 0.0000000000
32709  -15.049  -61.119  39.594 0.0000000000
32698  -14.684  -61.207  40.253 0.0000000000
32685  -13.578  -60.671  40.517 0.0000000000
30150  -14.175  -62.744  41.908 0.0000000000
71584  -54.956  -31.063  26.748 0.0000000000
67459  -52.045  -33.946  28.474 0.0000000000
66229  -51.771  -33.922  25.197 0.0000000000
67516  -52.793  -33.405  26.278 0.0000000000
68858  -53.823  -32.128  27.194 0.0000000000
70203  -53.950  -31.175  26.343 0.0000000000
73042  -54.135  -29.630  25.786 0.0000000000
73064  -52.977  -28.828  24.525 0.0000000000
74456  -52.168  -27.793  22.494 0.0000000000
73115  -51.593  -28.545  20.278 0.0000000000
73113  -49.863  -29.407  20.391 0.0000000000
73130  -50.528  -28.855  19.527 0.0000000000
74487  -51.084  -28.471  18.843 0.0000000000
74515  -50.208  -27.973  16.846 0.0000000000
74556  -48.899  -27.174  15.342 0.0000000000
75955  -46.918  -26.457  13.330 0.0000000000
73140  -44.826  -30.034  17.827 0.0000000000
73156  -45.647  -29.484  17.086 0.0000000000
74512  -45.309  -29.221  16.178 0.0000000000
74532  -45.628  -29.136  15.457 0.0000000000
74553  -46.036  -28.595  14.616 0.0000000000
74569  -46.123  -28.015  13.922 0.0000000000
75954  -46.023  -26.855  12.817 0.0000000000
77451  -46.036  -25.671  11.917 0.0000000000
47719  -27.740  -49.342  37.935 0.0000000000
50099  -29.988  -47.226  27.098 0.0000000000
51180  -30.827  -46.719  26.529 0.0000000000
50069  -30.911  -47.476  29.113 0.0000000000
48943  -31.364  -47.523  30.437 0.0000000000
50033  -32.383  -47.456  32.067 0.0000000000
50018  -33.192  -47.523  34.101 0.0000000000
60147  -33.125  -39.397  22.611 0.0000000000
57798  -34.387  -41.178  24.166 0.0000000000
55053  -34.556  -43.113  26.568 0.0000000000
56446  -35.471  -41.831  27.585 0.0000000000
55028  -35.275  -42.826  28.508 0.0000000000
52331  -34.673  -44.822  28.966 0.0000000000
51151  -34.608  -45.681  30.692 0.0000000000
51132  -34.264  -46.298  32.407 0.0000000000
50010  -33.748  -46.548  35.312 0.0000000000
50003  -33.999  -46.536  36.344 0.0000000000
52235  -34.281  -45.109  37.172 0.0000000000
37904  -17.819  -57.047  32.873 0.0000000000
36588  -19.036  -57.876  34.204 0.0000000000
40349  -19.654  -54.453  30.510 0.0000000000
40340  -18.367  -54.828  31.034 0.0000000000
37913  -19.031  -56.379  32.458 0.0000000000
39101  -19.932  -56.472  34.061 0.0000000000
37885  -20.285  -57.364  35.597 0.0000000000
37871  -21.015  -56.686  37.797 0.0000000000
41435  -21.100  -53.883  38.475 0.0000000000
80275  -49.121  -24.131  13.799 0.0000000000
80277  -50.713  -23.868  14.441 0.0000000000
80263  -52.922  -23.902  15.607 0.0000000000
82913  -51.160  -21.705  13.865 0.0000000000
81604  -52.406  -23.070  14.756 0.0000000000
81577  -53.889  -23.373  15.927 0.0000000000
81557  -55.393  -23.729  16.987 0.0000000000
86892  -54.699  -18.932  12.781 0.0000000000
86852  -55.738  -18.934  14.636 0.0000000000
85468  -55.793  -19.749  14.816 0.0000000000
97607  -60.056  -11.235  7.128 0.0000000000
98972  -61.245  -10.146  6.327 0.0000000000
100473  -61.676  -9.668  6.055 0.0000000000
97633  -61.159  -11.133  4.238 0.0000000000
98987  -61.341  -10.233  4.916 0.0000000000
100490  -62.983  -9.435  5.532 0.0000000000
101843  -63.941  -9.079  5.597 0.0000000000
101845  -64.562  -9.583  4.355 0.0000000000
99018  -62.679  -9.284  1.887 0.0000000000
101874  -64.332  -8.059  2.791 0.0000000000
101868  -65.959  -8.368  3.354 0.0000000000
99034  -66.534  -9.118  0.723 0.0000000000
62506  -42.030  -37.507  21.440 0.0000000000
61331  -41.350  -37.701  21.540 0.0000000000
62486  -41.853  -37.698  22.086 0.0000000000
75956  -47.648  -25.994  13.484 0.0000000000
77394  -49.103  -25.812  14.509 0.0000000000
77417  -48.270  -25.614  13.780 0.0000000000
96282  -58.713  -11.769  9.737 0.0000000000
97584  -59.094  -11.022  9.315 0.0000000000
97585  -59.884  -10.571  8.902 0.0000000000
98956  -60.662  -9.845  8.375 0.0000000000
35280  -19.360  -58.435  34.702 0.0000000000
35270  -19.058  -59.036  35.017 0.0000000000
35271  -19.575  -58.855  35.275 0.0000000000
70301  -47.083  -31.194  19.574 0.0000000000
70281  -47.522  -31.542  20.052 0.0000000000
71690  -46.973  -30.545  19.129 0.0000000000
71700  -46.438  -30.345  18.716 0.0000000000
46498  -23.356  -50.719  36.360 0.0000000000
60026  -38.338  -39.908  31.072 0.0000000000
60012  -38.476  -39.712  32.287 0.0000000000
60013  -39.260  -39.430  32.490 0.0000000000
45256  -23.009  -51.383  36.074 0.0000000000
86939  -52.501  -17.996  10.812 0.0000000000
86924  -52.690  -18.465  11.325 0.0000000000
86925  -53.407  -18.096  11.446 0.0000000000
63655  -46.043  -36.475  26.122 0.0000000000
63771  -45.373  -35.246  19.924 0.0000000000
47807  -24.454  -49.418  30.665 0.0000000000
47820  -24.937  -48.629  29.773 0.0000000000
48956  -29.135  -48.041  29.315 0.0000000000
48940  -28.634  -48.744  30.212 0.0000000000
48941  -29.560  -48.171  30.104 0.0000000000
48924  -29.887  -48.459  30.870 0.0000000000
48957  -30.053  -47.854  29.230 0.0000000000
61253  -40.212  -39.229  25.265 0.0000000000
61252  -39.071  -39.173  25.108 0.0000000000
61232  -39.973  -39.834  25.815 0.0000000000
60100  -40.084  -39.663  26.459 0.0000000000
60101  -41.065  -38.972  26.696 0.0000000000
62449  -45.165  -37.329  25.160 0.0000000000
62430  -45.185  -37.954  25.758 0.0000000000
62414  -45.853  -36.911  26.813 0.0000000000
46613  -23.411  -49.336  28.632 0.0000000000
74476  -52.515  -27.866  20.473 0.0000000000
74468  -53.033  -27.372  21.311 0.0000000000
74489  -52.455  -27.438  19.302 0.0000000000
80225  -53.018  -24.280  17.357 0.0000000000
78821  -53.389  -24.426  17.895 0.0000000000
80226  -53.845  -23.994  17.431 0.0000000000
81538  -54.643  -24.395  17.818 0.0000000000
93687  -54.787  -14.366  9.598 0.0000000000
92457  -55.206  -14.382  11.050 0.0000000000
93677  -55.823  -14.053  10.744 0.0000000000
96233  -58.834  -11.537  14.471 0.0000000000
91172  -51.409  -15.167  6.869 0.0000000000
96317  -55.668  -13.101  6.056 0.0000000000
96332  -55.406  -13.239  5.587 0.0000000000
96333  -55.896  -12.957  5.382 0.0000000000
32732  -15.305  -61.016  37.808 0.0000000000
33928  -20.920  -59.783  41.948 0.0000000000
32656  -20.764  -60.399  42.052 0.0000000000
28850  -17.054  -62.841  42.866 0.0000000000
27613  -16.131  -63.596  41.917 0.0000000000
64950  -49.265  -35.023  24.647 0.0000000000
64951  -50.199  -35.004  24.693 0.0000000000
70265  -51.214  -31.330  22.339 0.0000000000
68901  -51.933  -31.445  22.880 0.0000000000
70245  -51.670  -30.865  22.937 0.0000000000
70229  -52.367  -30.815  23.740 0.0000000000
71644  -51.735  -29.526  23.152 0.0000000000
73084  -51.044  -29.418  22.365 0.0000000000
73158  -47.741  -28.880  17.396 0.0000000000
73159  -48.463  -28.669  17.443 0.0000000000
73173  -47.757  -28.545  16.887 0.0000000000
74534  -47.879  -28.214  16.214 0.0000000000
74533  -46.610  -28.574  15.791 0.0000000000
46519  -27.044  -49.698  35.600 0.0000000000
47748  -27.426  -49.578  36.093 0.0000000000
52351  -33.644  -44.962  26.567 0.0000000000
51197  -32.978  -45.577  26.610 0.0000000000
51170  -33.880  -46.043  28.334 0.0000000000
61225  -34.955  -38.865  25.279 0.0000000000
60117  -35.045  -39.401  25.397 0.0000000000
60097  -35.160  -39.154  25.928 0.0000000000
54971  -36.660  -42.612  32.063 0.0000000000
53620  -35.828  -43.161  30.788 0.0000000000
53599  -35.858  -43.472  32.110 0.0000000000
52292  -35.679  -44.397  32.448 0.0000000000
52268  -35.686  -44.313  34.175 0.0000000000
53556  -35.916  -43.644  34.531 0.0000000000
58848  -44.073  -39.210  31.913 0.0000000000
41454  -21.331  -54.419  35.553 0.0000000000
84219  -49.012  -21.292  11.924 0.0000000000
84207  -49.293  -21.449  12.599 0.0000000000
84178  -54.087  -21.130  14.360 0.0000000000
82888  -55.847  -21.635  14.497 0.0000000000
81607  -55.845  -22.596  15.164 0.0000000000
82914  -56.475  -21.459  14.593 0.0000000000
89631  -57.121  -16.868  14.897 0.0000000000
95013  -58.603  -13.157  4.480 0.0000000000
95014  -59.691  -12.993  4.397 0.0000000000
99003  -62.986  -9.584  2.917 0.0000000000
97647  -62.333  -10.142  2.227 0.0000000000
101897  -64.633  -7.419  0.846 0.0000000000
100537  -63.832  -8.169  0.327 0.0000000000
103247  -65.081  -7.446  1.169 0.0000000000
101886  -66.160  -7.873  1.520 0.0000000000
62469  -44.271  -37.752  24.106 0.0000000000
63699  -44.903  -37.399  23.301 0.0000000000
63698  -44.136  -37.305  22.787 0.0000000000
62508  -44.033  -36.686  21.105 0.0000000000
62530  -44.039  -36.593  20.330 0.0000000000
61347  -37.585  -38.093  20.531 0.0000000000
61310  -39.977  -38.448  22.287 0.0000000000
61297  -41.690  -38.141  23.472 0.0000000000
61298  -42.748  -38.111  23.780 0.0000000000
74536  -50.212  -27.015  16.560 0.0000000000
75923  -50.462  -26.351  16.527 0.0000000000
77396  -50.428  -25.451  15.313 0.0000000000
77365  -50.526  -25.814  16.003 0.0000000000
77397  -51.015  -25.244  15.736 0.0000000000
78862  -50.847  -24.713  15.096 0.0000000000
96260  -56.461  -12.664  10.580 0.0000000000
96269  -57.170  -12.269  10.330 0.0000000000
97534  -58.783  -10.263  12.194 0.0000000000
98914  -58.816  -10.057  12.606 0.0000000000
98915  -59.508  -10.037  12.670 0.0000000000
100430  -61.880  -8.581  8.485 0.0000000000
100442  -61.866  -8.908  7.676 0.0000000000
100441  -61.531  -9.341  7.504 0.0000000000
33991  -17.819  -59.499  35.021 0.0000000000
35269  -16.933  -59.099  34.846 0.0000000000
32757  -17.535  -60.059  35.604 0.0000000000
32756  -16.999  -60.405  35.783 0.0000000000
32746  -17.806  -60.549  36.289 0.0000000000
66267  -49.213  -33.638  21.693 0.0000000000
66268  -49.987  -33.652  21.844 0.0000000000
68934  -49.185  -31.580  21.316 0.0000000000
71658  -49.236  -30.363  21.379 0.0000000000
73127  -47.251  -29.754  18.857 0.0000000000
73111  -47.960  -29.950  19.503 0.0000000000
73143  -47.429  -29.285  18.193 0.0000000000
47750  -29.849  -49.494  35.728 0.0000000000
47749  -29.272  -49.389  36.143 0.0000000000
47735  -29.838  -49.370  36.613 0.0000000000
48864  -31.253  -48.366  37.994 0.0000000000
47706  -30.410  -49.008  38.068 0.0000000000
48863  -30.535  -48.638  38.655 0.0000000000
49988  -32.578  -46.924  38.068 0.0000000000
49970  -32.257  -47.028  39.343 0.0000000000
49980  -32.741  -46.455  38.981 0.0000000000
55128  -33.228  -42.692  23.638 0.0000000000
55105  -33.503  -43.050  24.215 0.0000000000
55129  -33.606  -42.704  24.185 0.0000000000
60051  -36.992  -39.533  28.390 0.0000000000
58881  -36.463  -39.895  28.544 0.0000000000
58869  -36.868  -40.024  29.284 0.0000000000
57684  -37.257  -40.520  31.728 0.0000000000
57698  -37.286  -40.672  30.745 0.0000000000
56390  -37.036  -41.122  31.321 0.0000000000
54972  -37.058  -41.924  31.668 0.0000000000
56371  -37.040  -41.288  32.172 0.0000000000
56355  -37.082  -41.494  33.093 0.0000000000
57656  -37.457  -41.029  33.366 0.0000000000
57657  -37.704  -40.660  34.023 0.0000000000
44045  -22.645  -52.235  30.927 0.0000000000
42777  -22.313  -53.009  31.088 0.0000000000
44033  -22.516  -52.312  32.013 0.0000000000
44011  -23.022  -52.449  33.875 0.0000000000
42709  -22.173  -53.152  35.930 0.0000000000
43985  -22.157  -52.391  36.158 0.0000000000
43955  -22.401  -51.362  37.493 0.0000000000
43954  -22.118  -51.666  37.925 0.0000000000
85513  -50.731  -20.035  12.517 0.0000000000
86907  -51.468  -19.472  12.401 0.0000000000
86890  -52.548  -19.347  13.170 0.0000000000
86873  -53.455  -19.589  13.719 0.0000000000
85488  -53.423  -20.074  14.194 0.0000000000
103270  -64.211  -7.177  -0.646 0.0000000000
36557  -20.959  -57.599  38.294 0.0000000000
36524  -21.895  -58.630  42.359 0.0000000000
64895  -46.774  -35.823  28.474 0.0000000000
66173  -47.746  -35.267  27.888 0.0000000000
64909  -46.941  -35.746  27.402 0.0000000000
64947  -47.129  -35.622  25.355 0.0000000000
66224  -47.517  -35.649  25.497 0.0000000000
66225  -48.000  -35.460  25.564 0.0000000000
64948  -47.663  -35.825  25.095 0.0000000000
63700  -45.883  -36.611  23.162 0.0000000000
63702  -47.616  -36.084  22.567 0.0000000000
63726  -47.922  -35.489  21.683 0.0000000000
63727  -48.645  -35.521  21.833 0.0000000000
63749  -47.610  -34.933  21.415 0.0000000000
66300  -47.033  -33.501  19.912 0.0000000000
46553  -24.068  -50.146  33.097 0.0000000000
46556  -26.143  -50.019  33.917 0.0000000000
47779  -26.601  -49.554  33.288 0.0000000000
48937  -25.784  -48.487  29.424 0.0000000000
48938  -26.606  -48.685  29.628 0.0000000000
47824  -28.349  -49.254  30.912 0.0000000000
47811  -27.926  -49.422  31.557 0.0000000000
47796  -28.317  -49.468  32.489 0.0000000000
47780  -27.659  -49.548  33.566 0.0000000000
47781  -28.678  -49.579  33.465 0.0000000000
46559  -28.928  -49.831  34.057 0.0000000000
47814  -30.592  -48.592  32.016 0.0000000000
47783  -30.796  -48.794  33.384 0.0000000000
47767  -31.257  -48.405  34.038 0.0000000000
47784  -31.530  -48.312  33.165 0.0000000000
63715  -34.541  -37.173  21.738 0.0000000000
63714  -33.770  -37.260  21.782 0.0000000000
63690  -34.617  -37.376  22.511 0.0000000000
62463  -34.509  -37.802  23.173 0.0000000000
62445  -35.053  -38.295  23.597 0.0000000000
61307  -37.101  -37.866  22.447 0.0000000000
62485  -36.535  -37.550  21.829 0.0000000000
61251  -38.089  -39.003  25.023 0.0000000000
61275  -36.744  -38.479  23.795 0.0000000000
61250  -37.194  -38.733  24.944 0.0000000000
61249  -36.248  -38.423  24.849 0.0000000000
61228  -36.762  -38.789  25.915 0.0000000000
61209  -37.182  -39.281  26.710 0.0000000000
61210  -37.841  -39.352  26.842 0.0000000000
60067  -38.581  -39.412  28.117 0.0000000000
60054  -38.782  -39.516  29.121 0.0000000000
60055  -39.528  -39.431  29.377 0.0000000000
60056  -40.394  -39.663  29.558 0.0000000000
60071  -42.144  -39.534  28.435 0.0000000000
58895  -41.715  -39.680  29.257 0.0000000000
58883  -42.649  -39.691  29.588 0.0000000000
58872  -42.895  -39.836  30.375 0.0000000000
58884  -43.402  -39.461  29.573 0.0000000000
60138  -42.594  -38.757  25.162 0.0000000000
60121  -42.801  -39.251  25.866 0.0000000000
60122  -43.675  -39.361  25.953 0.0000000000
61214  -44.793  -38.298  27.753 0.0000000000
60088  -44.377  -38.821  27.201 0.0000000000
61196  -44.512  -38.139  28.892 0.0000000000
62381  -44.829  -37.738  29.433 0.0000000000
62362  -44.824  -37.416  29.812 0.0000000000
62382  -45.372  -37.305  29.101 0.0000000000
63615  -46.177  -36.442  27.908 0.0000000000
63592  -45.702  -36.499  29.238 0.0000000000
63593  -46.295  -36.254  28.591 0.0000000000
45330  -22.678  -51.134  29.781 0.0000000000
74424  -53.536  -28.429  24.479 0.0000000000
75812  -54.205  -28.487  24.919 0.0000000000
75835  -53.863  -27.744  23.864 0.0000000000
77220  -54.284  -27.048  23.499 0.0000000000
77234  -54.245  -26.173  23.118 0.0000000000
77235  -54.663  -25.672  23.556 0.0000000000
78706  -54.550  -25.709  22.383 0.0000000000
75897  -52.323  -26.442  18.704 0.0000000000
75882  -52.758  -26.681  19.274 0.0000000000
77284  -53.017  -26.092  19.084 0.0000000000
78777  -54.207  -25.155  19.028 0.0000000000
78756  -54.274  -25.259  19.737 0.0000000000
77244  -55.345  -25.356  21.607 0.0000000000
80165  -55.519  -24.814  21.012 0.0000000000
80176  -55.580  -24.486  20.069 0.0000000000
81514  -55.977  -24.220  19.545 0.0000000000
89688  -54.146  -16.551  10.555 0.0000000000
89689  -54.812  -15.948  10.871 0.0000000000
91098  -56.211  -15.166  11.866 0.0000000000
89675  -55.593  -15.950  11.960 0.0000000000
91099  -56.481  -15.341  12.604 0.0000000000
89663  -57.119  -15.977  13.610 0.0000000000
91085  -56.866  -15.136  13.245 0.0000000000
94915  -56.485  -13.039  11.414 0.0000000000
94905  -57.416  -12.865  12.558 0.0000000000
93649  -58.138  -13.668  13.883 0.0000000000
30149  -13.101  -62.418  41.112 0.0000000000
31414  -12.854  -61.742  41.192 0.0000000000
28860  -12.833  -62.690  40.703 0.0000000000
82958  -47.507  -21.850  11.138 0.0000000000
84229  -47.333  -21.573  10.488 0.0000000000
86919  -48.583  -20.686  10.534 0.0000000000
86920  -48.879  -20.526  10.404 0.0000000000
86921  -49.552  -20.052  10.652 0.0000000000
86952  -49.807  -18.366  9.337 0.0000000000
86953  -50.366  -18.249  9.631 0.0000000000
88332  -50.691  -18.227  9.684 0.0000000000
88347  -50.420  -17.876  9.155 0.0000000000
88348  -51.546  -17.327  8.989 0.0000000000
92485  -53.331  -14.696  8.698 0.0000000000
92486  -53.885  -14.604  9.254 0.0000000000
92501  -53.500  -14.357  8.569 0.0000000000
93727  -53.386  -13.661  7.183 0.0000000000
94961  -54.670  -13.551  8.411 0.0000000000
94962  -55.367  -12.923  8.060 0.0000000000
96304  -56.257  -12.873  6.748 0.0000000000
96293  -56.115  -12.590  7.678 0.0000000000
96305  -56.933  -12.500  7.218 0.0000000000
96348  -56.434  -12.623  4.837 0.0000000000
33970  -13.933  -59.679  37.488 0.0000000000
33964  -20.410  -59.254  38.204 0.0000000000
33936  -19.996  -60.291  40.669 0.0000000000
32713  -19.236  -60.790  38.962 0.0000000000
32712  -18.097  -60.903  39.276 0.0000000000
30135  -20.217  -61.211  42.437 0.0000000000
32676  -17.555  -61.282  42.009 0.0000000000
32711  -17.014  -61.128  39.462 0.0000000000
32700  -16.600  -61.137  40.377 0.0000000000
32710  -16.005  -61.186  39.562 0.0000000000
32688  -16.125  -61.244  41.179 0.0000000000
31417  -15.287  -61.703  42.152 0.0000000000
32687  -15.167  -61.342  41.046 0.0000000000
32673  -14.652  -61.463  41.591 0.0000000000
32686  -14.240  -61.146  40.776 0.0000000000
32661  -14.457  -61.708  41.846 0.0000000000
32660  -14.045  -61.613  41.606 0.0000000000
30139  -14.562  -62.516  42.096 0.0000000000
26392  -15.469  -63.895  41.329 0.0000000000
67482  -55.004  -32.960  28.142 0.0000000000
67483  -55.384  -32.718  27.622 0.0000000000
68848  -54.977  -32.341  27.673 0.0000000000
66138  -48.980  -34.898  29.089 0.0000000000
67514  -50.614  -34.031  26.928 0.0000000000
67477  -50.224  -33.761  27.892 0.0000000000
67478  -51.002  -33.992  27.795 0.0000000000
67442  -51.421  -34.182  28.818 0.0000000000
67479  -51.890  -33.742  27.832 0.0000000000
66253  -51.179  -33.931  22.687 0.0000000000
64971  -51.427  -34.362  23.721 0.0000000000
66255  -52.385  -33.674  23.576 0.0000000000
67529  -53.154  -32.819  25.186 0.0000000000
66230  -52.604  -33.478  25.145 0.0000000000
67498  -52.670  -33.302  27.183 0.0000000000
67517  -53.488  -32.780  26.544 0.0000000000
67499  -53.395  -32.850  27.301 0.0000000000
68869  -53.797  -32.120  26.700 0.0000000000
71621  -53.698  -30.370  25.203 0.0000000000
70214  -53.782  -30.814  25.646 0.0000000000
71596  -54.211  -30.342  26.237 0.0000000000
71609  -53.603  -29.495  25.157 0.0000000000
73053  -53.359  -29.107  25.011 0.0000000000
71619  -52.751  -29.328  24.306 0.0000000000
74443  -51.518  -28.630  22.770 0.0000000000
74444  -51.991  -28.525  23.114 0.0000000000
74466  -51.365  -27.872  21.967 0.0000000000
73101  -49.368  -29.776  20.881 0.0000000000
73102  -50.362  -29.413  21.458 0.0000000000
73146  -50.541  -28.797  18.397 0.0000000000
74555  -48.167  -27.482  15.054 0.0000000000
74571  -47.802  -27.134  14.519 0.0000000000
75931  -48.198  -26.981  14.623 0.0000000000
75941  -47.114  -26.834  13.922 0.0000000000
73141  -45.523  -29.760  18.085 0.0000000000
74511  -44.520  -29.363  16.270 0.0000000000
74531  -44.588  -29.282  15.396 0.0000000000
74552  -44.870  -29.199  14.423 0.0000000000
74568  -45.142  -28.536  13.612 0.0000000000
74582  -45.389  -27.607  12.900 0.0000000000
75975  -46.364  -26.269  12.518 0.0000000000
46535  -24.606  -50.472  34.751 0.0000000000
46517  -24.849  -50.204  35.806 0.0000000000
47746  -26.256  -49.306  36.788 0.0000000000
47720  -28.759  -49.298  37.720 0.0000000000
51168  -32.145  -46.651  27.830 0.0000000000
51195  -31.391  -45.897  25.982 0.0000000000
51181  -31.654  -46.460  27.084 0.0000000000
50084  -31.381  -46.996  28.199 0.0000000000
50056  -31.177  -47.209  29.802 0.0000000000
50057  -31.750  -46.953  29.911 0.0000000000
51149  -33.207  -46.326  30.212 0.0000000000
50045  -32.757  -47.142  31.137 0.0000000000
50034  -32.830  -47.085  32.134 0.0000000000
50027  -32.821  -47.380  33.076 0.0000000000
50035  -33.527  -46.853  32.286 0.0000000000
61290  -33.139  -38.693  22.595 0.0000000000
57764  -35.159  -41.156  25.438 0.0000000000
58944  -34.231  -40.262  23.893 0.0000000000
57781  -34.813  -41.426  24.900 0.0000000000
56489  -34.168  -42.037  24.994 0.0000000000
55079  -34.710  -42.536  26.358 0.0000000000
57728  -36.313  -40.584  28.462 0.0000000000
56447  -35.804  -40.990  27.489 0.0000000000
56435  -36.019  -41.525  28.370 0.0000000000
53659  -34.947  -44.122  28.416 0.0000000000
52318  -34.820  -44.676  29.504 0.0000000000
52304  -34.491  -45.207  30.114 0.0000000000
52305  -34.908  -44.736  30.558 0.0000000000
51125  -34.813  -45.512  33.649 0.0000000000
51124  -34.281  -46.185  33.452 0.0000000000
50019  -33.697  -46.713  34.295 0.0000000000
51115  -34.198  -45.988  34.468 0.0000000000
51106  -34.276  -45.868  35.488 0.0000000000
51101  -34.941  -45.169  36.291 0.0000000000
52236  -34.904  -44.623  36.916 0.0000000000
54891  -36.588  -42.711  35.374 0.0000000000
56322  -36.604  -42.650  35.847 0.0000000000
60029  -40.841  -39.668  31.664 0.0000000000
36596  -18.342  -57.659  33.349 0.0000000000
37905  -19.072  -56.988  33.322 0.0000000000
41513  -21.852  -53.745  31.153 0.0000000000
41525  -20.768  -53.647  30.233 0.0000000000
40343  -21.472  -54.156  31.542 0.0000000000
40342  -20.738  -54.624  31.205 0.0000000000
40341  -19.714  -55.232  31.180 0.0000000000
40348  -18.871  -54.588  30.616 0.0000000000
39122  -19.715  -55.914  32.083 0.0000000000
39128  -18.885  -55.600  31.233 0.0000000000
37896  -20.458  -56.393  34.739 0.0000000000
37895  -19.936  -57.095  34.597 0.0000000000
37878  -20.597  -56.861  36.566 0.0000000000
42684  -21.497  -53.381  37.839 0.0000000000
73068  -55.894  -29.434  24.519 0.0000000000
81645  -47.923  -23.430  12.529 0.0000000000
80290  -48.031  -23.873  12.997 0.0000000000
80291  -48.942  -23.778  13.398 0.0000000000
82911  -50.006  -22.530  13.629 0.0000000000
81628  -49.926  -23.134  13.545 0.0000000000
81630  -50.908  -23.320  14.417 0.0000000000
80278  -51.118  -23.514  14.543 0.0000000000
81603  -51.278  -22.977  14.485 0.0000000000
85502  -51.378  -20.305  13.352 0.0000000000
82930  -51.192  -21.167  13.477 0.0000000000
84198  -51.804  -20.996  14.028 0.0000000000
82886  -53.853  -22.113  14.589 0.0000000000
82885  -52.859  -22.126  14.661 0.0000000000
81605  -53.626  -23.077  15.260 0.0000000000
81578  -54.501  -23.399  16.261 0.0000000000
80249  -56.481  -23.333  17.081 0.0000000000
88295  -54.948  -18.188  12.577 0.0000000000
86893  -55.163  -18.236  13.188 0.0000000000
86853  -56.143  -18.100  15.158 0.0000000000
85447  -56.266  -19.398  14.951 0.0000000000
85448  -56.690  -19.222  15.050 0.0000000000
96322  -59.812  -11.523  6.647 0.0000000000
96338  -60.568  -11.332  5.469 0.0000000000
97618  -60.603  -10.726  5.866 0.0000000000
100472  -61.417  -9.792  6.050 0.0000000000
98980  -61.286  -10.005  5.497 0.0000000000
96359  -61.181  -11.817  3.273 0.0000000000
99002  -62.421  -9.807  3.754 0.0000000000
97626  -61.424  -10.542  4.497 0.0000000000
98988  -62.153  -10.117  4.666 0.0000000000
98989  -62.448  -9.879  5.132 0.0000000000
100489  -62.902  -9.547  4.932 0.0000000000
101856  -63.456  -9.136  5.134 0.0000000000
101864  -63.339  -9.087  4.535 0.0000000000
101857  -64.011  -8.566  4.547 0.0000000000
101858  -64.507  -9.141  3.973 0.0000000000
101859  -65.165  -9.313  3.660 0.0000000000
99026  -62.697  -9.321  0.808 0.0000000000
100526  -62.999  -8.450  1.555 0.0000000000
100520  -63.031  -8.722  2.062 0.0000000000
101883  -63.621  -8.131  1.961 0.0000000000
101876  -66.114  -8.250  2.462 0.0000000000
100511  -66.491  -8.426  3.388 0.0000000000
100494  -66.867  -8.961  3.838 0.0000000000
99008  -67.023  -9.115  3.587 0.0000000000
103258  -66.156  -6.772  0.115 0.0000000000
101898  -66.484  -7.532  0.797 0.0000000000
100538  -66.488  -8.174  0.406 0.0000000000
62488  -43.712  -37.097  22.183 0.0000000000
61348  -38.620  -37.937  20.603 0.0000000000
62504  -39.921  -37.835  20.824 0.0000000000
61311  -41.117  -37.996  22.414 0.0000000000
61312  -41.945  -37.685  22.722 0.0000000000
75932  -48.968  -26.617  14.865 0.0000000000
75933  -49.740  -26.320  15.122 0.0000000000
77395  -49.791  -25.708  14.821 0.0000000000
77419  -49.397  -25.289  14.355 0.0000000000
96281  -57.900  -12.071  9.519 0.0000000000
96271  -58.724  -11.676  10.333 0.0000000000
100410  -60.542  -9.653  10.259 0.0000000000
100421  -61.070  -9.154  9.729 0.0000000000
101795  -61.490  -8.785  9.612 0.0000000000
100428  -60.726  -9.378  9.175 0.0000000000
98963  -60.683  -10.275  7.757 0.0000000000
36586  -16.973  -58.042  33.836 0.0000000000
33999  -18.179  -59.221  34.592 0.0000000000
34000  -18.423  -59.298  34.799 0.0000000000
67585  -48.337  -32.797  20.826 0.0000000000
67586  -48.985  -32.575  21.488 0.0000000000
68932  -47.957  -32.126  20.146 0.0000000000
70282  -47.940  -31.090  20.433 0.0000000000
71674  -47.958  -30.507  20.204 0.0000000000
71701  -46.940  -30.119  18.942 0.0000000000
45233  -22.813  -51.165  37.856 0.0000000000
47737  -31.070  -48.805  35.674 0.0000000000
47736  -30.627  -49.060  36.206 0.0000000000
48874  -31.314  -48.756  36.750 0.0000000000
48855  -31.796  -47.609  38.806 0.0000000000
48865  -32.272  -47.518  37.918 0.0000000000
48866  -32.739  -46.969  37.654 0.0000000000
49996  -33.321  -46.842  37.134 0.0000000000
60040  -37.729  -39.887  29.693 0.0000000000
60039  -37.262  -39.873  29.208 0.0000000000
60025  -38.007  -39.960  30.390 0.0000000000
58843  -37.648  -40.305  31.558 0.0000000000
57685  -37.440  -40.446  32.336 0.0000000000
57674  -37.606  -40.476  32.934 0.0000000000
43999  -22.999  -52.143  34.727 0.0000000000
45264  -22.808  -52.025  35.223 0.0000000000
45255  -22.471  -51.816  35.848 0.0000000000
45245  -22.480  -51.457  36.501 0.0000000000
64908  -46.382  -36.077  27.204 0.0000000000
64930  -46.565  -36.050  26.625 0.0000000000
64946  -46.701  -36.145  25.644 0.0000000000
63724  -45.875  -35.928  22.079 0.0000000000
65025  -46.808  -34.417  20.903 0.0000000000
65024  -46.423  -34.524  20.280 0.0000000000
46575  -24.123  -49.825  31.821 0.0000000000
47792  -24.630  -49.491  31.439 0.0000000000
47809  -25.970  -49.132  31.346 0.0000000000
48954  -27.301  -48.254  29.026 0.0000000000
48939  -27.554  -48.876  29.784 0.0000000000
47812  -29.010  -49.112  31.346 0.0000000000
47813  -30.026  -48.808  31.775 0.0000000000
48925  -30.887  -48.219  31.289 0.0000000000
61294  -38.324  -38.629  23.220 0.0000000000
61293  -37.418  -38.408  23.145 0.0000000000
61230  -38.393  -39.238  26.023 0.0000000000
61212  -39.109  -39.580  26.808 0.0000000000
60083  -39.246  -39.565  27.332 0.0000000000
60069  -40.386  -39.483  28.525 0.0000000000
60085  -41.267  -39.186  27.673 0.0000000000
60086  -42.385  -39.437  27.830 0.0000000000
61257  -44.446  -38.815  25.591 0.0000000000
60104  -44.124  -39.192  26.642 0.0000000000
62396  -45.626  -37.215  27.838 0.0000000000
62397  -45.993  -36.704  27.368 0.0000000000
45331  -23.000  -50.388  29.681 0.0000000000
45332  -23.407  -50.117  30.008 0.0000000000
75843  -52.703  -27.587  23.018 0.0000000000
75844  -53.498  -27.317  23.213 0.0000000000
75861  -52.921  -26.986  21.897 0.0000000000
75862  -53.483  -26.701  21.484 0.0000000000
78819  -52.050  -25.346  17.397 0.0000000000
77312  -53.145  -25.575  18.590 0.0000000000
78801  -53.552  -24.993  18.459 0.0000000000
80189  -54.340  -24.795  18.758 0.0000000000
78758  -55.185  -24.531  19.745 0.0000000000
80206  -54.916  -24.564  18.314 0.0000000000
81539  -55.209  -24.494  17.945 0.0000000000
91121  -54.164  -15.180  10.076 0.0000000000
91110  -54.989  -14.982  11.188 0.0000000000
92458  -55.808  -14.456  11.313 0.0000000000
92445  -56.319  -14.439  11.707 0.0000000000
96246  -58.418  -11.984  12.906 0.0000000000
94906  -57.938  -12.821  13.210 0.0000000000
96232  -58.565  -11.861  13.739 0.0000000000
100460  -64.208  -9.304  5.970 0.0000000000
86951  -49.111  -19.283  8.958 0.0000000000
89734  -51.319  -16.234  7.737 0.0000000000
91138  -52.412  -15.622  8.563 0.0000000000
91154  -52.002  -15.350  7.791 0.0000000000
92499  -52.316  -14.689  7.623 0.0000000000
92517  -52.497  -14.327  7.464 0.0000000000
94985  -55.746  -13.077  6.342 0.0000000000
96347  -55.949  -12.900  4.782 0.0000000000
32731  -14.536  -60.551  38.148 0.0000000000
33946  -20.592  -59.480  40.176 0.0000000000
33937  -20.730  -59.608  41.236 0.0000000000
32692  -19.979  -60.373  41.428 0.0000000000
31420  -18.846  -62.045  42.629 0.0000000000
30143  -18.017  -62.294  43.308 0.0000000000
32662  -16.986  -61.496  42.547 0.0000000000
32675  -16.618  -61.477  41.855 0.0000000000
31405  -16.603  -61.732  42.654 0.0000000000
30152  -15.889  -61.954  42.298 0.0000000000
30140  -15.311  -62.287  42.341 0.0000000000
28847  -14.981  -62.719  42.239 0.0000000000
27607  -15.806  -63.221  42.359 0.0000000000
27617  -15.780  -63.957  41.505 0.0000000000
66211  -48.876  -34.737  26.358 0.0000000000
66190  -49.178  -34.524  27.249 0.0000000000
66212  -50.037  -34.498  26.567 0.0000000000
66213  -51.121  -34.128  26.144 0.0000000000
67574  -51.810  -32.897  22.581 0.0000000000
67556  -52.294  -32.921  23.066 0.0000000000
68917  -52.148  -32.322  22.758 0.0000000000
68903  -53.064  -32.249  23.700 0.0000000000
68892  -53.180  -31.659  24.149 0.0000000000
68879  -53.623  -31.990  25.118 0.0000000000
70230  -52.962  -30.673  24.362 0.0000000000
71631  -52.245  -29.698  23.850 0.0000000000
73085  -51.381  -29.111  22.666 0.0000000000
74465  -50.693  -28.374  22.010 0.0000000000
73129  -49.210  -29.307  19.289 0.0000000000
74498  -49.092  -28.745  17.725 0.0000000000
73192  -46.728  -27.898  14.605 0.0000000000
46518  -26.008  -49.978  36.105 0.0000000000
47732  -26.860  -49.343  37.277 0.0000000000
47693  -29.754  -49.096  39.359 0.0000000000
52365  -32.617  -44.444  24.696 0.0000000000
52364  -31.675  -45.182  24.939 0.0000000000
52350  -32.709  -44.861  25.775 0.0000000000
51182  -32.553  -46.120  27.255 0.0000000000
51169  -32.854  -46.480  28.239 0.0000000000
50071  -32.349  -46.831  29.215 0.0000000000
51159  -33.135  -46.435  29.274 0.0000000000
51140  -33.478  -46.497  30.903 0.0000000000
61272  -34.028  -38.598  24.000 0.0000000000
61271  -33.451  -39.017  23.389 0.0000000000
60116  -34.645  -39.316  24.762 0.0000000000
58928  -35.111  -39.832  25.161 0.0000000000
57765  -35.415  -40.788  25.911 0.0000000000
55008  -36.271  -42.387  29.617 0.0000000000
53619  -35.377  -43.849  30.665 0.0000000000
52291  -35.566  -44.685  31.706 0.0000000000
52278  -35.545  -45.030  32.892 0.0000000000
52267  -35.335  -44.952  33.896 0.0000000000
52255  -35.475  -45.019  34.915 0.0000000000
52256  -35.641  -44.292  35.161 0.0000000000
52247  -35.653  -44.301  36.090 0.0000000000
41487  -21.927  -53.683  33.203 0.0000000000
40334  -21.500  -54.319  32.256 0.0000000000
40319  -21.558  -54.501  33.149 0.0000000000
40318  -21.107  -55.173  33.181 0.0000000000
39123  -20.575  -55.547  32.502 0.0000000000
39111  -20.579  -55.756  33.207 0.0000000000
39092  -20.951  -55.836  35.331 0.0000000000
39085  -20.752  -55.755  36.297 0.0000000000
42678  -21.997  -52.535  38.593 0.0000000000
42668  -21.792  -53.068  39.066 0.0000000000
81665  -48.419  -22.502  12.335 0.0000000000
82927  -49.037  -22.269  12.616 0.0000000000
82912  -50.412  -22.068  13.916 0.0000000000
85465  -53.042  -20.777  14.418 0.0000000000
84199  -52.466  -20.993  14.425 0.0000000000
81581  -57.565  -22.649  16.236 0.0000000000
88278  -56.240  -17.627  13.734 0.0000000000
88277  -55.634  -18.051  13.616 0.0000000000
88261  -56.459  -17.520  14.694 0.0000000000
100507  -63.024  -9.267  4.022 0.0000000000
100508  -63.528  -8.909  3.265 0.0000000000
101873  -63.862  -8.226  3.131 0.0000000000
100553  -63.594  -8.260  -0.325 0.0000000000
101884  -64.581  -7.821  1.721 0.0000000000
101877  -66.719  -8.129  2.522 0.0000000000
100522  -67.104  -8.571  2.382 0.0000000000
100554  -66.481  -8.022  -0.684 0.0000000000
99047  -66.136  -8.813  -0.107 0.0000000000
99063  -66.224  -8.813  -0.953 0.0000000000
62489  -44.396  -36.891  21.887 0.0000000000
63746  -45.106  -36.312  20.948 0.0000000000
47831  -24.401  -48.614  28.995 0.0000000000
48969  -27.059  -47.941  28.222 0.0000000000
48988  -28.383  -48.099  27.701 0.0000000000
48971  -28.842  -47.945  28.342 0.0000000000
62503  -36.601  -37.899  20.959 0.0000000000
61327  -37.345  -37.960  21.622 0.0000000000
61309  -38.866  -38.434  22.320 0.0000000000
61278  -39.808  -39.047  24.173 0.0000000000
61254  -41.317  -38.737  25.159 0.0000000000
60137  -42.116  -38.622  25.150 0.0000000000
61281  -43.086  -38.555  24.510 0.0000000000
61282  -43.964  -38.403  24.666 0.0000000000
74488  -51.684  -27.962  18.916 0.0000000000
74501  -51.772  -27.137  18.384 0.0000000000
74517  -51.449  -26.697  17.909 0.0000000000
77310  -51.675  -25.815  17.927 0.0000000000
77336  -50.925  -25.903  16.668 0.0000000000
77337  -51.509  -25.706  17.235 0.0000000000
78840  -52.066  -25.209  16.870 0.0000000000
78841  -52.554  -24.578  16.794 0.0000000000
78864  -52.684  -24.387  16.184 0.0000000000
94937  -56.216  -13.471  9.960 0.0000000000
94936  -56.140  -13.789  10.462 0.0000000000
96254  -57.192  -12.310  11.631 0.0000000000
97557  -57.721  -11.774  10.931 0.0000000000
97542  -57.499  -11.984  11.337 0.0000000000
97532  -57.911  -11.750  11.918 0.0000000000
97525  -58.478  -11.047  13.100 0.0000000000
98895  -58.583  -10.264  13.413 0.0000000000
101796  -61.967  -8.620  9.578 0.0000000000
100443  -62.429  -9.022  8.014 0.0000000000
100458  -62.363  -9.327  6.984 0.0000000000
35277  -16.467  -58.503  34.401 0.0000000000
35268  -16.103  -58.888  35.092 0.0000000000
33989  -15.869  -59.314  35.451 0.0000000000
33979  -16.452  -60.219  35.830 0.0000000000
64987  -49.850  -34.961  22.801 0.0000000000
65009  -50.270  -34.332  22.269 0.0000000000
66269  -50.776  -33.666  22.247 0.0000000000
67572  -50.331  -32.777  22.016 0.0000000000
67573  -51.173  -32.754  22.199 0.0000000000
68915  -50.788  -31.893  22.143 0.0000000000
70264  -50.643  -30.894  22.049 0.0000000000
71642  -50.827  -29.969  22.169 0.0000000000
71659  -50.065  -30.126  21.728 0.0000000000
71692  -48.148  -30.149  20.052 0.0000000000
46502  -28.532  -49.497  36.156 0.0000000000
47734  -28.969  -49.393  36.720 0.0000000000
52382  -32.705  -44.195  24.033 0.0000000000
53702  -33.331  -43.777  24.249 0.0000000000
53703  -33.427  -43.697  24.991 0.0000000000
53688  -33.749  -44.011  25.649 0.0000000000
60081  -35.972  -39.280  26.870 0.0000000000
60080  -35.620  -39.360  26.526 0.0000000000
58894  -36.096  -39.859  27.784 0.0000000000
57715  -37.050  -40.654  29.972 0.0000000000
56407  -36.883  -41.473  30.028 0.0000000000
54953  -36.372  -42.829  32.975 0.0000000000
54934  -36.366  -43.011  34.017 0.0000000000
54935  -36.554  -42.130  33.604 0.0000000000
56324  -37.503  -41.415  35.154 0.0000000000
56339  -37.598  -41.083  34.686 0.0000000000
57640  -37.399  -41.389  35.887 0.0000000000
42753  -22.012  -52.984  33.262 0.0000000000
41455  -21.781  -53.835  35.734 0.0000000000
41448  -21.345  -54.024  36.545 0.0000000000
41449  -21.883  -53.553  36.337 0.0000000000
42685  -21.780  -52.528  37.866 0.0000000000
85524  -49.869  -20.415  11.654 0.0000000000
85512  -50.111  -20.514  12.669 0.0000000000
86871  -52.096  -20.153  13.699 0.0000000000
86889  -51.855  -19.710  13.319 0.0000000000
85467  -54.358  -20.195  14.556 0.0000000000
93761  -58.734  -13.208  2.904 0.0000000000
95025  -59.139  -13.311  3.474 0.0000000000
93762  -59.069  -13.319  2.917 0.0000000000
95036  -60.364  -12.520  2.344 0.0000000000
100565  -63.242  -8.357  -0.904 0.0000000000
103256  -65.158  -7.139  0.577 0.0000000000
103257  -65.646  -6.817  0.340 0.0000000000
36570  -20.200  -58.122  35.848 0.0000000000
35260  -20.528  -58.622  36.616 0.0000000000
35249  -20.629  -58.479  37.739 0.0000000000
35240  -20.807  -58.499  38.738 0.0000000000
35213  -21.249  -59.023  41.859 0.0000000000
66189  -48.189  -34.995  27.042 0.0000000000
64910  -47.556  -35.301  26.927 0.0000000000
64932  -47.776  -35.187  26.607 0.0000000000
66226  -48.632  -34.941  25.504 0.0000000000
63701  -46.697  -36.184  22.833 0.0000000000
63675  -47.321  -36.080  23.597 0.0000000000
64967  -47.984  -36.001  24.221 0.0000000000
64968  -48.978  -35.536  23.563 0.0000000000
64986  -49.214  -35.408  22.224 0.0000000000
65007  -48.729  -34.724  21.465 0.0000000000
65026  -47.529  -34.406  21.136 0.0000000000
66283  -48.024  -33.700  20.822 0.0000000000
67584  -47.862  -33.044  20.351 0.0000000000
68953  -46.729  -32.242  19.602 0.0000000000
47760  -24.506  -50.629  34.168 0.0000000000
47761  -24.869  -50.504  33.975 0.0000000000
46554  -24.474  -49.749  32.817 0.0000000000
47762  -25.257  -50.205  33.722 0.0000000000
46555  -25.634  -50.171  33.814 0.0000000000
46538  -27.473  -49.586  34.619 0.0000000000
47821  -25.842  -48.812  30.293 0.0000000000
47810  -26.937  -49.220  31.523 0.0000000000
47763  -27.930  -49.491  34.176 0.0000000000
46539  -28.393  -49.628  34.579 0.0000000000
46540  -29.281  -49.863  34.661 0.0000000000
47765  -29.999  -49.561  34.835 0.0000000000
47752  -31.236  -48.719  34.945 0.0000000000
48888  -31.796  -48.119  34.559 0.0000000000
48889  -32.547  -47.901  34.925 0.0000000000
62482  -33.770  -37.638  22.349 0.0000000000
62462  -33.861  -37.977  23.181 0.0000000000
62443  -33.921  -37.947  24.236 0.0000000000
61273  -34.395  -38.465  24.218 0.0000000000
61226  -35.228  -38.618  25.659 0.0000000000
62484  -35.717  -37.099  21.962 0.0000000000
62465  -35.772  -37.311  22.699 0.0000000000
61292  -36.851  -37.906  23.022 0.0000000000
62447  -36.371  -37.835  23.051 0.0000000000
62446  -35.870  -38.217  23.508 0.0000000000
62428  -35.632  -38.441  24.250 0.0000000000
61248  -35.482  -38.518  25.018 0.0000000000
61208  -36.542  -39.204  26.743 0.0000000000
61192  -36.975  -39.315  27.480 0.0000000000
61179  -37.488  -39.313  28.129 0.0000000000
61194  -38.033  -39.254  27.863 0.0000000000
61180  -37.777  -39.385  28.364 0.0000000000
60042  -38.802  -39.217  30.208 0.0000000000
60030  -41.421  -39.732  31.266 0.0000000000
60057  -41.204  -39.866  29.737 0.0000000000
60045  -41.418  -39.786  30.644 0.0000000000
58858  -42.041  -39.700  31.201 0.0000000000
58859  -43.079  -39.691  31.296 0.0000000000
58860  -43.889  -39.297  31.292 0.0000000000
60046  -44.322  -38.785  30.456 0.0000000000
60087  -43.649  -39.128  27.821 0.0000000000
58897  -43.081  -39.356  28.821 0.0000000000
60072  -43.744  -38.866  28.817 0.0000000000
60058  -44.023  -38.826  29.627 0.0000000000
62346  -44.848  -37.183  30.224 0.0000000000
42807  -21.855  -52.272  29.129 0.0000000000
44061  -22.595  -52.014  29.805 0.0000000000
45304  -22.841  -51.618  31.886 0.0000000000
45317  -23.082  -50.651  30.666 0.0000000000
74415  -54.396  -28.803  25.490 0.0000000000
77200  -54.498  -27.266  23.697 0.0000000000
77202  -55.099  -26.670  23.683 0.0000000000
75871  -53.156  -26.956  19.984 0.0000000000
75872  -53.581  -26.609  20.681 0.0000000000
77256  -53.892  -26.012  21.109 0.0000000000
78721  -54.523  -25.672  21.566 0.0000000000
78708  -55.521  -25.304  22.954 0.0000000000
88321  -53.859  -17.667  10.843 0.0000000000
88310  -55.431  -16.957  11.886 0.0000000000
88323  -55.235  -16.332  11.416 0.0000000000
89661  -55.956  -16.592  12.568 0.0000000000
88297  -56.362  -17.038  13.160 0.0000000000
89648  -57.345  -16.113  14.310 0.0000000000
89632  -57.526  -16.080  15.213 0.0000000000
93668  -56.389  -13.695  11.584 0.0000000000
93659  -57.243  -13.612  12.779 0.0000000000
92433  -56.970  -14.369  13.080 0.0000000000
33926  -12.850  -60.456  40.645 0.0000000000
78931  -47.673  -24.832  12.652 0.0000000000
81664  -47.725  -22.867  11.944 0.0000000000
81679  -46.789  -22.661  11.320 0.0000000000
82944  -47.868  -22.023  11.661 0.0000000000
84218  -48.269  -21.444  11.509 0.0000000000
84231  -49.011  -21.101  11.259 0.0000000000
86938  -51.920  -18.297  10.582 0.0000000000
88334  -52.467  -17.406  10.236 0.0000000000
89700  -52.911  -16.476  9.776 0.0000000000
89701  -53.590  -15.973  10.113 0.0000000000
89720  -53.137  -15.836  9.515 0.0000000000
91140  -53.603  -15.406  9.546 0.0000000000
92471  -54.405  -14.661  9.851 0.0000000000
93725  -52.400  -14.062  7.002 0.0000000000
93736  -53.212  -13.736  6.976 0.0000000000
93713  -53.436  -13.991  8.130 0.0000000000
94960  -53.845  -13.805  8.079 0.0000000000
93715  -54.500  -13.723  8.892 0.0000000000
93702  -55.907  -14.190  9.148 0.0000000000
94948  -55.869  -13.605  8.892 0.0000000000
96295  -57.764  -11.989  8.583 0.0000000000
96307  -58.651  -11.745  8.093 0.0000000000
97606  -59.414  -11.359  7.745 0.0000000000
96335  -57.559  -12.509  5.695 0.0000000000
96350  -58.138  -12.338  5.043 0.0000000000
95023  -57.122  -12.658  3.389 0.0000000000
33983  -20.323  -59.294  36.691 0.0000000000
32748  -19.490  -59.864  36.487 0.0000000000
32736  -19.485  -60.302  37.057 0.0000000000
33954  -19.877  -59.951  38.608 0.0000000000
32725  -19.216  -60.344  37.958 0.0000000000
32735  -18.612  -60.677  37.185 0.0000000000
32734  -17.516  -60.867  37.373 0.0000000000
32733  -16.315  -61.177  37.657 0.0000000000
31398  -20.467  -60.977  42.419 0.0000000000
32665  -19.787  -60.753  42.365 0.0000000000
32691  -19.217  -60.751  41.304 0.0000000000
32677  -18.482  -60.905  42.062 0.0000000000
32701  -17.666  -61.008  40.303 0.0000000000
31446  -16.047  -61.509  38.157 0.0000000000
31438  -15.493  -61.268  38.224 0.0000000000
32721  -15.345  -61.068  38.704 0.0000000000
32699  -15.623  -61.220  40.377 0.0000000000
32672  -13.618  -61.000  41.036 0.0000000000
31402  -13.592  -61.986  41.624 0.0000000000
28852  -13.489  -62.913  41.209 0.0000000000
28854  -14.670  -63.080  41.933 0.0000000000
27610  -14.151  -63.395  41.482 0.0000000000
67500  -55.659  -32.531  27.281 0.0000000000
68849  -55.639  -32.028  27.307 0.0000000000
64855  -49.818  -34.643  29.426 0.0000000000
66175  -49.568  -34.058  27.893 0.0000000000
64970  -50.933  -34.604  24.099 0.0000000000
66241  -51.142  -34.466  24.516 0.0000000000
66243  -52.531  -33.626  24.352 0.0000000000
66214  -52.046  -33.721  26.056 0.0000000000
66193  -51.840  -33.701  26.619 0.0000000000
67480  -52.673  -33.340  27.955 0.0000000000
68833  -53.905  -32.708  28.349 0.0000000000
68846  -53.936  -32.374  27.753 0.0000000000
68880  -53.872  -31.776  25.864 0.0000000000
70177  -54.370  -31.895  27.396 0.0000000000
70190  -54.752  -31.176  26.759 0.0000000000
71597  -54.781  -30.665  26.340 0.0000000000
73055  -54.127  -29.126  25.637 0.0000000000
74423  -53.344  -28.782  24.798 0.0000000000
73076  -52.933  -28.388  24.137 0.0000000000
73074  -52.322  -28.902  23.613 0.0000000000
74433  -52.428  -28.451  23.516 0.0000000000
74445  -52.340  -28.067  23.135 0.0000000000
73116  -52.052  -28.355  19.937 0.0000000000
73092  -50.624  -29.337  22.066 0.0000000000
73103  -50.779  -28.812  21.543 0.0000000000
73114  -50.956  -28.992  20.899 0.0000000000
73131  -51.572  -28.472  19.483 0.0000000000
74500  -51.047  -28.158  17.912 0.0000000000
74535  -49.145  -27.414  16.066 0.0000000000
75921  -49.274  -27.038  15.446 0.0000000000
75942  -47.841  -26.585  14.109 0.0000000000
70331  -45.369  -30.676  18.481 0.0000000000
73125  -46.000  -29.949  18.503 0.0000000000
73171  -46.207  -29.085  16.452 0.0000000000
73186  -46.483  -28.154  14.626 0.0000000000
73191  -46.488  -27.927  14.397 0.0000000000
74583  -46.369  -27.242  13.513 0.0000000000
74584  -46.804  -26.961  13.809 0.0000000000
77452  -46.994  -25.651  12.530 0.0000000000
46499  -24.048  -50.220  36.626 0.0000000000
50098  -28.954  -47.809  27.219 0.0000000000
50082  -29.507  -47.471  27.950 0.0000000000
48912  -31.433  -48.031  31.723 0.0000000000
48927  -32.357  -47.347  30.660 0.0000000000
50044  -32.244  -47.575  31.609 0.0000000000
48913  -31.842  -47.863  32.053 0.0000000000
48903  -32.161  -47.828  32.832 0.0000000000
48896  -32.345  -47.684  33.977 0.0000000000
58960  -33.480  -40.280  22.533 0.0000000000
60135  -33.722  -39.780  23.305 0.0000000000
58943  -34.213  -40.611  23.257 0.0000000000
57797  -34.139  -41.418  23.468 0.0000000000
56512  -33.785  -42.084  24.131 0.0000000000
55078  -33.994  -42.787  26.000 0.0000000000
53674  -34.137  -43.830  26.942 0.0000000000
58906  -35.514  -39.847  26.584 0.0000000000
57750  -35.670  -40.780  26.655 0.0000000000
55029  -35.838  -42.398  28.786 0.0000000000
55054  -34.844  -42.965  27.309 0.0000000000
53675  -34.636  -43.844  27.598 0.0000000000
53658  -34.534  -44.440  27.756 0.0000000000
52330  -34.315  -45.063  28.557 0.0000000000
51150  -34.032  -45.907  30.286 0.0000000000
51141  -34.082  -46.335  31.351 0.0000000000
51142  -34.907  -45.697  31.498 0.0000000000
50028  -33.636  -46.835  33.272 0.0000000000
50009  -33.242  -47.317  35.155 0.0000000000
50002  -33.144  -46.939  36.150 0.0000000000
49997  -33.888  -46.279  37.313 0.0000000000
51100  -34.367  -45.531  36.590 0.0000000000
49990  -33.953  -46.245  37.965 0.0000000000
54911  -36.149  -43.026  34.969 0.0000000000
53513  -35.822  -43.723  36.310 0.0000000000
36595  -17.416  -57.598  33.290 0.0000000000
36578  -19.942  -58.042  34.895 0.0000000000
39121  -18.286  -55.835  31.586 0.0000000000
39110  -19.886  -56.308  33.214 0.0000000000
36571  -20.535  -57.751  36.463 0.0000000000
41426  -21.343  -53.666  39.476 0.0000000000
78915  -48.380  -24.663  13.523 0.0000000000
78890  -49.058  -24.627  14.089 0.0000000000
80292  -49.527  -23.405  13.464 0.0000000000
80276  -49.774  -23.850  13.854 0.0000000000
78892  -50.666  -24.399  14.658 0.0000000000
80261  -50.963  -24.238  14.736 0.0000000000
80262  -51.556  -23.917  14.877 0.0000000000
84208  -49.952  -20.837  13.129 0.0000000000
82929  -50.500  -21.367  13.519 0.0000000000
84176  -52.415  -21.427  14.460 0.0000000000
82884  -51.839  -22.072  14.399 0.0000000000
80246  -53.793  -23.620  16.461 0.0000000000
80247  -54.335  -23.575  16.789 0.0000000000
81556  -54.839  -23.829  17.210 0.0000000000
81540  -55.740  -24.286  17.903 0.0000000000
81579  -55.539  -23.323  16.102 0.0000000000
80248  -56.086  -23.623  16.884 0.0000000000
88308  -53.925  -17.900  11.854 0.0000000000
86875  -55.279  -18.615  13.779 0.0000000000
86874  -54.434  -19.098  13.950 0.0000000000
86851  -54.831  -19.506  14.564 0.0000000000
84180  -56.369  -20.717  14.496 0.0000000000
85469  -56.725  -19.847  14.691 0.0000000000
84200  -56.654  -21.101  14.612 0.0000000000
82889  -57.251  -21.512  14.875 0.0000000000
97596  -60.683  -10.598  7.305 0.0000000000
97597  -61.149  -10.470  6.972 0.0000000000
97617  -60.238  -11.194  6.436 0.0000000000
97608  -60.700  -10.673  6.614 0.0000000000
98973  -61.392  -10.147  6.693 0.0000000000
100456  -61.636  -9.760  6.645 0.0000000000
98981  -62.061  -9.857  5.470 0.0000000000
100474  -62.401  -9.546  5.932 0.0000000000
100475  -62.897  -9.393  6.157 0.0000000000
101842  -63.271  -9.359  6.329 0.0000000000
100476  -64.145  -9.066  5.444 0.0000000000
101844  -64.349  -9.035  4.939 0.0000000000
100477  -64.489  -9.420  5.256 0.0000000000
100478  -64.800  -9.845  4.567 0.0000000000
99019  -63.117  -9.086  2.401 0.0000000000
100521  -63.478  -8.656  2.483 0.0000000000
101867  -64.837  -8.575  3.428 0.0000000000
100493  -66.156  -8.949  4.017 0.0000000000
100539  -66.780  -8.674  1.071 0.0000000000
27608  -16.039  -63.346  42.331 0.0000000000
27609  -13.808  -63.245  41.385 0.0000000000
28845  -13.745  -62.747  41.605 0.0000000000
28846  -14.032  -62.928  41.779 0.0000000000
28848  -15.453  -62.961  42.356 0.0000000000
28851  -13.038  -62.606  40.835 0.0000000000
28853  -14.044  -63.129  41.692 0.0000000000
28855  -15.104  -63.295  41.920 0.0000000000
30136  -20.410  -61.219  42.349 0.0000000000
30137  -13.512  -62.478  41.463 0.0000000000
30138  -13.979  -62.492  41.850 0.0000000000
30141  -16.316  -62.228  42.569 0.0000000000
30144  -20.006  -61.430  42.399 0.0000000000
30145  -20.412  -61.396  42.206 0.0000000000
30148  -12.624  -62.304  40.906 0.0000000000
30151  -14.356  -62.870  41.945 0.0000000000
30153  -16.266  -61.876  42.428 0.0000000000
30154  -17.645  -62.657  43.108 0.0000000000
30156  -19.427  -62.155  42.298 0.0000000000
31397  -19.974  -61.197  42.498 0.0000000000
31399  -20.808  -60.716  42.049 0.0000000000
31400  -21.114  -60.459  41.891 0.0000000000
31401  -13.070  -62.102  41.283 0.0000000000
31403  -14.308  -61.979  41.980 0.0000000000
31406  -17.101  -61.645  43.158 0.0000000000
31409  -20.651  -61.055  42.276 0.0000000000
31415  -13.411  -61.495  41.334 0.0000000000
31416  -14.694  -61.742  42.029 0.0000000000
31418  -16.204  -61.637  42.240 0.0000000000
31419  -18.502  -62.010  42.996 0.0000000000
31439  -15.768  -61.368  38.382 0.0000000000
31445  -15.725  -61.464  37.972 0.0000000000
32655  -20.184  -60.850  42.470 0.0000000000
32657  -21.156  -60.091  41.962 0.0000000000
32663  -17.830  -61.322  42.714 0.0000000000
32666  -20.534  -60.370  42.128 0.0000000000
32678  -19.437  -60.652  42.019 0.0000000000
32697  -13.916  -60.776  40.115 0.0000000000
33971  -20.033  -59.753  36.857 0.0000000000
33980  -18.356  -59.946  35.715 0.0000000000
33982  -19.873  -59.299  36.158 0.0000000000
33992  -18.834  -59.350  35.223 0.0000000000
33993  -19.383  -59.318  35.635 0.0000000000
35210  -22.329  -58.819  42.336 0.0000000000
35214  -21.458  -58.478  42.102 0.0000000000
35276  -15.436  -58.334  34.592 0.0000000000
35279  -18.780  -58.939  34.494 0.0000000000
36525  -22.136  -58.678  42.382 0.0000000000
37877  -20.405  -57.514  36.120 0.0000000000
41512  -21.133  -54.173  30.839 0.0000000000
43970  -22.305  -51.440  37.369 0.0000000000
44012  -23.138  -51.931  34.303 0.0000000000
46503  -28.926  -49.378  36.130 0.0000000000
46522  -29.537  -49.756  35.221 0.0000000000
46558  -28.532  -49.660  34.008 0.0000000000
46576  -24.366  -49.762  32.521 0.0000000000
46588  -23.425  -50.278  30.749 0.0000000000
47777  -24.726  -49.869  33.321 0.0000000000
47800  -31.696  -48.140  32.602 0.0000000000
48880  -31.188  -48.763  36.102 0.0000000000
48904  -32.298  -47.722  33.424 0.0000000000
48926  -31.925  -47.753  31.129 0.0000000000
48944  -32.009  -47.350  30.405 0.0000000000
48951  -24.885  -48.316  28.744 0.0000000000
50026  -32.550  -47.429  32.527 0.0000000000
50070  -31.587  -46.983  29.161 0.0000000000
51095  -34.226  -45.702  37.581 0.0000000000
51107  -34.956  -45.429  35.659 0.0000000000
52228  -34.451  -45.071  37.817 0.0000000000
52317  -34.336  -45.230  29.480 0.0000000000
52349  -31.924  -45.291  25.861 0.0000000000
53489  -35.521  -43.806  37.114 0.0000000000
53639  -35.749  -43.268  29.957 0.0000000000
53718  -32.496  -43.650  23.495 0.0000000000
56308  -36.277  -42.483  36.509 0.0000000000
56408  -37.038  -41.071  30.608 0.0000000000
56434  -35.712  -42.179  28.277 0.0000000000
56464  -34.630  -41.920  25.709 0.0000000000
57751  -35.627  -40.328  27.188 0.0000000000
57814  -33.867  -41.243  22.676 0.0000000000
58855  -37.735  -40.285  30.838 0.0000000000
58856  -37.891  -40.202  31.427 0.0000000000
58857  -41.453  -39.706  31.549 0.0000000000
58882  -41.906  -39.705  29.727 0.0000000000
58896  -42.276  -39.560  28.893 0.0000000000
58907  -35.662  -39.783  27.201 0.0000000000
58908  -42.412  -39.516  28.356 0.0000000000
58917  -35.347  -40.409  25.319 0.0000000000
58927  -34.864  -40.364  24.615 0.0000000000
60053  -38.097  -39.492  28.760 0.0000000000
60082  -38.657  -39.483  27.555 0.0000000000
60096  -34.865  -39.096  25.237 0.0000000000
60099  -39.419  -39.591  26.688 0.0000000000
60118  -40.306  -39.624  25.798 0.0000000000
61178  -37.216  -39.274  27.880 0.0000000000
61195  -38.411  -39.400  27.663 0.0000000000
61247  -34.890  -38.706  24.725 0.0000000000
61255  -41.861  -38.618  25.151 0.0000000000
61291  -33.488  -38.437  23.215 0.0000000000
61350  -41.022  -37.637  20.867 0.0000000000
61351  -41.554  -37.556  21.049 0.0000000000
62429  -35.996  -38.419  24.199 0.0000000000
62444  -34.395  -38.081  24.072 0.0000000000
63594  -46.511  -36.029  28.410 0.0000000000
63691  -35.175  -37.138  22.429 0.0000000000
63717  -35.446  -37.083  22.096 0.0000000000
64854  -49.419  -34.899  29.344 0.0000000000
64989  -51.226  -34.384  23.488 0.0000000000
65006  -47.957  -34.761  21.396 0.0000000000
66176  -49.934  -33.833  27.801 0.0000000000
66195  -55.585  -33.258  27.254 0.0000000000
66209  -47.590  -35.509  25.805 0.0000000000
66215  -52.702  -33.454  25.674 0.0000000000
66242  -51.664  -34.245  24.225 0.0000000000
66254  -51.760  -34.011  23.059 0.0000000000
66282  -47.339  -33.703  20.489 0.0000000000
67443  -52.019  -34.116  29.008 0.0000000000
67456  -49.864  -33.722  28.127 0.0000000000
67457  -50.300  -33.778  28.294 0.0000000000
67458  -51.115  -34.099  28.415 0.0000000000
67460  -52.650  -33.422  28.608 0.0000000000
67476  -49.865  -33.700  27.937 0.0000000000
67481  -53.303  -32.867  27.974 0.0000000000
67495  -50.291  -34.022  27.549 0.0000000000
67496  -50.871  -33.883  27.348 0.0000000000
67497  -51.788  -33.601  27.043 0.0000000000
67501  -55.900  -32.498  26.889 0.0000000000
67513  -50.197  -34.245  27.180 0.0000000000
67515  -52.126  -33.614  26.539 0.0000000000
67544  -53.143  -32.854  24.304 0.0000000000
68834  -54.366  -32.733  28.287 0.0000000000
68847  -54.393  -32.294  27.761 0.0000000000
68902  -52.429  -31.717  23.241 0.0000000000
70178  -54.800  -31.525  27.185 0.0000000000
70179  -55.405  -31.388  27.091 0.0000000000
70189  -54.354  -31.446  26.845 0.0000000000
70228  -51.945  -30.333  23.508 0.0000000000
70246  -52.124  -31.091  23.332 0.0000000000
71585  -55.162  -31.039  26.807 0.0000000000
71610  -53.866  -30.064  25.561 0.0000000000
71632  -52.666  -30.230  24.180 0.0000000000
71643  -51.434  -29.874  22.655 0.0000000000
73054  -53.776  -29.224  25.379 0.0000000000
73063  -52.618  -29.077  24.062 0.0000000000
73065  -53.157  -28.408  24.295 0.0000000000
73075  -52.692  -28.632  23.946 0.0000000000
73185  -46.272  -28.200  14.392 0.0000000000
74413  -53.552  -28.797  25.028 0.0000000000
74434  -52.724  -28.185  23.742 0.0000000000
74435  -53.217  -28.004  23.939 0.0000000000
74453  -50.748  -28.864  22.237 0.0000000000
74454  -50.966  -28.605  22.401 0.0000000000
74455  -51.465  -28.155  22.574 0.0000000000
74464  -50.617  -28.837  22.048 0.0000000000
74475  -51.666  -28.288  21.210 0.0000000000
74537  -50.641  -26.689  16.887 0.0000000000
74594  -45.087  -27.214  12.322 0.0000000000
75826  -54.165  -28.103  24.249 0.0000000000
75852  -52.821  -27.280  22.482 0.0000000000
75896  -51.722  -26.295  18.234 0.0000000000
75912  -51.340  -26.302  17.648 0.0000000000
77221  -54.639  -26.058  23.999 0.0000000000
77269  -53.127  -26.427  19.600 0.0000000000
77338  -51.997  -25.471  17.761 0.0000000000
77418  -48.809  -25.398  14.192 0.0000000000
77437  -47.365  -25.799  13.077 0.0000000000
77438  -47.811  -25.401  13.215 0.0000000000
78684  -55.338  -25.528  23.593 0.0000000000
78707  -54.970  -25.501  22.903 0.0000000000
78722  -55.170  -25.497  21.942 0.0000000000
78739  -55.201  -25.236  21.129 0.0000000000
78740  -55.674  -24.954  21.387 0.0000000000
78778  -54.562  -24.771  19.369 0.0000000000
78779  -54.932  -24.551  19.492 0.0000000000
78800  -52.877  -25.254  18.310 0.0000000000
78861  -50.310  -25.170  14.891 0.0000000000
78916  -48.840  -24.271  13.766 0.0000000000
80166  -55.840  -24.557  20.869 0.0000000000
80175  -55.393  -24.727  20.655 0.0000000000
80190  -54.759  -24.437  18.909 0.0000000000
80207  -55.849  -24.185  17.699 0.0000000000
80227  -54.263  -23.696  17.116 0.0000000000
80228  -55.894  -23.985  17.429 0.0000000000
80229  -56.349  -23.682  17.430 0.0000000000
80264  -53.601  -23.521  15.760 0.0000000000
81524  -55.159  -24.281  18.702 0.0000000000
81602  -50.931  -22.738  14.335 0.0000000000
81629  -50.590  -22.979  14.054 0.0000000000
81631  -56.385  -22.099  14.743 0.0000000000
81632  -56.825  -21.838  14.735 0.0000000000
82915  -56.815  -21.355  14.727 0.0000000000
84201  -56.868  -20.993  14.755 0.0000000000
84209  -50.813  -20.804  13.243 0.0000000000
84210  -51.342  -20.787  13.457 0.0000000000
84220  -49.559  -20.835  12.365 0.0000000000
85487  -52.653  -20.551  14.191 0.0000000000
85500  -50.178  -20.611  12.947 0.0000000000
85522  -48.364  -20.474  10.736 0.0000000000
85533  -48.349  -20.897  10.347 0.0000000000
86832  -56.256  -19.177  15.046 0.0000000000
86906  -50.774  -19.645  12.055 0.0000000000
86910  -54.364  -18.235  12.263 0.0000000000
89676  -56.160  -15.843  12.424 0.0000000000
89690  -55.284  -15.715  11.340 0.0000000000
91122  -54.502  -15.231  10.726 0.0000000000
93660  -57.649  -13.601  13.426 0.0000000000
93689  -56.137  -14.018  9.398 0.0000000000
93701  -55.078  -13.737  9.200 0.0000000000
93714  -54.058  -14.029  8.613 0.0000000000
93726  -53.050  -13.885  7.456 0.0000000000
93765  -58.821  -13.170  2.581 0.0000000000
93766  -58.994  -13.274  2.693 0.0000000000
94916  -56.766  -12.858  12.060 0.0000000000
94925  -56.138  -13.678  10.791 0.0000000000
94926  -56.245  -13.336  10.890 0.0000000000
94959  -53.597  -13.841  8.011 0.0000000000
94969  -53.495  -13.790  7.809 0.0000000000
94999  -55.271  -13.359  5.208 0.0000000000
97524  -58.339  -11.601  12.460 0.0000000000
97544  -58.978  -10.579  11.702 0.0000000000
97556  -57.267  -12.135  10.973 0.0000000000
97572  -59.126  -11.235  10.132 0.0000000000
97609  -61.186  -10.336  6.656 0.0000000000
98880  -58.604  -10.389  13.706 0.0000000000
98881  -59.098  -10.307  13.845 0.0000000000
98913  -58.523  -10.387  12.907 0.0000000000
98927  -58.909  -10.044  12.112 0.0000000000
98964  -61.342  -10.088  7.319 0.0000000000
98965  -61.343  -10.274  6.900 0.0000000000
98982  -62.495  -9.731  5.396 0.0000000000
98990  -64.364  -8.572  3.825 0.0000000000
98991  -64.671  -9.035  3.644 0.0000000000
99005  -64.502  -8.420  3.636 0.0000000000
99006  -64.507  -8.657  3.674 0.0000000000
100420  -60.577  -9.531  9.907 0.0000000000
100461  -64.662  -9.655  6.003 0.0000000000
100491  -64.212  -8.465  3.980 0.0000000000
100492  -64.551  -8.875  3.781 0.0000000000
100506  -62.569  -9.632  4.174 0.0000000000
100509  -64.325  -8.341  3.738 0.0000000000
100510  -64.702  -8.776  3.512 0.0000000000
100527  -63.254  -8.449  1.996 0.0000000000
101855  -63.280  -9.215  4.821 0.0000000000
101869  -66.630  -8.026  3.141 0.0000000000
101882  -63.298  -8.210  1.619 0.0000000000
101899  -66.658  -8.244  1.141 0.0000000000
101912  -64.824  -7.229  0.323 0.0000000000
