#!ascii label  , from subject 3354 vox2ras=TkReg
310
111070  29.814  -4.923  -38.843 0.0000000000
99661  26.965  -13.675  -40.257 0.0000000000
117415  28.680  0.504  -37.571 0.0000000000
128779  27.192  10.896  -41.228 0.0000000000
97249  25.320  -15.705  -39.789 0.0000000000
120977  31.184  3.286  -41.228 0.0000000000
123332  31.326  5.562  -41.491 0.0000000000
108786  27.379  -6.693  -40.243 0.0000000000
106514  28.658  -9.110  -41.531 0.0000000000
108783  30.532  -6.643  -40.577 0.0000000000
113604  31.160  -2.362  -41.307 0.0000000000
112349  32.069  -4.231  -40.837 0.0000000000
113589  28.339  -2.515  -38.314 0.0000000000
117444  31.181  0.159  -40.798 0.0000000000
127742  28.394  8.861  -39.786 0.0000000000
126771  30.404  8.446  -43.102 0.0000000000
102252  28.576  -11.300  -40.353 0.0000000000
122147  30.493  4.990  -39.657 0.0000000000
124477  30.536  6.539  -39.790 0.0000000000
108770  28.001  -6.309  -39.683 0.0000000000
108784  29.407  -6.933  -40.306 0.0000000000
108768  29.894  -6.373  -39.727 0.0000000000
97248  26.132  -14.910  -40.013 0.0000000000
116182  28.994  -0.758  -37.722 0.0000000000
116199  30.934  -0.676  -39.131 0.0000000000
117431  31.029  0.498  -38.949 0.0000000000
120986  30.601  3.365  -42.774 0.0000000000
118674  30.986  1.448  -43.428 0.0000000000
127759  25.900  9.440  -40.636 0.0000000000
125618  26.305  7.355  -39.985 0.0000000000
128763  27.537  10.211  -40.580 0.0000000000
129876  28.188  11.450  -45.803 0.0000000000
128805  28.693  10.077  -45.363 0.0000000000
128789  30.196  10.184  -43.302 0.0000000000
126792  29.426  8.591  -44.809 0.0000000000
125668  29.583  7.524  -44.520 0.0000000000
106512  30.223  -8.949  -41.319 0.0000000000
105187  29.237  -10.106  -41.520 0.0000000000
95893  23.884  -17.102  -39.595 0.0000000000
119778  31.190  2.487  -39.561 0.0000000000
120950  30.912  3.725  -39.220 0.0000000000
122160  31.435  4.469  -41.165 0.0000000000
122184  30.016  4.531  -43.690 0.0000000000
105201  27.338  -9.300  -41.929 0.0000000000
106501  27.567  -8.220  -41.060 0.0000000000
106499  29.234  -8.432  -41.061 0.0000000000
107669  31.249  -7.595  -40.880 0.0000000000
112313  31.186  -3.800  -39.015 0.0000000000
111068  31.211  -4.189  -39.964 0.0000000000
113623  32.061  -2.905  -41.375 0.0000000000
111071  27.881  -4.901  -38.714 0.0000000000
112315  27.495  -3.427  -38.954 0.0000000000
112301  28.774  -3.617  -37.957 0.0000000000
113571  30.963  -2.440  -38.795 0.0000000000
116214  30.444  -1.549  -41.204 0.0000000000
116249  30.760  -0.832  -42.623 0.0000000000
118641  31.334  1.188  -41.221 0.0000000000
117492  30.978  0.239  -43.369 0.0000000000
125616  28.208  7.462  -39.515 0.0000000000
129853  28.841  11.880  -41.796 0.0000000000
129833  29.828  10.899  -41.634 0.0000000000
127769  30.059  9.742  -40.779 0.0000000000
126754  30.555  8.176  -40.862 0.0000000000
125648  31.175  7.372  -42.139 0.0000000000
124521  30.293  6.416  -43.627 0.0000000000
100854  27.009  -12.643  -41.311 0.0000000000
103781  27.552  -10.271  -42.156 0.0000000000
109920  31.356  -5.743  -40.831 0.0000000000
108781  32.189  -6.424  -41.132 0.0000000000
123303  29.417  5.629  -39.167 0.0000000000
124478  29.826  6.572  -39.365 0.0000000000
109899  29.369  -5.758  -39.045 0.0000000000
108769  28.874  -6.372  -39.610 0.0000000000
93194  23.691  -17.961  -38.594 0.0000000000
98475  26.815  -14.323  -39.568 0.0000000000
117414  29.750  0.088  -37.736 0.0000000000
117413  30.553  -0.191  -38.446 0.0000000000
118608  30.449  1.200  -38.158 0.0000000000
120999  30.203  3.406  -43.828 0.0000000000
119830  30.144  2.279  -44.237 0.0000000000
128764  26.483  10.305  -40.754 0.0000000000
127758  26.902  9.543  -40.399 0.0000000000
127796  29.092  9.447  -45.123 0.0000000000
126793  28.824  8.558  -45.353 0.0000000000
105196  30.947  -9.136  -41.027 0.0000000000
105197  30.354  -9.302  -41.113 0.0000000000
98489  25.120  -14.557  -41.059 0.0000000000
120951  30.121  3.490  -38.409 0.0000000000
123318  31.245  5.540  -40.680 0.0000000000
122146  31.198  4.671  -39.974 0.0000000000
122170  31.666  4.959  -41.915 0.0000000000
122171  31.086  4.305  -42.228 0.0000000000
123339  31.179  5.489  -42.426 0.0000000000
128765  25.529  10.391  -40.855 0.0000000000
107673  27.947  -7.530  -40.732 0.0000000000
107672  28.871  -7.658  -40.673 0.0000000000
107671  29.836  -7.642  -40.765 0.0000000000
106498  30.080  -8.401  -41.090 0.0000000000
107670  30.739  -7.595  -40.860 0.0000000000
95892  24.495  -16.488  -39.659 0.0000000000
95874  24.800  -16.851  -38.908 0.0000000000
113603  31.381  -2.636  -40.619 0.0000000000
112312  31.159  -3.235  -39.918 0.0000000000
111093  27.024  -5.125  -39.960 0.0000000000
114899  28.175  -2.128  -38.403 0.0000000000
113590  27.873  -2.717  -38.548 0.0000000000
112302  28.042  -3.493  -38.474 0.0000000000
113573  29.199  -2.932  -38.093 0.0000000000
113572  30.363  -2.929  -38.485 0.0000000000
114877  30.770  -2.071  -38.597 0.0000000000
117430  31.182  -0.163  -39.855 0.0000000000
116198  31.348  -1.213  -39.707 0.0000000000
116233  30.888  -0.381  -41.234 0.0000000000
116234  30.821  -0.950  -41.738 0.0000000000
117464  30.808  -0.464  -42.138 0.0000000000
118625  31.041  1.590  -38.942 0.0000000000
119790  31.321  2.327  -40.652 0.0000000000
118673  31.323  0.942  -43.109 0.0000000000
116262  30.621  -0.599  -43.477 0.0000000000
126730  27.530  8.460  -39.698 0.0000000000
124482  25.936  6.733  -40.345 0.0000000000
125617  27.191  7.396  -39.696 0.0000000000
126729  28.644  8.257  -39.667 0.0000000000
129866  28.842  11.456  -44.942 0.0000000000
131106  28.502  12.295  -45.082 0.0000000000
131059  29.286  11.930  -43.063 0.0000000000
129852  29.651  11.378  -42.348 0.0000000000
127776  30.363  9.489  -43.077 0.0000000000
128785  30.331  10.356  -42.549 0.0000000000
127773  30.845  9.262  -42.283 0.0000000000
127754  30.390  8.606  -40.644 0.0000000000
127772  31.067  8.635  -41.803 0.0000000000
126762  31.113  8.051  -41.733 0.0000000000
126763  30.944  8.225  -42.319 0.0000000000
124529  29.100  6.609  -44.774 0.0000000000
125658  29.953  7.117  -43.935 0.0000000000
124522  29.663  6.454  -44.270 0.0000000000
123350  29.805  5.492  -43.918 0.0000000000
99697  26.293  -13.105  -41.789 0.0000000000
105218  27.321  -9.837  -42.138 0.0000000000
105200  27.987  -9.717  -42.006 0.0000000000
103744  28.863  -10.418  -40.912 0.0000000000
103761  28.588  -10.533  -41.651 0.0000000000
102253  27.924  -11.431  -40.751 0.0000000000
100852  27.970  -11.813  -40.446 0.0000000000
111091  31.578  -4.707  -40.627 0.0000000000
111111  31.866  -5.201  -41.188 0.0000000000
122133  30.119  4.662  -38.915 0.0000000000
123319  30.723  5.634  -40.049 0.0000000000
124491  31.445  6.411  -41.021 0.0000000000
108785  28.403  -6.889  -40.266 0.0000000000
97239  25.687  -16.118  -39.178 0.0000000000
97238  26.400  -15.520  -38.887 0.0000000000
97237  27.153  -15.068  -38.547 0.0000000000
114934  30.695  -1.917  -41.727 0.0000000000
113624  31.464  -2.193  -41.840 0.0000000000
114880  28.261  -1.357  -38.193 0.0000000000
114879  29.022  -1.863  -38.072 0.0000000000
116180  30.733  -1.369  -38.711 0.0000000000
116181  30.015  -1.307  -38.455 0.0000000000
120978  30.966  3.273  -42.005 0.0000000000
119804  31.272  2.240  -41.815 0.0000000000
119815  30.668  2.324  -43.380 0.0000000000
118688  30.592  1.287  -44.166 0.0000000000
126745  27.205  9.039  -40.128 0.0000000000
127757  27.871  9.375  -40.115 0.0000000000
128795  29.178  10.469  -44.801 0.0000000000
128790  29.685  10.482  -43.847 0.0000000000
127784  29.561  9.526  -44.386 0.0000000000
126781  29.914  8.563  -43.939 0.0000000000
126780  30.227  8.064  -43.644 0.0000000000
125669  28.997  7.258  -45.021 0.0000000000
106513  29.498  -9.113  -41.417 0.0000000000
105199  28.794  -9.899  -41.527 0.0000000000
105198  29.650  -9.546  -41.356 0.0000000000
105186  29.779  -9.953  -40.788 0.0000000000
95905  24.272  -16.267  -40.479 0.0000000000
97263  24.644  -15.427  -40.775 0.0000000000
97262  25.428  -14.810  -40.435 0.0000000000
97261  25.886  -14.446  -40.386 0.0000000000
98487  26.305  -14.055  -40.298 0.0000000000
118609  29.252  1.355  -37.940 0.0000000000
119779  30.593  2.489  -38.722 0.0000000000
120963  31.429  3.516  -40.234 0.0000000000
122132  30.715  4.521  -39.424 0.0000000000
122161  31.247  3.825  -41.669 0.0000000000
122183  30.537  4.303  -43.068 0.0000000000
121000  29.843  4.018  -44.150 0.0000000000
127760  24.896  9.527  -40.424 0.0000000000
128780  26.083  10.904  -41.553 0.0000000000
129836  26.760  11.765  -41.515 0.0000000000
106515  27.802  -8.874  -41.564 0.0000000000
106500  28.353  -8.319  -41.101 0.0000000000
106497  30.709  -8.365  -40.984 0.0000000000
106496  31.140  -8.506  -40.819 0.0000000000
112314  30.230  -4.103  -38.673 0.0000000000
111069  30.619  -4.613  -39.386 0.0000000000
112331  31.672  -3.651  -40.548 0.0000000000
114952  32.370  -2.041  -42.060 0.0000000000
114932  32.508  -2.674  -41.762 0.0000000000
113622  32.992  -2.891  -41.787 0.0000000000
109901  27.397  -5.677  -39.707 0.0000000000
109900  28.197  -5.490  -39.090 0.0000000000
109869  28.246  -4.972  -38.644 0.0000000000
111048  27.689  -3.945  -38.730 0.0000000000
111047  28.220  -4.339  -38.511 0.0000000000
111046  29.294  -4.287  -38.252 0.0000000000
113588  30.573  -3.422  -38.642 0.0000000000
113587  31.156  -2.760  -39.003 0.0000000000
113586  31.227  -2.490  -39.873 0.0000000000
114898  31.033  -1.762  -39.057 0.0000000000
114914  31.252  -1.868  -40.219 0.0000000000
114915  30.593  -2.023  -40.879 0.0000000000
114953  30.870  -1.598  -42.537 0.0000000000
118624  31.227  1.166  -39.966 0.0000000000
119814  31.168  1.795  -42.769 0.0000000000
118656  31.420  1.085  -42.270 0.0000000000
117463  30.893  0.129  -41.809 0.0000000000
116248  30.908  -0.329  -42.876 0.0000000000
125615  29.304  7.490  -39.619 0.0000000000
131033  27.444  12.483  -41.729 0.0000000000
131061  28.042  12.719  -42.115 0.0000000000
129835  28.016  11.690  -41.392 0.0000000000
128778  28.300  10.772  -41.011 0.0000000000
128762  28.593  10.080  -40.379 0.0000000000
128761  29.467  9.807  -40.335 0.0000000000
128786  30.054  10.843  -43.122 0.0000000000
128776  30.258  10.095  -41.628 0.0000000000
127755  29.985  9.003  -40.187 0.0000000000
125628  29.911  7.844  -40.094 0.0000000000
125614  30.149  7.238  -39.716 0.0000000000
125627  30.692  7.427  -40.436 0.0000000000
125638  31.217  7.366  -41.245 0.0000000000
124505  31.154  6.455  -41.822 0.0000000000
125657  30.367  7.449  -43.486 0.0000000000
124513  30.770  6.837  -43.242 0.0000000000
123348  31.142  5.881  -43.013 0.0000000000
123349  30.679  5.375  -43.289 0.0000000000
122197  29.529  4.606  -44.334 0.0000000000
99683  26.612  -13.190  -41.009 0.0000000000
99682  27.305  -13.139  -40.493 0.0000000000
103763  27.315  -10.741  -42.076 0.0000000000
103762  27.992  -10.560  -42.008 0.0000000000
102274  27.246  -11.241  -41.746 0.0000000000
100877  27.237  -11.711  -41.420 0.0000000000
100853  27.402  -12.242  -40.866 0.0000000000
111092  30.947  -5.105  -40.174 0.0000000000
109921  30.754  -5.870  -40.252 0.0000000000
111110  32.368  -4.947  -41.123 0.0000000000
108798  31.863  -6.131  -41.407 0.0000000000
108782  31.594  -6.619  -41.234 0.0000000000
108766  31.894  -7.068  -41.073 0.0000000000
94559  23.606  -17.464  -38.988 0.0000000000
100879  26.175  -12.850  -42.128 0.0000000000
102272  28.324  -10.946  -41.029 0.0000000000
102294  26.671  -11.183  -42.112 0.0000000000
106511  30.753  -8.889  -41.178 0.0000000000
108767  30.439  -6.180  -39.985 0.0000000000
108797  32.095  -6.118  -41.321 0.0000000000
109868  28.845  -5.004  -38.627 0.0000000000
109898  30.336  -5.602  -39.551 0.0000000000
109938  32.081  -5.683  -41.325 0.0000000000
109939  31.812  -5.891  -41.300 0.0000000000
111072  27.296  -4.530  -39.246 0.0000000000
112300  29.746  -3.521  -38.319 0.0000000000
113574  28.346  -3.131  -38.266 0.0000000000
113644  31.321  -2.021  -42.522 0.0000000000
114878  30.047  -2.064  -38.211 0.0000000000
114897  31.275  -2.003  -39.547 0.0000000000
114933  32.333  -2.293  -41.790 0.0000000000
114951  32.561  -2.327  -42.084 0.0000000000
116213  31.052  -0.984  -40.695 0.0000000000
116261  30.991  -0.137  -43.138 0.0000000000
117480  31.156  0.234  -42.734 0.0000000000
117481  30.847  -0.235  -42.425 0.0000000000
118687  30.963  0.821  -43.660 0.0000000000
119767  29.772  2.395  -38.141 0.0000000000
119805  30.870  2.608  -42.514 0.0000000000
123302  30.230  5.700  -39.418 0.0000000000
123340  31.024  4.833  -42.842 0.0000000000
124492  31.015  6.430  -40.446 0.0000000000
124512  31.125  6.544  -42.714 0.0000000000
124520  30.871  6.211  -43.233 0.0000000000
125626  31.302  6.960  -40.702 0.0000000000
125639  30.811  7.777  -40.972 0.0000000000
125649  30.786  7.481  -42.826 0.0000000000
125667  30.050  7.748  -43.938 0.0000000000
125678  29.189  7.889  -45.168 0.0000000000
126728  29.460  8.393  -39.875 0.0000000000
126731  26.469  8.066  -39.846 0.0000000000
126743  30.212  8.239  -40.431 0.0000000000
126744  29.881  8.372  -40.165 0.0000000000
126746  26.566  8.805  -40.210 0.0000000000
126753  30.840  8.118  -41.283 0.0000000000
126772  30.064  9.007  -43.390 0.0000000000
127740  29.369  8.890  -39.925 0.0000000000
127741  28.975  8.759  -39.813 0.0000000000
127756  28.975  9.315  -39.969 0.0000000000
127767  30.904  8.440  -41.524 0.0000000000
127768  30.637  8.935  -41.191 0.0000000000
127777  29.947  9.546  -43.652 0.0000000000
128777  29.402  10.455  -40.961 0.0000000000
128796  28.661  10.764  -45.411 0.0000000000
129851  30.317  10.870  -41.986 0.0000000000
129857  29.610  11.364  -43.393 0.0000000000
129877  27.605  11.914  -46.066 0.0000000000
131032  28.289  12.330  -41.754 0.0000000000
131060  28.798  12.276  -42.434 0.0000000000
131078  29.504  12.023  -43.793 0.0000000000
131080  28.264  12.773  -42.755 0.0000000000
