#!ascii label  , from subject 3188 vox2ras=TkReg
1157
49452  -6.744  -19.066  52.543 0.0000000000
57044  -30.655  -11.258  44.214 0.0000000000
62615  -29.992  -6.679  39.642 0.0000000000
52412  -24.906  -15.260  46.407 0.0000000000
72852  -38.714  2.412  31.863 0.0000000000
68005  -31.745  -1.547  35.478 0.0000000000
58192  -32.413  -10.555  49.262 0.0000000000
58232  -27.495  -10.610  46.227 0.0000000000
73980  -42.851  4.284  32.060 0.0000000000
74007  -46.227  5.088  31.460 0.0000000000
79154  -46.638  8.536  30.330 0.0000000000
62620  -35.682  -5.736  39.473 0.0000000000
63637  -31.308  -5.299  36.857 0.0000000000
67937  -35.699  -1.627  39.200 0.0000000000
71609  -37.420  1.699  38.456 0.0000000000
54612  -18.486  -13.904  45.384 0.0000000000
49428  -3.364  -18.880  55.201 0.0000000000
60485  -31.309  -8.352  43.489 0.0000000000
62550  -35.011  -6.104  43.113 0.0000000000
52500  -20.998  -16.004  42.765 0.0000000000
52525  -24.074  -15.653  41.958 0.0000000000
79196  -43.725  8.208  25.884 0.0000000000
82278  -47.439  11.164  27.524 0.0000000000
71664  -34.997  1.183  33.961 0.0000000000
73926  -41.075  3.587  36.558 0.0000000000
49499  -9.563  -19.123  49.471 0.0000000000
44396  -1.671  -24.058  53.766 0.0000000000
72857  -44.467  3.874  32.145 0.0000000000
65677  -36.549  -3.695  38.350 0.0000000000
51385  -16.618  -17.050  44.374 0.0000000000
48434  -5.040  -19.234  54.006 0.0000000000
57082  -30.633  -10.697  41.922 0.0000000000
58253  -32.100  -9.844  44.154 0.0000000000
51388  -23.088  -16.147  44.795 0.0000000000
50499  -22.968  -16.889  41.455 0.0000000000
53545  -23.315  -14.393  44.824 0.0000000000
58234  -29.280  -10.696  45.040 0.0000000000
58260  -26.609  -10.364  43.756 0.0000000000
58276  -28.155  -11.087  42.538 0.0000000000
51334  -24.022  -15.690  47.960 0.0000000000
52433  -22.348  -14.392  45.317 0.0000000000
74022  -44.225  3.168  28.745 0.0000000000
77117  -42.674  6.452  26.997 0.0000000000
80196  -46.842  9.987  29.177 0.0000000000
65695  -31.619  -3.435  35.583 0.0000000000
70450  -33.958  0.204  34.603 0.0000000000
73915  -40.010  3.089  37.420 0.0000000000
51330  -14.242  -16.168  47.900 0.0000000000
51328  -13.068  -16.403  49.161 0.0000000000
53478  -12.042  -17.287  50.410 0.0000000000
48510  -10.924  -19.147  47.881 0.0000000000
43326  -3.499  -24.916  53.661 0.0000000000
56984  -32.345  -10.917  46.996 0.0000000000
59417  -32.929  -9.299  46.440 0.0000000000
59410  -34.048  -9.283  48.844 0.0000000000
55740  -26.314  -12.962  49.531 0.0000000000
56978  -24.997  -11.945  47.340 0.0000000000
58189  -29.056  -10.641  49.385 0.0000000000
56982  -30.477  -10.923  47.487 0.0000000000
72837  -40.531  2.760  33.166 0.0000000000
71714  -43.000  2.701  31.800 0.0000000000
72903  -44.420  3.668  30.372 0.0000000000
76057  -45.192  5.465  30.050 0.0000000000
77107  -44.103  6.811  29.249 0.0000000000
76046  -46.905  6.501  30.785 0.0000000000
61523  -33.464  -6.484  39.374 0.0000000000
61551  -30.686  -6.624  37.442 0.0000000000
62640  -33.216  -5.879  37.930 0.0000000000
65674  -33.248  -3.401  37.939 0.0000000000
67954  -33.487  -1.592  37.728 0.0000000000
70397  -34.418  0.844  36.963 0.0000000000
70382  -36.006  0.422  39.219 0.0000000000
54582  -17.548  -13.427  47.298 0.0000000000
51356  -15.357  -16.536  46.320 0.0000000000
81289  -47.061  11.203  23.211 0.0000000000
50366  -1.846  -18.254  55.073 0.0000000000
59469  -30.592  -9.731  41.149 0.0000000000
61468  -30.548  -7.277  42.301 0.0000000000
61443  -32.751  -7.222  45.078 0.0000000000
63550  -32.502  -4.978  43.797 0.0000000000
62590  -33.018  -6.385  41.924 0.0000000000
61493  -35.921  -6.598  41.490 0.0000000000
57038  -24.732  -12.344  44.489 0.0000000000
53481  -20.932  -13.897  47.170 0.0000000000
52455  -19.553  -15.278  44.095 0.0000000000
79166  -44.432  8.631  28.880 0.0000000000
80204  -45.351  10.112  27.055 0.0000000000
80228  -46.494  10.347  25.068 0.0000000000
82285  -49.169  12.011  26.244 0.0000000000
46470  -7.387  -21.306  50.581 0.0000000000
45474  -5.876  -22.046  51.899 0.0000000000
71694  -36.803  1.645  32.629 0.0000000000
71636  -36.500  1.747  36.217 0.0000000000
71653  -37.550  2.331  35.529 0.0000000000
72819  -39.791  3.195  34.673 0.0000000000
74948  -41.632  4.011  34.788 0.0000000000
49466  -8.583  -18.656  50.953 0.0000000000
46445  -4.600  -21.715  53.147 0.0000000000
46440  -1.938  -22.362  55.054 0.0000000000
47405  -0.470  -21.236  54.136 0.0000000000
49440  -6.269  -18.733  53.281 0.0000000000
57062  -30.351  -11.098  43.139 0.0000000000
57063  -30.715  -10.612  42.971 0.0000000000
58252  -31.650  -10.430  44.521 0.0000000000
51390  -24.095  -15.845  45.775 0.0000000000
52459  -23.379  -15.117  45.337 0.0000000000
53526  -24.458  -14.694  45.817 0.0000000000
57043  -30.070  -10.943  44.570 0.0000000000
58251  -29.218  -10.657  43.957 0.0000000000
57061  -29.725  -11.095  43.334 0.0000000000
57079  -28.780  -11.263  42.364 0.0000000000
53468  -25.769  -14.536  48.503 0.0000000000
52359  -25.391  -15.386  49.036 0.0000000000
51348  -24.667  -15.910  46.779 0.0000000000
51359  -23.764  -16.184  46.686 0.0000000000
76085  -43.396  5.552  27.794 0.0000000000
61519  -28.932  -7.702  39.584 0.0000000000
61535  -28.942  -7.203  38.877 0.0000000000
66798  -31.713  -2.244  36.027 0.0000000000
65710  -31.402  -3.456  34.388 0.0000000000
69221  -33.117  -0.846  34.646 0.0000000000
50439  -13.747  -17.369  47.445 0.0000000000
51329  -13.780  -16.303  48.443 0.0000000000
50438  -12.364  -17.338  47.902 0.0000000000
50437  -11.515  -17.596  48.601 0.0000000000
48511  -12.199  -19.332  47.381 0.0000000000
58201  -32.749  -10.443  48.174 0.0000000000
58210  -33.091  -10.327  47.301 0.0000000000
58193  -33.609  -10.078  49.276 0.0000000000
55725  -28.590  -12.278  50.756 0.0000000000
56951  -27.903  -12.126  49.349 0.0000000000
56943  -29.257  -11.232  50.304 0.0000000000
58191  -31.753  -10.746  49.590 0.0000000000
56954  -31.051  -11.083  49.439 0.0000000000
56955  -31.652  -10.860  48.926 0.0000000000
56983  -31.384  -11.216  47.239 0.0000000000
72822  -41.149  3.361  32.336 0.0000000000
71712  -41.938  1.764  32.149 0.0000000000
72840  -43.014  3.169  32.094 0.0000000000
125764  -46.186  4.790  31.956 0.0000000000
72888  -45.199  4.161  31.347 0.0000000000
72905  -45.662  4.511  31.177 0.0000000000
74005  -44.818  4.101  30.269 0.0000000000
75017  -46.036  5.282  30.913 0.0000000000
76044  -45.682  5.832  30.414 0.0000000000
76059  -46.522  5.923  30.960 0.0000000000
61524  -34.528  -6.471  39.444 0.0000000000
61539  -33.292  -6.116  38.479 0.0000000000
62630  -34.778  -5.698  38.400 0.0000000000
66747  -36.406  -2.592  38.678 0.0000000000
64621  -34.677  -3.641  38.770 0.0000000000
66745  -34.398  -2.544  38.776 0.0000000000
66784  -33.325  -2.095  37.500 0.0000000000
67936  -34.555  -1.977  38.502 0.0000000000
69143  -34.557  -0.904  38.373 0.0000000000
69132  -36.134  -0.608  39.538 0.0000000000
55786  -19.182  -12.915  46.622 0.0000000000
54583  -18.390  -12.708  47.458 0.0000000000
54595  -17.217  -13.567  45.910 0.0000000000
51357  -15.879  -16.361  45.777 0.0000000000
82302  -47.423  11.798  23.928 0.0000000000
82306  -48.476  11.883  22.880 0.0000000000
49427  -2.613  -18.914  55.364 0.0000000000
59446  -31.407  -9.380  42.655 0.0000000000
58289  -30.891  -10.220  41.570 0.0000000000
60496  -31.263  -8.827  42.694 0.0000000000
60510  -30.126  -8.642  41.792 0.0000000000
61469  -31.053  -7.785  42.912 0.0000000000
59418  -33.488  -9.012  46.870 0.0000000000
60463  -32.768  -8.271  46.278 0.0000000000
61429  -33.550  -7.568  46.351 0.0000000000
63552  -35.133  -5.980  44.010 0.0000000000
125547  -33.555  -4.900  44.564 0.0000000000
63560  -33.972  -5.377  43.207 0.0000000000
62549  -33.272  -5.587  42.967 0.0000000000
63580  -34.369  -5.705  42.748 0.0000000000
61471  -34.509  -6.353  41.796 0.0000000000
61472  -35.384  -6.534  41.943 0.0000000000
52524  -23.880  -16.026  42.232 0.0000000000
56996  -26.247  -10.877  47.028 0.0000000000
55807  -25.451  -11.836  45.917 0.0000000000
57016  -25.804  -11.353  45.358 0.0000000000
57076  -25.198  -11.154  42.469 0.0000000000
53465  -22.125  -14.089  48.309 0.0000000000
52482  -21.523  -15.514  43.764 0.0000000000
52456  -20.602  -15.069  44.254 0.0000000000
52481  -20.458  -15.636  43.237 0.0000000000
51424  -19.279  -17.022  42.323 0.0000000000
78154  -45.451  7.828  30.105 0.0000000000
78153  -44.355  7.739  29.532 0.0000000000
79167  -45.181  8.706  29.542 0.0000000000
81264  -47.009  10.544  28.325 0.0000000000
81263  -46.348  10.372  27.882 0.0000000000
81268  -46.528  10.588  27.098 0.0000000000
81279  -46.121  10.486  25.787 0.0000000000
80206  -47.338  10.371  26.446 0.0000000000
80230  -47.763  10.272  25.802 0.0000000000
82284  -47.980  11.539  26.739 0.0000000000
62638  -30.711  -5.928  37.161 0.0000000000
61562  -30.141  -7.504  36.844 0.0000000000
71708  -35.665  0.951  31.951 0.0000000000
72833  -36.087  1.743  33.155 0.0000000000
70399  -36.051  1.435  38.221 0.0000000000
71620  -35.385  1.494  36.730 0.0000000000
71622  -37.362  1.931  37.649 0.0000000000
73925  -40.393  3.175  36.887 0.0000000000
72804  -38.013  2.505  36.382 0.0000000000
72806  -40.034  3.272  36.101 0.0000000000
72818  -38.753  2.546  34.324 0.0000000000
73936  -40.116  3.403  35.595 0.0000000000
73937  -40.357  3.582  34.934 0.0000000000
73931  -41.039  3.640  35.377 0.0000000000
50424  -10.541  -17.816  50.149 0.0000000000
50423  -9.793  -18.253  50.614 0.0000000000
49443  -8.649  -18.055  51.920 0.0000000000
49492  -9.266  -18.952  49.980 0.0000000000
48484  -7.947  -19.665  50.007 0.0000000000
47460  -8.540  -20.242  48.807 0.0000000000
44451  -5.595  -23.466  51.546 0.0000000000
46446  -5.256  -21.234  53.030 0.0000000000
44423  -5.144  -23.615  52.267 0.0000000000
43325  -2.402  -24.786  53.875 0.0000000000
44397  -3.118  -24.024  53.635 0.0000000000
45466  -2.031  -23.281  54.054 0.0000000000
47402  -0.855  -22.098  54.809 0.0000000000
46442  -0.990  -22.235  53.760 0.0000000000
56930  -30.700  -11.713  51.261 0.0000000000
74967  -44.623  4.961  33.402 0.0000000000
72841  -43.856  3.662  32.323 0.0000000000
125759  -45.558  4.834  33.230 0.0000000000
63621  -36.047  -5.029  38.700 0.0000000000
52453  -17.499  -15.743  44.133 0.0000000000
53521  -17.301  -14.787  45.306 0.0000000000
51280  -5.029  -16.689  55.522 0.0000000000
49431  -3.988  -18.783  54.717 0.0000000000
57081  -30.260  -11.316  42.102 0.0000000000
58265  -31.805  -9.665  43.408 0.0000000000
59439  -32.311  -9.249  43.772 0.0000000000
62552  -36.714  -6.159  43.404 0.0000000000
51407  -22.211  -16.144  43.426 0.0000000000
51442  -22.485  -16.495  41.835 0.0000000000
51427  -22.821  -16.672  42.955 0.0000000000
52483  -23.448  -15.699  44.298 0.0000000000
53562  -23.062  -14.670  44.044 0.0000000000
58233  -28.232  -10.665  45.545 0.0000000000
57017  -26.921  -10.829  45.443 0.0000000000
58250  -28.161  -10.481  44.354 0.0000000000
58261  -27.403  -10.462  43.443 0.0000000000
57100  -27.859  -11.082  41.302 0.0000000000
51345  -23.340  -15.351  48.096 0.0000000000
52411  -23.071  -14.643  47.006 0.0000000000
51358  -23.411  -15.519  47.085 0.0000000000
52458  -23.038  -15.022  44.944 0.0000000000
74021  -43.637  2.626  28.867 0.0000000000
78185  -43.453  7.236  26.260 0.0000000000
79155  -47.250  8.619  30.770 0.0000000000
79182  -46.694  9.514  29.612 0.0000000000
64643  -31.533  -4.565  36.134 0.0000000000
69241  -33.645  -0.304  33.909 0.0000000000
70451  -34.563  0.788  34.441 0.0000000000
72771  -39.764  2.436  38.896 0.0000000000
72783  -38.547  2.442  37.610 0.0000000000
73898  -40.093  3.132  38.211 0.0000000000
53463  -15.286  -14.887  48.343 0.0000000000
53461  -13.777  -15.134  49.109 0.0000000000
52337  -13.157  -15.900  51.002 0.0000000000
53460  -12.299  -16.941  49.843 0.0000000000
125286  -11.348  -17.483  49.313 0.0000000000
48500  -10.187  -19.055  48.521 0.0000000000
47462  -10.080  -20.390  48.265 0.0000000000
47475  -10.651  -20.264  47.618 0.0000000000
57000  -31.498  -11.254  46.109 0.0000000000
57022  -31.914  -10.655  45.281 0.0000000000
58220  -32.943  -10.163  46.317 0.0000000000
58211  -33.414  -9.737  47.109 0.0000000000
54586  -25.553  -13.901  47.836 0.0000000000
54602  -24.792  -13.713  46.895 0.0000000000
55775  -25.862  -12.444  48.351 0.0000000000
56980  -26.912  -11.365  48.145 0.0000000000
58207  -28.395  -10.556  47.665 0.0000000000
56953  -29.911  -10.707  49.565 0.0000000000
58200  -29.814  -10.525  48.554 0.0000000000
58208  -29.528  -10.610  47.307 0.0000000000
58209  -30.162  -10.726  46.760 0.0000000000
56999  -30.619  -11.103  46.387 0.0000000000
54558  -26.537  -13.644  49.827 0.0000000000
72853  -39.611  2.724  32.251 0.0000000000
72866  -39.472  2.775  31.202 0.0000000000
72867  -40.470  2.832  31.517 0.0000000000
72884  -41.207  3.002  30.872 0.0000000000
73992  -42.537  3.398  30.161 0.0000000000
72856  -43.472  3.192  31.761 0.0000000000
72870  -43.662  3.140  31.413 0.0000000000
74003  -43.266  3.433  29.514 0.0000000000
74004  -44.277  3.446  29.559 0.0000000000
75015  -44.562  4.306  29.470 0.0000000000
75030  -44.077  4.669  28.989 0.0000000000
76073  -43.780  5.409  28.773 0.0000000000
77092  -44.752  6.547  29.923 0.0000000000
77093  -45.636  7.004  30.382 0.0000000000
78141  -46.772  7.742  30.541 0.0000000000
77095  -47.878  6.318  31.679 0.0000000000
79145  -47.694  8.323  31.434 0.0000000000
61522  -31.967  -6.209  39.788 0.0000000000
61521  -30.729  -6.745  39.342 0.0000000000
61538  -32.399  -6.079  38.521 0.0000000000
62628  -32.392  -5.785  37.856 0.0000000000
63628  -32.201  -5.632  37.404 0.0000000000
63631  -34.935  -4.636  37.970 0.0000000000
64627  -33.466  -4.346  37.905 0.0000000000
63639  -32.590  -4.757  37.191 0.0000000000
65686  -32.395  -3.434  36.677 0.0000000000
66782  -32.461  -2.475  36.375 0.0000000000
69174  -32.425  -1.129  36.551 0.0000000000
69196  -32.557  -0.707  35.989 0.0000000000
69156  -33.783  -0.384  37.328 0.0000000000
70390  -35.465  0.940  38.728 0.0000000000
70391  -36.457  1.341  38.974 0.0000000000
70393  -38.117  1.296  39.420 0.0000000000
71601  -38.837  1.373  39.238 0.0000000000
54567  -16.735  -13.478  48.234 0.0000000000
53520  -16.407  -15.400  45.641 0.0000000000
53498  -15.991  -14.715  46.320 0.0000000000
53479  -15.331  -14.880  47.277 0.0000000000
51342  -14.450  -16.427  47.347 0.0000000000
61487  -30.052  -7.442  41.331 0.0000000000
62587  -30.623  -6.579  41.290 0.0000000000
58236  -32.284  -10.185  45.160 0.0000000000
59433  -32.555  -9.310  44.640 0.0000000000
60474  -31.841  -7.847  45.002 0.0000000000
62527  -32.918  -6.143  44.963 0.0000000000
61453  -31.431  -7.429  43.711 0.0000000000
62569  -31.644  -6.703  42.715 0.0000000000
63578  -31.844  -6.274  42.177 0.0000000000
62604  -31.793  -6.064  40.841 0.0000000000
61504  -33.300  -6.505  40.517 0.0000000000
61505  -34.491  -6.542  40.311 0.0000000000
61506  -35.539  -6.485  40.707 0.0000000000
62574  -36.263  -6.150  42.252 0.0000000000
62591  -36.498  -6.109  41.418 0.0000000000
54618  -24.869  -13.406  46.108 0.0000000000
54644  -24.185  -13.427  44.214 0.0000000000
54658  -23.424  -13.596  42.906 0.0000000000
57058  -24.882  -11.164  43.695 0.0000000000
57075  -23.949  -11.731  43.005 0.0000000000
54585  -20.276  -13.414  47.530 0.0000000000
54613  -19.389  -13.699  45.844 0.0000000000
53524  -21.970  -13.836  46.105 0.0000000000
53542  -20.616  -14.140  44.873 0.0000000000
53559  -19.273  -15.196  44.445 0.0000000000
52479  -18.445  -16.055  43.387 0.0000000000
77106  -43.544  6.422  28.618 0.0000000000
78166  -43.478  7.390  28.201 0.0000000000
79189  -44.011  8.905  27.177 0.0000000000
80195  -46.223  9.676  28.830 0.0000000000
80193  -44.735  9.420  27.572 0.0000000000
79197  -44.120  8.850  26.298 0.0000000000
80215  -44.704  9.447  25.796 0.0000000000
80238  -45.174  9.397  24.191 0.0000000000
80239  -46.305  9.727  24.011 0.0000000000
80240  -47.026  10.464  24.261 0.0000000000
82296  -47.651  11.643  24.784 0.0000000000
47429  -7.014  -20.356  51.197 0.0000000000
47428  -6.328  -20.253  51.649 0.0000000000
46461  -6.371  -21.242  51.185 0.0000000000
61561  -29.501  -7.662  37.291 0.0000000000
71695  -37.874  1.920  32.508 0.0000000000
69198  -34.054  0.083  35.665 0.0000000000
70414  -34.870  0.876  35.541 0.0000000000
71651  -35.743  1.408  34.791 0.0000000000
71637  -37.480  2.228  36.787 0.0000000000
71652  -36.406  1.930  35.151 0.0000000000
71666  -36.134  2.136  34.343 0.0000000000
71667  -37.034  2.341  34.228 0.0000000000
71680  -37.988  2.186  33.674 0.0000000000
72835  -38.796  2.356  33.021 0.0000000000
72821  -40.930  3.101  32.821 0.0000000000
74980  -41.564  4.541  32.928 0.0000000000
125295  -7.852  -17.479  54.008 0.0000000000
49453  -7.453  -18.749  51.879 0.0000000000
48483  -7.613  -19.902  50.490 0.0000000000
46478  -8.041  -21.264  49.804 0.0000000000
47426  -5.509  -20.184  52.806 0.0000000000
48440  -4.805  -19.744  53.360 0.0000000000
47404  -3.595  -20.245  54.093 0.0000000000
45470  -4.254  -23.213  53.199 0.0000000000
46444  -3.114  -21.878  53.857 0.0000000000
47399  -2.626  -20.489  55.286 0.0000000000
48426  -1.286  -20.246  55.283 0.0000000000
48430  -0.616  -20.022  54.595 0.0000000000
43306  -1.397  -25.133  53.764 0.0000000000
45465  -1.071  -23.172  53.399 0.0000000000
50386  -6.995  -17.896  53.736 0.0000000000
57045  -31.164  -11.060  43.897 0.0000000000
52436  -24.680  -15.617  46.210 0.0000000000
52460  -24.196  -15.446  45.606 0.0000000000
52435  -24.626  -15.288  45.995 0.0000000000
53485  -25.240  -14.694  47.736 0.0000000000
52395  -24.933  -15.456  47.281 0.0000000000
52413  -24.888  -15.517  46.591 0.0000000000
51361  -24.627  -15.843  46.313 0.0000000000
62601  -29.500  -6.888  40.222 0.0000000000
62614  -29.330  -6.960  39.472 0.0000000000
62626  -29.643  -6.861  39.282 0.0000000000
66817  -31.152  -2.302  35.064 0.0000000000
68025  -31.709  -1.631  34.594 0.0000000000
68006  -32.608  -1.218  34.807 0.0000000000
48512  -13.054  -19.124  47.145 0.0000000000
49509  -12.785  -18.296  47.464 0.0000000000
55726  -29.281  -12.036  51.150 0.0000000000
56942  -28.579  -11.955  49.868 0.0000000000
56929  -29.930  -11.714  50.986 0.0000000000
56968  -32.101  -11.281  48.197 0.0000000000
55707  -28.802  -12.808  51.716 0.0000000000
73967  -42.110  4.218  31.761 0.0000000000
72839  -41.520  3.010  31.769 0.0000000000
73953  -42.357  3.672  31.655 0.0000000000
72906  -45.921  4.791  31.370 0.0000000000
74006  -45.528  4.579  30.802 0.0000000000
75018  -46.926  5.610  31.395 0.0000000000
62619  -35.116  -6.284  38.987 0.0000000000
62631  -35.447  -5.544  38.754 0.0000000000
66746  -35.221  -2.597  39.095 0.0000000000
69144  -35.463  -0.273  38.846 0.0000000000
54596  -18.598  -13.224  46.456 0.0000000000
54611  -17.706  -14.040  45.387 0.0000000000
83255  -48.143  13.053  24.576 0.0000000000
82303  -48.128  12.147  23.600 0.0000000000
83258  -48.244  12.904  23.747 0.0000000000
50376  -3.718  -18.157  55.139 0.0000000000
50368  -3.142  -17.863  55.566 0.0000000000
60497  -31.662  -8.807  43.186 0.0000000000
60464  -33.556  -8.212  46.803 0.0000000000
61416  -34.001  -7.756  46.935 0.0000000000
63551  -34.319  -5.712  43.947 0.0000000000
63561  -34.847  -5.927  43.467 0.0000000000
63581  -34.628  -5.783  42.985 0.0000000000
62572  -34.923  -6.177  42.590 0.0000000000
51425  -20.449  -16.609  42.431 0.0000000000
51440  -20.920  -17.046  41.814 0.0000000000
58216  -27.313  -10.543  47.069 0.0000000000
55791  -26.367  -11.251  46.383 0.0000000000
56997  -26.726  -10.805  46.354 0.0000000000
52501  -21.401  -15.827  43.090 0.0000000000
79208  -43.907  8.189  25.210 0.0000000000
78155  -46.232  8.114  30.263 0.0000000000
82268  -47.677  11.224  28.379 0.0000000000
81269  -47.036  10.654  27.154 0.0000000000
80205  -47.119  10.416  26.549 0.0000000000
82283  -47.308  11.144  26.928 0.0000000000
81275  -47.417  10.756  26.457 0.0000000000
62637  -30.847  -5.590  37.102 0.0000000000
61563  -30.870  -6.998  36.654 0.0000000000
62646  -30.875  -6.054  36.461 0.0000000000
70464  -34.554  0.693  33.682 0.0000000000
70476  -34.359  0.357  32.932 0.0000000000
70465  -35.044  0.727  33.293 0.0000000000
70466  -35.486  0.856  33.115 0.0000000000
71677  -35.460  1.216  33.523 0.0000000000
71608  -36.743  1.657  38.139 0.0000000000
71621  -36.380  1.748  37.370 0.0000000000
71639  -40.715  1.868  36.004 0.0000000000
72807  -40.602  2.317  36.132 0.0000000000
73930  -40.431  3.374  36.089 0.0000000000
50429  -10.249  -18.351  49.559 0.0000000000
51316  -10.656  -17.795  50.578 0.0000000000
49493  -9.628  -18.729  49.846 0.0000000000
48498  -9.033  -19.533  49.241 0.0000000000
64617  -37.469  -4.602  39.767 0.0000000000
49433  -5.482  -18.540  53.953 0.0000000000
50378  -5.359  -17.559  54.690 0.0000000000
50377  -4.270  -17.867  54.764 0.0000000000
49432  -4.749  -18.608  54.409 0.0000000000
58264  -31.498  -10.294  43.610 0.0000000000
51408  -22.927  -16.512  43.954 0.0000000000
58218  -29.562  -10.731  46.194 0.0000000000
58262  -28.437  -10.817  43.190 0.0000000000
58275  -27.499  -10.798  42.331 0.0000000000
57078  -28.035  -11.149  42.150 0.0000000000
57101  -29.089  -11.304  41.039 0.0000000000
52378  -24.435  -15.516  48.449 0.0000000000
51322  -23.847  -15.673  48.621 0.0000000000
51321  -23.369  -15.804  48.983 0.0000000000
51333  -23.431  -15.653  48.294 0.0000000000
51346  -23.697  -15.827  47.525 0.0000000000
51372  -23.189  -15.901  45.933 0.0000000000
51387  -22.416  -15.923  44.309 0.0000000000
63644  -31.130  -5.503  35.788 0.0000000000
64656  -31.496  -4.738  34.919 0.0000000000
69240  -32.947  -0.758  34.157 0.0000000000
70463  -34.116  0.350  34.029 0.0000000000
73916  -40.750  3.571  37.521 0.0000000000
52373  -14.549  -15.712  48.298 0.0000000000
53462  -14.254  -14.948  48.796 0.0000000000
51318  -13.601  -16.100  49.113 0.0000000000
51317  -13.382  -16.149  49.465 0.0000000000
52370  -12.671  -16.645  50.386 0.0000000000
52371  -12.597  -16.678  49.809 0.0000000000
49508  -11.782  -18.299  47.899 0.0000000000
49507  -11.123  -18.320  48.549 0.0000000000
49501  -10.489  -18.540  48.843 0.0000000000
48509  -10.248  -19.649  48.134 0.0000000000
57001  -32.201  -10.887  45.760 0.0000000000
58202  -33.374  -9.785  48.080 0.0000000000
59414  -33.792  -9.143  47.750 0.0000000000
55739  -25.957  -13.119  49.107 0.0000000000
55756  -25.690  -13.031  48.544 0.0000000000
55757  -26.067  -12.502  49.036 0.0000000000
58188  -28.334  -11.300  49.248 0.0000000000
56964  -27.834  -11.586  48.825 0.0000000000
58197  -27.507  -11.360  48.412 0.0000000000
58206  -27.394  -10.844  47.896 0.0000000000
58198  -28.274  -10.903  48.552 0.0000000000
56945  -31.418  -11.263  50.570 0.0000000000
56944  -30.427  -11.298  50.361 0.0000000000
56966  -30.210  -10.703  48.490 0.0000000000
56965  -29.891  -10.787  48.188 0.0000000000
56981  -29.922  -10.900  47.937 0.0000000000
55741  -27.188  -12.820  49.926 0.0000000000
54557  -26.346  -13.464  49.186 0.0000000000
72854  -40.551  2.720  32.420 0.0000000000
71713  -42.527  1.994  31.840 0.0000000000
72868  -41.685  2.432  31.657 0.0000000000
72869  -42.751  2.887  31.505 0.0000000000
72885  -42.215  3.126  30.907 0.0000000000
72887  -44.514  3.441  31.016 0.0000000000
72886  -43.446  3.403  30.653 0.0000000000
72902  -43.927  3.653  29.968 0.0000000000
75016  -45.408  4.799  30.280 0.0000000000
75014  -44.369  4.733  29.267 0.0000000000
76056  -44.364  5.290  29.405 0.0000000000
76045  -46.142  6.176  30.635 0.0000000000
77078  -45.613  6.288  30.385 0.0000000000
77079  -46.400  6.879  30.519 0.0000000000
77080  -47.241  7.008  30.685 0.0000000000
78142  -47.394  7.652  31.233 0.0000000000
61553  -33.202  -6.201  38.006 0.0000000000
61552  -32.893  -6.366  37.967 0.0000000000
62639  -32.863  -5.960  37.825 0.0000000000
63617  -32.034  -5.705  37.574 0.0000000000
64630  -36.026  -4.185  38.523 0.0000000000
63632  -35.567  -4.617  38.273 0.0000000000
64628  -34.193  -3.942  38.461 0.0000000000
64637  -32.802  -4.161  37.360 0.0000000000
64636  -32.158  -4.380  36.774 0.0000000000
65687  -32.776  -3.405  37.353 0.0000000000
67969  -33.192  -1.830  37.365 0.0000000000
66783  -32.987  -2.637  37.280 0.0000000000
67968  -33.267  -2.035  37.106 0.0000000000
67967  -33.145  -2.008  36.285 0.0000000000
69154  -32.762  -1.637  36.772 0.0000000000
69155  -32.850  -1.098  37.146 0.0000000000
69157  -34.844  0.252  37.985 0.0000000000
70385  -38.355  1.113  39.904 0.0000000000
71593  -39.031  1.326  39.839 0.0000000000
71602  -39.636  1.738  39.397 0.0000000000
54568  -17.665  -12.971  48.315 0.0000000000
54581  -16.395  -13.967  47.117 0.0000000000
52432  -16.804  -15.873  45.120 0.0000000000
52409  -15.903  -15.771  46.073 0.0000000000
52408  -15.344  -15.594  46.576 0.0000000000
53480  -15.794  -14.422  47.064 0.0000000000
53497  -15.248  -15.092  46.770 0.0000000000
52390  -14.750  -15.499  47.083 0.0000000000
51343  -14.824  -16.084  46.779 0.0000000000
50374  -1.727  -17.800  54.837 0.0000000000
60494  -30.090  -7.815  41.899 0.0000000000
61467  -30.196  -7.332  41.832 0.0000000000
62586  -30.038  -6.963  40.954 0.0000000000
61488  -30.268  -6.963  41.689 0.0000000000
59427  -32.603  -9.306  45.720 0.0000000000
60475  -32.341  -8.490  45.231 0.0000000000
60479  -32.298  -8.616  44.333 0.0000000000
65627  -33.103  -4.263  44.446 0.0000000000
125546  -33.006  -5.604  44.899 0.0000000000
62539  -32.704  -6.013  44.300 0.0000000000
61447  -31.821  -7.086  44.535 0.0000000000
62547  -31.968  -6.619  43.906 0.0000000000
62548  -32.697  -5.980  43.432 0.0000000000
62570  -32.667  -6.253  42.438 0.0000000000
62589  -32.367  -6.192  41.602 0.0000000000
62588  -31.482  -6.291  41.680 0.0000000000
61503  -32.522  -6.186  40.908 0.0000000000
61490  -33.261  -6.263  41.407 0.0000000000
61492  -35.040  -6.511  41.224 0.0000000000
61491  -34.205  -5.790  41.041 0.0000000000
62553  -37.628  -6.170  43.728 0.0000000000
63563  -36.777  -5.591  43.182 0.0000000000
62607  -36.599  -5.964  40.878 0.0000000000
55774  -25.208  -12.682  47.652 0.0000000000
54601  -24.470  -14.057  46.242 0.0000000000
55825  -24.836  -12.332  44.921 0.0000000000
55806  -24.860  -12.774  45.514 0.0000000000
55824  -24.499  -12.955  44.577 0.0000000000
54643  -23.748  -13.450  43.735 0.0000000000
57056  -24.112  -12.756  43.623 0.0000000000
57041  -27.053  -10.621  44.627 0.0000000000
57040  -26.085  -10.801  44.431 0.0000000000
54598  -20.253  -13.665  46.807 0.0000000000
54597  -19.577  -13.336  46.490 0.0000000000
54614  -20.188  -13.696  46.137 0.0000000000
53525  -22.380  -14.293  46.496 0.0000000000
54616  -22.125  -14.105  46.730 0.0000000000
53541  -19.636  -14.549  44.487 0.0000000000
52454  -18.567  -15.448  44.036 0.0000000000
52480  -19.336  -15.765  43.374 0.0000000000
77091  -44.039  6.082  29.262 0.0000000000
78152  -43.741  7.961  28.928 0.0000000000
79165  -43.900  8.177  28.344 0.0000000000
79179  -43.738  8.080  27.605 0.0000000000
79180  -44.259  8.751  28.003 0.0000000000
79181  -46.536  9.487  29.317 0.0000000000
81262  -45.929  10.384  27.448 0.0000000000
80194  -45.531  9.802  28.035 0.0000000000
80203  -44.636  9.511  26.682 0.0000000000
80216  -45.194  10.083  26.154 0.0000000000
80227  -45.571  9.895  25.236 0.0000000000
81281  -47.775  10.724  25.763 0.0000000000
81280  -47.567  11.293  25.212 0.0000000000
82290  -48.106  11.854  25.477 0.0000000000
82289  -47.732  11.595  25.180 0.0000000000
46462  -7.127  -20.854  50.974 0.0000000000
46469  -6.871  -21.689  50.780 0.0000000000
61537  -31.116  -6.630  38.474 0.0000000000
61550  -30.073  -7.085  37.783 0.0000000000
72850  -36.398  1.559  32.869 0.0000000000
71710  -37.168  1.541  31.598 0.0000000000
69176  -33.885  -0.002  36.341 0.0000000000
69197  -33.300  -0.402  35.615 0.0000000000
71634  -34.880  1.024  35.839 0.0000000000
71635  -35.511  1.259  35.695 0.0000000000
70434  -35.148  0.861  35.026 0.0000000000
71638  -37.863  2.179  37.323 0.0000000000
72794  -38.378  2.544  37.035 0.0000000000
71668  -37.952  2.290  34.579 0.0000000000
72836  -39.701  2.620  33.353 0.0000000000
73938  -40.820  3.744  33.877 0.0000000000
72820  -40.536  3.134  33.654 0.0000000000
73951  -40.804  4.237  32.886 0.0000000000
74963  -41.268  4.354  33.604 0.0000000000
50405  -8.728  -18.466  51.143 0.0000000000
49442  -8.002  -18.373  52.283 0.0000000000
49465  -8.150  -18.826  51.113 0.0000000000
48461  -7.657  -19.289  51.132 0.0000000000
48472  -7.906  -19.367  50.681 0.0000000000
47448  -8.076  -20.409  49.437 0.0000000000
45508  -8.359  -22.016  49.446 0.0000000000
46460  -5.823  -20.778  51.746 0.0000000000
47427  -5.785  -20.377  52.348 0.0000000000
46453  -5.538  -21.458  52.268 0.0000000000
47409  -5.050  -21.005  53.295 0.0000000000
47408  -4.184  -20.673  53.538 0.0000000000
43343  -4.373  -25.045  53.037 0.0000000000
44422  -4.234  -24.013  52.774 0.0000000000
44398  -3.799  -24.494  53.284 0.0000000000
46443  -2.163  -22.830  54.633 0.0000000000
45467  -3.558  -23.068  53.944 0.0000000000
46441  -3.009  -21.652  55.107 0.0000000000
45464  -2.588  -21.560  55.379 0.0000000000
47398  -1.939  -20.590  55.392 0.0000000000
45458  -1.602  -21.916  55.818 0.0000000000
47401  -0.375  -21.479  55.056 0.0000000000
48431  -0.345  -19.225  54.064 0.0000000000
44395  -0.655  -24.090  53.539 0.0000000000
51389  -23.483  -15.824  45.339 0.0000000000
51409  -23.244  -16.233  44.376 0.0000000000
53546  -24.048  -14.567  45.237 0.0000000000
57019  -30.157  -10.864  45.608 0.0000000000
57060  -29.051  -11.045  43.062 0.0000000000
57080  -29.788  -11.686  42.250 0.0000000000
53450  -26.258  -14.526  49.454 0.0000000000
52379  -24.947  -15.089  48.130 0.0000000000
52394  -24.459  -15.521  47.777 0.0000000000
51347  -24.302  -16.092  47.223 0.0000000000
51360  -24.352  -16.112  46.437 0.0000000000
51373  -23.951  -16.040  45.998 0.0000000000
76084  -42.853  5.933  27.199 0.0000000000
60533  -28.966  -8.610  39.507 0.0000000000
69222  -33.457  -0.431  34.733 0.0000000000
50432  -13.633  -16.757  47.989 0.0000000000
50431  -13.127  -16.843  48.334 0.0000000000
51340  -12.217  -16.998  49.160 0.0000000000
47476  -11.480  -20.201  47.341 0.0000000000
56950  -27.200  -12.402  49.298 0.0000000000
55742  -28.080  -12.450  50.090 0.0000000000
58181  -28.588  -11.196  49.783 0.0000000000
56967  -31.172  -11.150  48.289 0.0000000000
55724  -27.866  -12.766  50.806 0.0000000000
72838  -41.219  2.309  32.550 0.0000000000
72855  -41.375  2.151  32.437 0.0000000000
71681  -41.967  1.764  32.414 0.0000000000
71683  -42.258  2.589  32.068 0.0000000000
71698  -42.629  2.408  32.015 0.0000000000
72872  -45.722  4.501  32.138 0.0000000000
72871  -44.538  3.633  31.609 0.0000000000
72904  -45.073  3.973  30.790 0.0000000000
76058  -45.815  5.557  30.543 0.0000000000
62618  -34.165  -6.242  38.772 0.0000000000
62629  -33.725  -5.691  38.271 0.0000000000
66766  -36.606  -3.141  38.217 0.0000000000
64629  -35.263  -4.059  38.592 0.0000000000
65665  -35.244  -3.362  39.000 0.0000000000
65664  -34.319  -3.199  38.976 0.0000000000
65675  -33.745  -3.275  38.508 0.0000000000
66763  -33.171  -2.822  37.879 0.0000000000
66764  -33.630  -2.568  38.197 0.0000000000
55753  -19.047  -12.367  47.602 0.0000000000
55770  -19.067  -12.563  46.937 0.0000000000
51370  -16.241  -16.735  45.167 0.0000000000
81290  -47.314  10.614  22.692 0.0000000000
82305  -47.798  11.657  23.322 0.0000000000
50367  -2.249  -17.961  55.314 0.0000000000
58277  -31.290  -9.886  42.723 0.0000000000
59456  -31.172  -9.507  42.073 0.0000000000
60511  -30.754  -9.045  41.944 0.0000000000
60495  -30.569  -8.243  42.349 0.0000000000
61428  -32.971  -7.433  45.991 0.0000000000
62540  -33.927  -5.866  44.436 0.0000000000
62541  -34.833  -6.173  44.587 0.0000000000
64590  -33.386  -4.877  44.249 0.0000000000
63559  -33.035  -5.028  43.601 0.0000000000
62571  -33.770  -6.112  42.322 0.0000000000
61470  -33.955  -6.069  41.582 0.0000000000
51443  -23.503  -16.377  41.925 0.0000000000
56995  -25.368  -11.526  46.946 0.0000000000
55789  -24.876  -12.357  46.557 0.0000000000
55790  -25.902  -11.603  46.387 0.0000000000
57039  -25.136  -11.737  44.600 0.0000000000
58274  -26.423  -10.552  42.755 0.0000000000
57059  -25.765  -10.621  43.326 0.0000000000
53482  -21.793  -13.849  47.439 0.0000000000
52457  -21.785  -14.826  44.611 0.0000000000
51405  -19.283  -16.377  42.841 0.0000000000
51406  -19.865  -16.060  42.923 0.0000000000
50488  -19.895  -17.529  42.175 0.0000000000
81267  -45.984  10.567  26.919 0.0000000000
81273  -45.756  10.468  26.374 0.0000000000
81274  -46.460  10.528  26.454 0.0000000000
80217  -46.931  10.363  25.931 0.0000000000
80229  -47.271  10.630  25.363 0.0000000000
80218  -47.605  10.230  26.122 0.0000000000
81276  -47.922  10.708  26.079 0.0000000000
44508  -7.401  -22.839  49.910 0.0000000000
45495  -7.148  -22.228  50.514 0.0000000000
71692  -35.509  0.843  32.362 0.0000000000
71693  -36.004  1.301  32.551 0.0000000000
72851  -36.498  1.763  33.014 0.0000000000
70398  -35.304  1.266  37.736 0.0000000000
73924  -40.031  3.066  37.045 0.0000000000
72795  -39.729  3.072  36.770 0.0000000000
72805  -38.783  2.811  35.763 0.0000000000
71654  -38.264  2.473  35.058 0.0000000000
51327  -10.945  -17.677  50.018 0.0000000000
125266  -11.181  -17.587  50.734 0.0000000000
125265  -10.380  -17.579  51.302 0.0000000000
49481  -8.777  -18.840  50.641 0.0000000000
48473  -8.342  -19.234  50.424 0.0000000000
48485  -8.618  -19.289  49.951 0.0000000000
48497  -8.355  -19.745  49.417 0.0000000000
46479  -8.606  -21.278  48.902 0.0000000000
45473  -5.445  -22.593  52.028 0.0000000000
46452  -5.083  -22.162  52.655 0.0000000000
45472  -4.606  -22.905  53.028 0.0000000000
46439  -0.881  -22.361  55.283 0.0000000000
47406  -1.180  -22.329  54.533 0.0000000000
59397  -32.649  -10.531  50.636 0.0000000000
74983  -43.954  4.436  32.776 0.0000000000
73968  -43.023  4.141  32.116 0.0000000000
73969  -44.441  4.290  32.473 0.0000000000
125761  -46.338  4.193  32.985 0.0000000000
73993  -46.998  4.740  32.205 0.0000000000
74008  -47.517  5.165  31.559 0.0000000000
63612  -37.061  -5.340  39.671 0.0000000000
62621  -35.937  -5.450  39.134 0.0000000000
63622  -36.535  -5.051  39.278 0.0000000000
64623  -36.596  -4.496  38.986 0.0000000000
65678  -36.868  -3.836  38.378 0.0000000000
66767  -37.035  -3.501  38.231 0.0000000000
67939  -37.282  -2.574  38.745 0.0000000000
67923  -36.100  -1.315  39.543 0.0000000000
53539  -18.016  -15.195  44.585 0.0000000000
53522  -18.042  -14.368  45.213 0.0000000000
59447  -31.797  -9.264  43.087 0.0000000000
60486  -31.941  -8.727  43.636 0.0000000000
62551  -35.693  -6.246  43.443 0.0000000000
51426  -21.698  -16.257  42.541 0.0000000000
51428  -23.266  -16.316  43.459 0.0000000000
52502  -23.523  -15.683  42.957 0.0000000000
52503  -23.722  -15.216  42.600 0.0000000000
58217  -28.429  -10.552  46.684 0.0000000000
57018  -27.613  -10.738  44.886 0.0000000000
58249  -27.271  -10.319  44.193 0.0000000000
52376  -22.588  -14.626  48.195 0.0000000000
52392  -23.130  -14.753  47.534 0.0000000000
52410  -23.016  -14.812  46.694 0.0000000000
52434  -22.594  -14.921  45.936 0.0000000000
74020  -42.621  2.918  28.776 0.0000000000
79169  -46.854  9.244  30.152 0.0000000000
80182  -47.008  10.074  29.867 0.0000000000
82279  -48.055  11.592  27.688 0.0000000000
64635  -31.748  -4.827  36.741 0.0000000000
71624  -38.689  2.025  38.279 0.0000000000
71623  -38.209  2.123  37.867 0.0000000000
72784  -39.116  2.598  37.901 0.0000000000
73917  -41.308  3.701  37.132 0.0000000000
52372  -13.921  -15.672  48.864 0.0000000000
53442  -14.119  -14.899  49.717 0.0000000000
125293  -12.200  -17.123  50.132 0.0000000000
51339  -11.790  -17.386  50.028 0.0000000000
50430  -10.751  -17.944  49.436 0.0000000000
49500  -9.936  -18.765  49.358 0.0000000000
48499  -9.722  -19.484  48.745 0.0000000000
42281  -2.098  -25.263  54.120 0.0000000000
57021  -31.378  -10.856  45.070 0.0000000000
58221  -33.257  -9.613  46.651 0.0000000000
59404  -34.175  -9.615  49.436 0.0000000000
53505  -25.298  -14.828  46.939 0.0000000000
53504  -24.840  -14.717  46.376 0.0000000000
56963  -26.986  -12.050  48.692 0.0000000000
56962  -26.213  -12.168  48.533 0.0000000000
56979  -26.072  -11.777  47.831 0.0000000000
58205  -26.621  -10.966  47.711 0.0000000000
58215  -26.856  -10.710  47.451 0.0000000000
56952  -29.426  -10.782  49.778 0.0000000000
58199  -29.434  -10.584  48.332 0.0000000000
58219  -30.197  -10.829  46.376 0.0000000000
57020  -30.755  -11.098  45.333 0.0000000000
54573  -26.549  -14.116  48.932 0.0000000000
54572  -26.068  -13.700  48.645 0.0000000000
73954  -43.372  3.713  32.190 0.0000000000
78140  -46.122  7.498  30.357 0.0000000000
75019  -47.973  5.666  31.430 0.0000000000
76060  -47.428  6.171  31.335 0.0000000000
76047  -47.361  6.627  31.052 0.0000000000
62616  -30.941  -6.541  40.075 0.0000000000
61520  -30.190  -6.778  39.281 0.0000000000
62627  -31.520  -5.772  37.749 0.0000000000
63627  -31.492  -5.675  37.249 0.0000000000
63636  -31.318  -5.435  37.104 0.0000000000
63620  -35.375  -5.190  38.035 0.0000000000
63619  -34.578  -5.237  37.943 0.0000000000
63630  -34.017  -4.824  38.147 0.0000000000
63618  -33.846  -5.239  38.140 0.0000000000
63629  -33.123  -5.229  37.665 0.0000000000
63638  -32.249  -5.106  37.027 0.0000000000
64644  -32.179  -3.931  36.045 0.0000000000
66799  -31.968  -2.974  36.172 0.0000000000
66781  -32.353  -2.108  36.122 0.0000000000
67983  -32.548  -1.963  35.906 0.0000000000
67984  -32.189  -1.204  35.844 0.0000000000
67985  -32.881  -0.956  35.411 0.0000000000
69175  -32.887  -0.468  36.577 0.0000000000
69133  -36.886  -0.275  39.867 0.0000000000
70383  -36.748  0.503  39.503 0.0000000000
70375  -37.981  0.533  40.238 0.0000000000
70384  -37.532  0.744  39.867 0.0000000000
70392  -37.429  1.293  39.226 0.0000000000
71610  -38.295  1.638  38.722 0.0000000000
71611  -39.101  1.866  38.688 0.0000000000
72759  -39.911  2.141  39.325 0.0000000000
53499  -16.657  -14.118  45.841 0.0000000000
54594  -16.520  -14.021  46.265 0.0000000000
54580  -15.718  -14.417  47.616 0.0000000000
52389  -14.620  -15.888  47.683 0.0000000000
51355  -14.767  -16.729  46.776 0.0000000000
50440  -14.534  -17.093  47.076 0.0000000000
84219  -48.667  13.258  23.328 0.0000000000
83261  -48.647  12.746  23.137 0.0000000000
60509  -29.979  -8.161  41.117 0.0000000000
60521  -29.477  -8.651  40.264 0.0000000000
61502  -29.641  -7.570  40.587 0.0000000000
62602  -30.347  -6.658  40.502 0.0000000000
58235  -31.764  -10.515  45.047 0.0000000000
60478  -31.461  -8.101  44.316 0.0000000000
61442  -32.035  -7.279  44.952 0.0000000000
62568  -30.775  -6.652  42.043 0.0000000000
62603  -31.078  -6.304  40.791 0.0000000000
62617  -31.478  -6.335  40.388 0.0000000000
62605  -35.220  -6.283  39.891 0.0000000000
62606  -36.037  -5.985  40.317 0.0000000000
62573  -35.845  -6.323  42.550 0.0000000000
61473  -35.889  -6.504  42.031 0.0000000000
61507  -36.277  -6.498  40.921 0.0000000000
63604  -36.793  -5.586  40.283 0.0000000000
54617  -24.342  -13.769  45.580 0.0000000000
55805  -24.459  -13.334  45.086 0.0000000000
54631  -24.134  -13.752  44.750 0.0000000000
54630  -23.734  -13.734  44.322 0.0000000000
53574  -22.719  -14.170  42.979 0.0000000000
53577  -23.894  -14.607  42.375 0.0000000000
57057  -24.511  -12.341  43.865 0.0000000000
55853  -23.707  -12.732  42.758 0.0000000000
55772  -20.099  -12.731  47.977 0.0000000000
55787  -19.455  -12.866  46.828 0.0000000000
53483  -22.211  -14.036  47.423 0.0000000000
53501  -21.648  -13.999  46.847 0.0000000000
53500  -20.954  -13.852  46.484 0.0000000000
53543  -21.585  -14.094  45.287 0.0000000000
53523  -20.920  -13.832  45.713 0.0000000000
54628  -20.113  -13.811  45.485 0.0000000000
54627  -19.411  -14.070  44.981 0.0000000000
53540  -18.658  -14.677  44.655 0.0000000000
77118  -42.904  6.499  27.706 0.0000000000
78167  -43.782  7.278  28.952 0.0000000000
78175  -43.098  7.259  27.165 0.0000000000
79188  -43.688  8.087  26.740 0.0000000000
79168  -46.166  8.963  29.778 0.0000000000
80181  -45.703  9.229  29.322 0.0000000000
80180  -45.251  9.346  28.930 0.0000000000
80179  -44.790  9.270  28.347 0.0000000000
79209  -44.294  8.735  25.486 0.0000000000
80237  -44.528  9.128  24.256 0.0000000000
81278  -45.617  10.353  25.869 0.0000000000
81284  -47.276  11.183  24.465 0.0000000000
82297  -47.885  12.247  24.365 0.0000000000
83251  -48.638  13.222  25.412 0.0000000000
48452  -6.804  -19.099  52.063 0.0000000000
48459  -6.403  -19.514  52.266 0.0000000000
46454  -5.942  -21.775  51.645 0.0000000000
45484  -6.766  -22.521  50.885 0.0000000000
44453  -6.719  -22.963  51.084 0.0000000000
45483  -6.203  -22.363  51.352 0.0000000000
61536  -29.894  -6.892  38.860 0.0000000000
61549  -29.122  -7.479  38.026 0.0000000000
61571  -31.085  -7.259  35.858 0.0000000000
70432  -33.801  0.034  35.173 0.0000000000
70413  -34.562  0.552  35.982 0.0000000000
70433  -34.383  0.533  35.222 0.0000000000
70452  -35.228  1.155  34.450 0.0000000000
72793  -37.965  2.397  36.732 0.0000000000
71665  -35.592  1.634  34.050 0.0000000000
72816  -36.040  2.102  33.711 0.0000000000
72817  -36.449  2.272  33.917 0.0000000000
71679  -37.261  2.200  33.242 0.0000000000
73966  -41.497  4.381  32.303 0.0000000000
74993  -41.967  4.535  32.390 0.0000000000
74940  -41.706  3.996  35.937 0.0000000000
49441  -7.323  -18.515  52.833 0.0000000000
125298  -7.979  -17.856  52.929 0.0000000000
48460  -7.057  -19.459  51.514 0.0000000000
48471  -7.480  -19.804  50.981 0.0000000000
47438  -7.459  -20.460  50.785 0.0000000000
47447  -7.726  -20.477  50.187 0.0000000000
45507  -7.731  -22.129  49.894 0.0000000000
47461  -9.267  -20.215  48.533 0.0000000000
46487  -8.964  -20.747  48.628 0.0000000000
49451  -6.314  -19.351  52.887 0.0000000000
48450  -5.864  -19.492  53.098 0.0000000000
48441  -5.489  -19.279  53.495 0.0000000000
47418  -5.478  -20.825  52.963 0.0000000000
47417  -5.055  -20.393  53.093 0.0000000000
48433  -4.191  -19.502  53.970 0.0000000000
48432  -3.513  -19.602  54.571 0.0000000000
45468  -3.919  -22.371  53.467 0.0000000000
47407  -3.472  -21.020  54.262 0.0000000000
47403  -3.264  -20.582  54.913 0.0000000000
48428  -2.944  -19.724  55.071 0.0000000000
48427  -2.191  -19.825  55.272 0.0000000000
49426  -1.729  -19.045  54.929 0.0000000000
47400  -0.521  -21.394  55.723 0.0000000000
48429  -0.605  -20.761  55.334 0.0000000000
49429  -0.976  -18.904  54.120 0.0000000000
42259  -1.919  -25.821  54.356 0.0000000000
43307  -1.634  -25.350  53.898 0.0000000000
43324  -1.489  -24.880  53.848 0.0000000000
44420  -4.014  -23.329  53.443 0.0000000000
44421  -3.948  -23.564  53.312 0.0000000000
44448  -4.084  -23.366  53.221 0.0000000000
44449  -4.280  -23.380  53.044 0.0000000000
44450  -4.747  -23.027  53.043 0.0000000000
45455  -1.095  -21.986  56.202 0.0000000000
45456  -1.313  -21.764  56.133 0.0000000000
45457  -0.946  -22.453  56.103 0.0000000000
45459  -2.190  -21.493  55.438 0.0000000000
45460  -2.509  -21.312  55.434 0.0000000000
45461  -0.858  -22.487  55.700 0.0000000000
45462  -1.380  -22.333  55.564 0.0000000000
45463  -2.132  -21.923  55.362 0.0000000000
45471  -4.272  -23.177  53.384 0.0000000000
45479  -4.444  -23.209  53.066 0.0000000000
45480  -4.559  -23.087  53.258 0.0000000000
45481  -5.049  -22.967  53.164 0.0000000000
45494  -6.602  -21.994  50.853 0.0000000000
46432  -1.060  -21.555  56.244 0.0000000000
46433  -1.469  -21.375  56.030 0.0000000000
46434  -0.725  -21.855  56.114 0.0000000000
46435  -1.839  -21.207  55.546 0.0000000000
46436  -2.345  -21.038  55.419 0.0000000000
46437  -2.849  -21.130  55.420 0.0000000000
46438  -0.551  -22.123  55.694 0.0000000000
47394  -0.989  -21.312  56.252 0.0000000000
47395  -1.160  -21.161  56.153 0.0000000000
47396  -0.808  -21.213  56.115 0.0000000000
47397  -1.319  -20.846  55.801 0.0000000000
48425  -0.801  -20.823  55.738 0.0000000000
48449  -5.349  -19.798  53.033 0.0000000000
48451  -6.669  -19.215  52.306 0.0000000000
48457  -5.646  -19.820  52.884 0.0000000000
48458  -5.988  -19.771  52.762 0.0000000000
49454  -8.234  -18.471  51.670 0.0000000000
49462  -6.302  -19.521  52.686 0.0000000000
49463  -6.473  -19.350  52.628 0.0000000000
49464  -7.579  -19.030  51.375 0.0000000000
49480  -8.332  -19.061  50.735 0.0000000000
51341  -13.970  -16.607  47.829 0.0000000000
51374  -24.470  -15.839  45.993 0.0000000000
51375  -24.630  -15.760  46.112 0.0000000000
52354  -13.575  -15.648  49.506 0.0000000000
52374  -15.075  -15.519  47.798 0.0000000000
52377  -22.664  -14.492  47.651 0.0000000000
52391  -23.076  -14.977  48.280 0.0000000000
52393  -22.728  -14.482  47.293 0.0000000000
52431  -16.244  -16.011  45.563 0.0000000000
53449  -25.953  -14.826  49.032 0.0000000000
53459  -12.328  -17.009  50.457 0.0000000000
53466  -22.380  -14.139  47.857 0.0000000000
53467  -22.513  -14.357  47.458 0.0000000000
53469  -26.205  -14.506  48.945 0.0000000000
53484  -22.395  -14.282  47.252 0.0000000000
53502  -22.295  -14.301  46.964 0.0000000000
53503  -22.548  -14.393  47.002 0.0000000000
53544  -23.049  -13.958  44.358 0.0000000000
53558  -18.955  -15.045  44.540 0.0000000000
53560  -22.547  -14.069  43.352 0.0000000000
53561  -22.622  -13.992  43.805 0.0000000000
53575  -22.920  -14.101  43.108 0.0000000000
53576  -23.275  -14.513  43.096 0.0000000000
54566  -15.856  -13.978  48.224 0.0000000000
54584  -19.833  -13.250  46.990 0.0000000000
54599  -21.929  -13.929  46.660 0.0000000000
54600  -21.962  -14.067  46.896 0.0000000000
54615  -22.086  -13.908  46.459 0.0000000000
54626  -18.991  -14.194  44.880 0.0000000000
54629  -23.241  -13.732  43.981 0.0000000000
54639  -19.049  -14.044  44.701 0.0000000000
54640  -19.197  -14.549  44.734 0.0000000000
54641  -22.371  -14.041  43.086 0.0000000000
54642  -22.932  -13.746  43.414 0.0000000000
54656  -22.762  -13.957  42.877 0.0000000000
54657  -23.051  -13.877  43.071 0.0000000000
55706  -28.313  -12.818  51.258 0.0000000000
55754  -19.519  -12.354  48.095 0.0000000000
55758  -26.697  -12.567  49.307 0.0000000000
55773  -24.804  -12.362  47.152 0.0000000000
55788  -24.737  -12.215  46.816 0.0000000000
55808  -26.391  -11.499  45.969 0.0000000000
55822  -19.082  -13.949  44.828 0.0000000000
55823  -19.055  -14.062  44.702 0.0000000000
55834  -19.126  -14.232  44.593 0.0000000000
55835  -19.278  -14.156  44.772 0.0000000000
55836  -22.372  -13.852  42.868 0.0000000000
55837  -22.605  -13.734  43.160 0.0000000000
55838  -23.783  -12.989  43.416 0.0000000000
55839  -24.230  -13.074  43.896 0.0000000000
55851  -22.720  -13.716  42.916 0.0000000000
55852  -22.865  -13.748  43.149 0.0000000000
56977  -24.670  -12.075  47.056 0.0000000000
56994  -24.800  -11.829  46.819 0.0000000000
56998  -30.192  -10.878  46.131 0.0000000000
57015  -25.143  -11.938  45.327 0.0000000000
57042  -27.547  -10.534  44.523 0.0000000000
57074  -23.825  -12.442  43.345 0.0000000000
57077  -25.779  -10.672  42.760 0.0000000000
58180  -28.383  -11.686  49.530 0.0000000000
58183  -32.267  -10.681  50.389 0.0000000000
58190  -29.720  -10.357  48.875 0.0000000000
58248  -26.762  -10.435  44.279 0.0000000000
58263  -29.171  -10.810  43.362 0.0000000000
58278  -31.640  -9.583  43.087 0.0000000000
59398  -32.823  -10.530  50.475 0.0000000000
60523  -30.343  -9.163  41.559 0.0000000000
61448  -32.235  -6.923  44.769 0.0000000000
61489  -32.697  -6.255  41.289 0.0000000000
61548  -28.459  -7.696  38.296 0.0000000000
62528  -33.484  -5.975  44.668 0.0000000000
62538  -32.113  -6.590  44.299 0.0000000000
62625  -29.432  -6.974  39.131 0.0000000000
62632  -35.753  -5.464  38.960 0.0000000000
62645  -30.927  -5.448  36.858 0.0000000000
63553  -35.498  -6.172  43.882 0.0000000000
63562  -35.298  -6.114  43.696 0.0000000000
63579  -32.066  -6.313  42.385 0.0000000000
63592  -31.938  -6.115  41.920 0.0000000000
63593  -32.159  -6.201  42.097 0.0000000000
63603  -36.259  -5.643  40.049 0.0000000000
63610  -35.924  -5.696  39.961 0.0000000000
63611  -36.295  -5.470  39.535 0.0000000000
63616  -31.851  -5.734  37.377 0.0000000000
63623  -36.914  -4.879  39.523 0.0000000000
63626  -31.232  -5.580  37.345 0.0000000000
64575  -32.310  -4.721  44.166 0.0000000000
64576  -33.324  -4.450  44.615 0.0000000000
64589  -32.706  -4.435  44.109 0.0000000000
64620  -34.386  -3.606  38.738 0.0000000000
64622  -36.278  -4.430  38.697 0.0000000000
64624  -37.077  -4.287  39.430 0.0000000000
65609  -33.306  -4.795  44.388 0.0000000000
65626  -32.648  -4.525  44.514 0.0000000000
65628  -33.291  -4.283  44.456 0.0000000000
65666  -36.588  -4.089  38.570 0.0000000000
65667  -37.195  -3.873  38.681 0.0000000000
65676  -35.986  -3.559  38.591 0.0000000000
65696  -32.053  -3.493  36.074 0.0000000000
66748  -37.387  -2.910  38.612 0.0000000000
66765  -35.926  -3.010  38.657 0.0000000000
67952  -33.134  -1.978  36.588 0.0000000000
67953  -33.000  -1.836  37.029 0.0000000000
67966  -32.823  -2.174  36.011 0.0000000000
68007  -33.219  -0.878  35.017 0.0000000000
70415  -40.557  1.133  35.693 0.0000000000
70416  -40.731  0.917  35.791 0.0000000000
70417  -41.085  0.822  35.965 0.0000000000
70435  -40.779  1.219  35.618 0.0000000000
70436  -40.982  0.990  35.572 0.0000000000
70437  -41.367  0.930  35.828 0.0000000000
70478  -35.623  0.929  32.780 0.0000000000
71619  -34.857  1.138  36.251 0.0000000000
71640  -40.964  1.099  36.443 0.0000000000
71641  -41.358  1.064  36.209 0.0000000000
71655  -40.776  1.764  35.679 0.0000000000
71656  -41.220  1.374  35.776 0.0000000000
71657  -41.494  1.151  36.011 0.0000000000
71676  -35.021  0.954  33.644 0.0000000000
71678  -35.770  1.245  33.085 0.0000000000
71682  -41.844  1.993  32.063 0.0000000000
71696  -41.748  1.767  32.486 0.0000000000
71697  -42.206  1.818  32.230 0.0000000000
72796  -40.718  2.211  36.441 0.0000000000
72797  -41.222  1.383  36.426 0.0000000000
72808  -41.320  1.517  36.231 0.0000000000
72815  -35.774  1.694  33.545 0.0000000000
72832  -35.773  1.500  33.321 0.0000000000
72834  -36.574  2.170  33.366 0.0000000000
72889  -45.934  4.762  31.656 0.0000000000
73929  -40.184  3.366  35.915 0.0000000000
73939  -40.851  3.637  32.731 0.0000000000
73950  -40.883  4.407  32.960 0.0000000000
73952  -41.344  3.792  32.027 0.0000000000
73965  -41.049  4.429  32.841 0.0000000000
73978  -42.088  4.473  31.979 0.0000000000
73979  -42.507  4.350  31.954 0.0000000000
74962  -40.862  4.358  33.131 0.0000000000
74979  -41.067  4.462  33.061 0.0000000000
74981  -42.309  4.451  32.854 0.0000000000
74994  -42.417  4.445  32.252 0.0000000000
74995  -42.663  4.379  32.170 0.0000000000
76061  -48.385  5.988  31.465 0.0000000000
77094  -47.468  6.488  31.481 0.0000000000
78194  -43.400  8.096  25.260 0.0000000000
79207  -43.598  8.206  24.907 0.0000000000
80219  -48.078  10.174  25.982 0.0000000000
80226  -44.906  9.099  25.005 0.0000000000
81292  -47.828  11.431  22.869 0.0000000000
125287  -12.068  -17.265  50.081 0.0000000000
125294  -12.140  -17.129  49.885 0.0000000000
125548  -33.455  -4.579  44.559 0.0000000000
125549  -33.569  -4.637  44.739 0.0000000000
