#!ascii label  , from subject 3188 vox2ras=TkReg
1780
58158  -34.877  -10.208  53.881 0.0000000000
77033  -48.440  5.997  35.335 0.0000000000
66712  -39.321  -2.280  42.471 0.0000000000
48517  -6.874  -19.269  47.709 0.0000000000
54505  -20.781  -13.216  52.630 0.0000000000
57036  -4.376  -11.614  44.907 0.0000000000
58175  -8.070  -10.327  50.874 0.0000000000
74885  -43.359  4.535  40.626 0.0000000000
60503  -3.263  -8.307  41.660 0.0000000000
49438  -0.512  -18.677  53.492 0.0000000000
61417  -34.637  -7.551  47.377 0.0000000000
55708  -29.907  -12.389  51.754 0.0000000000
52300  -28.321  -14.963  53.817 0.0000000000
79121  -49.695  8.454  33.837 0.0000000000
71582  -41.436  1.669  41.752 0.0000000000
54550  -16.117  -13.640  49.260 0.0000000000
62489  -1.795  -6.315  46.976 0.0000000000
52388  -4.546  -15.503  47.343 0.0000000000
53572  -5.822  -15.076  42.881 0.0000000000
47552  -8.091  -19.962  42.675 0.0000000000
53327  -7.260  -14.287  57.479 0.0000000000
55584  -3.645  -12.876  57.853 0.0000000000
66673  -36.097  -2.783  45.193 0.0000000000
52250  -25.417  -16.063  56.409 0.0000000000
51331  -22.506  -15.805  48.848 0.0000000000
56991  -7.755  -11.856  47.007 0.0000000000
54531  -3.817  -14.185  50.347 0.0000000000
77013  -45.845  6.641  37.704 0.0000000000
53356  -10.319  -15.340  55.607 0.0000000000
52293  -13.073  -14.626  52.875 0.0000000000
58243  -1.502  -10.794  43.989 0.0000000000
53603  -4.274  -13.698  40.065 0.0000000000
58150  -9.214  -11.050  53.666 0.0000000000
56902  -2.703  -12.032  53.494 0.0000000000
49476  -3.341  -18.401  49.908 0.0000000000
60390  -36.603  -8.567  53.532 0.0000000000
58173  -33.829  -9.994  51.380 0.0000000000
59400  -35.645  -9.049  50.467 0.0000000000
56919  -32.425  -11.334  52.993 0.0000000000
56945  -31.418  -11.263  50.570 0.0000000000
55657  -32.102  -12.554  54.995 0.0000000000
77042  -49.432  6.478  34.539 0.0000000000
75999  -45.873  5.524  34.009 0.0000000000
73956  -48.328  3.534  33.522 0.0000000000
76048  -49.637  5.833  30.883 0.0000000000
70363  -40.144  -0.056  42.355 0.0000000000
65650  -36.502  -3.397  41.283 0.0000000000
67914  -36.785  -1.586  40.533 0.0000000000
69122  -37.875  -0.157  40.617 0.0000000000
125257  -7.963  -16.334  47.157 0.0000000000
50454  -8.636  -17.167  45.129 0.0000000000
48540  -8.086  -19.589  45.313 0.0000000000
45621  -5.745  -23.008  43.594 0.0000000000
46514  -5.522  -21.849  46.002 0.0000000000
125324  -6.286  -15.645  55.389 0.0000000000
51276  -4.576  -16.343  56.228 0.0000000000
65597  -37.337  -4.417  46.822 0.0000000000
62486  -37.642  -6.657  47.354 0.0000000000
62530  -35.569  -6.366  45.465 0.0000000000
62532  -38.049  -7.085  44.780 0.0000000000
63564  -37.608  -5.890  43.755 0.0000000000
52226  -28.989  -15.839  58.390 0.0000000000
53432  -26.419  -14.445  50.381 0.0000000000
52328  -25.270  -15.621  51.254 0.0000000000
80168  -48.013  10.040  31.180 0.0000000000
82254  -48.936  11.965  30.093 0.0000000000
56961  -8.021  -11.363  49.125 0.0000000000
55750  -4.985  -11.979  48.584 0.0000000000
55715  -5.406  -11.864  50.160 0.0000000000
76999  -44.458  6.280  38.989 0.0000000000
73882  -41.132  3.210  39.161 0.0000000000
74913  -42.101  4.232  38.203 0.0000000000
75976  -43.109  5.705  36.861 0.0000000000
54420  -10.897  -12.884  58.715 0.0000000000
55606  -12.553  -12.622  56.671 0.0000000000
60468  -5.598  -8.603  45.414 0.0000000000
60466  -3.250  -8.677  45.364 0.0000000000
57034  -2.378  -11.847  44.759 0.0000000000
50504  -6.204  -17.505  40.351 0.0000000000
53588  -5.254  -14.638  41.751 0.0000000000
51463  -4.152  -16.626  38.898 0.0000000000
58099  -8.993  -10.845  56.675 0.0000000000
52255  -1.663  -14.857  55.894 0.0000000000
56844  -2.531  -11.743  55.802 0.0000000000
53380  -1.606  -14.797  54.043 0.0000000000
125290  -3.208  -15.182  52.747 0.0000000000
50400  -1.303  -18.331  51.459 0.0000000000
61395  -36.578  -7.882  49.497 0.0000000000
53336  -30.318  -15.057  57.463 0.0000000000
53365  -30.949  -14.217  55.682 0.0000000000
54509  -28.737  -13.592  52.433 0.0000000000
80138  -50.312  10.732  33.267 0.0000000000
79156  -47.975  7.689  32.234 0.0000000000
72749  -42.186  2.817  41.022 0.0000000000
71603  -40.067  1.764  39.865 0.0000000000
55755  -19.870  -12.680  48.390 0.0000000000
55737  -18.512  -12.302  50.308 0.0000000000
61452  -2.457  -7.593  43.303 0.0000000000
54593  -2.587  -13.861  46.501 0.0000000000
53515  -2.486  -14.607  45.082 0.0000000000
52449  -4.979  -15.576  44.686 0.0000000000
50485  -8.341  -17.326  42.072 0.0000000000
48571  -5.611  -19.534  40.700 0.0000000000
55525  -7.399  -11.807  60.769 0.0000000000
56827  -6.605  -12.080  58.120 0.0000000000
54414  -5.568  -13.328  58.117 0.0000000000
51274  -3.163  -16.088  55.826 0.0000000000
67892  -36.951  -1.841  43.549 0.0000000000
64602  -36.372  -4.481  42.698 0.0000000000
52276  -22.841  -14.974  54.156 0.0000000000
52265  -27.158  -15.860  55.617 0.0000000000
52313  -24.200  -15.264  52.609 0.0000000000
53429  -21.427  -14.286  50.756 0.0000000000
59424  -7.289  -9.623  45.478 0.0000000000
59426  -9.476  -9.406  45.780 0.0000000000
55804  -6.153  -12.317  46.003 0.0000000000
54579  -3.254  -13.173  47.750 0.0000000000
52368  -3.321  -14.982  48.791 0.0000000000
125254  -5.999  -16.611  50.068 0.0000000000
78100  -47.202  7.012  36.872 0.0000000000
75986  -44.174  5.584  35.666 0.0000000000
55542  -9.460  -12.238  60.439 0.0000000000
52244  -8.675  -15.293  57.105 0.0000000000
52307  -7.868  -16.475  54.814 0.0000000000
55684  -16.778  -12.452  52.609 0.0000000000
55667  -15.578  -12.873  53.432 0.0000000000
55626  -13.349  -12.859  55.403 0.0000000000
125315  -12.153  -15.280  54.020 0.0000000000
125299  -10.251  -16.667  53.327 0.0000000000
62471  -3.577  -6.385  47.587 0.0000000000
60465  -2.479  -8.640  44.914 0.0000000000
58272  -2.521  -10.104  42.468 0.0000000000
54637  -2.105  -13.642  43.650 0.0000000000
55868  -3.000  -12.408  41.882 0.0000000000
57117  -4.101  -11.294  40.551 0.0000000000
59333  -7.926  -9.595  53.578 0.0000000000
58095  -5.523  -11.360  56.249 0.0000000000
58147  -4.694  -10.150  53.842 0.0000000000
56915  -5.879  -11.224  52.569 0.0000000000
125292  -3.417  -13.506  52.049 0.0000000000
125268  -4.722  -16.548  51.229 0.0000000000
48481  -4.923  -18.940  49.153 0.0000000000
47425  -0.880  -20.855  51.617 0.0000000000
47444  -1.751  -20.786  50.020 0.0000000000
46499  -4.364  -21.942  47.164 0.0000000000
59353  -35.892  -9.286  53.355 0.0000000000
59303  -35.712  -9.645  55.187 0.0000000000
59351  -34.232  -10.050  53.346 0.0000000000
59372  -35.408  -9.287  52.326 0.0000000000
58156  -33.731  -11.057  53.399 0.0000000000
58165  -33.410  -10.649  52.692 0.0000000000
58126  -35.399  -10.413  55.186 0.0000000000
56912  -34.023  -11.275  54.548 0.0000000000
77041  -48.817  6.045  34.697 0.0000000000
75990  -47.758  5.558  35.268 0.0000000000
74952  -47.241  4.476  34.259 0.0000000000
76001  -48.047  5.594  34.233 0.0000000000
74955  -49.362  4.970  33.499 0.0000000000
67910  -39.718  -1.340  42.721 0.0000000000
69111  -41.003  -0.806  43.189 0.0000000000
69102  -39.881  -1.065  43.696 0.0000000000
66725  -36.588  -2.473  40.866 0.0000000000
66718  -37.796  -1.750  42.352 0.0000000000
67908  -38.293  -1.202  41.977 0.0000000000
125249  -7.359  -17.322  48.010 0.0000000000
48519  -8.555  -17.881  46.626 0.0000000000
47488  -7.277  -19.502  46.503 0.0000000000
47501  -6.644  -20.890  45.587 0.0000000000
47487  -6.384  -20.253  46.720 0.0000000000
51292  -6.929  -16.948  54.486 0.0000000000
51287  -6.224  -16.949  54.948 0.0000000000
62466  -38.555  -6.138  48.193 0.0000000000
62509  -37.856  -6.726  46.047 0.0000000000
62488  -39.099  -5.905  46.313 0.0000000000
63523  -38.873  -5.818  45.503 0.0000000000
81225  -49.375  10.949  32.007 0.0000000000
81236  -48.287  10.582  30.329 0.0000000000
83205  -49.883  12.441  30.707 0.0000000000
56938  -7.892  -10.916  50.463 0.0000000000
56948  -6.856  -11.700  49.999 0.0000000000
56937  -7.377  -11.188  50.969 0.0000000000
76979  -44.087  5.477  39.790 0.0000000000
76965  -44.714  5.777  40.685 0.0000000000
74897  -42.433  3.669  39.641 0.0000000000
73900  -41.742  3.607  38.615 0.0000000000
74914  -42.765  4.269  38.715 0.0000000000
75953  -43.099  5.113  38.730 0.0000000000
55588  -12.953  -12.309  57.928 0.0000000000
56830  -13.565  -12.077  57.429 0.0000000000
53373  -21.279  -14.717  54.740 0.0000000000
54504  -19.963  -13.839  53.112 0.0000000000
61480  -2.947  -7.446  41.768 0.0000000000
58247  -4.631  -10.604  44.635 0.0000000000
59431  -3.939  -9.946  44.697 0.0000000000
57035  -3.290  -11.591  44.852 0.0000000000
49583  -4.419  -18.616  39.589 0.0000000000
50516  -5.426  -17.232  39.868 0.0000000000
50514  -4.023  -17.922  38.865 0.0000000000
58081  -11.135  -9.879  57.050 0.0000000000
58079  -9.224  -10.661  57.701 0.0000000000
51284  -1.859  -16.899  54.428 0.0000000000
53367  -1.433  -14.265  54.918 0.0000000000
51290  -1.743  -16.702  53.676 0.0000000000
50394  -1.940  -16.889  52.391 0.0000000000
50393  -1.263  -17.832  52.604 0.0000000000
60423  -36.190  -8.073  51.657 0.0000000000
59401  -36.101  -8.996  50.185 0.0000000000
61379  -37.079  -7.375  50.443 0.0000000000
62444  -37.749  -6.764  49.785 0.0000000000
55692  -30.966  -12.184  53.151 0.0000000000
54496  -31.038  -13.084  54.255 0.0000000000
55690  -29.318  -12.899  52.451 0.0000000000
55706  -28.313  -12.818  51.258 0.0000000000
80124  -49.792  9.271  33.513 0.0000000000
77068  -49.420  6.618  32.340 0.0000000000
78144  -48.366  6.912  32.523 0.0000000000
79134  -48.927  8.483  32.983 0.0000000000
79133  -48.639  8.685  32.545 0.0000000000
72732  -41.768  2.068  41.504 0.0000000000
72734  -43.307  2.774  42.052 0.0000000000
72716  -42.824  1.717  42.500 0.0000000000
70377  -39.201  1.113  41.102 0.0000000000
70376  -38.666  0.779  40.546 0.0000000000
71595  -40.528  1.760  40.512 0.0000000000
72747  -40.828  2.451  40.274 0.0000000000
63526  -2.183  -6.088  45.716 0.0000000000
63540  -2.704  -6.047  44.712 0.0000000000
62534  -2.171  -6.879  45.008 0.0000000000
53475  -2.693  -14.402  47.300 0.0000000000
53516  -2.671  -15.066  45.850 0.0000000000
52406  -4.862  -15.993  46.455 0.0000000000
48551  -8.620  -19.126  43.561 0.0000000000
50466  -8.732  -17.170  44.116 0.0000000000
49550  -8.502  -18.252  42.667 0.0000000000
49560  -6.880  -18.567  40.995 0.0000000000
47566  -6.520  -20.276  41.337 0.0000000000
46592  -5.998  -21.046  41.617 0.0000000000
54416  -7.275  -13.200  59.320 0.0000000000
55561  -6.716  -12.590  59.405 0.0000000000
53316  -6.199  -13.700  58.002 0.0000000000
50369  -3.863  -17.447  55.407 0.0000000000
51275  -3.893  -16.198  56.164 0.0000000000
51278  -3.466  -16.807  55.723 0.0000000000
51277  -2.689  -16.627  55.577 0.0000000000
66686  -36.393  -2.599  44.343 0.0000000000
64577  -36.659  -4.455  44.867 0.0000000000
63563  -36.777  -5.591  43.182 0.0000000000
65629  -36.202  -3.596  44.570 0.0000000000
65639  -36.244  -3.402  43.448 0.0000000000
52224  -25.650  -15.973  58.562 0.0000000000
52235  -23.747  -15.652  57.008 0.0000000000
52249  -24.503  -15.981  56.217 0.0000000000
52267  -28.919  -14.936  56.286 0.0000000000
52266  -28.121  -15.432  55.836 0.0000000000
52282  -27.704  -15.084  54.811 0.0000000000
52341  -24.302  -15.603  50.409 0.0000000000
52314  -25.198  -15.584  52.410 0.0000000000
52340  -23.310  -15.456  50.742 0.0000000000
52339  -22.694  -15.258  51.391 0.0000000000
53446  -22.051  -14.557  49.435 0.0000000000
53445  -21.028  -14.170  48.976 0.0000000000
56993  -9.312  -10.973  47.428 0.0000000000
58213  -8.450  -11.004  46.498 0.0000000000
58229  -7.782  -10.682  45.853 0.0000000000
56990  -6.706  -12.131  46.582 0.0000000000
55783  -4.761  -12.642  46.936 0.0000000000
55767  -4.835  -12.365  47.721 0.0000000000
54530  -3.402  -13.576  49.877 0.0000000000
54547  -2.733  -13.189  49.255 0.0000000000
52334  -3.599  -14.958  49.882 0.0000000000
53440  -5.157  -15.278  49.609 0.0000000000
125271  -5.166  -15.404  49.907 0.0000000000
78086  -46.449  7.079  37.289 0.0000000000
78075  -47.463  7.342  38.296 0.0000000000
78074  -46.874  7.363  38.431 0.0000000000
75977  -44.116  6.022  36.674 0.0000000000
75985  -43.108  5.494  35.826 0.0000000000
75978  -45.103  6.108  36.245 0.0000000000
75979  -45.961  6.082  36.028 0.0000000000
55543  -10.428  -12.235  60.390 0.0000000000
53343  -10.278  -14.424  57.107 0.0000000000
53330  -9.864  -14.129  57.629 0.0000000000
52258  -9.730  -15.516  56.350 0.0000000000
125311  -8.697  -16.096  56.106 0.0000000000
125300  -8.565  -16.450  54.755 0.0000000000
55735  -17.089  -12.648  50.079 0.0000000000
55700  -17.704  -12.508  51.867 0.0000000000
55718  -16.882  -12.924  50.986 0.0000000000
53410  -14.219  -14.670  51.586 0.0000000000
53383  -14.514  -13.858  52.493 0.0000000000
53382  -13.828  -14.307  53.036 0.0000000000
55646  -14.968  -12.733  54.604 0.0000000000
54480  -13.483  -14.081  54.251 0.0000000000
54479  -12.505  -14.459  54.481 0.0000000000
52292  -12.654  -15.011  53.357 0.0000000000
125267  -10.912  -17.114  51.604 0.0000000000
62472  -4.618  -6.331  47.639 0.0000000000
59430  -2.398  -10.180  44.565 0.0000000000
61434  -2.812  -7.976  45.870 0.0000000000
59429  -2.187  -9.755  44.316 0.0000000000
60476  -2.218  -9.515  43.616 0.0000000000
58258  -1.656  -10.767  43.215 0.0000000000
52473  -3.870  -15.394  43.954 0.0000000000
53536  -2.290  -14.541  44.241 0.0000000000
53555  -3.843  -14.993  43.366 0.0000000000
53604  -4.960  -14.031  40.544 0.0000000000
54670  -3.884  -13.552  42.000 0.0000000000
55870  -4.770  -12.624  41.100 0.0000000000
57094  -3.501  -11.325  41.269 0.0000000000
125502  -4.234  -12.721  40.153 0.0000000000
57118  -4.319  -12.196  39.861 0.0000000000
59309  -8.443  -9.666  54.289 0.0000000000
56826  -5.490  -12.405  58.030 0.0000000000
58075  -5.964  -12.121  57.090 0.0000000000
58073  -4.411  -11.747  57.045 0.0000000000
56886  -2.361  -12.237  54.525 0.0000000000
58110  -3.539  -10.500  54.980 0.0000000000
58129  -3.704  -10.427  53.942 0.0000000000
58160  -5.387  -11.063  53.427 0.0000000000
56903  -3.477  -11.625  53.213 0.0000000000
56913  -3.895  -11.920  52.253 0.0000000000
55660  -2.832  -12.495  52.793 0.0000000000
50402  -3.334  -17.206  51.203 0.0000000000
51305  -4.100  -16.414  51.924 0.0000000000
50403  -4.409  -17.613  51.250 0.0000000000
50416  -5.340  -17.888  50.937 0.0000000000
48470  -3.675  -18.917  49.851 0.0000000000
46458  -1.173  -22.594  51.238 0.0000000000
47437  -1.059  -20.659  50.802 0.0000000000
60407  -37.033  -7.652  52.796 0.0000000000
58184  -33.198  -10.444  50.413 0.0000000000
58185  -34.289  -9.908  50.363 0.0000000000
59389  -34.710  -9.526  51.408 0.0000000000
60405  -36.031  -8.692  51.907 0.0000000000
55710  -31.416  -11.850  52.534 0.0000000000
56932  -32.441  -11.299  51.831 0.0000000000
59387  -32.593  -10.482  50.892 0.0000000000
55694  -32.327  -11.869  53.692 0.0000000000
78118  -49.641  7.491  33.844 0.0000000000
125760  -46.976  3.648  32.924 0.0000000000
73981  -48.263  4.314  32.183 0.0000000000
74009  -48.449  5.285  31.384 0.0000000000
74997  -49.041  4.769  32.125 0.0000000000
76017  -49.779  5.578  32.834 0.0000000000
70373  -40.406  0.602  42.170 0.0000000000
71564  -42.440  1.162  42.899 0.0000000000
70365  -41.680  0.042  42.938 0.0000000000
70325  -42.034  0.046  44.345 0.0000000000
63613  -37.540  -5.023  39.702 0.0000000000
65660  -37.306  -3.908  39.333 0.0000000000
66734  -37.352  -2.648  39.259 0.0000000000
67924  -36.474  -1.652  39.688 0.0000000000
69133  -36.886  -0.275  39.867 0.0000000000
69116  -37.206  -0.802  40.978 0.0000000000
70371  -38.941  0.427  41.259 0.0000000000
125262  -6.602  -15.599  47.531 0.0000000000
53495  -6.837  -15.422  46.293 0.0000000000
125264  -8.010  -16.127  46.348 0.0000000000
49524  -8.570  -17.949  45.475 0.0000000000
48550  -8.230  -19.794  44.354 0.0000000000
46565  -6.883  -21.278  43.542 0.0000000000
46549  -6.631  -21.514  44.329 0.0000000000
46547  -5.605  -22.509  44.628 0.0000000000
125323  -6.494  -15.727  56.545 0.0000000000
125328  -5.882  -15.649  57.119 0.0000000000
125329  -5.473  -16.081  56.370 0.0000000000
65611  -36.343  -3.647  45.721 0.0000000000
61418  -35.526  -7.118  47.549 0.0000000000
61430  -34.489  -7.213  46.392 0.0000000000
62508  -36.327  -6.701  46.562 0.0000000000
62531  -36.810  -6.661  45.231 0.0000000000
62543  -36.962  -6.516  44.163 0.0000000000
62545  -38.335  -6.235  43.996 0.0000000000
64563  -37.460  -5.065  45.109 0.0000000000
51271  -27.437  -16.372  58.381 0.0000000000
53403  -27.566  -14.399  52.600 0.0000000000
52316  -26.853  -14.811  52.769 0.0000000000
52329  -25.929  -15.118  50.911 0.0000000000
52358  -24.248  -15.659  49.299 0.0000000000
80167  -47.445  9.801  30.580 0.0000000000
81251  -48.101  10.740  29.688 0.0000000000
82252  -48.043  11.280  28.882 0.0000000000
83243  -48.539  12.167  27.793 0.0000000000
56974  -7.596  -11.750  48.346 0.0000000000
55768  -5.958  -12.515  47.934 0.0000000000
55751  -6.226  -12.101  48.862 0.0000000000
55732  -5.281  -11.869  49.481 0.0000000000
55713  -3.825  -12.652  50.268 0.0000000000
77000  -45.406  6.558  38.675 0.0000000000
76981  -45.113  6.709  39.685 0.0000000000
73916  -40.750  3.571  37.521 0.0000000000
73917  -41.308  3.701  37.132 0.0000000000
74937  -42.109  4.631  36.531 0.0000000000
75975  -42.521  5.153  37.155 0.0000000000
77011  -43.699  5.954  38.371 0.0000000000
55544  -11.458  -12.310  59.876 0.0000000000
55563  -11.912  -12.639  58.871 0.0000000000
54439  -11.418  -13.142  57.846 0.0000000000
53358  -11.211  -14.265  56.283 0.0000000000
52338  -13.610  -15.464  50.380 0.0000000000
52336  -12.486  -16.082  51.477 0.0000000000
61424  -6.255  -7.262  46.382 0.0000000000
62516  -4.845  -7.083  46.016 0.0000000000
60467  -4.391  -8.596  45.309 0.0000000000
58225  -3.118  -9.920  44.881 0.0000000000
58244  -2.057  -10.845  44.427 0.0000000000
52523  -7.187  -15.531  41.643 0.0000000000
52541  -6.462  -15.575  40.883 0.0000000000
52560  -5.120  -15.079  39.955 0.0000000000
52559  -4.205  -15.578  39.396 0.0000000000
59292  -12.247  -9.794  55.607 0.0000000000
58118  -10.817  -10.221  55.745 0.0000000000
56872  -9.641  -11.801  54.716 0.0000000000
125361  -3.426  -13.722  55.846 0.0000000000
56823  -3.439  -12.279  56.416 0.0000000000
125342  -1.968  -13.590  55.506 0.0000000000
125330  -1.648  -13.330  54.736 0.0000000000
125318  -2.384  -14.214  53.652 0.0000000000
125306  -3.077  -14.292  53.098 0.0000000000
52306  -2.584  -15.525  52.974 0.0000000000
51303  -2.449  -16.555  52.223 0.0000000000
50422  -2.343  -18.247  50.281 0.0000000000
60452  -34.330  -8.623  48.301 0.0000000000
59405  -34.839  -9.317  49.751 0.0000000000
60446  -35.394  -8.687  49.345 0.0000000000
61407  -34.937  -7.517  48.137 0.0000000000
62464  -36.276  -6.834  48.473 0.0000000000
62445  -38.471  -6.287  49.121 0.0000000000
53364  -29.931  -14.435  55.658 0.0000000000
54478  -31.468  -12.966  55.507 0.0000000000
54485  -30.283  -13.742  55.032 0.0000000000
52318  -28.990  -14.700  53.167 0.0000000000
54522  -27.209  -13.682  51.360 0.0000000000
77081  -47.372  6.774  31.596 0.0000000000
80156  -48.198  9.731  31.991 0.0000000000
81211  -49.000  10.331  32.367 0.0000000000
74872  -42.829  4.107  41.071 0.0000000000
74874  -44.156  4.264  41.925 0.0000000000
73854  -43.652  3.520  41.904 0.0000000000
70384  -37.532  0.744  39.867 0.0000000000
72760  -40.379  2.372  39.580 0.0000000000
73866  -41.190  3.097  40.013 0.0000000000
54536  -19.919  -12.829  50.576 0.0000000000
55722  -19.350  -12.495  51.333 0.0000000000
54553  -18.514  -12.399  49.404 0.0000000000
54552  -17.697  -12.537  49.226 0.0000000000
62561  -2.827  -6.351  42.468 0.0000000000
61462  -2.873  -7.801  42.062 0.0000000000
55802  -4.033  -12.682  45.776 0.0000000000
55800  -2.447  -13.337  45.320 0.0000000000
53492  -2.428  -14.456  45.834 0.0000000000
52425  -3.122  -15.487  45.196 0.0000000000
53537  -5.069  -15.401  44.120 0.0000000000
52451  -7.175  -15.733  44.828 0.0000000000
52476  -7.274  -15.894  43.816 0.0000000000
52498  -7.283  -15.735  42.642 0.0000000000
125395  -7.493  -17.168  41.462 0.0000000000
58054  -8.136  -10.926  58.746 0.0000000000
56796  -7.088  -11.664  60.067 0.0000000000
55585  -6.501  -12.656  58.440 0.0000000000
54412  -3.567  -13.354  59.148 0.0000000000
53339  -5.502  -14.718  57.350 0.0000000000
125347  -4.199  -14.023  56.212 0.0000000000
125355  -3.222  -14.049  55.726 0.0000000000
125356  -2.014  -15.027  56.577 0.0000000000
51285  -2.312  -16.465  55.052 0.0000000000
49429  -0.976  -18.904  54.120 0.0000000000
66701  -38.296  -2.262  43.304 0.0000000000
69101  -39.301  -1.807  44.358 0.0000000000
69084  -38.388  -0.936  43.925 0.0000000000
61444  -33.512  -6.988  45.602 0.0000000000
63594  -37.219  -5.438  41.058 0.0000000000
66709  -36.679  -2.744  42.883 0.0000000000
53361  -21.959  -15.181  55.225 0.0000000000
53388  -21.991  -14.355  53.287 0.0000000000
52241  -29.674  -15.643  57.740 0.0000000000
52252  -27.486  -15.997  56.688 0.0000000000
52264  -26.190  -15.744  55.568 0.0000000000
52298  -25.833  -15.542  53.431 0.0000000000
52280  -26.076  -15.548  54.547 0.0000000000
52263  -25.302  -15.762  55.405 0.0000000000
52296  -23.867  -15.296  53.519 0.0000000000
52311  -22.340  -15.087  53.049 0.0000000000
53428  -20.869  -13.915  51.485 0.0000000000
54555  -20.381  -13.494  49.758 0.0000000000
83248  -48.818  12.231  27.064 0.0000000000
83249  -49.607  12.786  26.674 0.0000000000
84208  -49.112  13.922  25.807 0.0000000000
60469  -6.821  -8.594  45.470 0.0000000000
58227  -5.500  -10.524  44.920 0.0000000000
59425  -8.458  -9.614  45.473 0.0000000000
58228  -6.580  -10.645  45.389 0.0000000000
57012  -5.598  -11.635  45.348 0.0000000000
55803  -5.083  -12.546  46.043 0.0000000000
54578  -2.934  -13.662  47.400 0.0000000000
52387  -3.285  -15.116  47.613 0.0000000000
55749  -3.802  -12.710  48.541 0.0000000000
54564  -2.801  -13.255  48.474 0.0000000000
52369  -4.661  -15.127  48.351 0.0000000000
53457  -5.506  -15.283  48.197 0.0000000000
125260  -6.282  -15.685  49.089 0.0000000000
125252  -6.956  -17.407  48.886 0.0000000000
77027  -47.989  6.272  36.076 0.0000000000
74941  -42.170  4.830  35.534 0.0000000000
74942  -42.713  4.890  35.042 0.0000000000
76009  -43.356  4.259  34.148 0.0000000000
75998  -45.071  5.426  34.554 0.0000000000
75980  -46.757  5.786  35.970 0.0000000000
55541  -8.447  -12.321  60.404 0.0000000000
54417  -8.376  -13.529  58.734 0.0000000000
54419  -10.218  -13.617  58.941 0.0000000000
53318  -8.971  -13.620  58.259 0.0000000000
53340  -7.947  -14.518  57.349 0.0000000000
125308  -7.287  -15.141  54.168 0.0000000000
55701  -18.602  -12.569  52.043 0.0000000000
55685  -17.808  -12.318  52.828 0.0000000000
55668  -16.954  -12.414  53.669 0.0000000000
54503  -15.422  -13.272  51.753 0.0000000000
55647  -16.243  -12.439  54.662 0.0000000000
55628  -15.686  -12.383  55.818 0.0000000000
56876  -14.831  -11.862  55.891 0.0000000000
56855  -14.529  -11.750  56.538 0.0000000000
55607  -13.112  -12.595  56.056 0.0000000000
125316  -11.576  -14.303  55.006 0.0000000000
53368  -10.827  -14.916  55.013 0.0000000000
125278  -11.962  -16.169  52.192 0.0000000000
125302  -11.226  -16.033  53.372 0.0000000000
125310  -10.104  -15.870  54.849 0.0000000000
125289  -9.069  -17.309  52.995 0.0000000000
62470  -2.707  -6.219  47.502 0.0000000000
61422  -3.878  -7.322  46.467 0.0000000000
61420  -2.610  -7.151  46.231 0.0000000000
61433  -2.398  -7.521  45.449 0.0000000000
61446  -2.426  -7.651  44.433 0.0000000000
60484  -2.557  -8.803  42.991 0.0000000000
59451  -2.645  -9.406  41.959 0.0000000000
55819  -1.941  -12.836  44.904 0.0000000000
55818  -1.388  -12.771  44.328 0.0000000000
54636  -1.480  -12.669  43.462 0.0000000000
54655  -3.624  -14.075  42.478 0.0000000000
55850  -2.503  -12.691  42.516 0.0000000000
55866  -1.739  -11.753  42.841 0.0000000000
58283  -2.232  -11.034  42.202 0.0000000000
58284  -2.740  -10.500  41.928 0.0000000000
59462  -3.494  -9.761  40.890 0.0000000000
58298  -4.521  -10.841  40.311 0.0000000000
58078  -8.189  -11.138  57.721 0.0000000000
56849  -7.882  -11.826  56.076 0.0000000000
56870  -7.389  -11.532  55.524 0.0000000000
56847  -4.130  -11.460  55.473 0.0000000000
58112  -5.004  -11.062  54.978 0.0000000000
58132  -7.036  -11.082  54.416 0.0000000000
58149  -7.048  -10.831  53.504 0.0000000000
58162  -7.193  -10.478  52.912 0.0000000000
56925  -7.317  -10.876  52.025 0.0000000000
56923  -5.497  -11.565  51.715 0.0000000000
55695  -4.259  -12.523  51.168 0.0000000000
54514  -4.079  -13.525  50.996 0.0000000000
125291  -3.643  -14.419  52.403 0.0000000000
125284  -4.556  -14.722  52.034 0.0000000000
125280  -4.716  -14.676  51.184 0.0000000000
125258  -5.445  -16.739  50.755 0.0000000000
49491  -6.215  -17.761  49.643 0.0000000000
48495  -6.324  -19.121  48.895 0.0000000000
48438  0.112  -19.686  53.514 0.0000000000
47415  -0.105  -20.763  52.732 0.0000000000
48456  -0.218  -19.437  51.725 0.0000000000
49473  -0.588  -19.187  50.835 0.0000000000
48468  -1.570  -19.867  50.536 0.0000000000
48478  -2.280  -19.823  49.932 0.0000000000
47455  -2.434  -20.670  49.407 0.0000000000
48492  -2.723  -19.776  49.041 0.0000000000
47457  -3.878  -20.031  48.439 0.0000000000
47458  -4.839  -19.997  48.238 0.0000000000
47473  -5.441  -20.377  47.668 0.0000000000
46513  -4.786  -21.985  46.605 0.0000000000
45568  -5.138  -22.827  46.077 0.0000000000
59327  -35.559  -9.823  54.099 0.0000000000
59328  -36.213  -9.165  54.276 0.0000000000
59352  -35.061  -9.748  53.237 0.0000000000
58157  -34.252  -10.786  53.993 0.0000000000
59350  -33.807  -10.471  53.278 0.0000000000
58144  -35.162  -10.498  54.651 0.0000000000
77034  -49.145  6.503  35.456 0.0000000000
77028  -48.681  6.562  36.029 0.0000000000
76013  -47.667  5.519  34.080 0.0000000000
66720  -39.737  -2.043  41.972 0.0000000000
67902  -40.256  -1.648  43.284 0.0000000000
67896  -40.047  -2.283  43.239 0.0000000000
66711  -38.510  -2.229  42.642 0.0000000000
66719  -38.865  -2.026  41.993 0.0000000000
48518  -7.583  -18.680  47.248 0.0000000000
49440  -6.269  -18.733  53.281 0.0000000000
62487  -38.752  -6.189  46.892 0.0000000000
75935  -43.719  5.048  39.883 0.0000000000
75921  -44.307  5.074  40.819 0.0000000000
75920  -43.838  4.850  40.404 0.0000000000
74898  -42.978  4.262  39.485 0.0000000000
73884  -42.662  3.791  39.112 0.0000000000
55566  -14.839  -12.519  59.175 0.0000000000
55589  -14.072  -12.371  58.179 0.0000000000
54492  -20.792  -13.899  53.439 0.0000000000
54518  -20.007  -13.263  52.416 0.0000000000
61481  -3.781  -7.285  41.566 0.0000000000
57037  -5.066  -11.132  44.792 0.0000000000
58055  -9.321  -10.498  58.828 0.0000000000
50384  -1.276  -17.792  53.894 0.0000000000
49450  -0.563  -18.553  52.786 0.0000000000
61355  -36.632  -7.717  51.745 0.0000000000
61364  -36.284  -7.718  51.015 0.0000000000
61365  -37.102  -7.323  51.314 0.0000000000
62432  -37.752  -6.762  50.776 0.0000000000
55691  -29.963  -12.408  53.117 0.0000000000
78124  -49.316  7.490  33.099 0.0000000000
78134  -49.039  7.230  32.447 0.0000000000
72733  -42.372  2.129  41.889 0.0000000000
71583  -41.915  1.509  42.262 0.0000000000
71581  -40.509  1.320  41.584 0.0000000000
71580  -39.891  1.260  41.046 0.0000000000
71596  -40.994  1.797  41.170 0.0000000000
63490  -1.683  -6.052  47.026 0.0000000000
63506  -1.852  -6.226  46.560 0.0000000000
62514  -2.251  -6.727  45.470 0.0000000000
63525  -1.827  -6.308  46.064 0.0000000000
52405  -3.567  -15.431  46.379 0.0000000000
47535  -8.251  -19.721  42.967 0.0000000000
49542  -8.796  -17.964  43.573 0.0000000000
48561  -8.285  -19.379  42.303 0.0000000000
48560  -7.880  -19.627  41.831 0.0000000000
47551  -7.616  -20.177  42.193 0.0000000000
47550  -6.759  -20.827  41.973 0.0000000000
54434  -7.063  -13.716  58.206 0.0000000000
54415  -6.540  -13.325  58.429 0.0000000000
53326  -6.541  -14.217  57.697 0.0000000000
67859  -36.673  -1.804  45.204 0.0000000000
67858  -36.094  -2.339  45.540 0.0000000000
60459  -34.035  -8.346  47.441 0.0000000000
64591  -36.558  -4.599  43.826 0.0000000000
52238  -26.730  -16.323  57.916 0.0000000000
52237  -25.568  -16.133  57.530 0.0000000000
52283  -29.012  -15.200  54.829 0.0000000000
52357  -23.342  -15.283  49.618 0.0000000000
53448  -22.927  -15.017  49.564 0.0000000000
53447  -22.645  -14.919  49.572 0.0000000000
52355  -22.425  -15.388  49.110 0.0000000000
53465  -22.125  -14.089  48.309 0.0000000000
52375  -22.428  -15.167  48.626 0.0000000000
56992  -8.861  -11.319  47.228 0.0000000000
55785  -6.687  -12.343  47.279 0.0000000000
53421  -3.421  -14.543  49.846 0.0000000000
53422  -4.137  -14.952  50.237 0.0000000000
77014  -46.552  7.068  37.870 0.0000000000
77001  -46.275  6.861  38.583 0.0000000000
77023  -45.170  6.344  37.023 0.0000000000
77024  -45.981  6.731  36.732 0.0000000000
53357  -10.589  -14.744  56.127 0.0000000000
52259  -10.001  -15.032  56.847 0.0000000000
55734  -16.292  -12.867  49.968 0.0000000000
52310  -13.517  -14.866  52.215 0.0000000000
53396  -14.209  -14.419  52.275 0.0000000000
54488  -13.987  -13.929  53.766 0.0000000000
53381  -13.226  -14.599  53.396 0.0000000000
53369  -13.162  -14.782  53.984 0.0000000000
52309  -12.804  -15.206  52.517 0.0000000000
62493  -5.191  -7.004  47.009 0.0000000000
59428  -1.928  -10.232  43.710 0.0000000000
53556  -4.777  -15.147  43.618 0.0000000000
52472  -3.174  -15.212  43.751 0.0000000000
125498  -4.971  -13.417  40.827 0.0000000000
125501  -4.311  -13.444  40.248 0.0000000000
57096  -4.709  -12.935  40.646 0.0000000000
125500  -4.137  -13.161  39.898 0.0000000000
54696  -3.763  -13.351  38.947 0.0000000000
58151  -10.038  -11.157  53.532 0.0000000000
58133  -8.321  -10.496  54.579 0.0000000000
56825  -4.420  -12.138  57.880 0.0000000000
56824  -3.917  -12.352  57.164 0.0000000000
56887  -2.819  -11.569  54.276 0.0000000000
56888  -3.950  -11.161  54.305 0.0000000000
56904  -4.457  -11.177  54.038 0.0000000000
55661  -3.338  -12.093  52.500 0.0000000000
50414  -2.731  -17.847  50.458 0.0000000000
49460  -3.660  -18.320  51.014 0.0000000000
49461  -4.322  -18.370  51.090 0.0000000000
44447  -1.373  -24.138  52.189 0.0000000000
45478  -1.331  -23.489  51.506 0.0000000000
60391  -37.138  -7.871  53.337 0.0000000000
59373  -36.182  -8.848  52.706 0.0000000000
60406  -36.626  -8.117  52.492 0.0000000000
56918  -31.939  -11.629  52.428 0.0000000000
58166  -33.505  -10.003  52.209 0.0000000000
58172  -32.925  -10.413  51.560 0.0000000000
59388  -32.803  -10.362  50.783 0.0000000000
56910  -32.866  -11.594  53.651 0.0000000000
55679  -32.754  -12.100  54.258 0.0000000000
55693  -31.784  -12.028  53.231 0.0000000000
77048  -49.655  6.741  33.859 0.0000000000
78114  -50.256  8.192  34.988 0.0000000000
78113  -49.947  7.390  34.666 0.0000000000
125765  -45.285  5.319  33.682 0.0000000000
74996  -44.750  4.922  32.927 0.0000000000
125759  -45.558  4.834  33.230 0.0000000000
73941  -47.524  3.819  34.187 0.0000000000
125758  -46.914  3.564  33.570 0.0000000000
72842  -47.362  3.379  33.308 0.0000000000
72858  -47.349  3.771  32.715 0.0000000000
72859  -48.261  3.710  32.539 0.0000000000
73970  -49.050  3.975  32.466 0.0000000000
76015  -49.351  6.092  33.694 0.0000000000
76004  -49.787  5.335  33.206 0.0000000000
76016  -49.562  5.822  33.226 0.0000000000
76026  -49.613  6.227  33.027 0.0000000000
70364  -40.985  -0.066  42.373 0.0000000000
69103  -40.872  -0.775  44.046 0.0000000000
69112  -41.400  -0.470  43.551 0.0000000000
69104  -41.501  -0.399  44.232 0.0000000000
64613  -37.187  -4.390  40.514 0.0000000000
65654  -36.674  -3.933  39.782 0.0000000000
66733  -36.453  -2.459  39.889 0.0000000000
67925  -37.241  -2.398  38.948 0.0000000000
69121  -36.974  -0.667  40.375 0.0000000000
69119  -39.550  -0.540  42.343 0.0000000000
69118  -38.848  -0.395  41.710 0.0000000000
70372  -39.616  0.562  41.807 0.0000000000
125272  -7.184  -15.541  46.784 0.0000000000
48529  -7.775  -19.002  46.162 0.0000000000
48530  -8.372  -18.671  45.700 0.0000000000
48541  -8.780  -18.976  44.884 0.0000000000
47518  -7.287  -20.626  44.656 0.0000000000
46531  -6.137  -21.700  45.402 0.0000000000
47517  -6.628  -21.436  44.953 0.0000000000
46530  -5.554  -22.394  45.085 0.0000000000
45588  -4.995  -23.009  45.252 0.0000000000
52257  -5.787  -16.302  55.390 0.0000000000
64546  -36.912  -4.231  46.255 0.0000000000
62485  -36.283  -6.563  47.727 0.0000000000
61432  -35.851  -7.059  46.983 0.0000000000
62544  -37.900  -6.686  43.908 0.0000000000
62533  -38.602  -6.423  44.608 0.0000000000
64548  -38.556  -5.360  46.179 0.0000000000
63522  -38.310  -5.488  45.276 0.0000000000
51272  -28.283  -16.264  58.452 0.0000000000
53415  -26.687  -14.288  51.623 0.0000000000
53402  -26.744  -14.591  52.399 0.0000000000
52343  -25.852  -15.061  49.869 0.0000000000
82240  -48.807  11.375  30.478 0.0000000000
82253  -48.559  11.552  29.444 0.0000000000
83217  -49.015  12.401  29.115 0.0000000000
55752  -7.068  -12.148  48.657 0.0000000000
56960  -7.081  -11.647  49.156 0.0000000000
56947  -6.233  -11.941  49.874 0.0000000000
54533  -5.674  -11.857  49.595 0.0000000000
55714  -4.684  -12.128  50.419 0.0000000000
72772  -40.416  2.989  38.880 0.0000000000
74912  -41.319  4.039  38.184 0.0000000000
74911  -40.995  4.006  38.230 0.0000000000
74925  -40.933  4.084  37.940 0.0000000000
74926  -41.484  3.991  37.593 0.0000000000
74927  -42.093  4.465  37.383 0.0000000000
76998  -43.884  5.671  39.294 0.0000000000
75965  -43.036  5.553  37.778 0.0000000000
77012  -44.642  6.237  37.835 0.0000000000
55564  -12.903  -12.991  59.011 0.0000000000
55587  -12.190  -12.665  58.218 0.0000000000
55605  -12.089  -12.797  57.453 0.0000000000
54455  -11.704  -13.676  56.801 0.0000000000
52353  -13.198  -16.267  50.088 0.0000000000
61436  -5.149  -7.695  45.642 0.0000000000
58226  -3.436  -10.092  44.777 0.0000000000
58245  -2.863  -10.585  44.682 0.0000000000
57033  -1.500  -11.863  44.273 0.0000000000
51453  -6.700  -16.470  40.676 0.0000000000
52542  -7.140  -15.556  40.898 0.0000000000
51464  -4.922  -16.410  39.795 0.0000000000
51462  -3.707  -16.286  38.587 0.0000000000
58100  -10.221  -10.589  56.443 0.0000000000
58101  -10.971  -10.071  56.498 0.0000000000
56852  -10.196  -10.857  55.702 0.0000000000
56851  -9.799  -11.196  55.768 0.0000000000
125351  -2.410  -14.163  55.698 0.0000000000
125352  -2.895  -13.475  55.492 0.0000000000
125350  -1.850  -14.187  55.643 0.0000000000
125326  -1.903  -13.909  54.355 0.0000000000
52288  -2.058  -15.337  53.387 0.0000000000
50401  -2.174  -17.331  51.503 0.0000000000
50413  -1.836  -18.301  50.671 0.0000000000
59414  -33.792  -9.143  47.750 0.0000000000
59399  -34.961  -9.299  50.669 0.0000000000
58194  -34.262  -9.786  49.723 0.0000000000
60448  -36.260  -8.355  49.797 0.0000000000
60447  -35.980  -8.549  49.592 0.0000000000
60454  -35.875  -8.177  49.029 0.0000000000
60453  -35.079  -8.216  48.615 0.0000000000
61408  -35.659  -7.407  48.496 0.0000000000
61409  -36.496  -7.648  48.932 0.0000000000
53353  -31.467  -14.074  56.425 0.0000000000
54476  -30.555  -14.081  55.395 0.0000000000
55640  -32.616  -12.457  55.498 0.0000000000
54487  -31.464  -13.138  54.837 0.0000000000
54510  -29.393  -13.422  53.163 0.0000000000
54495  -30.247  -13.527  53.961 0.0000000000
53391  -29.300  -13.948  53.752 0.0000000000
53405  -29.135  -14.295  53.083 0.0000000000
54508  -28.274  -14.031  52.374 0.0000000000
54540  -27.297  -13.239  50.828 0.0000000000
75020  -48.914  5.675  31.222 0.0000000000
75019  -47.973  5.666  31.430 0.0000000000
76062  -49.081  6.015  31.178 0.0000000000
77082  -48.104  6.455  32.066 0.0000000000
78143  -47.575  7.296  32.240 0.0000000000
78132  -47.787  7.861  31.766 0.0000000000
79145  -47.694  8.323  31.434 0.0000000000
79146  -48.342  8.346  32.045 0.0000000000
80137  -49.842  9.796  32.792 0.0000000000
80136  -48.724  9.253  32.558 0.0000000000
81212  -49.818  11.151  32.698 0.0000000000
73868  -42.315  3.278  40.777 0.0000000000
73853  -42.706  3.405  41.392 0.0000000000
72717  -43.519  2.016  42.945 0.0000000000
73839  -44.018  3.029  42.469 0.0000000000
70366  -42.007  0.428  43.273 0.0000000000
69134  -37.450  0.049  40.201 0.0000000000
70375  -37.981  0.533  40.238 0.0000000000
71594  -39.579  1.421  40.286 0.0000000000
71602  -39.636  1.738  39.397 0.0000000000
72748  -41.495  2.316  40.900 0.0000000000
73867  -42.119  3.060  40.189 0.0000000000
54554  -19.417  -12.789  49.700 0.0000000000
54570  -19.339  -12.644  48.804 0.0000000000
54568  -17.665  -12.971  48.315 0.0000000000
64564  -2.514  -4.902  45.000 0.0000000000
62546  -2.486  -6.683  43.872 0.0000000000
61461  -2.666  -7.566  42.229 0.0000000000
54610  -2.511  -13.723  45.751 0.0000000000
54592  -2.327  -14.108  46.070 0.0000000000
52426  -4.294  -15.683  45.497 0.0000000000
52448  -3.963  -15.489  44.650 0.0000000000
52430  -7.854  -16.034  45.902 0.0000000000
52429  -7.204  -15.917  45.706 0.0000000000
52452  -7.893  -16.010  45.220 0.0000000000
50478  -8.453  -17.267  43.146 0.0000000000
51401  -7.743  -16.206  43.898 0.0000000000
52499  -7.915  -15.972  43.307 0.0000000000
51422  -8.179  -16.443  42.685 0.0000000000
51421  -7.712  -16.546  41.470 0.0000000000
50495  -7.717  -17.390  41.589 0.0000000000
48572  -6.234  -19.364  40.894 0.0000000000
46564  -6.200  -22.055  43.823 0.0000000000
46579  -6.045  -21.922  42.535 0.0000000000
45635  -5.671  -23.055  42.764 0.0000000000
56797  -7.967  -11.447  60.309 0.0000000000
56782  -7.033  -11.787  60.664 0.0000000000
55560  -5.931  -12.936  58.226 0.0000000000
56808  -5.088  -12.780  58.539 0.0000000000
54413  -4.259  -13.382  59.027 0.0000000000
53325  -5.850  -14.970  57.551 0.0000000000
125337  -5.327  -15.162  57.094 0.0000000000
125338  -3.641  -15.165  55.717 0.0000000000
125339  -4.408  -14.846  55.891 0.0000000000
125348  -4.109  -14.616  55.677 0.0000000000
125345  -3.294  -14.471  55.795 0.0000000000
125346  -2.655  -14.801  56.234 0.0000000000
52243  -2.505  -15.579  56.063 0.0000000000
50367  -2.249  -17.961  55.314 0.0000000000
50375  -2.221  -17.213  55.255 0.0000000000
50374  -1.727  -17.800  54.837 0.0000000000
66700  -37.295  -2.283  43.274 0.0000000000
67893  -37.766  -1.586  43.677 0.0000000000
62507  -35.153  -6.697  46.176 0.0000000000
61445  -33.976  -7.060  46.002 0.0000000000
62529  -34.411  -6.556  45.486 0.0000000000
63582  -36.448  -5.382  41.981 0.0000000000
66699  -36.599  -2.392  43.578 0.0000000000
65646  -36.283  -3.466  42.283 0.0000000000
52248  -23.632  -15.743  55.985 0.0000000000
52247  -22.842  -15.260  55.686 0.0000000000
52260  -22.827  -15.178  54.784 0.0000000000
53374  -22.151  -14.762  54.265 0.0000000000
52294  -22.472  -14.885  53.720 0.0000000000
52253  -28.539  -15.864  56.738 0.0000000000
52315  -26.333  -15.373  52.246 0.0000000000
52299  -27.088  -15.228  53.581 0.0000000000
52297  -24.814  -15.339  53.463 0.0000000000
52279  -25.147  -15.601  54.406 0.0000000000
52278  -24.237  -15.583  54.311 0.0000000000
53414  -21.967  -14.752  51.543 0.0000000000
52325  -22.612  -14.935  52.179 0.0000000000
53413  -21.244  -14.228  51.821 0.0000000000
54538  -21.106  -13.954  50.480 0.0000000000
54556  -21.264  -13.834  50.001 0.0000000000
53464  -21.079  -13.810  47.976 0.0000000000
83232  -49.417  12.796  28.664 0.0000000000
83244  -49.259  12.979  27.754 0.0000000000
84209  -49.486  13.402  26.356 0.0000000000
60470  -7.962  -8.652  45.648 0.0000000000
59423  -6.086  -9.592  45.285 0.0000000000
58231  -9.555  -10.047  46.148 0.0000000000
57013  -6.978  -11.631  45.946 0.0000000000
55766  -3.904  -12.777  47.531 0.0000000000
55765  -3.357  -12.990  47.120 0.0000000000
53438  -2.683  -14.218  49.276 0.0000000000
52351  -4.388  -15.170  49.331 0.0000000000
125263  -5.722  -15.595  49.778 0.0000000000
77026  -47.343  6.256  36.447 0.0000000000
78101  -47.804  6.860  36.824 0.0000000000
69086  -40.099  -0.833  44.666 0.0000000000
75984  -42.531  5.282  36.359 0.0000000000
75996  -43.417  4.927  35.037 0.0000000000
74950  -42.750  4.778  34.241 0.0000000000
77039  -43.738  4.553  34.631 0.0000000000
76010  -44.294  4.415  34.317 0.0000000000
75997  -44.241  5.044  34.821 0.0000000000
77025  -46.698  6.438  36.553 0.0000000000
75981  -47.412  5.762  35.849 0.0000000000
55527  -9.363  -11.494  60.933 0.0000000000
54399  -7.895  -12.984  59.805 0.0000000000
54400  -8.856  -12.971  59.643 0.0000000000
54402  -10.489  -12.712  59.426 0.0000000000
52233  -9.077  -14.676  57.563 0.0000000000
53329  -9.272  -14.056  57.705 0.0000000000
53328  -8.786  -14.328  57.596 0.0000000000
54436  -8.327  -13.933  57.710 0.0000000000
53341  -8.439  -14.538  57.474 0.0000000000
125322  -7.488  -15.304  56.891 0.0000000000
125301  -7.596  -16.087  54.696 0.0000000000
125313  -7.546  -16.165  55.004 0.0000000000
125297  -7.577  -15.463  54.427 0.0000000000
51300  -7.536  -16.860  54.487 0.0000000000
125288  -8.108  -17.109  54.241 0.0000000000
55738  -19.163  -12.447  50.593 0.0000000000
55702  -19.524  -12.718  52.184 0.0000000000
55721  -18.521  -12.301  51.188 0.0000000000
55699  -16.832  -12.293  51.607 0.0000000000
55669  -17.987  -12.720  53.755 0.0000000000
54534  -15.391  -14.201  50.825 0.0000000000
54516  -15.443  -13.903  51.301 0.0000000000
54489  -14.428  -13.459  53.149 0.0000000000
54490  -15.137  -13.347  52.547 0.0000000000
55645  -13.829  -13.147  54.548 0.0000000000
55627  -14.433  -12.548  55.343 0.0000000000
56856  -15.279  -12.157  56.613 0.0000000000
56875  -13.996  -11.942  55.781 0.0000000000
56854  -13.514  -11.998  56.560 0.0000000000
54469  -12.377  -13.650  55.280 0.0000000000
125317  -11.732  -15.012  54.632 0.0000000000
125281  -12.116  -16.808  51.354 0.0000000000
125276  -11.819  -17.167  51.168 0.0000000000
125274  -11.348  -16.639  52.116 0.0000000000
62450  -4.088  -5.904  48.156 0.0000000000
62491  -3.248  -6.780  47.009 0.0000000000
61435  -3.961  -7.705  45.897 0.0000000000
62515  -4.361  -7.195  46.472 0.0000000000
59438  -2.525  -9.771  42.909 0.0000000000
59445  -2.573  -9.307  42.472 0.0000000000
54609  -2.366  -13.806  45.342 0.0000000000
57009  -2.477  -12.740  45.167 0.0000000000
54625  -2.000  -13.583  44.496 0.0000000000
54624  -1.308  -13.134  43.935 0.0000000000
55833  -0.956  -12.385  43.802 0.0000000000
53587  -4.155  -14.357  42.325 0.0000000000
54669  -3.070  -13.077  42.338 0.0000000000
55849  -2.183  -12.293  42.727 0.0000000000
55867  -2.115  -12.007  42.381 0.0000000000
57092  -1.873  -11.440  42.396 0.0000000000
57093  -2.443  -11.466  41.967 0.0000000000
58285  -3.185  -10.251  41.082 0.0000000000
58297  -3.699  -10.478  40.596 0.0000000000
59354  -7.685  -9.881  52.911 0.0000000000
56810  -7.436  -11.244  58.628 0.0000000000
56811  -7.842  -11.250  58.352 0.0000000000
56828  -7.139  -11.534  58.161 0.0000000000
58096  -6.457  -11.813  56.393 0.0000000000
58097  -7.227  -11.581  56.721 0.0000000000
56848  -7.109  -12.053  56.112 0.0000000000
56869  -6.747  -11.822  55.832 0.0000000000
56822  -2.755  -12.157  56.185 0.0000000000
56846  -3.840  -11.936  55.884 0.0000000000
56845  -3.016  -11.596  56.043 0.0000000000
59306  -4.058  -9.656  54.282 0.0000000000
59286  -4.344  -10.013  54.703 0.0000000000
58130  -4.759  -10.306  54.325 0.0000000000
58131  -5.515  -11.047  54.314 0.0000000000
58148  -5.948  -11.036  53.715 0.0000000000
58161  -6.371  -10.931  53.106 0.0000000000
56916  -6.802  -10.957  52.530 0.0000000000
56924  -6.539  -11.328  51.778 0.0000000000
55682  -3.551  -12.608  51.946 0.0000000000
56921  -4.057  -12.243  51.737 0.0000000000
125285  -3.958  -14.218  51.679 0.0000000000
125307  -3.217  -13.741  52.721 0.0000000000
125279  -4.699  -15.457  51.727 0.0000000000
125256  -4.802  -14.883  51.726 0.0000000000
125269  -4.993  -15.798  50.905 0.0000000000
49490  -5.351  -18.596  49.805 0.0000000000
49479  -5.695  -18.124  49.968 0.0000000000
48482  -5.679  -18.887  49.378 0.0000000000
48494  -5.320  -19.360  48.775 0.0000000000
46451  -0.801  -21.345  51.912 0.0000000000
46450  -0.545  -22.044  52.377 0.0000000000
47416  -0.735  -21.054  52.185 0.0000000000
47414  0.131  -20.225  52.393 0.0000000000
47435  -0.331  -19.987  51.564 0.0000000000
47436  -0.656  -20.220  51.281 0.0000000000
46468  -1.488  -21.698  50.488 0.0000000000
49475  -1.932  -19.118  50.377 0.0000000000
48491  -2.505  -19.874  49.182 0.0000000000
47456  -2.852  -20.324  48.683 0.0000000000
47446  -3.378  -19.685  48.983 0.0000000000
47472  -4.329  -20.937  47.556 0.0000000000
47485  -4.671  -21.576  47.144 0.0000000000
47486  -5.168  -21.197  46.965 0.0000000000
59304  -36.318  -8.960  54.874 0.0000000000
59371  -34.321  -9.766  52.402 0.0000000000
56920  -33.247  -11.271  53.172 0.0000000000
56933  -33.020  -11.129  52.383 0.0000000000
59370  -33.598  -9.937  52.910 0.0000000000
56901  -34.060  -11.194  55.179 0.0000000000
58143  -34.485  -10.913  54.775 0.0000000000
56911  -33.630  -11.677  53.969 0.0000000000
59302  -35.317  -10.265  55.423 0.0000000000
78109  -49.861  7.092  35.508 0.0000000000
75989  -46.900  5.747  35.064 0.0000000000
74951  -46.610  4.644  33.835 0.0000000000
76000  -47.243  5.147  34.511 0.0000000000
74953  -47.654  4.960  33.487 0.0000000000
73942  -48.268  4.086  34.037 0.0000000000
74970  -49.195  4.399  33.434 0.0000000000
74954  -48.507  4.966  33.315 0.0000000000
76002  -48.988  5.690  33.888 0.0000000000
69110  -40.038  -0.699  43.111 0.0000000000
65653  -36.435  -3.421  40.163 0.0000000000
67907  -37.312  -1.553  41.442 0.0000000000
69117  -37.967  -0.652  41.337 0.0000000000
67909  -39.204  -1.407  41.982 0.0000000000
125251  -8.249  -17.513  47.504 0.0000000000
47502  -7.342  -20.064  45.885 0.0000000000
46515  -6.197  -21.235  45.960 0.0000000000
52274  -6.354  -15.972  54.686 0.0000000000
52273  -6.002  -16.493  55.067 0.0000000000
50379  -6.353  -17.514  54.429 0.0000000000
50385  -6.079  -18.023  53.988 0.0000000000
62510  -38.675  -6.270  45.666 0.0000000000
63524  -38.924  -5.707  46.041 0.0000000000
52227  -29.523  -15.677  58.770 0.0000000000
52360  -25.895  -14.986  49.344 0.0000000000
81224  -48.769  10.790  31.400 0.0000000000
82230  -49.040  11.531  31.068 0.0000000000
83198  -50.210  12.375  31.241 0.0000000000
56949  -7.645  -11.338  49.962 0.0000000000
56936  -6.112  -11.690  50.660 0.0000000000
76980  -44.431  5.923  40.051 0.0000000000
75922  -44.867  5.649  40.977 0.0000000000
73883  -42.114  3.278  39.292 0.0000000000
73901  -42.422  3.789  38.746 0.0000000000
75952  -42.558  4.724  38.379 0.0000000000
55565  -13.846  -12.638  59.072 0.0000000000
56853  -13.075  -12.107  57.126 0.0000000000
62581  -3.261  -6.684  41.664 0.0000000000
59422  -4.776  -9.597  44.747 0.0000000000
59432  -4.262  -10.165  44.600 0.0000000000
58246  -3.795  -10.655  44.620 0.0000000000
50503  -5.363  -18.049  39.905 0.0000000000
51465  -5.762  -16.726  40.188 0.0000000000
50515  -4.749  -17.495  39.374 0.0000000000
58080  -10.473  -10.160  57.657 0.0000000000
52272  -2.051  -15.598  55.411 0.0000000000
52271  -1.896  -15.602  54.642 0.0000000000
52287  -1.723  -15.695  53.787 0.0000000000
51291  -1.948  -16.150  53.371 0.0000000000
51296  -1.783  -16.730  52.961 0.0000000000
60422  -35.805  -8.398  51.075 0.0000000000
61363  -36.042  -8.189  50.641 0.0000000000
61378  -36.360  -7.948  50.182 0.0000000000
61396  -37.072  -7.486  49.609 0.0000000000
58182  -31.561  -10.811  49.998 0.0000000000
55677  -31.319  -12.561  53.814 0.0000000000
54497  -31.411  -12.794  54.308 0.0000000000
55676  -30.716  -12.752  53.686 0.0000000000
54524  -28.503  -13.288  51.958 0.0000000000
55707  -28.802  -12.808  51.716 0.0000000000
80125  -50.400  10.178  33.785 0.0000000000
77069  -50.081  6.224  31.675 0.0000000000
77083  -49.283  6.297  31.626 0.0000000000
79147  -48.593  7.700  32.499 0.0000000000
55771  -19.648  -12.710  47.375 0.0000000000
63541  -2.418  -6.363  45.263 0.0000000000
62535  -2.326  -6.579  45.141 0.0000000000
53493  -2.571  -14.732  46.578 0.0000000000
52427  -5.535  -15.608  45.584 0.0000000000
49534  -8.740  -18.065  44.463 0.0000000000
51384  -8.357  -16.513  44.727 0.0000000000
49561  -7.860  -18.386  41.564 0.0000000000
48574  -8.015  -19.285  41.622 0.0000000000
48573  -7.334  -19.535  41.413 0.0000000000
55540  -7.328  -12.563  60.298 0.0000000000
55539  -6.805  -12.034  60.606 0.0000000000
55562  -6.957  -12.915  59.893 0.0000000000
51279  -4.184  -16.767  55.730 0.0000000000
125334  -4.660  -15.644  56.517 0.0000000000
51273  -2.794  -16.019  55.683 0.0000000000
67874  -36.703  -1.651  44.023 0.0000000000
67875  -37.450  -1.283  44.439 0.0000000000
62541  -34.833  -6.173  44.587 0.0000000000
64592  -37.184  -5.431  43.813 0.0000000000
52236  -24.607  -16.026  57.284 0.0000000000
52261  -23.581  -15.526  55.054 0.0000000000
53351  -29.614  -14.774  56.843 0.0000000000
52254  -29.439  -15.715  56.930 0.0000000000
52327  -24.316  -15.491  51.551 0.0000000000
52326  -23.428  -15.257  51.884 0.0000000000
53430  -22.397  -15.012  50.466 0.0000000000
81264  -47.009  10.544  28.325 0.0000000000
58230  -9.016  -10.448  45.743 0.0000000000
58212  -7.889  -11.187  46.408 0.0000000000
57014  -7.622  -11.337  46.287 0.0000000000
55784  -5.730  -12.310  46.909 0.0000000000
55731  -4.277  -12.290  49.445 0.0000000000
55730  -3.367  -12.789  49.399 0.0000000000
52350  -3.398  -14.916  49.546 0.0000000000
52335  -3.893  -15.045  49.791 0.0000000000
125259  -5.447  -15.936  50.097 0.0000000000
78099  -46.682  7.075  36.919 0.0000000000
78087  -46.976  7.356  37.523 0.0000000000
75987  -45.107  5.621  35.426 0.0000000000
54438  -10.433  -13.675  57.904 0.0000000000
52246  -9.829  -14.818  57.134 0.0000000000
52245  -9.407  -14.992  57.272 0.0000000000
55736  -17.760  -12.381  50.143 0.0000000000
55720  -17.727  -12.162  50.989 0.0000000000
55719  -17.123  -12.461  50.881 0.0000000000
56941  -16.692  -11.966  51.092 0.0000000000
55698  -16.206  -12.498  51.350 0.0000000000
53397  -14.730  -13.975  51.769 0.0000000000
55666  -14.236  -13.076  53.823 0.0000000000
55665  -13.854  -13.567  54.098 0.0000000000
54470  -13.048  -13.601  54.727 0.0000000000
52275  -12.703  -15.031  54.039 0.0000000000
125277  -11.681  -17.347  50.985 0.0000000000
125265  -10.380  -17.579  51.302 0.0000000000
62492  -3.985  -6.910  46.935 0.0000000000
59420  -2.701  -9.554  44.852 0.0000000000
59419  -2.447  -9.266  44.645 0.0000000000
60477  -2.319  -8.653  43.985 0.0000000000
59437  -2.226  -10.114  43.272 0.0000000000
58259  -2.187  -10.402  42.856 0.0000000000
52424  -2.567  -15.235  44.550 0.0000000000
52446  -2.566  -15.209  43.968 0.0000000000
53553  -2.532  -14.562  43.749 0.0000000000
54638  -2.644  -14.139  43.419 0.0000000000
54671  -4.808  -13.361  41.180 0.0000000000
55869  -4.238  -12.500  41.410 0.0000000000
57095  -4.574  -12.015  40.895 0.0000000000
58076  -6.776  -11.635  57.370 0.0000000000
58074  -5.005  -11.491  57.209 0.0000000000
56865  -2.286  -11.984  55.074 0.0000000000
56867  -3.287  -11.221  55.378 0.0000000000
58127  -3.022  -11.098  54.747 0.0000000000
58128  -3.544  -10.702  54.492 0.0000000000
59330  -3.979  -9.690  53.870 0.0000000000
58159  -4.842  -10.899  54.039 0.0000000000
56914  -4.704  -11.347  52.780 0.0000000000
55681  -3.177  -12.908  52.344 0.0000000000
51304  -3.045  -16.464  51.887 0.0000000000
51299  -3.572  -15.902  52.469 0.0000000000
50404  -5.037  -17.225  51.144 0.0000000000
50415  -4.700  -18.280  51.082 0.0000000000
49477  -4.465  -18.632  50.360 0.0000000000
49489  -4.698  -18.834  49.593 0.0000000000
45469  -0.977  -23.393  52.506 0.0000000000
46459  -0.973  -21.508  51.398 0.0000000000
46467  -1.955  -22.681  50.279 0.0000000000
47471  -3.348  -20.880  47.949 0.0000000000
58192  -32.413  -10.555  49.262 0.0000000000
58193  -33.609  -10.078  49.276 0.0000000000
59390  -35.448  -9.044  51.310 0.0000000000
55709  -30.792  -12.056  52.212 0.0000000000
56930  -30.700  -11.713  51.261 0.0000000000
56931  -31.609  -11.682  51.646 0.0000000000
56946  -32.092  -11.248  51.068 0.0000000000
58171  -32.469  -10.814  51.130 0.0000000000
55658  -32.887  -12.218  54.894 0.0000000000
56900  -33.532  -11.644  54.850 0.0000000000
55678  -31.887  -12.451  54.167 0.0000000000
79113  -50.355  8.916  34.710 0.0000000000
79112  -49.952  8.096  34.412 0.0000000000
125761  -46.338  4.193  32.985 0.0000000000
125766  -46.718  4.081  32.989 0.0000000000
125767  -46.727  4.304  32.721 0.0000000000
73994  -48.280  4.779  31.580 0.0000000000
75008  -49.239  5.199  31.224 0.0000000000
75009  -49.722  5.767  31.377 0.0000000000
74971  -49.636  4.514  33.143 0.0000000000
74986  -49.970  5.219  32.437 0.0000000000
76034  -50.152  5.649  31.509 0.0000000000
77059  -49.707  6.267  32.500 0.0000000000
77058  -49.630  6.751  33.112 0.0000000000
71562  -40.880  1.038  42.273 0.0000000000
71563  -41.480  0.993  42.529 0.0000000000
70346  -41.808  -0.003  43.648 0.0000000000
65659  -37.307  -3.260  39.441 0.0000000000
66735  -37.813  -3.206  39.108 0.0000000000
67938  -36.907  -2.309  38.920 0.0000000000
69123  -38.551  -0.091  40.994 0.0000000000
62469  -2.091  -5.871  47.414 0.0000000000
125261  -5.516  -15.576  47.215 0.0000000000
52407  -6.118  -15.405  46.532 0.0000000000
125273  -7.520  -15.930  46.357 0.0000000000
51368  -8.382  -16.373  45.835 0.0000000000
125255  -8.707  -17.054  46.126 0.0000000000
47534  -7.923  -20.359  43.313 0.0000000000
46580  -7.095  -20.983  42.680 0.0000000000
46548  -6.079  -22.029  44.649 0.0000000000
45608  -5.735  -22.521  44.244 0.0000000000
45607  -5.218  -23.161  44.465 0.0000000000
52231  -6.928  -14.761  57.317 0.0000000000
52230  -6.512  -15.230  57.294 0.0000000000
51286  -5.725  -16.853  55.241 0.0000000000
51280  -5.029  -16.689  55.522 0.0000000000
50370  -4.528  -17.274  55.260 0.0000000000
66672  -36.001  -2.776  45.883 0.0000000000
65595  -36.173  -3.157  46.646 0.0000000000
61431  -35.367  -7.151  46.838 0.0000000000
62542  -35.809  -6.280  44.402 0.0000000000
62551  -35.693  -6.246  43.443 0.0000000000
62554  -38.115  -6.156  43.818 0.0000000000
63539  -38.607  -5.887  44.535 0.0000000000
63554  -37.741  -5.730  44.061 0.0000000000
64578  -37.257  -5.163  44.344 0.0000000000
51270  -27.049  -16.362  58.336 0.0000000000
53390  -28.256  -14.642  53.228 0.0000000000
53389  -27.815  -14.724  53.381 0.0000000000
52342  -25.275  -15.758  50.102 0.0000000000
51321  -23.369  -15.804  48.983 0.0000000000
51344  -22.799  -15.570  48.493 0.0000000000
80182  -47.008  10.074  29.867 0.0000000000
81235  -47.640  10.433  29.967 0.0000000000
81250  -47.484  10.856  29.289 0.0000000000
82268  -47.677  11.224  28.379 0.0000000000
82269  -48.315  11.651  28.441 0.0000000000
83231  -48.758  12.350  28.550 0.0000000000
83218  -49.624  12.588  29.656 0.0000000000
56975  -8.372  -11.169  48.112 0.0000000000
55769  -7.061  -12.531  48.062 0.0000000000
56959  -6.460  -11.895  49.434 0.0000000000
55733  -5.866  -11.929  49.490 0.0000000000
76966  -45.363  6.333  40.882 0.0000000000
73899  -40.860  3.673  38.388 0.0000000000
73898  -40.093  3.132  38.211 0.0000000000
74936  -41.713  3.961  36.854 0.0000000000
75964  -42.366  5.051  38.015 0.0000000000
75966  -43.673  5.991  37.496 0.0000000000
55545  -12.679  -12.378  59.849 0.0000000000
54454  -10.955  -13.866  57.254 0.0000000000
53344  -10.947  -14.232  56.705 0.0000000000
53444  -15.468  -14.133  48.939 0.0000000000
53443  -14.870  -14.442  49.264 0.0000000000
53426  -14.936  -14.283  50.256 0.0000000000
53442  -14.119  -14.899  49.717 0.0000000000
53425  -14.265  -14.884  50.741 0.0000000000
52324  -13.692  -15.328  51.318 0.0000000000
52323  -12.956  -15.491  51.749 0.0000000000
52352  -12.808  -16.375  50.908 0.0000000000
53441  -12.515  -16.799  50.862 0.0000000000
62494  -6.190  -6.892  46.803 0.0000000000
61423  -5.683  -7.252  46.257 0.0000000000
59421  -3.629  -9.477  45.008 0.0000000000
53573  -6.609  -15.361  42.529 0.0000000000
53589  -6.419  -15.147  42.074 0.0000000000
52521  -5.912  -15.257  41.259 0.0000000000
52540  -5.712  -15.291  40.838 0.0000000000
51452  -5.537  -16.046  40.405 0.0000000000
53620  -4.947  -14.390  39.939 0.0000000000
53619  -4.202  -14.286  39.634 0.0000000000
54695  -3.594  -14.326  38.722 0.0000000000
59291  -11.300  -9.739  55.497 0.0000000000
56873  -10.263  -11.191  55.013 0.0000000000
55643  -9.618  -12.432  53.829 0.0000000000
55583  -3.688  -12.928  56.765 0.0000000000
55582  -3.444  -12.808  56.077 0.0000000000
55581  -3.060  -12.811  55.597 0.0000000000
56843  -2.302  -12.515  55.414 0.0000000000
125341  -1.617  -14.085  55.398 0.0000000000
125335  -1.484  -13.482  55.163 0.0000000000
55622  -1.950  -12.590  55.049 0.0000000000
125331  -2.047  -12.666  54.774 0.0000000000
125327  -2.591  -12.918  54.110 0.0000000000
125319  -2.769  -13.429  53.126 0.0000000000
52289  -2.589  -14.879  53.124 0.0000000000
51298  -2.890  -16.016  52.609 0.0000000000
51297  -2.281  -16.210  52.895 0.0000000000
60460  -34.464  -7.958  48.078 0.0000000000
59410  -34.048  -9.283  48.844 0.0000000000
59406  -35.801  -9.053  49.854 0.0000000000
59411  -34.741  -8.843  48.976 0.0000000000
63486  -35.865  -6.458  48.297 0.0000000000
62465  -37.280  -6.796  48.750 0.0000000000
54447  -30.129  -14.601  57.257 0.0000000000
53366  -31.336  -13.637  55.574 0.0000000000
54486  -30.963  -13.595  54.806 0.0000000000
54477  -30.838  -13.873  55.248 0.0000000000
52301  -29.091  -14.734  53.692 0.0000000000
52317  -28.746  -14.757  53.322 0.0000000000
53416  -27.358  -13.921  51.837 0.0000000000
54523  -28.062  -13.546  51.638 0.0000000000
54539  -26.821  -13.727  50.731 0.0000000000
77096  -48.640  6.185  31.585 0.0000000000
77094  -47.468  6.488  31.481 0.0000000000
76047  -47.361  6.627  31.052 0.0000000000
80155  -47.869  9.121  31.286 0.0000000000
74886  -43.792  4.545  41.222 0.0000000000
74873  -43.365  4.125  41.408 0.0000000000
71565  -43.145  1.466  43.439 0.0000000000
74896  -42.210  3.337  39.707 0.0000000000
74884  -42.509  3.806  40.439 0.0000000000
54519  -20.557  -13.270  51.838 0.0000000000
55703  -20.130  -12.886  52.001 0.0000000000
54569  -18.559  -12.425  48.399 0.0000000000
54551  -16.968  -13.101  49.207 0.0000000000
54566  -15.856  -13.978  48.224 0.0000000000
63556  -2.797  -5.651  43.453 0.0000000000
62580  -2.697  -7.020  41.829 0.0000000000
60493  -3.073  -7.965  41.968 0.0000000000
55821  -4.206  -12.269  45.288 0.0000000000
55820  -3.644  -12.332  45.250 0.0000000000
55801  -3.107  -13.265  45.522 0.0000000000
52447  -3.124  -15.532  44.303 0.0000000000
52474  -4.522  -15.434  44.200 0.0000000000
53557  -5.632  -15.301  43.813 0.0000000000
53517  -6.220  -15.309  45.905 0.0000000000
52428  -6.522  -15.426  45.414 0.0000000000
51383  -7.771  -16.164  44.348 0.0000000000
52450  -6.138  -15.450  44.492 0.0000000000
53538  -5.447  -15.438  44.286 0.0000000000
52475  -6.448  -15.509  43.410 0.0000000000
52497  -6.545  -15.434  42.862 0.0000000000
53590  -6.912  -15.416  42.212 0.0000000000
50494  -6.666  -17.285  40.789 0.0000000000
125396  -7.317  -18.166  41.209 0.0000000000
49571  -6.662  -17.977  40.638 0.0000000000
49569  -5.251  -18.697  40.007 0.0000000000
58036  -7.738  -11.340  59.577 0.0000000000
56809  -6.981  -11.615  59.040 0.0000000000
55586  -6.736  -12.249  58.794 0.0000000000
56807  -4.362  -12.495  58.889 0.0000000000
53315  -5.972  -14.117  57.817 0.0000000000
54433  -5.557  -14.219  57.522 0.0000000000
125340  -4.876  -14.760  56.498 0.0000000000
125349  -4.952  -14.204  56.442 0.0000000000
54432  -4.899  -13.490  57.420 0.0000000000
125359  -3.906  -13.174  58.009 0.0000000000
125358  -3.732  -13.423  56.769 0.0000000000
125357  -2.432  -14.571  56.152 0.0000000000
125360  -1.913  -15.322  56.292 0.0000000000
52256  -2.170  -15.669  55.805 0.0000000000
66687  -38.964  -2.333  43.585 0.0000000000
67876  -39.419  -2.341  43.755 0.0000000000
67894  -38.920  -2.218  43.978 0.0000000000
61429  -33.550  -7.568  46.351 0.0000000000
62528  -33.484  -5.975  44.668 0.0000000000
63605  -37.743  -5.431  40.195 0.0000000000
64607  -37.566  -4.697  41.068 0.0000000000
64612  -36.792  -4.108  40.943 0.0000000000
66717  -36.906  -2.550  41.964 0.0000000000
66710  -37.542  -2.319  42.768 0.0000000000
52234  -22.805  -15.407  56.658 0.0000000000
53348  -21.882  -15.216  56.217 0.0000000000
53387  -21.399  -14.307  53.770 0.0000000000
54493  -21.801  -13.314  52.407 0.0000000000
52240  -28.828  -15.877  57.627 0.0000000000
52239  -27.915  -16.217  57.600 0.0000000000
52251  -26.416  -16.092  56.591 0.0000000000
52281  -26.827  -15.415  54.839 0.0000000000
52262  -24.421  -15.742  55.239 0.0000000000
52277  -23.428  -15.307  54.252 0.0000000000
52312  -23.191  -15.338  52.814 0.0000000000
52295  -23.005  -15.232  53.606 0.0000000000
53400  -21.209  -13.662  52.340 0.0000000000
53412  -20.906  -13.630  52.082 0.0000000000
54537  -20.659  -13.619  50.792 0.0000000000
54571  -20.195  -13.274  48.637 0.0000000000
83247  -48.369  11.856  27.314 0.0000000000
82285  -49.169  12.011  26.244 0.0000000000
57011  -4.692  -12.215  45.424 0.0000000000
55781  -3.395  -13.327  46.412 0.0000000000
55782  -4.034  -12.723  46.614 0.0000000000
54565  -3.390  -12.980  48.086 0.0000000000
55748  -2.888  -12.746  48.936 0.0000000000
53456  -2.938  -14.284  48.174 0.0000000000
53477  -5.332  -15.339  47.661 0.0000000000
53458  -5.894  -15.475  47.942 0.0000000000
48508  -7.122  -18.416  48.266 0.0000000000
78102  -48.499  6.913  36.739 0.0000000000
75910  -44.665  4.880  42.023 0.0000000000
67895  -39.984  -2.247  43.892 0.0000000000
74948  -41.632  4.011  34.788 0.0000000000
74949  -42.102  4.558  34.462 0.0000000000
74964  -42.112  4.554  33.583 0.0000000000
74965  -42.847  4.473  33.438 0.0000000000
74982  -42.962  4.320  32.597 0.0000000000
74966  -43.701  4.295  33.384 0.0000000000
76011  -45.081  5.363  33.888 0.0000000000
76012  -45.455  5.403  33.836 0.0000000000
75988  -45.986  5.610  35.219 0.0000000000
55526  -8.249  -11.563  60.758 0.0000000000
54398  -7.428  -12.962  59.906 0.0000000000
54435  -7.725  -13.773  57.994 0.0000000000
54401  -9.772  -12.924  59.584 0.0000000000
54437  -9.787  -13.841  58.184 0.0000000000
54418  -9.374  -13.679  58.831 0.0000000000
125321  -6.820  -15.318  54.896 0.0000000000
125312  -7.410  -15.791  55.573 0.0000000000
125320  -6.826  -15.268  54.431 0.0000000000
50386  -6.995  -17.896  53.736 0.0000000000
55687  -19.347  -13.259  52.988 0.0000000000
55686  -18.731  -12.588  52.949 0.0000000000
55670  -18.875  -12.894  53.808 0.0000000000
55648  -17.439  -12.414  54.685 0.0000000000
54535  -16.026  -13.860  50.512 0.0000000000
54517  -16.125  -13.401  51.258 0.0000000000
55683  -15.899  -12.642  52.209 0.0000000000
53398  -14.990  -13.601  51.854 0.0000000000
55630  -18.080  -12.445  55.619 0.0000000000
55629  -16.991  -12.373  55.706 0.0000000000
56833  -15.532  -12.391  57.215 0.0000000000
56831  -14.297  -12.032  57.375 0.0000000000
55625  -12.686  -13.038  55.859 0.0000000000
54456  -12.265  -13.523  56.116 0.0000000000
54468  -11.654  -14.102  55.857 0.0000000000
125325  -11.091  -14.448  55.518 0.0000000000
125282  -12.431  -15.680  52.104 0.0000000000
52308  -12.354  -15.661  52.802 0.0000000000
125304  -11.909  -15.903  53.100 0.0000000000
125305  -11.370  -15.722  53.699 0.0000000000
62490  -2.181  -6.615  46.848 0.0000000000
61421  -3.312  -7.352  46.418 0.0000000000
62513  -2.283  -6.718  45.952 0.0000000000
60492  -2.715  -8.472  42.073 0.0000000000
60502  -2.841  -8.861  41.742 0.0000000000
57010  -2.906  -12.347  45.190 0.0000000000
57055  -1.218  -11.540  43.562 0.0000000000
53571  -4.622  -14.666  42.848 0.0000000000
53570  -3.611  -14.445  42.853 0.0000000000
54654  -2.916  -13.764  42.821 0.0000000000
54653  -1.997  -12.774  42.979 0.0000000000
54667  -1.586  -11.976  43.194 0.0000000000
57073  -1.560  -11.426  42.901 0.0000000000
58271  -1.956  -10.847  42.479 0.0000000000
59452  -3.080  -9.428  41.476 0.0000000000
58313  -4.734  -11.492  39.788 0.0000000000
59391  -8.154  -10.034  51.550 0.0000000000
58098  -8.002  -11.110  56.717 0.0000000000
56850  -8.870  -11.498  55.888 0.0000000000
56871  -8.614  -11.557  55.159 0.0000000000
56891  -8.289  -11.221  54.822 0.0000000000
58093  -4.253  -11.994  56.499 0.0000000000
58094  -4.606  -11.611  55.971 0.0000000000
56868  -3.731  -11.116  55.362 0.0000000000
58111  -4.110  -10.666  55.225 0.0000000000
58113  -6.313  -11.192  55.410 0.0000000000
56890  -7.408  -11.106  55.046 0.0000000000
59308  -7.690  -10.152  53.970 0.0000000000
59332  -7.513  -10.114  53.382 0.0000000000
58167  -7.553  -10.315  52.391 0.0000000000
58174  -7.777  -10.392  51.668 0.0000000000
56935  -5.189  -11.869  50.913 0.0000000000
56922  -4.667  -12.038  51.616 0.0000000000
56934  -4.839  -12.106  51.002 0.0000000000
54515  -4.224  -14.307  50.692 0.0000000000
54501  -3.018  -13.169  52.587 0.0000000000
125283  -4.141  -15.323  52.430 0.0000000000
125270  -4.980  -15.299  50.448 0.0000000000
125253  -5.842  -17.344  50.375 0.0000000000
125248  -6.789  -18.291  48.912 0.0000000000
48496  -6.795  -18.742  48.597 0.0000000000
47474  -6.247  -19.687  47.937 0.0000000000
49430  -0.330  -18.974  54.165 0.0000000000
48448  0.307  -20.078  52.902 0.0000000000
48437  0.163  -19.428  52.973 0.0000000000
49449  -0.554  -18.782  52.141 0.0000000000
50399  -0.915  -18.592  51.674 0.0000000000
49459  -0.916  -18.469  50.962 0.0000000000
48467  -0.874  -19.730  50.839 0.0000000000
49474  -1.111  -18.944  50.678 0.0000000000
50412  -1.239  -18.398  50.869 0.0000000000
50421  -2.240  -18.625  50.268 0.0000000000
49488  -2.672  -18.438  49.954 0.0000000000
46475  -2.363  -22.919  49.886 0.0000000000
48479  -3.103  -19.271  49.598 0.0000000000
48480  -4.044  -19.024  49.169 0.0000000000
48493  -4.590  -19.485  48.762 0.0000000000
47459  -5.640  -19.769  48.336 0.0000000000
44581  -4.968  -23.194  45.575 0.0000000000
44596  -4.730  -23.222  45.314 0.0000000000
47423  -0.053  -20.133  52.050 0.0000000000
47424  -0.448  -20.546  51.864 0.0000000000
47445  -2.966  -19.720  49.000 0.0000000000
47567  -7.104  -20.264  41.663 0.0000000000
48431  -0.345  -19.225  54.064 0.0000000000
48439  -0.147  -19.011  53.920 0.0000000000
48447  0.131  -19.695  52.531 0.0000000000
48466  -0.439  -19.543  51.165 0.0000000000
48469  -3.376  -18.850  49.838 0.0000000000
48507  -6.764  -19.115  48.309 0.0000000000
49437  -0.113  -19.057  52.899 0.0000000000
49439  -0.485  -18.988  53.976 0.0000000000
49458  -0.574  -18.775  51.235 0.0000000000
49478  -5.404  -18.318  50.315 0.0000000000
49487  -2.511  -19.084  50.112 0.0000000000
49559  -6.375  -18.858  40.786 0.0000000000
50392  -1.155  -18.543  51.980 0.0000000000
50505  -6.671  -17.570  40.755 0.0000000000
51319  -22.424  -15.820  49.190 0.0000000000
51320  -22.807  -15.819  49.143 0.0000000000
51332  -22.985  -15.873  48.664 0.0000000000
51402  -8.205  -16.448  43.726 0.0000000000
51466  -7.156  -15.890  40.504 0.0000000000
51467  -7.537  -16.133  40.410 0.0000000000
51471  -3.809  -16.614  38.507 0.0000000000
52232  -8.886  -14.908  57.524 0.0000000000
52290  -7.194  -15.756  54.651 0.0000000000
52291  -12.156  -15.535  53.394 0.0000000000
52356  -22.682  -15.445  49.318 0.0000000000
52471  -2.809  -14.945  43.729 0.0000000000
52477  -7.802  -16.136  43.678 0.0000000000
52522  -6.406  -15.295  41.424 0.0000000000
52561  -7.617  -15.677  40.505 0.0000000000
52562  -7.482  -16.046  40.894 0.0000000000
53317  -8.732  -13.735  57.889 0.0000000000
53335  -29.831  -15.410  57.201 0.0000000000
53342  -9.714  -14.543  57.369 0.0000000000
53355  -6.545  -15.459  54.778 0.0000000000
53370  -13.640  -14.478  53.768 0.0000000000
53375  -29.552  -14.157  54.529 0.0000000000
53376  -31.120  -13.793  55.301 0.0000000000
53377  -31.247  -13.563  55.153 0.0000000000
53384  -14.905  -13.584  52.074 0.0000000000
53399  -21.019  -13.231  52.391 0.0000000000
53401  -21.690  -14.388  52.450 0.0000000000
53404  -28.603  -14.426  52.867 0.0000000000
53423  -12.208  -16.470  51.516 0.0000000000
53424  -12.433  -16.596  51.218 0.0000000000
53431  -23.054  -14.771  49.966 0.0000000000
53439  -4.481  -15.179  49.790 0.0000000000
53476  -5.040  -15.121  47.828 0.0000000000
53494  -6.457  -15.298  46.152 0.0000000000
53496  -7.198  -15.632  46.385 0.0000000000
53518  -6.733  -15.523  45.923 0.0000000000
53519  -7.069  -15.818  46.112 0.0000000000
53554  -3.099  -14.548  43.380 0.0000000000
53569  -3.195  -14.282  43.010 0.0000000000
54396  -3.744  -13.274  59.453 0.0000000000
54397  -3.877  -13.128  59.541 0.0000000000
54431  -3.336  -13.233  55.687 0.0000000000
54446  -29.926  -14.928  57.220 0.0000000000
54451  -5.457  -14.482  57.332 0.0000000000
54452  -8.074  -14.187  57.538 0.0000000000
54453  -8.290  -14.281  57.487 0.0000000000
54462  -29.805  -14.472  57.083 0.0000000000
54463  -30.093  -14.236  57.086 0.0000000000
54467  -11.112  -14.384  55.926 0.0000000000
54483  -22.667  -12.889  52.405 0.0000000000
54484  -22.739  -13.110  52.516 0.0000000000
54494  -22.129  -13.266  52.447 0.0000000000
54502  -15.103  -13.653  51.638 0.0000000000
54506  -21.528  -12.792  52.307 0.0000000000
54507  -21.831  -13.001  52.099 0.0000000000
54520  -21.668  -12.546  52.183 0.0000000000
54521  -21.814  -12.603  51.993 0.0000000000
54532  -5.461  -11.810  49.734 0.0000000000
54548  -5.315  -11.664  49.580 0.0000000000
54549  -5.497  -11.801  49.480 0.0000000000
54559  -26.895  -13.288  50.346 0.0000000000
54652  -1.658  -12.216  43.206 0.0000000000
54668  -1.974  -12.033  42.962 0.0000000000
55524  -7.144  -11.833  60.878 0.0000000000
55537  -3.498  -13.033  59.563 0.0000000000
55538  -4.083  -12.883  59.518 0.0000000000
55558  -3.305  -12.977  58.874 0.0000000000
55559  -4.685  -12.960  58.777 0.0000000000
55623  -8.783  -11.792  54.551 0.0000000000
55624  -9.027  -12.189  54.428 0.0000000000
55642  -8.791  -12.186  53.935 0.0000000000
55644  -10.307  -12.333  53.575 0.0000000000
55652  -22.877  -12.861  52.521 0.0000000000
55653  -23.059  -13.085  52.590 0.0000000000
55659  -33.213  -11.960  54.880 0.0000000000
55662  -8.954  -12.077  53.592 0.0000000000
55663  -9.281  -12.157  53.426 0.0000000000
55664  -9.943  -12.402  53.030 0.0000000000
55672  -22.451  -12.589  52.531 0.0000000000
55673  -22.700  -12.870  52.323 0.0000000000
55680  -33.220  -11.925  54.556 0.0000000000
55688  -21.903  -12.354  52.312 0.0000000000
55689  -22.268  -12.424  52.161 0.0000000000
55696  -4.640  -12.245  51.061 0.0000000000
55697  -16.569  -12.360  51.112 0.0000000000
55704  -21.713  -12.402  52.106 0.0000000000
55705  -21.957  -12.356  51.975 0.0000000000
55716  -5.779  -11.927  49.899 0.0000000000
55717  -16.673  -12.205  50.924 0.0000000000
55723  -20.120  -12.811  51.452 0.0000000000
55848  -1.283  -12.008  43.219 0.0000000000
56783  -7.472  -11.691  60.673 0.0000000000
56794  -3.329  -12.705  59.236 0.0000000000
56795  -3.677  -12.633  59.325 0.0000000000
56806  -3.580  -12.455  58.626 0.0000000000
56821  -2.610  -12.433  55.711 0.0000000000
56829  -7.611  -11.379  58.110 0.0000000000
56864  -2.164  -12.398  55.160 0.0000000000
56866  -2.761  -11.305  55.228 0.0000000000
56874  -13.498  -12.362  55.926 0.0000000000
56889  -4.182  -10.886  54.192 0.0000000000
56892  -10.175  -12.287  54.051 0.0000000000
56893  -10.449  -11.776  54.054 0.0000000000
56905  -8.871  -11.639  53.727 0.0000000000
56906  -9.617  -11.702  53.029 0.0000000000
56907  -10.464  -11.837  53.193 0.0000000000
56917  -7.241  -10.628  52.493 0.0000000000
56926  -16.505  -11.749  50.924 0.0000000000
56927  -16.498  -11.801  51.132 0.0000000000
56928  -16.508  -12.020  51.308 0.0000000000
56939  -16.565  -11.946  50.810 0.0000000000
56940  -16.735  -12.175  50.976 0.0000000000
56976  -8.983  -10.906  47.801 0.0000000000
58035  -7.215  -11.422  59.401 0.0000000000
58052  -7.120  -11.332  59.184 0.0000000000
58053  -7.333  -11.186  59.117 0.0000000000
58071  -2.454  -12.135  56.015 0.0000000000
58072  -2.416  -11.888  56.039 0.0000000000
58077  -7.443  -11.299  57.485 0.0000000000
58091  -2.353  -12.188  55.638 0.0000000000
58092  -2.332  -11.945  55.698 0.0000000000
58107  -2.281  -12.251  55.398 0.0000000000
58108  -2.272  -12.022  55.348 0.0000000000
58109  -3.143  -10.908  54.998 0.0000000000
58114  -7.005  -11.187  55.111 0.0000000000
58116  -9.461  -10.058  54.996 0.0000000000
58117  -10.291  -10.351  55.342 0.0000000000
58134  -9.340  -10.498  54.391 0.0000000000
58135  -10.286  -10.873  54.389 0.0000000000
58145  -3.461  -10.043  53.827 0.0000000000
58146  -3.925  -10.139  53.558 0.0000000000
58152  -10.381  -11.451  53.727 0.0000000000
58168  -16.428  -11.519  51.026 0.0000000000
58169  -16.163  -11.382  51.079 0.0000000000
58170  -16.363  -11.549  51.174 0.0000000000
58177  -16.480  -11.698  50.883 0.0000000000
58178  -16.532  -11.550  50.986 0.0000000000
58179  -16.513  -11.750  51.213 0.0000000000
59285  -3.875  -9.978  54.724 0.0000000000
59287  -4.627  -10.145  54.511 0.0000000000
59305  -3.636  -9.878  54.250 0.0000000000
59307  -4.457  -9.810  54.217 0.0000000000
59329  -3.675  -9.789  53.829 0.0000000000
59331  -4.262  -9.664  53.992 0.0000000000
59407  -36.156  -8.827  49.922 0.0000000000
60436  -36.025  -8.662  50.507 0.0000000000
60437  -36.191  -8.608  50.156 0.0000000000
60455  -36.255  -8.137  49.371 0.0000000000
60483  -2.435  -9.571  43.222 0.0000000000
61377  -36.133  -8.392  50.367 0.0000000000
61410  -36.922  -7.541  49.170 0.0000000000
61419  -36.022  -6.851  47.013 0.0000000000
61479  -2.721  -7.310  41.881 0.0000000000
62462  -35.568  -7.087  48.295 0.0000000000
62463  -35.778  -7.020  48.450 0.0000000000
62468  -1.813  -6.163  47.162 0.0000000000
62483  -35.658  -7.027  48.114 0.0000000000
62484  -35.668  -6.935  47.920 0.0000000000
62506  -34.693  -6.814  46.030 0.0000000000
62511  -39.052  -5.862  45.912 0.0000000000
62512  -1.986  -6.493  46.570 0.0000000000
62553  -37.628  -6.170  43.728 0.0000000000
63485  -35.648  -6.807  48.218 0.0000000000
63487  -36.182  -6.211  48.109 0.0000000000
63501  -35.514  -6.843  48.092 0.0000000000
63502  -35.685  -6.433  47.986 0.0000000000
63503  -35.945  -6.195  47.742 0.0000000000
63504  -39.162  -5.500  46.917 0.0000000000
63505  -39.053  -5.672  46.356 0.0000000000
63527  -2.326  -6.495  45.434 0.0000000000
63538  -37.990  -5.618  44.536 0.0000000000
63555  -38.265  -5.919  44.044 0.0000000000
63565  -38.005  -5.942  43.888 0.0000000000
63595  -38.126  -5.093  40.654 0.0000000000
63596  -38.170  -4.826  40.401 0.0000000000
63606  -38.120  -4.978  40.055 0.0000000000
64511  -35.738  -6.228  48.196 0.0000000000
64512  -36.033  -6.068  48.220 0.0000000000
64528  -35.534  -6.143  48.234 0.0000000000
64529  -35.546  -6.292  48.111 0.0000000000
64549  -38.884  -5.542  46.258 0.0000000000
64608  -37.975  -4.683  40.631 0.0000000000
64614  -37.682  -4.555  40.164 0.0000000000
65610  -36.151  -3.179  46.366 0.0000000000
65655  -37.104  -4.354  39.691 0.0000000000
65658  -37.071  -2.900  39.602 0.0000000000
65668  -37.495  -4.004  39.015 0.0000000000
66665  -36.027  -2.712  46.564 0.0000000000
66688  -39.398  -2.370  43.431 0.0000000000
66689  -39.653  -2.347  43.330 0.0000000000
66702  -38.984  -2.370  43.072 0.0000000000
66703  -39.632  -2.342  43.059 0.0000000000
66713  -39.974  -2.209  42.624 0.0000000000
66721  -40.167  -1.832  42.475 0.0000000000
66749  -37.635  -3.600  38.896 0.0000000000
67849  -35.924  -2.084  45.935 0.0000000000
67877  -39.762  -2.347  43.559 0.0000000000
67878  -39.863  -2.343  43.339 0.0000000000
67903  -40.273  -2.061  43.039 0.0000000000
67911  -40.142  -1.658  42.853 0.0000000000
69100  -38.588  -1.472  43.880 0.0000000000
72823  -47.195  3.460  33.824 0.0000000000
72824  -47.477  3.471  33.803 0.0000000000
72843  -48.256  3.113  32.872 0.0000000000
72844  -48.693  3.572  32.727 0.0000000000
72873  -47.751  4.186  32.490 0.0000000000
73885  -42.968  3.992  38.986 0.0000000000
73902  -42.752  3.923  38.842 0.0000000000
73940  -46.877  3.829  33.978 0.0000000000
73943  -48.812  4.068  33.639 0.0000000000
73955  -47.823  3.544  33.826 0.0000000000
73957  -49.048  3.780  33.090 0.0000000000
73958  -49.446  4.168  32.786 0.0000000000
73971  -49.426  4.256  32.581 0.0000000000
74883  -42.246  3.490  39.965 0.0000000000
74956  -49.859  5.000  33.381 0.0000000000
74968  -47.524  5.245  33.932 0.0000000000
74969  -47.748  5.517  33.871 0.0000000000
74972  -50.103  4.985  33.024 0.0000000000
74984  -49.318  4.412  32.420 0.0000000000
74985  -49.662  4.644  32.544 0.0000000000
74998  -49.851  5.088  31.783 0.0000000000
74999  -50.127  5.488  31.988 0.0000000000
75007  -47.036  4.324  32.597 0.0000000000
75936  -44.163  5.360  40.100 0.0000000000
75995  -43.309  4.596  34.456 0.0000000000
76003  -49.479  5.443  33.448 0.0000000000
76014  -47.868  5.703  34.009 0.0000000000
76023  -43.257  4.469  34.234 0.0000000000
76024  -43.512  4.209  34.313 0.0000000000
76025  -49.536  6.324  33.381 0.0000000000
76027  -49.972  5.714  32.344 0.0000000000
76035  -50.277  5.880  31.917 0.0000000000
76049  -50.142  5.873  31.056 0.0000000000
77040  -44.056  4.213  34.518 0.0000000000
77046  -43.763  4.018  34.455 0.0000000000
77047  -44.070  3.818  34.367 0.0000000000
77049  -49.655  5.970  32.853 0.0000000000
77050  -49.770  5.941  32.546 0.0000000000
77056  -43.432  4.414  34.418 0.0000000000
77057  -43.546  4.015  34.367 0.0000000000
77060  -50.109  6.105  32.146 0.0000000000
77070  -50.269  6.146  31.878 0.0000000000
77084  -50.002  6.297  30.973 0.0000000000
78133  -47.906  7.794  32.018 0.0000000000
79157  -48.107  7.539  32.426 0.0000000000
82286  -49.930  12.204  26.131 0.0000000000
83252  -49.298  12.902  26.030 0.0000000000
83253  -49.776  12.618  26.136 0.0000000000
125250  -5.719  -17.865  50.236 0.0000000000
125275  -11.621  -17.408  50.740 0.0000000000
125295  -7.852  -17.479  54.008 0.0000000000
125296  -7.421  -15.397  54.366 0.0000000000
125303  -11.656  -15.643  53.603 0.0000000000
125309  -7.285  -15.402  54.654 0.0000000000
125333  -5.616  -15.446  57.256 0.0000000000
125336  -1.627  -12.962  55.000 0.0000000000
125343  -1.892  -12.914  55.253 0.0000000000
125344  -5.231  -14.382  57.054 0.0000000000
125353  -2.525  -13.026  55.362 0.0000000000
125354  -4.960  -13.877  56.652 0.0000000000
125397  -7.148  -17.554  41.159 0.0000000000
125398  -7.320  -16.285  40.626 0.0000000000
125399  -7.404  -16.411  40.937 0.0000000000
125497  -3.941  -13.572  39.901 0.0000000000
125499  -3.978  -13.320  40.010 0.0000000000
125762  -45.215  5.210  33.404 0.0000000000
125763  -46.859  3.874  32.922 0.0000000000
125859  -43.468  4.665  34.626 0.0000000000
