#!ascii label  , from subject 3188 vox2ras=TkReg
324
69950  -31.446  -0.986  -15.457 0.0000000000
71240  -27.768  1.890  -20.527 0.0000000000
81880  -25.800  11.527  -21.951 0.0000000000
79783  -28.294  8.754  -22.584 0.0000000000
77785  -30.801  6.638  -20.622 0.0000000000
125711  -32.540  3.866  -16.472 0.0000000000
83805  -25.102  12.730  -21.496 0.0000000000
78810  -29.103  7.906  -22.131 0.0000000000
75709  -27.576  4.917  -21.474 0.0000000000
72438  -29.348  0.798  -17.813 0.0000000000
125658  -30.569  2.972  -18.435 0.0000000000
72420  -32.161  1.855  -16.815 0.0000000000
64283  -27.882  -5.800  -14.707 0.0000000000
68677  -28.704  -1.968  -16.880 0.0000000000
89911  -25.864  18.622  -24.554 0.0000000000
87829  -26.287  16.169  -23.970 0.0000000000
85760  -26.882  14.607  -24.284 0.0000000000
85761  -27.482  14.410  -23.998 0.0000000000
84776  -28.630  12.953  -23.462 0.0000000000
80814  -27.167  9.782  -22.498 0.0000000000
82867  -29.261  11.800  -23.086 0.0000000000
82845  -29.468  11.063  -20.700 0.0000000000
80785  -31.223  9.166  -19.687 0.0000000000
79752  -32.987  8.778  -19.644 0.0000000000
125686  -29.179  3.665  -20.320 0.0000000000
76736  -32.038  5.618  -18.962 0.0000000000
76762  -27.183  5.786  -21.521 0.0000000000
75701  -26.437  4.581  -21.435 0.0000000000
71173  -30.506  0.094  -16.443 0.0000000000
72418  -30.615  1.079  -17.505 0.0000000000
69961  -31.665  0.205  -16.009 0.0000000000
60208  -29.372  -9.659  -13.212 0.0000000000
61197  -29.415  -8.394  -13.715 0.0000000000
62252  -29.859  -7.594  -13.589 0.0000000000
68714  -28.245  -1.369  -18.329 0.0000000000
67510  -27.768  -2.590  -17.556 0.0000000000
86814  -26.611  15.225  -25.014 0.0000000000
82857  -25.508  11.947  -21.772 0.0000000000
84754  -27.067  13.209  -23.069 0.0000000000
83808  -27.293  12.523  -22.934 0.0000000000
84766  -27.670  13.326  -23.484 0.0000000000
83815  -27.851  12.386  -23.490 0.0000000000
80815  -28.094  9.856  -23.182 0.0000000000
81889  -28.205  10.836  -23.651 0.0000000000
81884  -29.065  10.422  -23.114 0.0000000000
82854  -29.277  11.281  -21.470 0.0000000000
80817  -29.147  9.687  -22.118 0.0000000000
77797  -29.766  6.892  -21.214 0.0000000000
79776  -30.300  8.627  -21.497 0.0000000000
79750  -30.798  8.270  -19.959 0.0000000000
80786  -32.417  9.098  -19.421 0.0000000000
78775  -31.096  7.655  -19.846 0.0000000000
125657  -27.714  1.867  -21.252 0.0000000000
74696  -28.161  3.045  -22.864 0.0000000000
125677  -28.128  2.463  -21.495 0.0000000000
125705  -31.539  3.909  -18.272 0.0000000000
75674  -31.259  4.748  -18.982 0.0000000000
76720  -32.181  4.640  -18.215 0.0000000000
76737  -32.621  6.465  -18.656 0.0000000000
76706  -33.108  5.277  -16.705 0.0000000000
65289  -29.521  -5.543  -14.079 0.0000000000
65315  -28.465  -4.341  -15.294 0.0000000000
65316  -29.235  -3.655  -14.795 0.0000000000
66327  -29.582  -3.032  -15.330 0.0000000000
77803  -27.128  7.212  -22.259 0.0000000000
79784  -29.077  8.751  -22.346 0.0000000000
77804  -27.511  6.688  -22.188 0.0000000000
77796  -29.036  6.562  -21.605 0.0000000000
76763  -28.921  5.751  -21.313 0.0000000000
72455  -29.382  1.054  -18.929 0.0000000000
72469  -29.111  2.253  -19.276 0.0000000000
73567  -30.292  2.026  -17.872 0.0000000000
125708  -31.683  2.319  -17.334 0.0000000000
125704  -32.187  2.648  -16.982 0.0000000000
63271  -29.339  -6.639  -13.810 0.0000000000
71200  -28.312  0.290  -18.978 0.0000000000
71201  -28.586  -0.018  -18.516 0.0000000000
69971  -29.229  -0.855  -17.457 0.0000000000
68679  -29.993  -1.228  -16.357 0.0000000000
90988  -25.198  19.258  -25.726 0.0000000000
88876  -26.073  17.460  -22.697 0.0000000000
88895  -26.243  16.997  -25.182 0.0000000000
86841  -26.744  16.581  -26.409 0.0000000000
86842  -27.525  15.978  -26.177 0.0000000000
87852  -27.902  16.439  -25.457 0.0000000000
84753  -26.559  13.771  -22.860 0.0000000000
85779  -27.293  14.870  -24.794 0.0000000000
86829  -28.070  15.694  -24.252 0.0000000000
86816  -28.407  15.444  -23.602 0.0000000000
85762  -28.564  14.138  -23.441 0.0000000000
85745  -29.406  13.959  -22.950 0.0000000000
81882  -27.025  10.851  -22.308 0.0000000000
82865  -27.898  11.567  -23.845 0.0000000000
82875  -29.096  12.233  -23.361 0.0000000000
84755  -28.912  13.376  -22.534 0.0000000000
84739  -28.740  13.314  -21.470 0.0000000000
83776  -30.030  11.690  -19.397 0.0000000000
80808  -29.924  9.396  -21.649 0.0000000000
81865  -30.364  10.006  -20.437 0.0000000000
75714  -27.596  3.692  -22.843 0.0000000000
125687  -28.918  4.672  -20.829 0.0000000000
76752  -30.320  5.716  -20.558 0.0000000000
125700  -30.291  3.502  -19.222 0.0000000000
75690  -30.550  4.964  -19.835 0.0000000000
76753  -31.240  5.870  -20.334 0.0000000000
77769  -32.356  7.157  -19.305 0.0000000000
78762  -33.553  7.854  -18.618 0.0000000000
67483  -28.837  -2.695  -16.095 0.0000000000
68666  -29.637  -1.966  -15.827 0.0000000000
68668  -30.963  -1.644  -15.345 0.0000000000
69960  -31.107  -0.037  -15.823 0.0000000000
69951  -31.806  -0.057  -15.424 0.0000000000
60209  -30.223  -9.661  -13.195 0.0000000000
60225  -29.871  -9.184  -13.653 0.0000000000
82858  -25.943  11.942  -22.439 0.0000000000
83807  -26.597  12.670  -22.613 0.0000000000
82859  -26.740  11.821  -22.545 0.0000000000
79782  -27.493  8.775  -22.446 0.0000000000
80816  -28.844  9.669  -22.917 0.0000000000
77798  -30.392  7.027  -20.953 0.0000000000
78802  -30.309  7.709  -21.140 0.0000000000
78787  -30.783  7.616  -20.546 0.0000000000
78774  -30.757  7.862  -20.088 0.0000000000
78788  -31.041  7.168  -20.368 0.0000000000
76721  -32.860  5.448  -17.822 0.0000000000
65299  -29.222  -4.790  -14.403 0.0000000000
77794  -26.489  6.697  -21.898 0.0000000000
75702  -26.908  4.979  -21.260 0.0000000000
76768  -27.848  6.042  -21.616 0.0000000000
76769  -28.407  5.790  -21.610 0.0000000000
73587  -29.182  1.027  -18.369 0.0000000000
73588  -29.468  1.452  -18.290 0.0000000000
73566  -29.877  1.269  -17.741 0.0000000000
72419  -31.452  1.378  -17.008 0.0000000000
125714  -32.275  2.164  -16.876 0.0000000000
125719  -32.675  2.481  -16.364 0.0000000000
125715  -32.704  2.091  -16.389 0.0000000000
59105  -28.958  -10.071  -12.607 0.0000000000
59104  -27.990  -10.357  -12.702 0.0000000000
64274  -29.944  -6.004  -13.879 0.0000000000
69970  -28.839  -1.246  -17.609 0.0000000000
69992  -28.670  -0.825  -18.017 0.0000000000
68692  -28.953  -1.417  -17.324 0.0000000000
69958  -29.844  -0.808  -16.744 0.0000000000
68678  -29.230  -1.682  -16.600 0.0000000000
126249  -24.982  19.602  -24.475 0.0000000000
88877  -26.260  17.142  -23.631 0.0000000000
126240  -25.870  17.315  -26.105 0.0000000000
126234  -26.064  16.964  -26.460 0.0000000000
126235  -26.243  16.886  -26.747 0.0000000000
87851  -26.622  15.875  -25.501 0.0000000000
86827  -27.026  15.401  -25.451 0.0000000000
84765  -27.113  13.808  -23.606 0.0000000000
85780  -27.461  14.905  -24.570 0.0000000000
86815  -27.709  15.065  -24.073 0.0000000000
84767  -28.291  13.090  -23.499 0.0000000000
85782  -28.833  13.417  -23.388 0.0000000000
85744  -29.013  14.722  -22.541 0.0000000000
85763  -29.053  13.542  -23.294 0.0000000000
80807  -26.448  9.578  -21.861 0.0000000000
81875  -26.687  10.138  -22.185 0.0000000000
81883  -27.658  10.722  -23.205 0.0000000000
81890  -28.800  10.930  -23.355 0.0000000000
82866  -28.691  11.799  -23.621 0.0000000000
83817  -29.247  12.630  -23.040 0.0000000000
83809  -29.012  12.495  -22.324 0.0000000000
83788  -29.264  11.959  -20.664 0.0000000000
83775  -29.559  11.815  -19.973 0.0000000000
82834  -29.878  10.989  -20.056 0.0000000000
79775  -29.548  8.455  -21.808 0.0000000000
80797  -30.591  9.470  -20.962 0.0000000000
81856  -30.661  10.056  -19.778 0.0000000000
82835  -30.321  10.891  -19.511 0.0000000000
80772  -33.824  9.227  -19.352 0.0000000000
74681  -26.858  3.556  -22.070 0.0000000000
125682  -28.134  3.827  -20.983 0.0000000000
75689  -29.624  4.891  -20.272 0.0000000000
125697  -30.144  2.464  -18.823 0.0000000000
125667  -29.781  2.820  -19.272 0.0000000000
125685  -30.217  3.133  -19.059 0.0000000000
76735  -31.474  5.438  -19.720 0.0000000000
76754  -32.080  6.004  -20.073 0.0000000000
77787  -31.897  6.675  -19.721 0.0000000000
76755  -32.168  6.369  -19.396 0.0000000000
76722  -33.244  6.425  -18.082 0.0000000000
76738  -32.941  6.858  -18.378 0.0000000000
78746  -33.404  7.587  -17.983 0.0000000000
66328  -30.096  -3.014  -15.130 0.0000000000
67485  -30.120  -2.410  -15.260 0.0000000000
67486  -30.524  -1.918  -15.215 0.0000000000
67472  -30.909  -2.287  -14.754 0.0000000000
76761  -26.536  5.658  -21.478 0.0000000000
71183  -29.842  0.024  -17.197 0.0000000000
72417  -30.048  0.745  -17.492 0.0000000000
71184  -30.551  0.589  -17.039 0.0000000000
71174  -31.261  0.629  -16.425 0.0000000000
72407  -31.827  1.014  -16.389 0.0000000000
72408  -32.456  1.390  -16.212 0.0000000000
71175  -32.171  0.521  -15.997 0.0000000000
71166  -32.521  0.341  -14.919 0.0000000000
62251  -28.919  -7.573  -13.880 0.0000000000
61198  -30.397  -8.449  -13.588 0.0000000000
68713  -27.558  -1.952  -18.463 0.0000000000
68690  -27.993  -2.201  -17.940 0.0000000000
68691  -28.488  -1.876  -17.564 0.0000000000
89903  -26.291  17.804  -23.278 0.0000000000
87841  -26.515  15.857  -24.815 0.0000000000
86804  -26.546  15.294  -24.151 0.0000000000
85743  -26.451  14.705  -23.427 0.0000000000
83806  -25.884  12.779  -22.141 0.0000000000
80823  -28.659  10.241  -23.298 0.0000000000
81891  -29.229  11.027  -22.908 0.0000000000
82861  -29.285  11.569  -22.288 0.0000000000
81885  -29.186  10.517  -22.322 0.0000000000
81876  -29.404  10.320  -21.479 0.0000000000
78801  -29.469  7.639  -21.526 0.0000000000
79762  -30.889  8.500  -20.813 0.0000000000
79751  -31.663  8.502  -19.550 0.0000000000
78776  -32.088  7.930  -19.471 0.0000000000
125676  -27.786  2.609  -22.675 0.0000000000
125699  -31.007  3.083  -17.978 0.0000000000
76707  -33.452  6.044  -17.309 0.0000000000
77723  -33.288  6.709  -16.761 0.0000000000
76691  -33.210  5.920  -16.313 0.0000000000
65298  -28.517  -5.213  -14.830 0.0000000000
66326  -28.777  -3.194  -15.799 0.0000000000
65317  -29.925  -3.365  -14.864 0.0000000000
78807  -26.896  7.791  -22.234 0.0000000000
78808  -27.642  7.769  -22.480 0.0000000000
78809  -28.490  7.600  -22.519 0.0000000000
78800  -28.890  7.234  -22.031 0.0000000000
77795  -26.897  6.233  -21.718 0.0000000000
77805  -28.429  6.576  -22.142 0.0000000000
77784  -30.059  6.343  -20.978 0.0000000000
72454  -28.908  0.724  -19.227 0.0000000000
125698  -30.527  2.584  -18.203 0.0000000000
74617  -30.852  2.519  -17.840 0.0000000000
125646  -32.017  2.981  -17.107 0.0000000000
125710  -32.499  2.870  -16.511 0.0000000000
125716  -32.687  3.105  -16.135 0.0000000000
72396  -33.342  1.424  -15.486 0.0000000000
59083  -28.550  -10.468  -11.814 0.0000000000
63270  -28.688  -6.876  -13.892 0.0000000000
63283  -28.784  -6.484  -14.029 0.0000000000
64284  -28.905  -5.895  -14.326 0.0000000000
64273  -29.468  -6.031  -14.085 0.0000000000
71222  -27.649  0.689  -19.632 0.0000000000
72437  -28.994  0.575  -18.526 0.0000000000
71202  -29.119  -0.131  -17.946 0.0000000000
71172  -30.172  -0.340  -16.616 0.0000000000
69959  -30.549  -0.780  -16.154 0.0000000000
89912  -26.454  17.928  -23.920 0.0000000000
88894  -25.648  17.970  -25.926 0.0000000000
126246  -25.746  17.566  -26.675 0.0000000000
86852  -27.196  16.583  -26.509 0.0000000000
87879  -27.104  17.116  -26.523 0.0000000000
87865  -27.552  16.822  -26.138 0.0000000000
86828  -27.599  15.518  -25.026 0.0000000000
87853  -28.081  16.387  -24.464 0.0000000000
81874  -26.299  10.415  -21.826 0.0000000000
81881  -26.219  11.267  -22.070 0.0000000000
82860  -27.496  11.651  -22.978 0.0000000000
83816  -28.317  12.355  -23.705 0.0000000000
83828  -28.776  12.507  -23.544 0.0000000000
84768  -29.163  13.213  -23.166 0.0000000000
83801  -29.034  12.257  -21.440 0.0000000000
84723  -29.262  12.950  -20.486 0.0000000000
84710  -29.481  12.396  -20.110 0.0000000000
84711  -29.873  12.804  -19.367 0.0000000000
81864  -29.931  10.130  -20.799 0.0000000000
80809  -30.379  9.198  -21.480 0.0000000000
80796  -30.168  9.658  -21.184 0.0000000000
80770  -31.966  9.559  -19.135 0.0000000000
75708  -27.062  4.044  -21.866 0.0000000000
75715  -27.304  3.823  -21.898 0.0000000000
74697  -27.850  3.354  -21.826 0.0000000000
75716  -27.662  4.042  -21.451 0.0000000000
75710  -28.414  4.851  -21.390 0.0000000000
125688  -28.952  5.186  -21.225 0.0000000000
76751  -29.351  5.663  -20.805 0.0000000000
125693  -29.928  4.238  -19.947 0.0000000000
77786  -31.439  6.742  -20.175 0.0000000000
77768  -31.690  7.233  -19.662 0.0000000000
78777  -33.167  8.147  -19.253 0.0000000000
77770  -32.953  7.306  -18.741 0.0000000000
67511  -28.267  -2.443  -17.220 0.0000000000
67484  -29.171  -2.414  -15.926 0.0000000000
68667  -30.215  -1.573  -15.776 0.0000000000
69949  -30.834  -1.266  -15.726 0.0000000000
66312  -30.524  -3.065  -14.733 0.0000000000
67471  -30.513  -2.568  -14.884 0.0000000000
67495  -28.122  -2.712  -17.055 0.0000000000
67496  -28.605  -2.509  -16.600 0.0000000000
67497  -28.955  -2.163  -16.333 0.0000000000
69993  -28.996  -0.593  -17.811 0.0000000000
71185  -31.003  0.899  -17.051 0.0000000000
72436  -28.679  0.411  -18.819 0.0000000000
74687  -27.223  3.357  -22.997 0.0000000000
74695  -27.801  3.293  -23.393 0.0000000000
75723  -28.089  3.581  -23.213 0.0000000000
75724  -27.811  3.543  -22.561 0.0000000000
75725  -27.532  3.610  -21.883 0.0000000000
77753  -33.166  7.175  -18.225 0.0000000000
77783  -29.555  6.155  -21.402 0.0000000000
79753  -33.841  8.881  -19.967 0.0000000000
79763  -33.634  9.152  -20.209 0.0000000000
79764  -33.779  9.280  -20.369 0.0000000000
80769  -31.546  9.536  -19.302 0.0000000000
80788  -33.882  9.375  -20.210 0.0000000000
80799  -33.777  9.467  -20.428 0.0000000000
80822  -28.415  10.445  -23.456 0.0000000000
81855  -30.256  10.434  -20.142 0.0000000000
82874  -28.927  12.296  -23.538 0.0000000000
83829  -29.052  12.650  -23.356 0.0000000000
84777  -28.969  13.052  -23.393 0.0000000000
85781  -28.598  13.399  -23.454 0.0000000000
125673  -29.631  2.624  -19.282 0.0000000000
125674  -30.065  2.839  -19.094 0.0000000000
125675  -29.797  2.497  -19.156 0.0000000000
125683  -30.236  2.771  -18.869 0.0000000000
125684  -30.382  3.016  -18.767 0.0000000000
125691  -30.269  2.621  -18.676 0.0000000000
125692  -30.420  2.785  -18.543 0.0000000000
125709  -32.354  2.429  -16.759 0.0000000000
