#!ascii label  , from subject 3188 vox2ras=TkReg
782
46595  31.487  -24.159  56.311 0.0000000000
68787  47.173  -4.518  39.462 0.0000000000
70927  46.932  -3.002  35.969 0.0000000000
60546  49.845  -13.161  44.653 0.0000000000
47911  36.944  -23.860  50.413 0.0000000000
45401  35.104  -24.643  53.354 0.0000000000
74195  48.258  -0.816  39.010 0.0000000000
70846  53.133  -4.519  39.683 0.0000000000
59249  46.589  -14.557  48.630 0.0000000000
49055  41.486  -22.296  50.507 0.0000000000
78647  55.192  3.873  34.315 0.0000000000
77610  47.632  1.938  34.585 0.0000000000
61860  46.606  -11.650  43.195 0.0000000000
67703  50.541  -7.615  42.500 0.0000000000
49023  34.161  -23.246  53.156 0.0000000000
46630  33.046  -24.227  54.919 0.0000000000
71953  47.822  -2.753  39.539 0.0000000000
73099  51.452  -1.941  39.981 0.0000000000
70850  50.762  -3.427  40.274 0.0000000000
53318  45.511  -18.486  47.172 0.0000000000
46682  39.010  -24.951  51.742 0.0000000000
47908  39.900  -23.916  49.743 0.0000000000
46679  41.819  -24.975  51.537 0.0000000000
79711  52.912  4.025  34.784 0.0000000000
77621  53.475  2.539  33.732 0.0000000000
77584  51.212  2.699  35.139 0.0000000000
129609  46.666  0.047  36.338 0.0000000000
77567  45.434  1.452  35.390 0.0000000000
129610  46.284  0.110  34.310 0.0000000000
74275  47.351  -0.234  33.315 0.0000000000
72041  46.045  -2.123  33.454 0.0000000000
59281  47.867  -13.702  47.256 0.0000000000
59297  46.626  -13.442  46.379 0.0000000000
63061  48.475  -11.179  45.424 0.0000000000
65412  48.532  -9.555  43.125 0.0000000000
64280  49.531  -10.121  44.517 0.0000000000
64290  51.711  -9.155  42.541 0.0000000000
61859  50.556  -11.791  43.006 0.0000000000
47870  36.669  -24.283  52.354 0.0000000000
74208  46.795  -0.740  37.420 0.0000000000
71990  47.973  -1.500  37.493 0.0000000000
71987  50.608  -2.570  38.039 0.0000000000
72000  52.621  -3.973  37.327 0.0000000000
54403  43.462  -18.334  50.593 0.0000000000
54435  45.401  -16.987  49.350 0.0000000000
55688  47.365  -16.195  47.388 0.0000000000
56904  48.561  -15.588  44.711 0.0000000000
58133  49.442  -14.267  43.230 0.0000000000
53280  41.292  -19.220  49.475 0.0000000000
51244  42.986  -20.721  50.500 0.0000000000
78704  56.266  4.137  31.849 0.0000000000
79676  48.759  3.807  36.029 0.0000000000
76492  49.652  1.370  33.976 0.0000000000
74295  49.104  -0.297  31.932 0.0000000000
67741  49.518  -6.394  39.731 0.0000000000
68770  52.293  -6.151  41.045 0.0000000000
66593  52.663  -7.548  40.302 0.0000000000
46615  31.178  -24.623  56.243 0.0000000000
46593  33.000  -24.063  56.223 0.0000000000
45349  32.512  -24.668  55.551 0.0000000000
70854  47.124  -3.546  39.672 0.0000000000
71951  49.821  -2.865  40.071 0.0000000000
69818  48.408  -4.304  39.591 0.0000000000
46681  39.975  -25.104  51.510 0.0000000000
79726  51.347  3.910  34.196 0.0000000000
78651  52.145  3.502  35.205 0.0000000000
79694  50.853  3.317  35.070 0.0000000000
73149  47.180  -1.212  36.503 0.0000000000
129613  46.212  0.273  35.138 0.0000000000
70944  45.935  -2.009  34.898 0.0000000000
72040  46.296  -1.062  34.275 0.0000000000
60515  49.042  -12.922  46.144 0.0000000000
61799  48.421  -12.456  46.391 0.0000000000
61817  48.978  -11.956  45.733 0.0000000000
64268  48.912  -10.485  45.211 0.0000000000
61831  49.822  -11.630  44.735 0.0000000000
63102  50.784  -10.878  43.377 0.0000000000
61845  50.208  -11.717  43.876 0.0000000000
49021  35.779  -23.341  52.975 0.0000000000
46664  35.717  -24.203  53.145 0.0000000000
45399  37.540  -25.142  52.401 0.0000000000
73120  47.186  -1.552  38.224 0.0000000000
74209  45.792  -0.806  36.733 0.0000000000
74207  47.690  -1.052  38.349 0.0000000000
74221  47.696  -1.091  37.896 0.0000000000
74220  48.229  -1.115  38.167 0.0000000000
71988  49.391  -2.328  38.052 0.0000000000
71976  49.588  -1.656  38.525 0.0000000000
71964  52.340  -2.573  39.863 0.0000000000
71973  52.253  -2.393  38.839 0.0000000000
70866  53.263  -3.935  38.840 0.0000000000
68847  53.103  -5.197  37.300 0.0000000000
68817  53.260  -5.484  38.714 0.0000000000
53279  44.304  -18.435  50.376 0.0000000000
54418  44.208  -17.769  50.359 0.0000000000
53288  44.874  -17.990  49.141 0.0000000000
54469  46.385  -17.202  47.366 0.0000000000
55704  48.193  -15.806  45.985 0.0000000000
47907  40.556  -23.613  50.179 0.0000000000
50227  41.229  -21.486  49.749 0.0000000000
51246  41.574  -20.604  50.194 0.0000000000
52254  42.474  -19.681  50.550 0.0000000000
50202  42.214  -21.196  50.497 0.0000000000
80726  55.052  5.455  34.034 0.0000000000
78684  55.642  3.766  32.789 0.0000000000
76509  52.089  1.931  33.494 0.0000000000
77589  46.777  2.208  35.272 0.0000000000
77590  45.419  2.580  35.463 0.0000000000
78616  46.857  2.947  35.441 0.0000000000
79697  47.892  3.492  35.117 0.0000000000
78614  48.439  3.522  35.721 0.0000000000
77586  49.355  2.366  35.276 0.0000000000
76493  48.513  1.585  34.176 0.0000000000
74297  47.359  -0.694  32.471 0.0000000000
74296  48.246  -0.525  32.132 0.0000000000
58029  45.107  -15.630  49.343 0.0000000000
58063  45.417  -15.071  47.752 0.0000000000
61835  46.983  -12.788  44.851 0.0000000000
59312  46.466  -13.551  44.710 0.0000000000
66561  48.941  -8.703  42.705 0.0000000000
66569  48.041  -8.854  41.967 0.0000000000
66580  48.996  -8.221  41.341 0.0000000000
66613  48.854  -7.342  39.865 0.0000000000
66578  50.511  -7.314  41.185 0.0000000000
67717  51.387  -6.208  40.673 0.0000000000
68750  51.207  -7.109  42.029 0.0000000000
64314  51.765  -9.683  41.546 0.0000000000
65427  52.340  -8.367  41.456 0.0000000000
64324  52.078  -8.828  40.750 0.0000000000
65475  51.821  -8.125  39.202 0.0000000000
47846  33.444  -23.950  54.544 0.0000000000
45374  34.134  -24.471  54.230 0.0000000000
45402  34.305  -25.092  53.763 0.0000000000
45375  33.304  -24.687  54.630 0.0000000000
73088  48.371  -1.954  39.632 0.0000000000
73101  49.850  -1.548  39.296 0.0000000000
73071  49.978  -2.437  39.828 0.0000000000
71935  51.123  -2.309  40.188 0.0000000000
70848  52.178  -3.726  40.373 0.0000000000
47881  37.911  -24.310  51.470 0.0000000000
47909  38.761  -24.392  49.818 0.0000000000
46703  39.036  -24.303  51.108 0.0000000000
46720  40.503  -24.389  50.429 0.0000000000
47905  41.408  -24.002  50.545 0.0000000000
47893  42.394  -23.502  50.290 0.0000000000
46699  41.555  -24.536  50.478 0.0000000000
79690  54.109  4.093  34.777 0.0000000000
77605  53.934  3.060  33.988 0.0000000000
77582  53.026  2.949  35.270 0.0000000000
77607  52.343  2.472  34.778 0.0000000000
76490  51.421  2.019  34.441 0.0000000000
129597  45.732  0.428  36.002 0.0000000000
129606  45.873  0.725  35.395 0.0000000000
129612  46.226  0.808  35.090 0.0000000000
76495  46.783  1.245  34.351 0.0000000000
76514  48.154  1.282  33.685 0.0000000000
74276  46.709  -0.296  33.722 0.0000000000
73169  46.576  -1.016  33.372 0.0000000000
59264  47.170  -13.924  48.293 0.0000000000
59265  46.765  -13.784  48.112 0.0000000000
60496  47.578  -12.795  46.971 0.0000000000
60516  47.404  -12.570  45.991 0.0000000000
61846  47.604  -11.476  44.133 0.0000000000
64293  47.887  -10.352  42.998 0.0000000000
64282  48.364  -10.360  43.956 0.0000000000
65403  49.302  -9.527  43.776 0.0000000000
65409  50.215  -8.656  43.191 0.0000000000
66553  50.936  -7.980  43.093 0.0000000000
64278  50.908  -9.173  43.248 0.0000000000
63101  51.248  -10.062  42.733 0.0000000000
61875  50.986  -11.069  41.711 0.0000000000
49042  33.602  -23.392  52.223 0.0000000000
47884  35.303  -23.587  52.020 0.0000000000
47899  36.560  -24.076  51.238 0.0000000000
46684  37.208  -24.441  52.117 0.0000000000
45398  38.569  -25.443  52.664 0.0000000000
129617  46.448  0.498  36.950 0.0000000000
129608  47.067  -0.132  36.773 0.0000000000
72015  47.278  -2.325  36.423 0.0000000000
72003  48.738  -2.726  37.335 0.0000000000
70889  50.063  -3.274  37.534 0.0000000000
70906  51.343  -4.159  36.502 0.0000000000
71974  51.167  -2.028  38.620 0.0000000000
71986  51.622  -2.738  37.936 0.0000000000
55655  42.321  -17.544  49.116 0.0000000000
56806  43.690  -17.464  49.773 0.0000000000
56804  44.894  -16.206  49.447 0.0000000000
56802  46.097  -15.302  49.820 0.0000000000
53300  45.881  -17.486  48.370 0.0000000000
55652  46.504  -16.427  48.781 0.0000000000
56842  46.955  -15.446  48.509 0.0000000000
58074  47.620  -14.661  47.634 0.0000000000
58085  48.444  -14.748  46.211 0.0000000000
58109  49.446  -14.301  44.704 0.0000000000
59338  50.389  -13.676  43.982 0.0000000000
58122  48.920  -14.637  43.498 0.0000000000
54405  42.335  -18.640  49.821 0.0000000000
52252  43.771  -19.078  50.962 0.0000000000
52269  44.104  -19.611  50.104 0.0000000000
49066  42.904  -22.727  49.983 0.0000000000
50248  43.123  -21.837  49.411 0.0000000000
79750  56.635  4.828  31.597 0.0000000000
79714  49.463  3.721  34.904 0.0000000000
78635  50.474  3.128  35.309 0.0000000000
76468  50.825  2.134  34.844 0.0000000000
75368  50.750  1.285  33.532 0.0000000000
76513  48.838  1.196  33.515 0.0000000000
75389  49.724  0.325  32.541 0.0000000000
75403  49.835  0.178  31.481 0.0000000000
58088  46.272  -14.242  46.243 0.0000000000
67742  48.375  -6.466  39.233 0.0000000000
69835  48.563  -4.939  39.366 0.0000000000
69832  50.519  -4.716  39.965 0.0000000000
69814  51.720  -4.629  40.591 0.0000000000
69801  52.495  -5.202  40.569 0.0000000000
66558  52.004  -7.823  42.254 0.0000000000
67716  52.482  -6.938  41.296 0.0000000000
67725  53.385  -6.066  40.036 0.0000000000
67739  52.553  -6.886  39.103 0.0000000000
60558  49.782  -13.085  42.925 0.0000000000
60587  50.033  -12.297  41.918 0.0000000000
47822  32.033  -23.814  56.067 0.0000000000
46614  32.056  -24.467  56.267 0.0000000000
69820  46.830  -3.993  39.836 0.0000000000
69819  47.476  -4.075  39.725 0.0000000000
79712  51.769  3.660  34.864 0.0000000000
79713  50.512  3.614  34.837 0.0000000000
72016  46.983  -1.994  36.030 0.0000000000
72029  46.471  -0.826  35.608 0.0000000000
70928  46.464  -2.449  35.428 0.0000000000
60532  49.532  -12.759  45.178 0.0000000000
61832  49.559  -11.958  45.239 0.0000000000
61816  49.469  -11.370  45.315 0.0000000000
60531  49.731  -12.248  44.887 0.0000000000
60545  50.072  -12.715  44.409 0.0000000000
46643  34.851  -24.190  53.498 0.0000000000
46642  35.093  -24.019  53.334 0.0000000000
46665  35.257  -24.325  53.336 0.0000000000
45423  35.758  -25.056  52.670 0.0000000000
74196  47.828  -0.891  38.970 0.0000000000
74206  48.442  -0.969  38.594 0.0000000000
73118  48.977  -1.130  38.664 0.0000000000
74205  48.933  -0.907  38.785 0.0000000000
71946  53.036  -3.822  39.584 0.0000000000
71963  52.961  -3.175  39.278 0.0000000000
70865  53.326  -4.241  39.350 0.0000000000
69831  53.528  -4.753  38.971 0.0000000000
69830  53.378  -4.891  39.540 0.0000000000
53289  44.413  -18.959  49.575 0.0000000000
49067  41.081  -22.986  50.259 0.0000000000
49068  40.898  -22.499  50.070 0.0000000000
49056  41.260  -21.788  50.340 0.0000000000
50204  41.299  -21.390  50.166 0.0000000000
50203  41.600  -21.195  50.413 0.0000000000
49054  42.115  -22.418  50.714 0.0000000000
79709  54.589  4.338  34.531 0.0000000000
79708  55.429  4.491  34.216 0.0000000000
79722  55.722  4.671  33.698 0.0000000000
78665  55.620  4.124  33.658 0.0000000000
77588  47.358  2.121  34.884 0.0000000000
77564  47.086  2.677  35.197 0.0000000000
78615  47.571  3.397  35.307 0.0000000000
77563  48.077  2.941  35.010 0.0000000000
77587  48.368  2.274  34.782 0.0000000000
73183  46.937  -1.047  31.775 0.0000000000
58044  46.042  -15.068  49.014 0.0000000000
58045  45.349  -15.346  48.789 0.0000000000
58062  45.952  -14.639  48.293 0.0000000000
61848  46.925  -12.631  44.222 0.0000000000
61861  46.142  -12.163  43.219 0.0000000000
66560  49.599  -8.424  42.586 0.0000000000
66568  48.746  -8.586  42.192 0.0000000000
67704  49.993  -7.900  42.357 0.0000000000
66566  50.211  -7.579  41.737 0.0000000000
67710  50.043  -7.793  42.007 0.0000000000
68761  51.229  -7.026  41.895 0.0000000000
67702  50.978  -7.280  42.465 0.0000000000
63130  51.064  -10.305  41.231 0.0000000000
64313  52.098  -8.966  41.187 0.0000000000
64325  51.537  -9.306  40.618 0.0000000000
64342  51.388  -8.938  40.015 0.0000000000
47834  32.845  -23.964  55.028 0.0000000000
46629  33.804  -24.125  54.665 0.0000000000
46645  33.707  -24.278  54.646 0.0000000000
45348  32.867  -24.344  55.192 0.0000000000
71954  46.832  -2.843  39.283 0.0000000000
71966  45.936  -2.669  38.795 0.0000000000
73089  47.599  -2.078  39.432 0.0000000000
73087  49.422  -2.095  39.633 0.0000000000
71952  49.023  -2.724  39.657 0.0000000000
70851  49.964  -3.404  40.156 0.0000000000
71950  50.554  -2.899  40.278 0.0000000000
71949  51.311  -2.746  40.400 0.0000000000
70849  51.512  -3.519  40.409 0.0000000000
46704  38.326  -24.414  51.379 0.0000000000
46680  40.953  -24.805  51.935 0.0000000000
46701  40.609  -25.004  50.718 0.0000000000
46719  40.996  -24.463  50.548 0.0000000000
46700  41.402  -24.834  50.667 0.0000000000
79725  52.610  4.312  33.903 0.0000000000
79724  53.787  4.582  34.085 0.0000000000
79710  53.828  4.251  34.667 0.0000000000
78632  53.391  3.534  34.980 0.0000000000
79692  53.347  3.810  34.942 0.0000000000
77583  52.144  2.827  35.375 0.0000000000
77608  51.713  2.446  35.008 0.0000000000
76489  51.967  2.078  34.122 0.0000000000
76467  51.315  2.328  34.874 0.0000000000
129605  46.190  0.609  36.208 0.0000000000
129600  46.125  -0.522  35.039 0.0000000000
129616  46.292  0.693  34.743 0.0000000000
129611  46.792  0.734  34.041 0.0000000000
72054  46.262  -1.631  33.121 0.0000000000
73184  46.601  -1.222  32.524 0.0000000000
72055  45.847  -2.350  32.768 0.0000000000
60476  47.185  -13.387  47.717 0.0000000000
59282  47.514  -13.304  47.471 0.0000000000
61818  48.422  -11.895  45.767 0.0000000000
61800  48.129  -12.396  46.484 0.0000000000
61819  48.046  -11.995  45.813 0.0000000000
61833  47.629  -11.919  44.897 0.0000000000
63077  48.188  -11.203  44.908 0.0000000000
63090  47.936  -11.128  44.207 0.0000000000
64269  48.548  -10.605  45.005 0.0000000000
64281  48.854  -10.074  44.450 0.0000000000
65402  49.999  -9.204  43.723 0.0000000000
65401  50.610  -8.759  43.283 0.0000000000
64279  50.423  -9.595  43.875 0.0000000000
61858  51.085  -11.064  42.504 0.0000000000
61876  50.551  -11.728  42.145 0.0000000000
50150  33.670  -22.897  52.842 0.0000000000
50205  33.143  -23.304  51.925 0.0000000000
50178  33.966  -23.113  52.896 0.0000000000
49039  35.988  -23.471  52.865 0.0000000000
49040  35.497  -23.532  52.691 0.0000000000
47883  36.111  -23.937  52.244 0.0000000000
47900  35.764  -23.832  51.393 0.0000000000
47882  37.142  -24.316  51.794 0.0000000000
75312  46.170  0.208  37.134 0.0000000000
75311  46.603  0.068  37.189 0.0000000000
73134  48.112  -1.255  37.800 0.0000000000
73144  47.526  -1.014  37.301 0.0000000000
72004  47.752  -2.175  37.135 0.0000000000
70890  49.514  -3.090  37.492 0.0000000000
70907  50.438  -3.989  36.765 0.0000000000
70888  51.022  -3.435  37.417 0.0000000000
73100  51.084  -2.025  39.961 0.0000000000
73116  50.569  -1.575  39.118 0.0000000000
73115  51.417  -1.896  39.436 0.0000000000
71972  52.858  -3.301  38.389 0.0000000000
71985  52.365  -3.222  37.711 0.0000000000
70887  51.777  -3.478  37.283 0.0000000000
70905  52.217  -3.869  36.823 0.0000000000
55617  43.457  -18.183  50.235 0.0000000000
55635  43.351  -17.978  49.809 0.0000000000
55634  43.839  -17.538  50.117 0.0000000000
54417  44.718  -17.516  49.919 0.0000000000
55633  44.387  -17.166  49.987 0.0000000000
55632  45.246  -16.460  49.565 0.0000000000
56803  45.630  -15.537  49.674 0.0000000000
55654  45.886  -16.413  49.503 0.0000000000
53301  45.261  -18.310  48.118 0.0000000000
54468  46.692  -16.752  47.437 0.0000000000
54452  46.309  -17.233  47.780 0.0000000000
55672  46.847  -16.213  48.162 0.0000000000
55673  46.608  -15.985  48.820 0.0000000000
56863  47.281  -15.733  47.853 0.0000000000
56841  47.426  -15.237  47.920 0.0000000000
56862  47.697  -15.425  47.245 0.0000000000
55724  48.515  -15.576  45.313 0.0000000000
56875  48.500  -15.262  45.838 0.0000000000
56889  48.686  -15.291  45.371 0.0000000000
58097  48.879  -14.634  45.566 0.0000000000
56903  49.000  -15.108  44.987 0.0000000000
56921  49.010  -14.888  44.447 0.0000000000
47919  38.192  -23.906  49.286 0.0000000000
47918  39.289  -23.598  49.052 0.0000000000
52271  40.977  -19.910  49.280 0.0000000000
53290  40.555  -18.907  49.006 0.0000000000
54421  41.268  -18.552  49.245 0.0000000000
54420  41.865  -18.302  49.461 0.0000000000
53271  41.968  -19.268  49.798 0.0000000000
51231  43.055  -19.997  50.910 0.0000000000
52253  42.998  -19.415  50.856 0.0000000000
52261  43.433  -19.719  50.765 0.0000000000
52260  43.854  -19.165  51.162 0.0000000000
52270  43.623  -20.007  50.294 0.0000000000
49053  42.530  -22.661  50.445 0.0000000000
51279  43.354  -20.658  49.071 0.0000000000
79734  56.394  4.845  32.581 0.0000000000
78727  56.487  3.412  31.086 0.0000000000
76473  45.142  1.297  34.881 0.0000000000
79716  47.709  3.306  34.630 0.0000000000
79696  48.729  3.753  35.473 0.0000000000
79715  48.622  3.678  34.581 0.0000000000
79695  49.454  3.564  35.570 0.0000000000
76469  49.994  1.825  34.871 0.0000000000
76491  50.622  1.543  34.134 0.0000000000
75351  50.347  1.259  33.674 0.0000000000
75371  47.885  0.594  33.481 0.0000000000
75390  48.636  0.211  32.567 0.0000000000
59283  46.687  -13.710  47.404 0.0000000000
58075  46.563  -13.987  47.304 0.0000000000
66598  48.103  -8.826  40.980 0.0000000000
66612  49.531  -7.055  40.206 0.0000000000
68818  48.329  -5.883  38.920 0.0000000000
68801  49.656  -5.462  39.548 0.0000000000
68800  50.372  -5.380  39.775 0.0000000000
68771  51.746  -6.047  40.912 0.0000000000
68784  51.292  -5.292  40.627 0.0000000000
69802  52.124  -5.232  40.865 0.0000000000
65399  51.359  -8.392  42.852 0.0000000000
66552  51.369  -7.893  42.722 0.0000000000
65439  52.423  -8.322  40.735 0.0000000000
66577  52.621  -7.492  40.945 0.0000000000
67715  52.778  -6.487  40.629 0.0000000000
66592  52.822  -6.961  40.044 0.0000000000
66610  52.871  -6.711  39.788 0.0000000000
66611  52.632  -7.263  39.636 0.0000000000
59339  49.941  -13.716  43.356 0.0000000000
59356  49.479  -13.750  42.646 0.0000000000
47835  32.922  -23.822  55.649 0.0000000000
46612  33.069  -24.100  55.816 0.0000000000
46631  32.887  -24.300  55.641 0.0000000000
46613  32.721  -24.336  56.123 0.0000000000
45323  31.853  -24.907  56.111 0.0000000000
70855  46.226  -3.702  39.818 0.0000000000
70853  48.129  -3.471  39.644 0.0000000000
70852  49.142  -3.439  39.752 0.0000000000
45397  39.269  -25.770  52.898 0.0000000000
45422  39.281  -25.617  52.111 0.0000000000
45396  39.368  -25.675  52.304 0.0000000000
45421  40.210  -25.712  52.006 0.0000000000
78650  52.395  3.631  35.078 0.0000000000
79693  51.422  3.400  35.106 0.0000000000
78634  51.616  3.258  35.268 0.0000000000
129607  46.845  -0.457  36.317 0.0000000000
70959  46.118  -2.560  33.972 0.0000000000
60494  48.477  -13.005  46.792 0.0000000000
60495  48.092  -12.768  47.138 0.0000000000
61798  48.679  -12.577  46.283 0.0000000000
64260  48.626  -10.807  45.309 0.0000000000
63059  49.188  -11.051  45.486 0.0000000000
63058  49.442  -10.970  45.303 0.0000000000
63089  49.671  -10.596  44.761 0.0000000000
63088  50.222  -10.635  44.331 0.0000000000
49022  34.948  -23.534  53.046 0.0000000000
47872  35.472  -23.568  53.072 0.0000000000
47858  35.460  -23.795  53.207 0.0000000000
47871  36.133  -23.721  52.882 0.0000000000
46663  36.947  -24.478  52.328 0.0000000000
45400  36.361  -24.865  52.539 0.0000000000
73121  46.290  -1.792  37.780 0.0000000000
74222  47.307  -0.931  37.578 0.0000000000
71989  48.466  -1.831  37.663 0.0000000000
73133  48.684  -1.396  38.248 0.0000000000
71975  50.157  -1.840  38.556 0.0000000000
73098  52.094  -2.194  40.513 0.0000000000
73114  51.890  -2.151  39.798 0.0000000000
70875  52.757  -4.120  38.155 0.0000000000
69854  52.967  -4.718  37.698 0.0000000000
69844  53.169  -4.716  38.393 0.0000000000
68833  53.067  -5.391  37.923 0.0000000000
67756  52.947  -6.017  38.258 0.0000000000
54402  43.856  -18.239  50.606 0.0000000000
55615  43.923  -17.713  50.393 0.0000000000
53278  44.582  -18.059  49.898 0.0000000000
53317  46.209  -17.739  47.378 0.0000000000
54467  47.305  -16.569  46.828 0.0000000000
55687  47.905  -16.080  46.710 0.0000000000
54488  47.723  -16.461  46.105 0.0000000000
55725  48.301  -15.957  45.368 0.0000000000
47917  40.013  -23.436  49.286 0.0000000000
49069  40.489  -23.121  49.521 0.0000000000
50249  41.331  -21.346  48.925 0.0000000000
51261  41.300  -20.736  49.291 0.0000000000
51247  41.387  -20.717  49.727 0.0000000000
52263  41.516  -19.960  49.788 0.0000000000
52262  41.939  -19.816  50.268 0.0000000000
51233  41.947  -20.395  50.447 0.0000000000
50176  42.247  -20.753  50.498 0.0000000000
51245  42.669  -20.539  50.589 0.0000000000
80725  55.758  5.190  33.576 0.0000000000
78683  56.045  4.365  32.978 0.0000000000
77622  52.690  2.283  34.051 0.0000000000
77566  45.679  2.402  35.707 0.0000000000
77565  46.449  2.545  35.640 0.0000000000
78617  46.198  3.097  36.018 0.0000000000
79699  46.339  3.387  35.785 0.0000000000
79678  47.312  3.438  35.544 0.0000000000
79677  48.258  3.499  35.623 0.0000000000
78613  48.978  3.592  36.038 0.0000000000
77562  48.819  2.940  35.572 0.0000000000
76470  49.150  1.656  34.858 0.0000000000
75391  47.848  -0.062  32.751 0.0000000000
56823  44.690  -15.943  48.878 0.0000000000
60518  46.705  -13.134  45.666 0.0000000000
59298  46.486  -13.559  45.530 0.0000000000
60535  46.757  -13.082  44.934 0.0000000000
60547  46.623  -13.143  43.967 0.0000000000
65420  48.652  -8.952  42.760 0.0000000000
65421  48.289  -9.122  42.511 0.0000000000
66581  48.293  -8.635  41.450 0.0000000000
66597  48.206  -8.197  40.584 0.0000000000
66596  49.235  -7.633  40.646 0.0000000000
66595  50.059  -7.121  40.624 0.0000000000
66594  50.653  -6.970  40.704 0.0000000000
67728  50.632  -6.310  40.201 0.0000000000
67718  51.074  -6.935  40.896 0.0000000000
68772  51.370  -6.698  41.369 0.0000000000
68759  51.776  -6.679  41.695 0.0000000000
64304  51.708  -9.704  42.214 0.0000000000
65419  52.166  -8.455  42.151 0.0000000000
64303  52.173  -9.144  41.902 0.0000000000
65440  52.134  -8.656  40.425 0.0000000000
65459  52.478  -8.132  40.070 0.0000000000
65460  51.932  -8.575  39.922 0.0000000000
49024  33.621  -23.265  53.348 0.0000000000
48979  33.400  -23.676  54.129 0.0000000000
49001  33.845  -23.587  53.694 0.0000000000
47845  34.030  -23.959  54.016 0.0000000000
45373  34.300  -24.306  53.962 0.0000000000
45403  33.375  -25.349  53.772 0.0000000000
73104  47.209  -1.897  38.956 0.0000000000
73103  47.894  -1.268  39.291 0.0000000000
73102  48.781  -1.340  39.311 0.0000000000
74194  49.010  -0.883  38.976 0.0000000000
73086  50.410  -2.144  39.775 0.0000000000
73085  50.940  -1.894  39.969 0.0000000000
71937  49.866  -2.655  39.897 0.0000000000
71936  50.574  -2.558  40.061 0.0000000000
73068  51.600  -1.850  40.837 0.0000000000
71948  52.077  -2.725  40.500 0.0000000000
71947  52.647  -3.277  39.985 0.0000000000
70847  52.692  -4.147  39.985 0.0000000000
52283  44.543  -19.128  48.779 0.0000000000
47898  37.456  -24.215  50.999 0.0000000000
47910  37.797  -24.096  50.160 0.0000000000
47897  38.358  -24.324  50.854 0.0000000000
47896  39.090  -24.458  50.420 0.0000000000
46722  39.381  -24.466  50.314 0.0000000000
46702  39.768  -25.009  50.794 0.0000000000
46721  39.814  -24.381  50.312 0.0000000000
47906  41.260  -23.554  50.449 0.0000000000
47895  41.748  -22.959  50.652 0.0000000000
47894  41.895  -23.567  50.615 0.0000000000
46718  42.147  -23.967  50.102 0.0000000000
79723  54.365  4.736  34.262 0.0000000000
78648  54.433  3.606  34.436 0.0000000000
78649  53.616  3.328  34.716 0.0000000000
77606  53.247  2.707  34.569 0.0000000000
78633  52.658  3.426  35.229 0.0000000000
76510  51.369  1.587  33.708 0.0000000000
76472  46.410  1.443  35.074 0.0000000000
76471  47.164  1.779  34.698 0.0000000000
77609  47.967  1.871  34.352 0.0000000000
75352  47.307  0.915  33.809 0.0000000000
75372  47.227  0.124  33.721 0.0000000000
74298  46.917  -0.727  33.118 0.0000000000
59248  46.832  -14.886  49.071 0.0000000000
59250  46.389  -14.420  48.427 0.0000000000
60477  47.013  -13.253  47.512 0.0000000000
60497  47.017  -13.103  46.739 0.0000000000
60533  47.227  -12.617  45.389 0.0000000000
61834  47.199  -12.491  44.753 0.0000000000
61847  47.194  -11.878  43.775 0.0000000000
63103  46.848  -11.043  42.864 0.0000000000
63091  47.545  -11.053  43.639 0.0000000000
64283  47.963  -10.725  43.708 0.0000000000
65404  48.800  -9.737  43.679 0.0000000000
65411  49.007  -9.041  43.158 0.0000000000
65410  49.696  -8.842  43.225 0.0000000000
66559  50.136  -8.337  42.868 0.0000000000
67698  50.762  -7.730  42.877 0.0000000000
65400  51.109  -8.475  43.072 0.0000000000
64277  51.335  -8.832  42.912 0.0000000000
63087  50.854  -9.933  43.511 0.0000000000
63086  51.207  -9.425  42.952 0.0000000000
64291  51.513  -9.607  42.550 0.0000000000
63115  51.485  -10.411  41.993 0.0000000000
47921  36.503  -23.760  49.895 0.0000000000
49041  34.376  -23.438  52.420 0.0000000000
47913  35.496  -23.712  50.836 0.0000000000
47912  36.071  -23.847  50.532 0.0000000000
46683  38.056  -24.310  51.944 0.0000000000
46662  38.138  -24.993  52.324 0.0000000000
46661  38.832  -25.516  52.572 0.0000000000
129604  46.093  0.731  36.768 0.0000000000
129615  46.657  0.401  36.707 0.0000000000
129603  47.043  -0.254  37.226 0.0000000000
129614  46.922  0.380  36.969 0.0000000000
70910  47.509  -3.211  36.447 0.0000000000
70909  48.402  -3.263  36.628 0.0000000000
72002  49.242  -2.966  37.436 0.0000000000
56824  44.151  -16.688  48.935 0.0000000000
56805  44.064  -17.014  49.538 0.0000000000
58027  45.876  -15.040  49.854 0.0000000000
58043  46.294  -15.132  49.302 0.0000000000
53287  45.785  -17.176  48.959 0.0000000000
53299  46.146  -17.057  48.760 0.0000000000
54434  46.060  -16.747  49.223 0.0000000000
55653  46.387  -16.171  49.337 0.0000000000
56822  46.380  -15.429  49.476 0.0000000000
58042  46.619  -14.989  49.190 0.0000000000
58061  47.012  -14.741  48.681 0.0000000000
59263  47.431  -14.326  48.123 0.0000000000
58086  47.932  -14.502  46.796 0.0000000000
56876  48.125  -15.337  46.436 0.0000000000
59296  48.051  -13.955  46.823 0.0000000000
59295  48.462  -13.802  46.441 0.0000000000
59311  49.222  -13.675  45.481 0.0000000000
59326  49.646  -13.569  44.754 0.0000000000
59325  50.081  -13.565  44.391 0.0000000000
58120  50.055  -14.047  44.277 0.0000000000
58121  49.661  -14.437  43.925 0.0000000000
56922  48.600  -15.304  43.934 0.0000000000
56941  48.443  -15.106  43.314 0.0000000000
49081  39.504  -23.041  48.566 0.0000000000
54436  41.920  -17.896  49.281 0.0000000000
54419  42.502  -18.143  49.638 0.0000000000
54404  43.027  -18.416  50.254 0.0000000000
53270  42.568  -19.048  50.353 0.0000000000
53269  43.234  -18.694  50.722 0.0000000000
53268  43.755  -18.758  50.909 0.0000000000
53256  44.042  -18.827  52.056 0.0000000000
51259  43.863  -20.080  49.436 0.0000000000
50201  42.484  -21.766  50.391 0.0000000000
50226  42.842  -21.743  50.057 0.0000000000
51260  43.434  -20.671  49.858 0.0000000000
47823  30.705  -23.852  56.173 0.0000000000
79749  56.880  4.321  31.208 0.0000000000
78636  49.518  3.116  35.542 0.0000000000
77585  50.246  2.538  35.265 0.0000000000
76511  51.078  1.578  33.953 0.0000000000
75388  50.540  0.756  32.955 0.0000000000
76512  49.484  1.063  33.405 0.0000000000
75370  49.129  0.771  33.048 0.0000000000
75369  50.008  0.825  33.361 0.0000000000
75402  50.548  0.537  32.002 0.0000000000
68804  46.982  -5.132  38.855 0.0000000000
59266  46.323  -13.912  47.762 0.0000000000
58077  45.611  -14.987  46.719 0.0000000000
66614  47.815  -7.594  39.509 0.0000000000
67743  47.555  -6.322  38.738 0.0000000000
68803  47.973  -5.165  39.009 0.0000000000
68786  47.704  -4.486  39.487 0.0000000000
69834  49.122  -4.812  39.488 0.0000000000
69833  49.946  -4.706  39.619 0.0000000000
69816  50.277  -4.068  40.015 0.0000000000
67727  51.164  -5.716  40.403 0.0000000000
69815  50.990  -4.364  40.325 0.0000000000
69813  52.259  -4.529  40.479 0.0000000000
70837  52.885  -4.662  39.915 0.0000000000
67696  51.172  -7.339  42.418 0.0000000000
67701  51.611  -7.266  42.200 0.0000000000
67708  52.162  -7.005  41.838 0.0000000000
66565  52.342  -7.675  41.703 0.0000000000
68769  52.846  -5.704  40.467 0.0000000000
69811  53.215  -5.110  39.794 0.0000000000
68799  53.334  -5.650  39.476 0.0000000000
67738  52.883  -6.339  39.232 0.0000000000
67757  52.573  -6.637  38.509 0.0000000000
65474  52.367  -7.998  39.498 0.0000000000
66627  52.316  -7.399  38.904 0.0000000000
60557  50.168  -12.751  43.462 0.0000000000
60573  50.124  -12.434  42.628 0.0000000000
60574  49.654  -12.930  42.298 0.0000000000
45322  32.324  -24.586  56.075 0.0000000000
45346  34.187  -24.103  54.475 0.0000000000
45347  34.180  -24.358  54.456 0.0000000000
46594  32.436  -24.111  56.354 0.0000000000
46611  33.070  -24.061  55.108 0.0000000000
46628  34.152  -24.089  54.101 0.0000000000
46644  34.043  -24.166  54.542 0.0000000000
47821  32.728  -23.836  56.248 0.0000000000
47860  33.953  -23.783  53.888 0.0000000000
47901  35.141  -23.611  51.354 0.0000000000
50177  42.049  -20.776  50.468 0.0000000000
50179  33.517  -23.233  52.678 0.0000000000
51232  42.453  -20.337  50.611 0.0000000000
51294  44.430  -19.396  48.515 0.0000000000
52251  43.908  -19.316  51.997 0.0000000000
53257  43.538  -18.942  51.927 0.0000000000
53258  43.604  -19.084  50.947 0.0000000000
53259  42.938  -19.160  50.737 0.0000000000
53267  43.866  -18.799  51.359 0.0000000000
53286  46.122  -16.966  49.019 0.0000000000
53315  46.821  -16.772  46.875 0.0000000000
53316  46.479  -17.033  46.949 0.0000000000
54406  41.750  -18.766  49.551 0.0000000000
54433  46.318  -16.737  48.962 0.0000000000
54451  46.408  -16.884  48.359 0.0000000000
55616  43.665  -17.936  50.249 0.0000000000
55631  46.010  -15.860  49.729 0.0000000000
55703  48.439  -15.583  45.549 0.0000000000
56821  46.642  -15.206  49.021 0.0000000000
56843  46.549  -15.651  49.098 0.0000000000
56890  48.633  -15.486  45.106 0.0000000000
58028  45.461  -15.347  49.559 0.0000000000
58060  47.349  -14.868  48.235 0.0000000000
58076  46.300  -14.340  47.401 0.0000000000
58087  46.595  -13.956  46.954 0.0000000000
58108  49.857  -13.911  44.476 0.0000000000
59280  48.228  -13.415  46.869 0.0000000000
59284  46.524  -14.009  47.651 0.0000000000
60517  46.903  -12.931  45.939 0.0000000000
60534  46.948  -12.868  45.302 0.0000000000
63060  48.765  -11.018  45.500 0.0000000000
63074  49.694  -10.945  45.001 0.0000000000
63075  49.321  -10.631  45.151 0.0000000000
63076  49.029  -10.753  45.413 0.0000000000
63100  51.390  -9.531  42.730 0.0000000000
64259  48.756  -10.768  45.348 0.0000000000
64267  49.227  -10.371  45.006 0.0000000000
64292  48.286  -9.978  43.214 0.0000000000
65408  51.662  -8.419  42.595 0.0000000000
65413  48.176  -9.656  42.797 0.0000000000
66554  50.539  -8.135  42.997 0.0000000000
66567  49.620  -7.977  42.004 0.0000000000
66576  52.767  -6.951  40.372 0.0000000000
66579  49.773  -7.665  41.285 0.0000000000
67697  50.986  -7.422  42.702 0.0000000000
67709  50.821  -7.238  41.783 0.0000000000
67714  53.268  -5.936  40.226 0.0000000000
67726  53.206  -6.347  40.025 0.0000000000
67729  49.921  -6.696  40.231 0.0000000000
67740  50.113  -5.916  39.699 0.0000000000
67758  48.190  -6.158  38.910 0.0000000000
67759  47.986  -6.271  38.869 0.0000000000
68743  51.000  -7.064  42.444 0.0000000000
68744  50.961  -7.002  42.743 0.0000000000
68751  51.032  -7.012  42.190 0.0000000000
68752  50.917  -7.223  42.124 0.0000000000
68760  51.356  -6.880  41.584 0.0000000000
68768  53.168  -5.425  40.103 0.0000000000
68782  53.357  -5.634  39.936 0.0000000000
68783  53.411  -5.953  39.884 0.0000000000
68785  50.856  -5.243  40.267 0.0000000000
68788  46.464  -4.417  39.475 0.0000000000
68798  53.328  -5.305  39.722 0.0000000000
68802  48.806  -5.576  39.289 0.0000000000
68819  48.041  -5.977  38.684 0.0000000000
68834  52.999  -5.673  37.404 0.0000000000
69799  53.099  -5.038  40.008 0.0000000000
69800  52.882  -5.092  40.124 0.0000000000
69812  52.647  -4.700  40.205 0.0000000000
69817  49.471  -4.075  39.742 0.0000000000
70836  52.991  -4.897  39.890 0.0000000000
70886  52.735  -4.231  37.453 0.0000000000
70904  52.697  -4.127  36.976 0.0000000000
71934  51.708  -2.258  40.953 0.0000000000
71938  49.584  -2.554  39.749 0.0000000000
71962  53.227  -3.749  39.291 0.0000000000
71984  52.574  -3.746  37.732 0.0000000000
72001  52.482  -3.766  37.289 0.0000000000
73067  51.900  -1.833  41.175 0.0000000000
73069  50.968  -2.166  39.967 0.0000000000
73070  50.572  -2.364  39.901 0.0000000000
73083  52.170  -1.987  41.074 0.0000000000
73084  51.812  -1.801  40.538 0.0000000000
73105  46.689  -2.140  38.507 0.0000000000
73117  49.535  -1.268  38.829 0.0000000000
73119  47.583  -1.205  38.841 0.0000000000
73132  49.234  -1.478  38.501 0.0000000000
74164  51.558  -1.976  40.118 0.0000000000
74165  51.173  -1.994  39.977 0.0000000000
74180  51.188  -1.463  40.248 0.0000000000
74181  51.247  -1.746  39.979 0.0000000000
74192  51.358  -1.531  39.978 0.0000000000
74193  51.175  -1.471  39.987 0.0000000000
75350  50.590  1.347  33.718 0.0000000000
75367  51.025  1.369  33.535 0.0000000000
75387  51.029  1.230  33.257 0.0000000000
76494  47.399  1.409  34.126 0.0000000000
78631  54.012  3.781  34.779 0.0000000000
78664  55.840  4.523  33.391 0.0000000000
79675  49.039  3.844  36.108 0.0000000000
79679  46.647  3.030  35.509 0.0000000000
79691  53.868  3.984  34.884 0.0000000000
79721  56.080  4.809  33.259 0.0000000000
80719  55.586  4.867  34.017 0.0000000000
80720  55.366  4.962  34.262 0.0000000000
