#!ascii label  , from subject 3188 vox2ras=TkReg
1348
56870  23.589  -12.975  47.612 0.0000000000
61735  37.219  -11.681  52.271 0.0000000000
79776  38.917  4.813  31.042 0.0000000000
67779  32.937  -6.515  39.084 0.0000000000
61849  38.153  -9.496  44.624 0.0000000000
87375  48.478  12.724  22.588 0.0000000000
77613  39.438  3.152  35.787 0.0000000000
74284  34.116  0.140  33.617 0.0000000000
56857  18.728  -14.674  47.692 0.0000000000
56827  29.483  -14.367  50.514 0.0000000000
63027  31.711  -9.771  49.652 0.0000000000
54539  25.254  -14.871  45.390 0.0000000000
82985  44.010  7.994  26.900 0.0000000000
54386  27.396  -14.547  52.823 0.0000000000
59210  22.457  -13.478  53.318 0.0000000000
78756  44.191  6.151  30.002 0.0000000000
58010  17.439  -14.713  53.269 0.0000000000
53260  12.948  -18.212  52.542 0.0000000000
74216  35.690  -0.675  38.813 0.0000000000
66599  36.934  -7.415  41.376 0.0000000000
60596  34.485  -10.570  41.474 0.0000000000
60524  34.027  -9.836  45.736 0.0000000000
76455  40.211  2.161  37.470 0.0000000000
74281  36.791  1.231  34.366 0.0000000000
74248  37.749  0.447  36.098 0.0000000000
79680  41.246  5.149  37.400 0.0000000000
58102  21.980  -13.962  44.940 0.0000000000
56883  19.817  -15.117  45.429 0.0000000000
58069  20.885  -12.572  47.782 0.0000000000
55664  26.408  -13.630  49.439 0.0000000000
54458  27.088  -15.273  47.874 0.0000000000
55716  24.554  -14.332  46.391 0.0000000000
56914  23.533  -14.817  43.940 0.0000000000
78780  39.267  5.448  28.687 0.0000000000
78696  40.283  6.060  32.699 0.0000000000
78738  41.177  6.101  30.828 0.0000000000
79809  41.359  5.565  28.682 0.0000000000
59182  21.244  -13.694  55.536 0.0000000000
59213  19.752  -12.825  53.339 0.0000000000
57951  18.905  -13.721  55.250 0.0000000000
55554  13.186  -15.838  57.733 0.0000000000
55583  14.306  -16.159  55.441 0.0000000000
53241  12.019  -17.951  54.678 0.0000000000
52241  10.320  -19.446  54.616 0.0000000000
51208  9.412  -19.508  56.646 0.0000000000
68774  37.982  -6.231  43.845 0.0000000000
65431  37.975  -7.966  43.110 0.0000000000
63160  36.296  -9.614  41.267 0.0000000000
61881  36.912  -10.165  43.230 0.0000000000
61828  28.812  -11.165  46.414 0.0000000000
61809  33.621  -9.554  47.602 0.0000000000
64287  29.975  -9.348  44.945 0.0000000000
63108  31.933  -9.355  43.371 0.0000000000
70896  33.925  -2.870  38.905 0.0000000000
72010  32.051  -2.403  36.481 0.0000000000
67782  30.890  -6.258  37.074 0.0000000000
90491  50.314  14.582  20.100 0.0000000000
88455  48.655  12.407  20.256 0.0000000000
78679  38.732  3.952  33.251 0.0000000000
76541  37.413  2.193  33.015 0.0000000000
80709  40.294  5.718  35.513 0.0000000000
59228  33.226  -12.103  52.498 0.0000000000
62996  34.870  -10.566  51.468 0.0000000000
59255  30.421  -12.420  50.074 0.0000000000
58090  28.178  -13.691  47.448 0.0000000000
56912  26.132  -14.122  44.700 0.0000000000
84073  45.628  8.556  28.678 0.0000000000
85160  45.395  9.552  27.397 0.0000000000
86271  45.860  10.557  24.917 0.0000000000
85211  46.664  10.894  22.326 0.0000000000
55622  25.650  -13.698  50.586 0.0000000000
59241  23.050  -12.482  50.803 0.0000000000
58005  24.825  -13.500  52.882 0.0000000000
54442  27.808  -15.594  51.136 0.0000000000
80798  43.683  6.299  28.424 0.0000000000
59244  19.855  -13.225  50.339 0.0000000000
58056  17.918  -14.383  50.295 0.0000000000
55647  15.802  -16.129  50.411 0.0000000000
57976  16.881  -14.220  55.195 0.0000000000
55609  15.140  -16.588  52.489 0.0000000000
50085  7.825  -20.976  58.137 0.0000000000
73137  38.656  0.587  38.807 0.0000000000
69825  35.161  -4.141  40.574 0.0000000000
68776  36.511  -5.145  42.441 0.0000000000
67767  35.021  -6.932  39.631 0.0000000000
65495  34.515  -8.982  40.013 0.0000000000
60651  34.034  -10.698  39.066 0.0000000000
60654  32.234  -11.590  38.439 0.0000000000
61790  35.557  -10.708  49.178 0.0000000000
59288  36.289  -10.718  47.604 0.0000000000
59329  36.607  -11.150  45.343 0.0000000000
59333  33.987  -10.102  43.446 0.0000000000
60599  32.377  -10.530  40.851 0.0000000000
74252  34.205  -0.588  36.176 0.0000000000
72044  32.366  -1.630  33.794 0.0000000000
75327  40.868  1.736  37.822 0.0000000000
74246  38.852  1.082  36.809 0.0000000000
74236  38.937  1.089  37.484 0.0000000000
78608  41.547  3.678  37.864 0.0000000000
56882  23.334  -13.310  46.349 0.0000000000
58093  21.134  -13.500  45.837 0.0000000000
58080  22.587  -12.798  47.178 0.0000000000
56854  25.330  -13.041  47.507 0.0000000000
55697  24.948  -14.310  47.097 0.0000000000
56869  24.440  -13.413  46.911 0.0000000000
56897  23.160  -13.782  44.944 0.0000000000
78741  38.983  4.984  30.347 0.0000000000
78697  39.912  5.301  32.665 0.0000000000
78718  41.076  6.296  31.608 0.0000000000
78740  39.643  5.264  30.550 0.0000000000
78761  39.467  5.503  29.776 0.0000000000
55555  12.443  -16.569  57.504 0.0000000000
55570  13.331  -16.592  56.356 0.0000000000
54375  11.550  -17.544  55.805 0.0000000000
52240  11.016  -18.812  54.777 0.0000000000
52237  10.494  -18.878  55.660 0.0000000000
52238  9.655  -19.690  55.430 0.0000000000
65424  38.780  -7.889  44.031 0.0000000000
64296  38.574  -8.982  43.887 0.0000000000
63119  37.664  -9.351  43.038 0.0000000000
61864  37.669  -9.960  43.952 0.0000000000
61749  37.557  -11.178  51.138 0.0000000000
60543  27.608  -12.175  45.172 0.0000000000
63068  29.894  -9.959  46.408 0.0000000000
63096  28.131  -10.855  44.404 0.0000000000
63109  28.655  -9.947  43.571 0.0000000000
68840  32.937  -5.332  38.607 0.0000000000
69860  32.652  -4.228  38.204 0.0000000000
87353  48.476  12.577  23.499 0.0000000000
89465  50.051  13.506  23.666 0.0000000000
89473  48.967  13.611  22.203 0.0000000000
89478  49.071  13.588  21.123 0.0000000000
88447  48.612  12.758  21.669 0.0000000000
77614  38.984  3.176  34.687 0.0000000000
77639  37.994  2.800  33.565 0.0000000000
76518  38.204  2.396  34.156 0.0000000000
74282  36.014  1.029  34.330 0.0000000000
75379  35.502  1.447  33.606 0.0000000000
74304  33.888  0.694  32.493 0.0000000000
78641  40.293  4.087  36.607 0.0000000000
78658  39.855  4.013  35.814 0.0000000000
78677  39.566  5.150  34.008 0.0000000000
58095  19.363  -14.605  46.503 0.0000000000
56873  17.853  -15.696  47.757 0.0000000000
59239  31.278  -12.837  51.742 0.0000000000
60458  31.490  -12.016  51.237 0.0000000000
58065  29.900  -13.581  49.846 0.0000000000
54498  26.243  -15.204  46.623 0.0000000000
55696  27.814  -15.008  47.103 0.0000000000
54519  26.748  -14.629  46.200 0.0000000000
58101  27.016  -13.411  46.253 0.0000000000
55761  26.251  -14.241  45.421 0.0000000000
55763  25.219  -14.756  44.456 0.0000000000
64384  34.058  -10.006  37.421 0.0000000000
82965  44.540  8.184  28.161 0.0000000000
85144  45.572  9.274  28.118 0.0000000000
85162  43.938  9.244  27.827 0.0000000000
85188  45.130  9.786  24.826 0.0000000000
86272  45.358  10.093  24.363 0.0000000000
86281  45.986  10.667  24.154 0.0000000000
55605  26.370  -14.027  51.806 0.0000000000
58017  25.059  -13.965  51.981 0.0000000000
58003  26.298  -14.198  53.278 0.0000000000
54397  27.398  -14.542  52.061 0.0000000000
55620  26.869  -14.066  51.402 0.0000000000
79819  44.980  6.724  29.385 0.0000000000
78793  43.586  6.065  29.541 0.0000000000
80783  41.362  5.438  27.954 0.0000000000
59232  22.844  -12.878  51.581 0.0000000000
59242  22.051  -12.442  50.948 0.0000000000
59234  21.302  -13.060  51.750 0.0000000000
58008  18.581  -13.888  52.635 0.0000000000
58020  18.620  -13.598  51.568 0.0000000000
56796  17.173  -14.385  51.405 0.0000000000
55646  16.688  -15.533  50.294 0.0000000000
55607  16.503  -15.106  51.822 0.0000000000
57935  16.434  -14.311  57.025 0.0000000000
55589  13.137  -16.663  54.002 0.0000000000
56777  14.792  -16.172  53.957 0.0000000000
55611  13.545  -17.274  52.298 0.0000000000
55627  14.294  -17.159  51.258 0.0000000000
71958  35.487  -2.684  40.453 0.0000000000
67721  37.471  -6.761  42.143 0.0000000000
68775  37.205  -6.041  42.845 0.0000000000
68807  36.276  -6.479  41.779 0.0000000000
68809  35.564  -5.692  41.142 0.0000000000
67748  35.440  -7.141  40.545 0.0000000000
66636  34.665  -7.779  39.872 0.0000000000
65449  35.478  -8.335  40.817 0.0000000000
60608  35.480  -10.369  41.096 0.0000000000
61938  35.201  -10.212  40.194 0.0000000000
60610  34.213  -10.441  40.886 0.0000000000
60635  33.436  -10.897  39.704 0.0000000000
60611  33.566  -10.614  40.658 0.0000000000
61767  33.801  -10.519  50.798 0.0000000000
63025  35.362  -10.448  50.177 0.0000000000
61779  33.318  -9.824  50.010 0.0000000000
60506  34.010  -9.738  46.568 0.0000000000
60505  34.773  -9.898  47.279 0.0000000000
60523  34.925  -9.667  46.204 0.0000000000
59314  36.463  -10.291  46.119 0.0000000000
59316  35.539  -10.379  45.210 0.0000000000
59331  35.458  -10.194  44.384 0.0000000000
60550  34.434  -9.594  44.657 0.0000000000
63142  29.995  -9.454  41.426 0.0000000000
61883  32.542  -9.872  42.174 0.0000000000
75318  36.939  -0.005  38.809 0.0000000000
75324  36.731  -0.064  37.639 0.0000000000
74230  34.917  -0.812  38.049 0.0000000000
69888  30.953  -4.382  35.407 0.0000000000
73153  31.629  -2.057  35.336 0.0000000000
90494  50.612  14.742  18.893 0.0000000000
76497  39.474  2.493  36.647 0.0000000000
75375  38.298  1.889  35.259 0.0000000000
74260  38.779  1.301  36.590 0.0000000000
74262  37.600  1.049  35.404 0.0000000000
74264  35.983  0.383  34.857 0.0000000000
79671  41.543  4.734  37.962 0.0000000000
78619  40.694  3.657  37.263 0.0000000000
58104  20.446  -14.557  45.074 0.0000000000
58082  20.358  -13.334  47.068 0.0000000000
59292  19.354  -13.450  47.627 0.0000000000
56830  27.825  -14.780  49.712 0.0000000000
56828  28.524  -14.724  49.208 0.0000000000
55681  26.534  -14.491  48.630 0.0000000000
54478  25.564  -15.584  47.033 0.0000000000
54523  24.780  -15.991  46.101 0.0000000000
56895  24.504  -14.798  44.776 0.0000000000
56896  24.071  -14.579  45.012 0.0000000000
56915  22.392  -14.595  44.038 0.0000000000
82992  43.481  7.287  25.573 0.0000000000
129450  27.195  -14.447  54.475 0.0000000000
80743  42.183  6.471  32.173 0.0000000000
79759  42.235  6.381  31.525 0.0000000000
79775  42.470  6.091  30.382 0.0000000000
78776  42.968  6.062  29.807 0.0000000000
78778  41.349  5.715  29.476 0.0000000000
78779  40.352  5.608  29.210 0.0000000000
59194  22.458  -13.710  54.403 0.0000000000
59223  20.565  -12.535  52.789 0.0000000000
59196  20.479  -13.600  54.761 0.0000000000
57973  19.065  -13.752  54.379 0.0000000000
56764  17.954  -14.489  54.331 0.0000000000
56747  15.278  -15.311  56.992 0.0000000000
56749  13.980  -15.873  56.491 0.0000000000
55584  13.542  -16.747  55.088 0.0000000000
54388  12.646  -17.905  53.522 0.0000000000
52246  11.133  -19.323  53.455 0.0000000000
66583  38.482  -6.934  43.048 0.0000000000
65433  37.320  -8.028  41.658 0.0000000000
65468  36.403  -8.411  41.092 0.0000000000
64330  36.904  -8.756  41.978 0.0000000000
63139  36.378  -9.612  42.276 0.0000000000
60580  35.375  -10.652  42.385 0.0000000000
61794  30.075  -10.950  48.289 0.0000000000
63037  31.928  -9.739  48.705 0.0000000000
63052  30.991  -9.738  47.178 0.0000000000
63067  31.722  -9.374  46.523 0.0000000000
63079  32.853  -8.683  45.766 0.0000000000
60540  33.269  -9.309  44.626 0.0000000000
64297  31.138  -9.165  43.787 0.0000000000
63124  29.644  -9.226  42.372 0.0000000000
71995  34.582  -2.031  38.839 0.0000000000
73141  33.583  -1.618  37.756 0.0000000000
70898  32.433  -3.268  37.503 0.0000000000
70900  31.355  -4.095  36.707 0.0000000000
90488  49.819  14.591  21.376 0.0000000000
89482  49.406  13.368  20.104 0.0000000000
78699  38.508  4.195  32.547 0.0000000000
78742  37.182  4.118  30.717 0.0000000000
78722  37.547  3.729  31.806 0.0000000000
74300  37.475  1.720  33.545 0.0000000000
76531  35.919  2.069  32.629 0.0000000000
81773  41.457  6.410  37.263 0.0000000000
82878  41.329  7.388  36.449 0.0000000000
81799  41.197  7.017  34.769 0.0000000000
79731  40.141  5.833  33.925 0.0000000000
61737  35.221  -11.702  52.702 0.0000000000
61751  35.968  -11.398  51.527 0.0000000000
61753  33.892  -10.825  51.775 0.0000000000
60468  31.841  -11.228  50.892 0.0000000000
60470  30.291  -11.818  49.640 0.0000000000
56849  28.244  -14.476  48.288 0.0000000000
59273  29.286  -13.008  48.565 0.0000000000
60486  29.710  -11.960  48.801 0.0000000000
60527  28.550  -12.203  47.017 0.0000000000
59319  27.202  -12.735  45.704 0.0000000000
58114  26.405  -13.333  44.324 0.0000000000
86244  46.651  10.237  26.853 0.0000000000
85170  44.413  9.377  26.432 0.0000000000
85176  45.642  10.269  26.114 0.0000000000
87337  46.835  10.984  26.066 0.0000000000
87356  47.075  11.491  24.790 0.0000000000
85186  47.578  11.652  23.593 0.0000000000
86279  47.391  11.617  22.677 0.0000000000
86298  47.804  11.164  21.236 0.0000000000
56834  24.355  -13.316  49.553 0.0000000000
58052  23.161  -12.722  49.353 0.0000000000
58036  24.012  -13.394  50.617 0.0000000000
58018  24.185  -14.105  51.682 0.0000000000
59209  23.235  -13.645  53.065 0.0000000000
57987  26.024  -14.313  54.391 0.0000000000
57970  23.390  -14.342  54.627 0.0000000000
57949  22.861  -14.358  55.689 0.0000000000
60431  36.846  -12.527  53.070 0.0000000000
60421  34.810  -12.183  53.635 0.0000000000
59218  32.760  -13.276  53.109 0.0000000000
58014  30.651  -13.722  52.080 0.0000000000
54422  29.737  -14.812  52.133 0.0000000000
55638  29.083  -14.914  50.925 0.0000000000
56813  27.869  -13.627  50.328 0.0000000000
55665  26.188  -13.062  49.314 0.0000000000
81855  46.013  7.471  29.575 0.0000000000
81856  45.051  6.923  28.618 0.0000000000
81867  43.849  6.706  27.717 0.0000000000
79822  42.777  5.690  28.686 0.0000000000
80799  42.834  6.105  27.886 0.0000000000
81868  43.360  6.569  27.078 0.0000000000
58053  22.383  -12.729  49.094 0.0000000000
59259  20.381  -12.701  49.444 0.0000000000
59260  19.419  -13.340  49.153 0.0000000000
59235  20.202  -13.298  51.681 0.0000000000
58037  19.118  -13.780  50.041 0.0000000000
56836  18.192  -15.010  48.990 0.0000000000
55666  16.916  -15.821  49.041 0.0000000000
55667  16.224  -16.482  49.421 0.0000000000
57975  17.596  -14.002  54.927 0.0000000000
56765  17.377  -14.768  54.493 0.0000000000
55593  16.034  -15.457  54.160 0.0000000000
55608  16.214  -15.839  52.668 0.0000000000
55625  15.436  -16.165  51.432 0.0000000000
50083  8.157  -20.273  57.934 0.0000000000
74211  40.061  1.047  38.839 0.0000000000
73110  36.299  -1.422  39.769 0.0000000000
70869  35.057  -2.304  39.515 0.0000000000
69851  34.257  -3.849  39.604 0.0000000000
68839  33.767  -5.380  39.349 0.0000000000
68793  35.580  -4.951  41.192 0.0000000000
68827  35.155  -5.758  40.009 0.0000000000
67778  33.874  -6.715  39.428 0.0000000000
66650  33.991  -7.781  39.515 0.0000000000
65496  34.283  -8.654  39.473 0.0000000000
64363  34.468  -9.837  38.980 0.0000000000
64350  35.877  -9.167  40.613 0.0000000000
63198  34.518  -9.940  39.191 0.0000000000
61969  34.274  -10.456  38.533 0.0000000000
60652  33.453  -11.056  38.547 0.0000000000
60668  32.193  -12.279  37.539 0.0000000000
61820  38.324  -9.379  46.129 0.0000000000
60456  36.659  -11.069  50.961 0.0000000000
60455  36.997  -10.744  50.487 0.0000000000
59253  37.102  -10.665  49.493 0.0000000000
61791  34.682  -10.082  48.933 0.0000000000
60483  36.289  -11.011  48.771 0.0000000000
59287  36.717  -10.728  48.345 0.0000000000
59300  36.989  -10.299  48.150 0.0000000000
60537  36.745  -9.948  46.284 0.0000000000
60562  37.444  -10.320  44.802 0.0000000000
59345  36.646  -11.132  44.486 0.0000000000
59362  35.572  -10.573  43.005 0.0000000000
59363  34.769  -10.714  42.586 0.0000000000
60552  33.020  -9.808  43.801 0.0000000000
59350  33.289  -10.257  42.223 0.0000000000
60597  33.428  -10.518  41.245 0.0000000000
60613  32.394  -10.734  40.158 0.0000000000
74238  37.482  0.707  37.076 0.0000000000
74239  36.682  0.149  36.631 0.0000000000
74266  33.897  -0.452  34.826 0.0000000000
73150  33.639  -1.052  36.573 0.0000000000
73160  32.623  -1.263  34.715 0.0000000000
74285  33.510  -0.438  33.644 0.0000000000
87386  48.326  11.873  20.573 0.0000000000
75320  41.026  1.693  38.260 0.0000000000
74223  40.513  1.481  38.003 0.0000000000
76451  41.366  2.323  38.225 0.0000000000
56855  24.559  -12.872  48.172 0.0000000000
79777  38.212  4.723  30.605 0.0000000000
79797  37.853  4.633  30.068 0.0000000000
79761  38.806  4.707  31.811 0.0000000000
78720  39.577  5.010  31.377 0.0000000000
55556  11.678  -16.837  57.545 0.0000000000
55571  12.047  -16.864  56.849 0.0000000000
54361  11.328  -17.459  56.637 0.0000000000
53237  11.152  -17.969  56.040 0.0000000000
53238  10.558  -18.197  56.516 0.0000000000
63092  38.932  -8.711  44.990 0.0000000000
64295  38.746  -8.532  44.160 0.0000000000
63106  38.587  -9.092  44.367 0.0000000000
63107  38.276  -9.334  43.758 0.0000000000
61734  38.155  -11.475  52.166 0.0000000000
60554  27.199  -12.071  44.576 0.0000000000
61841  28.378  -11.462  45.112 0.0000000000
61854  27.651  -11.312  44.374 0.0000000000
63110  27.886  -10.542  43.905 0.0000000000
87364  48.360  12.616  23.079 0.0000000000
87365  48.926  13.214  23.387 0.0000000000
88443  48.911  13.383  22.948 0.0000000000
88446  48.813  13.071  22.174 0.0000000000
89474  48.875  13.062  21.932 0.0000000000
87380  48.362  12.496  21.890 0.0000000000
77615  38.661  2.785  34.484 0.0000000000
76499  38.649  2.338  35.102 0.0000000000
74283  34.922  0.931  33.686 0.0000000000
78657  40.072  3.358  36.524 0.0000000000
78659  39.537  3.846  34.773 0.0000000000
56871  18.862  -14.844  46.908 0.0000000000
56872  18.377  -15.259  47.397 0.0000000000
56886  17.818  -15.576  46.998 0.0000000000
56858  18.419  -15.118  48.310 0.0000000000
58046  30.226  -13.347  50.950 0.0000000000
58064  30.148  -13.336  50.435 0.0000000000
56848  29.711  -13.876  50.252 0.0000000000
54521  25.670  -14.937  45.973 0.0000000000
54497  26.987  -15.022  46.626 0.0000000000
54520  26.265  -14.609  45.999 0.0000000000
55737  26.584  -14.431  45.992 0.0000000000
54538  25.634  -14.555  45.337 0.0000000000
63219  34.255  -10.157  37.684 0.0000000000
82977  44.246  7.661  27.668 0.0000000000
84085  44.032  8.791  27.997 0.0000000000
84091  43.961  8.658  27.041 0.0000000000
85201  45.224  9.537  23.511 0.0000000000
55604  26.859  -14.399  52.317 0.0000000000
56784  26.308  -14.114  52.507 0.0000000000
56783  26.763  -14.278  52.990 0.0000000000
54396  27.855  -14.885  52.634 0.0000000000
78735  44.074  6.341  30.500 0.0000000000
79790  44.895  5.776  29.821 0.0000000000
78774  44.533  5.868  29.574 0.0000000000
78775  43.713  6.138  29.761 0.0000000000
59221  22.609  -13.398  52.386 0.0000000000
59233  22.123  -13.084  51.803 0.0000000000
59222  21.769  -13.006  52.607 0.0000000000
58009  17.928  -14.332  52.987 0.0000000000
58021  17.916  -14.055  51.859 0.0000000000
58022  17.423  -14.418  52.619 0.0000000000
55606  16.676  -14.805  51.442 0.0000000000
56787  16.856  -14.793  52.638 0.0000000000
57936  15.831  -14.742  57.195 0.0000000000
54387  13.173  -17.891  52.977 0.0000000000
55596  13.332  -17.114  52.951 0.0000000000
54399  13.220  -17.590  52.073 0.0000000000
54398  13.646  -17.302  51.997 0.0000000000
67730  36.636  -6.987  41.465 0.0000000000
68790  36.725  -6.469  42.129 0.0000000000
67747  35.679  -6.727  41.121 0.0000000000
67731  35.841  -7.448  41.194 0.0000000000
67732  35.350  -7.672  40.850 0.0000000000
66601  35.767  -8.105  41.082 0.0000000000
60595  34.865  -10.775  41.627 0.0000000000
60609  34.970  -10.358  40.802 0.0000000000
59395  34.133  -10.435  40.958 0.0000000000
63026  32.342  -9.602  49.997 0.0000000000
60507  33.632  -9.501  46.059 0.0000000000
59303  35.646  -10.139  46.017 0.0000000000
60538  34.615  -9.641  45.332 0.0000000000
59317  35.062  -9.766  44.837 0.0000000000
60539  33.974  -9.463  44.999 0.0000000000
74201  36.659  -0.522  39.230 0.0000000000
74215  36.505  -0.253  38.437 0.0000000000
76475  40.010  2.435  37.127 0.0000000000
75355  39.577  2.006  37.207 0.0000000000
74245  39.248  1.342  37.261 0.0000000000
74247  38.343  0.890  36.413 0.0000000000
74263  36.872  0.658  35.140 0.0000000000
80690  42.011  5.322  38.257 0.0000000000
77558  41.282  2.857  37.750 0.0000000000
78618  41.079  3.237  37.532 0.0000000000
77568  40.672  2.885  37.319 0.0000000000
77569  40.480  3.226  37.063 0.0000000000
58081  21.514  -12.915  46.963 0.0000000000
59291  19.585  -13.235  47.607 0.0000000000
56853  26.881  -13.869  49.270 0.0000000000
56852  27.165  -14.709  49.196 0.0000000000
54461  25.489  -14.810  47.366 0.0000000000
54479  25.034  -15.455  46.806 0.0000000000
54500  25.192  -16.107  46.374 0.0000000000
55715  24.355  -15.563  46.364 0.0000000000
55739  24.615  -15.154  45.558 0.0000000000
55740  24.037  -14.982  45.897 0.0000000000
79730  40.666  6.284  33.010 0.0000000000
80729  41.707  6.700  32.691 0.0000000000
79760  41.809  6.342  31.569 0.0000000000
78737  42.164  6.228  30.727 0.0000000000
78758  42.283  5.957  30.285 0.0000000000
78759  41.266  5.954  30.180 0.0000000000
59181  22.161  -13.952  55.405 0.0000000000
59195  21.364  -13.486  54.590 0.0000000000
57950  19.688  -13.742  55.019 0.0000000000
57974  18.328  -13.936  54.704 0.0000000000
56734  14.361  -15.373  57.709 0.0000000000
56748  14.538  -15.692  56.729 0.0000000000
54359  12.725  -17.137  55.806 0.0000000000
54373  12.999  -17.108  55.471 0.0000000000
54380  12.858  -17.136  54.781 0.0000000000
54381  12.261  -17.452  54.189 0.0000000000
54382  12.184  -18.032  53.784 0.0000000000
53247  11.680  -18.205  54.212 0.0000000000
52234  9.602  -19.366  56.151 0.0000000000
51203  9.285  -19.531  57.179 0.0000000000
65425  38.518  -7.969  43.454 0.0000000000
66572  38.613  -7.290  43.506 0.0000000000
66573  38.355  -7.606  43.151 0.0000000000
66584  38.104  -7.304  42.636 0.0000000000
65432  37.545  -8.037  42.322 0.0000000000
65446  37.254  -8.378  41.882 0.0000000000
64320  37.258  -8.629  42.311 0.0000000000
63120  36.946  -9.654  42.822 0.0000000000
63121  36.630  -9.893  42.699 0.0000000000
61882  36.242  -10.073  42.479 0.0000000000
60579  36.231  -10.608  43.000 0.0000000000
61811  29.370  -10.857  47.331 0.0000000000
63039  30.276  -10.295  47.606 0.0000000000
63054  29.505  -10.434  46.884 0.0000000000
64274  29.673  -9.819  45.592 0.0000000000
64262  31.031  -9.646  46.652 0.0000000000
64272  31.147  -9.458  45.944 0.0000000000
63066  32.646  -8.933  46.321 0.0000000000
63080  32.146  -9.132  45.494 0.0000000000
64286  30.989  -9.220  44.924 0.0000000000
64310  29.522  -9.351  43.322 0.0000000000
71996  33.760  -2.216  38.442 0.0000000000
70897  33.183  -3.100  38.387 0.0000000000
68842  31.525  -5.382  37.325 0.0000000000
69861  31.816  -4.382  37.660 0.0000000000
68852  31.136  -5.431  36.555 0.0000000000
88450  48.846  12.991  20.402 0.0000000000
88454  49.130  12.632  19.660 0.0000000000
78721  38.143  4.152  32.114 0.0000000000
78680  38.359  3.673  33.070 0.0000000000
76529  37.667  2.457  33.282 0.0000000000
76530  37.370  2.847  32.889 0.0000000000
76542  37.031  2.517  32.661 0.0000000000
75407  36.693  2.047  32.818 0.0000000000
74279  38.019  1.730  35.070 0.0000000000
75376  38.057  1.938  34.606 0.0000000000
74280  37.618  1.588  34.527 0.0000000000
75396  35.141  1.282  32.831 0.0000000000
76519  35.707  1.862  33.299 0.0000000000
76532  35.421  1.677  32.559 0.0000000000
76544  35.554  1.642  31.652 0.0000000000
80694  41.694  5.629  37.651 0.0000000000
81772  42.075  6.374  37.709 0.0000000000
80699  40.977  5.740  37.152 0.0000000000
81780  40.919  6.504  36.581 0.0000000000
81781  40.449  6.307  35.891 0.0000000000
82889  41.298  7.586  35.434 0.0000000000
81790  40.638  6.406  35.119 0.0000000000
81800  40.611  6.813  34.259 0.0000000000
80721  40.336  5.892  34.657 0.0000000000
78678  39.200  4.276  33.710 0.0000000000
78698  39.137  4.817  32.459 0.0000000000
60433  34.450  -11.772  53.059 0.0000000000
60444  34.584  -11.568  52.623 0.0000000000
60445  33.869  -11.652  52.610 0.0000000000
60457  32.329  -11.504  51.382 0.0000000000
60469  31.119  -11.685  50.359 0.0000000000
55679  27.470  -15.210  48.284 0.0000000000
56850  28.006  -15.245  48.657 0.0000000000
55678  27.773  -14.945  47.846 0.0000000000
55713  28.188  -14.719  46.782 0.0000000000
58078  28.507  -13.690  48.220 0.0000000000
58079  28.419  -13.313  47.928 0.0000000000
60488  28.780  -12.428  48.042 0.0000000000
60509  28.843  -12.055  47.782 0.0000000000
59305  28.046  -12.973  47.249 0.0000000000
56911  26.652  -13.968  45.659 0.0000000000
58113  26.679  -13.444  45.112 0.0000000000
56933  26.280  -13.943  44.799 0.0000000000
56913  24.191  -14.989  44.378 0.0000000000
55765  24.106  -15.409  43.773 0.0000000000
55789  23.703  -15.549  42.870 0.0000000000
82962  46.618  7.917  29.531 0.0000000000
85143  46.483  9.218  28.292 0.0000000000
85159  46.405  9.714  27.471 0.0000000000
86243  47.313  10.294  27.200 0.0000000000
84100  43.701  8.321  25.707 0.0000000000
84099  44.010  8.809  26.212 0.0000000000
85187  45.544  10.255  25.463 0.0000000000
86261  46.114  10.480  25.682 0.0000000000
87338  46.473  10.688  25.884 0.0000000000
87346  46.472  10.873  25.561 0.0000000000
87345  47.070  11.383  25.614 0.0000000000
87357  46.500  11.160  25.158 0.0000000000
85200  46.132  10.610  23.219 0.0000000000
86280  46.604  11.242  23.998 0.0000000000
85199  46.925  11.395  23.281 0.0000000000
85198  47.475  11.695  23.102 0.0000000000
85210  47.135  11.427  22.713 0.0000000000
56815  25.194  -13.926  50.091 0.0000000000
56816  24.663  -13.744  50.743 0.0000000000
58006  24.013  -13.568  52.919 0.0000000000
129458  26.588  -14.280  54.615 0.0000000000
56756  25.329  -14.437  55.492 0.0000000000
57969  24.190  -14.359  54.568 0.0000000000
57947  24.001  -14.578  55.319 0.0000000000
57971  22.847  -14.283  55.115 0.0000000000
60420  35.633  -12.523  53.748 0.0000000000
59230  31.966  -13.202  52.442 0.0000000000
54409  28.919  -15.443  52.546 0.0000000000
54423  29.309  -15.101  51.871 0.0000000000
55660  28.006  -15.696  50.940 0.0000000000
55640  27.804  -15.231  50.410 0.0000000000
55663  27.331  -14.844  50.880 0.0000000000
55621  26.135  -13.439  51.068 0.0000000000
55643  26.780  -13.315  50.303 0.0000000000
55644  25.881  -13.712  49.989 0.0000000000
56833  25.421  -13.035  48.969 0.0000000000
78723  36.779  3.564  31.112 0.0000000000
80797  44.352  6.399  28.870 0.0000000000
80779  45.072  6.596  28.905 0.0000000000
81866  44.602  6.894  28.334 0.0000000000
78796  41.748  5.601  29.130 0.0000000000
78794  42.946  5.693  29.396 0.0000000000
79823  42.023  5.527  28.871 0.0000000000
80800  42.093  5.553  27.458 0.0000000000
80814  42.695  5.946  27.006 0.0000000000
59256  23.182  -12.738  50.130 0.0000000000
59257  22.562  -12.579  50.001 0.0000000000
59243  20.915  -12.937  50.614 0.0000000000
60436  19.817  -12.461  53.123 0.0000000000
59224  19.800  -12.827  52.789 0.0000000000
59245  18.100  -13.272  50.972 0.0000000000
58019  19.234  -13.450  51.077 0.0000000000
58038  18.487  -13.749  50.653 0.0000000000
58055  18.474  -14.414  49.547 0.0000000000
56837  17.531  -14.993  49.577 0.0000000000
55668  15.610  -16.771  49.840 0.0000000000
57954  16.787  -14.556  56.110 0.0000000000
56766  16.454  -14.670  54.680 0.0000000000
55568  15.132  -15.633  56.229 0.0000000000
54372  15.370  -15.345  55.803 0.0000000000
55594  15.268  -16.066  53.704 0.0000000000
55626  14.654  -16.624  51.386 0.0000000000
51199  8.675  -19.592  58.153 0.0000000000
50084  8.174  -20.700  58.086 0.0000000000
74200  37.559  -0.132  39.389 0.0000000000
73094  36.810  -1.567  40.399 0.0000000000
71967  35.538  -2.061  39.798 0.0000000000
70859  35.378  -3.274  40.841 0.0000000000
70871  34.646  -3.497  40.046 0.0000000000
70860  34.948  -3.567  40.374 0.0000000000
69838  34.640  -4.174  40.273 0.0000000000
68791  36.217  -6.064  42.260 0.0000000000
68778  35.934  -4.927  41.466 0.0000000000
67766  35.412  -6.474  40.372 0.0000000000
68810  35.374  -5.318  40.624 0.0000000000
68838  34.522  -5.955  39.583 0.0000000000
65485  34.686  -8.408  40.257 0.0000000000
64373  34.435  -9.211  39.460 0.0000000000
64331  36.557  -8.962  41.147 0.0000000000
64349  36.239  -8.735  40.830 0.0000000000
63161  36.162  -9.528  40.714 0.0000000000
61939  34.642  -10.255  39.819 0.0000000000
63197  35.087  -9.960  39.816 0.0000000000
61954  34.789  -10.106  39.614 0.0000000000
61955  34.356  -10.334  39.149 0.0000000000
61956  33.953  -10.755  38.724 0.0000000000
60636  32.919  -11.425  39.617 0.0000000000
60653  32.824  -11.545  38.506 0.0000000000
60669  31.539  -12.283  37.742 0.0000000000
62995  35.384  -10.907  51.585 0.0000000000
63014  35.758  -10.729  51.012 0.0000000000
61777  35.831  -10.324  49.820 0.0000000000
61776  36.586  -10.412  50.112 0.0000000000
61789  36.207  -10.599  49.472 0.0000000000
60467  36.879  -10.654  49.592 0.0000000000
63050  32.849  -9.568  48.357 0.0000000000
61792  33.695  -9.405  48.765 0.0000000000
61808  34.371  -9.865  48.112 0.0000000000
61807  35.779  -10.578  47.276 0.0000000000
60504  35.512  -10.551  47.560 0.0000000000
60503  35.986  -10.932  47.777 0.0000000000
60502  36.408  -10.950  48.232 0.0000000000
59301  36.527  -10.445  47.316 0.0000000000
59328  36.850  -10.605  45.630 0.0000000000
60548  37.113  -9.921  45.441 0.0000000000
59344  37.189  -11.305  45.104 0.0000000000
60563  37.328  -10.892  44.387 0.0000000000
59346  35.948  -10.519  43.990 0.0000000000
59347  35.210  -10.149  43.416 0.0000000000
59348  34.402  -10.223  42.991 0.0000000000
61852  32.429  -9.403  43.993 0.0000000000
60541  32.836  -9.290  44.208 0.0000000000
61851  32.618  -9.703  43.706 0.0000000000
61898  32.331  -10.134  41.294 0.0000000000
60583  32.886  -10.267  41.688 0.0000000000
59365  33.587  -10.287  42.143 0.0000000000
60598  32.876  -10.665  41.002 0.0000000000
74225  39.095  0.930  38.382 0.0000000000
74226  38.089  0.950  38.104 0.0000000000
74240  35.877  -0.102  36.662 0.0000000000
74250  35.821  0.347  35.845 0.0000000000
74251  34.852  0.117  35.970 0.0000000000
72009  32.779  -2.501  36.939 0.0000000000
73145  33.802  -1.175  37.430 0.0000000000
73147  32.680  -2.019  36.414 0.0000000000
72032  31.858  -1.827  34.230 0.0000000000
73161  31.710  -1.741  35.013 0.0000000000
72031  32.296  -1.551  34.246 0.0000000000
74267  33.259  -0.819  34.126 0.0000000000
91483  51.380  15.516  18.840 0.0000000000
91492  51.605  15.237  18.235 0.0000000000
91491  52.075  15.496  17.948 0.0000000000
76454  40.756  2.272  37.609 0.0000000000
75340  39.916  1.884  37.545 0.0000000000
74235  39.784  1.501  37.762 0.0000000000
58092  22.179  -13.196  45.777 0.0000000000
59307  21.640  -13.443  45.542 0.0000000000
58068  21.829  -12.486  48.209 0.0000000000
55682  25.789  -13.708  48.277 0.0000000000
56868  25.018  -13.500  46.893 0.0000000000
56881  23.959  -14.031  45.878 0.0000000000
78762  38.556  4.793  29.694 0.0000000000
78719  40.267  5.437  31.617 0.0000000000
78739  40.411  5.571  30.762 0.0000000000
78760  40.343  5.903  30.014 0.0000000000
59171  21.834  -13.824  56.256 0.0000000000
59172  21.084  -13.588  56.383 0.0000000000
54360  12.180  -17.154  56.103 0.0000000000
53242  11.402  -18.274  55.325 0.0000000000
52236  11.042  -18.734  55.295 0.0000000000
52233  9.820  -18.962  56.805 0.0000000000
65415  39.082  -8.078  44.484 0.0000000000
64306  38.629  -8.292  43.745 0.0000000000
64307  38.333  -8.680  43.461 0.0000000000
64319  37.661  -8.588  42.846 0.0000000000
61880  37.400  -9.877  43.175 0.0000000000
61865  37.261  -10.507  43.821 0.0000000000
63081  29.140  -10.592  45.452 0.0000000000
64288  29.485  -10.059  44.908 0.0000000000
64299  29.426  -9.659  44.232 0.0000000000
61868  27.182  -11.144  43.159 0.0000000000
69859  33.728  -4.053  38.704 0.0000000000
68841  32.193  -5.339  37.933 0.0000000000
87354  48.682  12.550  24.001 0.0000000000
88436  49.377  12.607  24.710 0.0000000000
90489  49.204  14.099  21.801 0.0000000000
89479  48.802  13.105  21.614 0.0000000000
88451  48.577  12.713  21.005 0.0000000000
77626  38.785  3.657  33.898 0.0000000000
77628  38.088  3.452  33.158 0.0000000000
77627  38.403  3.154  33.774 0.0000000000
75405  37.592  1.959  33.238 0.0000000000
74303  34.466  1.021  32.222 0.0000000000
78620  40.643  4.422  36.953 0.0000000000
79700  40.260  4.924  36.080 0.0000000000
79701  40.068  5.355  35.352 0.0000000000
79718  39.824  5.231  34.950 0.0000000000
56884  19.256  -15.342  46.035 0.0000000000
55683  17.149  -16.284  48.059 0.0000000000
59229  32.755  -12.560  52.433 0.0000000000
60447  32.146  -12.344  51.829 0.0000000000
59254  30.700  -12.765  50.802 0.0000000000
59271  30.242  -13.000  50.065 0.0000000000
54476  26.746  -15.368  47.263 0.0000000000
54475  27.370  -15.206  47.386 0.0000000000
55714  27.763  -14.703  46.675 0.0000000000
56880  28.000  -14.579  46.774 0.0000000000
58100  27.830  -13.672  46.797 0.0000000000
55736  26.928  -14.398  46.182 0.0000000000
55760  26.622  -14.186  45.812 0.0000000000
55785  25.799  -14.512  43.952 0.0000000000
55762  25.687  -14.473  44.647 0.0000000000
55787  25.197  -15.608  43.234 0.0000000000
64375  33.821  -9.367  37.726 0.0000000000
82964  45.035  7.545  28.523 0.0000000000
84074  44.735  8.776  28.456 0.0000000000
85145  44.758  9.437  28.066 0.0000000000
85178  44.251  9.251  25.435 0.0000000000
85189  44.436  8.973  24.325 0.0000000000
86282  45.504  10.302  24.218 0.0000000000
56793  25.410  -13.685  51.225 0.0000000000
56792  25.973  -13.401  51.974 0.0000000000
58004  25.699  -13.706  52.880 0.0000000000
54411  27.782  -14.968  51.843 0.0000000000
54412  27.347  -14.640  51.461 0.0000000000
79805  44.974  6.318  29.562 0.0000000000
79820  44.124  6.276  29.194 0.0000000000
79821  43.616  6.020  29.045 0.0000000000
57992  19.336  -13.528  53.354 0.0000000000
58007  19.311  -13.518  52.189 0.0000000000
59246  17.944  -13.474  51.249 0.0000000000
58039  17.688  -13.759  50.935 0.0000000000
56818  17.180  -14.720  50.652 0.0000000000
56817  16.815  -14.876  50.875 0.0000000000
55623  16.567  -15.053  51.050 0.0000000000
55624  16.087  -15.547  51.255 0.0000000000
57934  17.294  -13.939  56.785 0.0000000000
55588  14.309  -16.377  54.476 0.0000000000
56768  14.559  -16.285  54.056 0.0000000000
55595  14.328  -16.529  53.466 0.0000000000
55610  14.133  -17.060  52.173 0.0000000000
71957  36.097  -2.370  40.611 0.0000000000
71956  36.221  -2.657  41.337 0.0000000000
70858  35.942  -3.176  41.409 0.0000000000
70840  35.802  -3.768  41.230 0.0000000000
67720  37.981  -6.705  42.994 0.0000000000
68792  35.978  -5.450  41.672 0.0000000000
68808  35.806  -6.220  41.574 0.0000000000
67765  35.492  -6.351  40.764 0.0000000000
67768  35.118  -7.144  39.744 0.0000000000
67749  35.194  -7.456  40.134 0.0000000000
66620  34.929  -7.873  40.422 0.0000000000
65484  35.104  -8.854  40.463 0.0000000000
61914  35.849  -10.288  41.007 0.0000000000
63184  36.043  -10.073  40.767 0.0000000000
61915  35.409  -10.318  40.774 0.0000000000
60633  35.149  -10.281  39.951 0.0000000000
60634  34.171  -10.383  39.782 0.0000000000
63015  34.968  -10.314  50.688 0.0000000000
61766  34.421  -10.451  50.495 0.0000000000
61778  34.708  -10.523  49.959 0.0000000000
61810  33.253  -9.306  46.669 0.0000000000
60522  35.592  -10.343  46.889 0.0000000000
59302  36.107  -10.517  46.668 0.0000000000
59315  36.077  -10.659  45.677 0.0000000000
59330  36.005  -10.915  44.858 0.0000000000
59332  34.661  -9.803  43.949 0.0000000000
64308  31.232  -9.054  42.782 0.0000000000
61884  32.256  -9.838  42.824 0.0000000000
64321  31.016  -9.354  41.968 0.0000000000
63141  31.207  -10.110  41.145 0.0000000000
63140  31.943  -9.969  41.067 0.0000000000
61917  31.573  -10.372  39.891 0.0000000000
63162  30.833  -10.054  40.147 0.0000000000
75307  37.619  0.326  38.816 0.0000000000
75322  37.613  0.590  38.056 0.0000000000
75323  37.055  0.067  38.105 0.0000000000
74229  36.008  -0.305  37.703 0.0000000000
74241  35.112  -0.569  36.887 0.0000000000
72011  31.587  -2.779  36.471 0.0000000000
72021  31.878  -2.222  36.076 0.0000000000
70935  31.264  -3.435  35.140 0.0000000000
89481  49.990  13.897  19.591 0.0000000000
91480  50.879  15.191  19.611 0.0000000000
77612  39.889  3.028  36.514 0.0000000000
76498  38.980  2.563  35.791 0.0000000000
76476  38.925  2.173  36.511 0.0000000000
75357  38.555  1.854  36.133 0.0000000000
74261  38.257  1.362  35.769 0.0000000000
80693  42.312  5.797  38.023 0.0000000000
78609  41.060  4.293  37.461 0.0000000000
78640  40.268  3.518  36.717 0.0000000000
58094  19.976  -14.288  45.719 0.0000000000
58083  19.268  -13.913  47.250 0.0000000000
59277  19.279  -13.328  48.043 0.0000000000
56810  28.763  -15.205  49.992 0.0000000000
58048  29.106  -14.650  49.689 0.0000000000
56829  28.120  -15.152  49.443 0.0000000000
56851  27.567  -15.213  48.989 0.0000000000
54459  26.510  -15.245  47.945 0.0000000000
54460  25.879  -15.097  47.900 0.0000000000
54477  26.070  -15.441  47.240 0.0000000000
54499  25.597  -15.587  46.519 0.0000000000
54522  25.166  -15.616  45.796 0.0000000000
55738  24.885  -14.874  45.179 0.0000000000
82986  43.633  7.483  26.598 0.0000000000
84092  43.797  8.280  26.496 0.0000000000
129455  27.136  -14.436  53.362 0.0000000000
129447  27.940  -14.916  54.700 0.0000000000
81810  42.315  7.270  32.569 0.0000000000
80742  42.659  6.859  32.130 0.0000000000
79744  41.580  6.371  32.099 0.0000000000
78695  42.788  6.310  31.280 0.0000000000
78716  43.324  6.224  30.981 0.0000000000
78757  43.142  6.196  30.130 0.0000000000
79792  42.681  6.130  30.262 0.0000000000
78777  42.192  5.666  29.787 0.0000000000
79810  40.334  5.592  28.498 0.0000000000
59211  21.477  -13.182  53.579 0.0000000000
59212  20.298  -12.828  53.757 0.0000000000
57991  19.747  -13.103  53.661 0.0000000000
57972  19.753  -13.404  54.161 0.0000000000
57993  18.442  -14.245  53.754 0.0000000000
57994  17.867  -14.666  53.637 0.0000000000
55569  14.312  -15.797  56.107 0.0000000000
55590  12.789  -17.180  53.567 0.0000000000
53251  12.854  -18.351  53.057 0.0000000000
52256  11.694  -19.025  53.035 0.0000000000
67719  38.421  -6.739  43.612 0.0000000000
66585  37.324  -7.497  41.669 0.0000000000
66600  36.625  -7.797  41.224 0.0000000000
66586  37.142  -7.909  41.369 0.0000000000
63159  36.548  -9.058  41.695 0.0000000000
63137  37.372  -8.943  42.603 0.0000000000
63138  36.827  -9.132  42.299 0.0000000000
61897  35.893  -9.816  41.804 0.0000000000
60594  35.529  -10.305  41.813 0.0000000000
61793  30.687  -10.593  48.879 0.0000000000
63036  32.672  -9.717  49.251 0.0000000000
63038  31.020  -10.040  48.215 0.0000000000
63051  32.236  -9.422  47.471 0.0000000000
63053  30.027  -10.029  46.928 0.0000000000
61826  33.326  -8.777  45.948 0.0000000000
60525  33.559  -9.306  45.436 0.0000000000
61839  33.031  -8.834  45.291 0.0000000000
63094  31.875  -9.306  44.406 0.0000000000
64298  30.243  -9.129  44.076 0.0000000000
64309  30.417  -9.067  43.113 0.0000000000
73138  35.100  -1.394  39.166 0.0000000000
74217  35.165  -0.947  38.714 0.0000000000
71980  33.676  -1.789  38.168 0.0000000000
71997  33.296  -2.264  37.765 0.0000000000
70917  32.271  -2.771  36.988 0.0000000000
70918  31.743  -2.979  36.944 0.0000000000
70919  31.333  -3.522  36.305 0.0000000000
91477  50.715  15.267  20.693 0.0000000000
89477  49.691  14.009  20.449 0.0000000000
88459  49.660  12.600  18.778 0.0000000000
79746  38.430  4.496  32.064 0.0000000000
79763  37.657  4.456  31.040 0.0000000000
77640  37.692  3.225  33.034 0.0000000000
77654  37.202  3.124  32.498 0.0000000000
76517  38.327  2.115  34.780 0.0000000000
75393  37.825  1.954  33.854 0.0000000000
74314  37.389  1.820  33.189 0.0000000000
75394  36.535  1.427  33.874 0.0000000000
74302  36.761  1.785  33.178 0.0000000000
82871  41.396  6.896  36.927 0.0000000000
81812  40.709  6.973  33.794 0.0000000000
80730  40.643  6.573  33.636 0.0000000000
78676  40.066  5.877  33.381 0.0000000000
61736  36.230  -11.954  52.592 0.0000000000
61752  34.820  -11.189  52.083 0.0000000000
60446  32.943  -11.616  52.096 0.0000000000
61754  33.060  -10.997  51.421 0.0000000000
61768  32.657  -10.717  50.838 0.0000000000
61780  31.875  -10.290  50.408 0.0000000000
61781  31.070  -10.861  49.563 0.0000000000
58066  29.288  -13.986  49.018 0.0000000000
59272  30.136  -12.937  49.265 0.0000000000
55677  28.040  -14.681  47.492 0.0000000000
61782  30.339  -11.267  49.056 0.0000000000
60526  29.003  -11.650  47.430 0.0000000000
61827  29.002  -11.536  47.022 0.0000000000
59318  27.605  -12.775  46.609 0.0000000000
60542  28.064  -12.121  45.977 0.0000000000
59334  26.895  -12.769  44.732 0.0000000000
59335  26.362  -12.897  43.945 0.0000000000
55764  24.669  -15.012  44.225 0.0000000000
55788  24.538  -15.757  43.014 0.0000000000
86253  47.170  10.676  26.559 0.0000000000
85169  45.082  9.841  26.666 0.0000000000
85177  44.857  10.057  25.817 0.0000000000
85168  45.969  9.955  26.762 0.0000000000
86254  46.413  10.473  26.269 0.0000000000
87336  47.711  11.282  26.221 0.0000000000
87344  48.281  11.683  25.528 0.0000000000
87355  48.341  11.879  24.594 0.0000000000
87366  46.460  11.167  24.438 0.0000000000
86270  47.464  11.530  24.038 0.0000000000
86269  48.106  11.831  23.913 0.0000000000
85185  47.849  11.877  23.503 0.0000000000
85197  47.738  12.014  23.144 0.0000000000
86288  48.156  12.451  22.569 0.0000000000
86289  47.878  12.142  22.143 0.0000000000
86290  47.358  11.379  22.164 0.0000000000
56856  23.724  -12.791  48.722 0.0000000000
58051  23.636  -13.068  49.910 0.0000000000
59240  23.542  -12.861  50.578 0.0000000000
56794  24.827  -13.859  51.393 0.0000000000
59231  23.581  -13.095  51.263 0.0000000000
59220  23.374  -13.670  52.110 0.0000000000
58002  26.627  -14.367  53.690 0.0000000000
57988  25.241  -13.709  53.904 0.0000000000
57945  25.250  -14.161  54.961 0.0000000000
57967  25.366  -13.933  54.536 0.0000000000
57989  24.474  -13.801  53.815 0.0000000000
57990  23.738  -14.095  53.768 0.0000000000
59193  23.077  -13.909  53.837 0.0000000000
57929  23.352  -14.448  56.317 0.0000000000
57930  22.510  -14.183  56.147 0.0000000000
60430  37.747  -12.294  52.888 0.0000000000
61720  35.922  -12.335  53.180 0.0000000000
60434  33.940  -12.006  53.514 0.0000000000
60422  34.127  -12.261  53.988 0.0000000000
59217  33.406  -12.485  52.938 0.0000000000
58031  30.596  -13.431  51.617 0.0000000000
56808  30.090  -13.781  51.355 0.0000000000
56791  30.479  -13.985  52.298 0.0000000000
55637  29.691  -14.326  51.474 0.0000000000
55659  29.440  -14.415  50.981 0.0000000000
56811  28.187  -15.138  50.102 0.0000000000
58050  28.127  -13.746  49.994 0.0000000000
56832  27.239  -13.371  49.888 0.0000000000
55642  27.472  -13.903  51.044 0.0000000000
82963  45.624  7.654  29.177 0.0000000000
80778  45.517  7.045  29.397 0.0000000000
80768  45.454  6.927  29.136 0.0000000000
129642  45.369  7.499  28.856 0.0000000000
82976  44.634  7.356  28.195 0.0000000000
82978  43.784  7.105  27.261 0.0000000000
80782  42.110  5.552  28.163 0.0000000000
80781  42.502  5.719  28.328 0.0000000000
81877  42.810  6.506  26.207 0.0000000000
58067  22.893  -12.628  48.345 0.0000000000
59258  21.564  -12.453  49.581 0.0000000000
59275  20.911  -12.470  48.643 0.0000000000
59276  19.982  -12.707  48.211 0.0000000000
58070  18.760  -14.137  48.519 0.0000000000
58054  18.929  -13.942  49.334 0.0000000000
58071  18.514  -14.753  48.868 0.0000000000
56859  17.717  -15.506  48.625 0.0000000000
55684  16.608  -16.595  48.612 0.0000000000
57952  18.177  -13.718  55.484 0.0000000000
57995  17.604  -15.004  53.714 0.0000000000
56746  15.964  -14.825  56.401 0.0000000000
55581  15.691  -14.861  55.847 0.0000000000
56758  16.148  -14.482  55.526 0.0000000000
55587  14.996  -15.492  54.798 0.0000000000
55586  15.592  -14.709  55.098 0.0000000000
56775  17.159  -15.339  53.731 0.0000000000
55648  15.030  -16.649  50.463 0.0000000000
52231  9.116  -19.482  57.851 0.0000000000
51204  8.306  -19.811  57.270 0.0000000000
51206  7.570  -20.604  56.670 0.0000000000
51200  8.300  -19.781  58.368 0.0000000000
74210  40.515  1.495  38.609 0.0000000000
74202  35.992  -0.920  39.354 0.0000000000
73125  35.492  -1.270  39.402 0.0000000000
71979  34.766  -2.136  39.124 0.0000000000
70881  34.554  -2.764  39.369 0.0000000000
71968  35.545  -2.455  40.210 0.0000000000
70882  34.581  -3.190  39.788 0.0000000000
69858  34.060  -3.312  39.279 0.0000000000
69807  35.970  -4.403  41.388 0.0000000000
69824  35.573  -4.206  40.944 0.0000000000
68811  34.989  -4.881  40.399 0.0000000000
68828  34.329  -5.079  40.146 0.0000000000
66651  33.279  -7.660  38.898 0.0000000000
65497  33.721  -8.722  38.480 0.0000000000
64374  34.314  -9.560  38.381 0.0000000000
63209  34.414  -10.214  38.410 0.0000000000
66618  36.063  -8.130  41.121 0.0000000000
65469  35.840  -8.500  40.827 0.0000000000
63185  35.694  -9.816  40.470 0.0000000000
64362  34.749  -9.559  39.835 0.0000000000
61970  33.824  -10.766  38.101 0.0000000000
60666  33.259  -11.852  37.213 0.0000000000
60667  32.813  -12.249  37.274 0.0000000000
61836  38.168  -9.446  45.383 0.0000000000
61750  36.774  -11.356  51.548 0.0000000000
60443  36.799  -11.135  51.112 0.0000000000
60442  37.040  -10.932  50.912 0.0000000000
63023  36.309  -10.646  50.564 0.0000000000
60454  37.362  -10.824  50.551 0.0000000000
59268  37.730  -10.626  49.543 0.0000000000
60485  34.941  -10.347  48.020 0.0000000000
60484  35.521  -10.725  48.340 0.0000000000
60482  36.670  -10.946  48.731 0.0000000000
59269  37.118  -10.756  49.146 0.0000000000
59286  37.270  -10.603  48.840 0.0000000000
59299  37.705  -10.453  48.728 0.0000000000
59313  36.674  -10.217  46.874 0.0000000000
61822  37.046  -9.492  47.327 0.0000000000
61838  36.987  -9.351  46.370 0.0000000000
61837  37.500  -9.548  45.845 0.0000000000
61850  37.597  -9.714  44.970 0.0000000000
60578  36.946  -10.649  43.684 0.0000000000
59361  36.283  -10.624  43.714 0.0000000000
59378  35.015  -11.085  42.284 0.0000000000
59379  34.452  -10.686  41.702 0.0000000000
60551  33.829  -9.696  44.114 0.0000000000
61866  32.515  -10.175  43.209 0.0000000000
60566  32.885  -10.525  42.969 0.0000000000
59349  33.669  -10.380  42.727 0.0000000000
59364  34.000  -10.523  42.059 0.0000000000
59380  34.014  -10.449  41.208 0.0000000000
60612  32.941  -11.071  40.401 0.0000000000
60637  32.272  -11.203  39.299 0.0000000000
61916  31.946  -10.917  39.458 0.0000000000
60638  31.741  -11.344  39.015 0.0000000000
60655  31.501  -11.586  38.457 0.0000000000
74224  39.817  1.282  38.170 0.0000000000
74237  38.293  0.935  37.235 0.0000000000
75331  37.525  0.622  37.545 0.0000000000
74249  36.872  0.216  35.853 0.0000000000
74265  34.930  0.279  34.804 0.0000000000
74231  34.291  -1.034  37.723 0.0000000000
74242  34.296  -0.782  37.164 0.0000000000
73152  32.051  -1.843  35.785 0.0000000000
73159  33.464  -0.945  35.655 0.0000000000
86297  47.978  12.075  21.580 0.0000000000
87381  48.224  12.212  21.314 0.0000000000
86306  48.204  10.964  19.954 0.0000000000
48929  8.195  -21.207  57.819 0.0000000000
50101  7.444  -21.021  56.757 0.0000000000
50102  7.681  -20.703  56.502 0.0000000000
51205  7.630  -20.358  56.842 0.0000000000
51211  7.719  -20.463  56.504 0.0000000000
53243  11.006  -18.433  55.953 0.0000000000
53246  12.020  -17.889  54.305 0.0000000000
53250  13.089  -18.201  52.912 0.0000000000
53252  12.094  -18.525  53.349 0.0000000000
53262  11.885  -18.858  52.820 0.0000000000
54374  12.248  -17.473  55.266 0.0000000000
54389  12.342  -18.189  53.595 0.0000000000
54424  28.607  -15.407  51.562 0.0000000000
54425  28.014  -15.446  51.564 0.0000000000
54426  27.536  -15.264  51.350 0.0000000000
54427  27.208  -14.986  51.107 0.0000000000
54441  28.138  -15.637  51.168 0.0000000000
54443  27.448  -15.394  51.002 0.0000000000
54444  27.333  -15.176  50.929 0.0000000000
54457  27.471  -15.186  47.828 0.0000000000
54501  24.748  -16.151  46.408 0.0000000000
54537  25.948  -14.386  45.377 0.0000000000
55572  11.528  -17.074  57.120 0.0000000000
55582  14.817  -15.607  55.669 0.0000000000
55597  13.035  -17.477  53.299 0.0000000000
55618  30.249  -14.187  51.851 0.0000000000
55619  30.117  -14.495  52.157 0.0000000000
55636  30.077  -14.057  51.588 0.0000000000
55639  28.282  -15.496  50.700 0.0000000000
55641  27.631  -14.551  50.628 0.0000000000
55645  16.835  -15.087  50.734 0.0000000000
55658  29.577  -14.182  50.951 0.0000000000
55661  27.789  -15.524  50.806 0.0000000000
55662  27.507  -15.192  50.749 0.0000000000
55680  26.994  -15.149  48.530 0.0000000000
55695  28.142  -14.698  47.012 0.0000000000
55698  24.705  -13.895  46.861 0.0000000000
56767  14.747  -16.046  54.313 0.0000000000
56773  18.024  -14.651  53.946 0.0000000000
56774  17.794  -15.013  53.996 0.0000000000
56776  14.942  -15.885  54.200 0.0000000000
56785  16.853  -14.631  51.443 0.0000000000
56786  16.827  -14.647  51.824 0.0000000000
56790  30.492  -13.980  52.034 0.0000000000
56795  16.821  -14.706  51.123 0.0000000000
56797  17.201  -14.424  52.093 0.0000000000
56807  30.333  -13.875  51.723 0.0000000000
56809  29.265  -14.980  50.245 0.0000000000
56812  28.000  -14.435  50.224 0.0000000000
56814  27.381  -13.300  50.464 0.0000000000
56826  29.793  -13.784  50.788 0.0000000000
56831  27.694  -13.887  49.698 0.0000000000
56835  23.731  -12.906  49.382 0.0000000000
56847  29.905  -13.623  50.302 0.0000000000
56867  28.179  -14.298  47.506 0.0000000000
56879  28.121  -14.316  46.877 0.0000000000
56885  18.453  -15.496  46.685 0.0000000000
56893  27.962  -14.081  46.789 0.0000000000
56894  27.577  -14.196  46.566 0.0000000000
57968  24.853  -13.950  54.616 0.0000000000
58015  31.008  -13.500  52.314 0.0000000000
58016  25.548  -13.746  51.995 0.0000000000
58030  30.525  -13.760  51.870 0.0000000000
58032  29.389  -14.729  50.032 0.0000000000
58033  29.232  -15.050  49.937 0.0000000000
58034  28.336  -14.134  50.048 0.0000000000
58035  28.112  -13.904  49.829 0.0000000000
58047  29.497  -14.187  49.880 0.0000000000
58049  28.192  -13.989  49.765 0.0000000000
58091  28.293  -13.145  47.632 0.0000000000
58127  26.345  -13.802  44.245 0.0000000000
59236  18.385  -13.374  51.094 0.0000000000
59237  18.196  -13.455  51.305 0.0000000000
59270  36.830  -10.917  49.116 0.0000000000
59274  28.901  -12.724  48.254 0.0000000000
59289  28.731  -13.126  48.214 0.0000000000
59290  28.568  -12.851  47.931 0.0000000000
59304  35.219  -9.800  45.516 0.0000000000
59306  28.355  -12.812  47.564 0.0000000000
59320  21.771  -13.533  45.276 0.0000000000
59366  33.144  -10.112  41.959 0.0000000000
59396  33.901  -10.476  40.889 0.0000000000
60423  20.035  -12.352  53.213 0.0000000000
60424  19.941  -12.576  53.321 0.0000000000
60432  36.206  -12.489  53.316 0.0000000000
60435  19.927  -12.226  52.941 0.0000000000
60441  37.247  -10.920  50.813 0.0000000000
60487  29.115  -12.267  48.293 0.0000000000
60508  29.232  -11.553  48.070 0.0000000000
60510  28.581  -12.479  47.629 0.0000000000
60521  36.024  -10.641  47.216 0.0000000000
60528  28.358  -12.607  47.366 0.0000000000
60536  36.901  -9.546  45.896 0.0000000000
60549  37.324  -10.749  45.313 0.0000000000
60553  32.802  -9.361  44.005 0.0000000000
60564  36.721  -10.743  43.907 0.0000000000
60565  33.461  -10.248  43.417 0.0000000000
60581  33.566  -10.352  41.782 0.0000000000
60582  33.181  -10.314  41.692 0.0000000000
60600  32.087  -10.321  40.492 0.0000000000
60614  32.200  -10.474  40.328 0.0000000000
61721  35.588  -12.117  53.193 0.0000000000
61764  36.662  -10.836  50.651 0.0000000000
61765  36.278  -11.133  50.957 0.0000000000
61806  35.837  -10.705  47.505 0.0000000000
61812  29.258  -10.665  46.778 0.0000000000
61824  35.957  -10.710  47.400 0.0000000000
61825  35.898  -10.544  47.065 0.0000000000
61840  32.596  -9.130  44.655 0.0000000000
61842  27.699  -11.747  44.882 0.0000000000
61853  28.263  -11.068  44.644 0.0000000000
61863  38.212  -9.497  44.138 0.0000000000
61867  32.344  -9.771  43.461 0.0000000000
61899  31.991  -10.171  40.721 0.0000000000
61918  30.299  -10.314  39.414 0.0000000000
61937  35.751  -10.132  40.603 0.0000000000
61940  31.845  -11.224  39.171 0.0000000000
61941  31.318  -11.334  39.064 0.0000000000
62997  34.357  -10.446  51.125 0.0000000000
63013  36.278  -10.896  50.779 0.0000000000
63016  34.368  -10.437  50.769 0.0000000000
63024  35.880  -10.359  50.373 0.0000000000
63028  31.227  -10.099  49.067 0.0000000000
63069  29.454  -10.232  46.358 0.0000000000
63095  28.758  -10.589  44.493 0.0000000000
63105  38.823  -8.671  44.584 0.0000000000
63122  32.058  -9.775  41.493 0.0000000000
63123  31.843  -9.493  42.218 0.0000000000
64252  31.058  -9.753  46.936 0.0000000000
64253  30.728  -9.787  46.830 0.0000000000
64263  30.443  -9.686  46.382 0.0000000000
64264  29.889  -9.784  46.052 0.0000000000
64273  30.359  -9.451  45.671 0.0000000000
64322  30.501  -9.197  42.345 0.0000000000
64332  36.340  -9.348  40.854 0.0000000000
65447  36.945  -8.335  41.402 0.0000000000
65448  35.693  -8.323  40.922 0.0000000000
65470  35.208  -8.354  40.661 0.0000000000
66602  35.234  -8.063  40.885 0.0000000000
66619  35.931  -8.291  41.027 0.0000000000
66621  34.995  -7.560  39.950 0.0000000000
66637  34.907  -7.306  39.694 0.0000000000
67733  35.152  -7.773  40.612 0.0000000000
67746  36.063  -6.641  41.499 0.0000000000
67750  35.092  -7.351  39.850 0.0000000000
68777  36.265  -4.871  41.656 0.0000000000
68794  35.352  -4.708  40.706 0.0000000000
68825  35.574  -6.202  41.040 0.0000000000
68826  35.448  -5.958  40.603 0.0000000000
69850  34.236  -3.262  39.458 0.0000000000
69862  31.486  -4.606  36.942 0.0000000000
70839  36.170  -3.858  41.444 0.0000000000
70870  35.082  -2.840  40.026 0.0000000000
70880  34.885  -2.196  39.306 0.0000000000
70899  31.533  -3.742  37.145 0.0000000000
71978  35.042  -1.813  39.300 0.0000000000
71981  33.536  -1.779  37.967 0.0000000000
71994  34.926  -1.609  39.064 0.0000000000
72022  31.596  -2.536  35.851 0.0000000000
73126  35.259  -1.128  39.002 0.0000000000
73127  33.885  -1.585  38.218 0.0000000000
73128  33.709  -1.584  38.051 0.0000000000
73139  34.896  -1.335  38.743 0.0000000000
73140  34.088  -1.440  38.204 0.0000000000
73146  33.319  -1.772  36.938 0.0000000000
73151  33.000  -1.502  35.991 0.0000000000
73162  31.540  -2.011  35.074 0.0000000000
74199  37.752  0.292  39.030 0.0000000000
74213  38.153  0.440  38.904 0.0000000000
74227  37.719  0.755  37.682 0.0000000000
74228  36.622  -0.157  37.945 0.0000000000
74234  40.384  1.634  37.841 0.0000000000
74259  39.163  1.489  36.936 0.0000000000
74301  37.001  1.498  33.557 0.0000000000
74315  37.170  1.776  33.152 0.0000000000
74316  36.992  1.825  33.009 0.0000000000
75308  37.391  0.190  39.009 0.0000000000
75309  37.131  -0.080  39.141 0.0000000000
75316  37.796  0.461  38.627 0.0000000000
75317  37.419  0.297  38.574 0.0000000000
75321  38.005  0.693  38.392 0.0000000000
75328  40.282  1.838  37.690 0.0000000000
75329  39.022  2.154  36.756 0.0000000000
75330  38.927  2.144  36.943 0.0000000000
75332  37.130  0.307  37.435 0.0000000000
75333  36.547  -0.067  37.174 0.0000000000
75341  39.148  1.994  36.825 0.0000000000
75342  38.972  2.087  36.671 0.0000000000
75356  39.025  1.854  36.714 0.0000000000
75377  36.464  1.329  34.092 0.0000000000
75378  36.064  1.425  34.007 0.0000000000
75395  36.350  1.803  33.369 0.0000000000
75397  33.708  0.662  32.203 0.0000000000
75398  33.407  0.688  32.144 0.0000000000
75406  37.266  1.996  32.952 0.0000000000
76456  38.968  2.312  36.775 0.0000000000
76474  40.361  2.459  37.347 0.0000000000
76477  38.812  2.205  36.287 0.0000000000
76500  38.499  2.634  34.373 0.0000000000
76520  35.383  1.673  33.131 0.0000000000
77559  39.072  2.208  37.283 0.0000000000
77570  38.936  2.195  36.525 0.0000000000
77592  40.310  2.681  37.166 0.0000000000
77593  40.273  2.971  36.908 0.0000000000
77594  38.868  2.399  35.969 0.0000000000
77595  38.995  2.355  36.368 0.0000000000
78610  40.897  4.618  37.204 0.0000000000
78694  43.312  6.496  31.177 0.0000000000
78700  38.046  3.723  32.630 0.0000000000
78717  42.364  6.354  31.151 0.0000000000
78736  43.167  6.167  30.566 0.0000000000
78755  44.830  5.448  29.906 0.0000000000
78792  43.945  6.192  29.542 0.0000000000
78795  42.192  5.552  29.230 0.0000000000
79672  41.129  4.751  37.378 0.0000000000
79681  40.866  5.005  36.894 0.0000000000
79719  39.981  5.376  35.061 0.0000000000
79745  38.706  4.574  32.230 0.0000000000
79762  38.155  4.582  31.548 0.0000000000
79773  44.655  6.131  29.919 0.0000000000
79774  42.763  6.127  30.462 0.0000000000
79778  37.636  4.492  30.361 0.0000000000
79791  44.407  5.983  29.690 0.0000000000
79793  42.486  6.035  30.146 0.0000000000
79794  41.096  5.547  28.546 0.0000000000
79796  40.428  5.629  28.127 0.0000000000
79806  44.306  6.369  29.345 0.0000000000
79807  42.518  5.638  28.553 0.0000000000
79808  42.236  5.568  28.560 0.0000000000
79824  41.718  5.573  28.901 0.0000000000
80710  40.153  5.553  35.084 0.0000000000
80722  40.074  5.511  34.855 0.0000000000
80728  42.249  6.844  32.455 0.0000000000
80767  45.346  6.940  28.881 0.0000000000
80780  45.181  6.783  28.778 0.0000000000
80796  44.983  6.547  29.205 0.0000000000
81789  40.751  6.973  35.722 0.0000000000
81849  45.501  7.168  29.092 0.0000000000
84075  44.284  9.213  28.279 0.0000000000
84086  44.034  9.307  28.131 0.0000000000
85146  44.263  9.466  27.940 0.0000000000
85161  44.359  9.411  27.438 0.0000000000
85183  48.065  12.183  23.329 0.0000000000
85184  47.900  12.075  23.369 0.0000000000
85196  47.917  12.225  23.196 0.0000000000
86267  48.198  12.388  23.304 0.0000000000
86268  48.232  12.198  23.619 0.0000000000
86277  47.896  12.293  22.921 0.0000000000
86278  47.617  11.875  22.693 0.0000000000
87367  46.333  11.063  24.718 0.0000000000
87374  48.263  12.543  22.775 0.0000000000
91484  50.930  15.187  19.088 0.0000000000
129453  27.492  -14.623  54.793 0.0000000000
129459  26.847  -14.293  54.528 0.0000000000
129460  27.084  -14.394  52.861 0.0000000000
129461  26.951  -14.440  54.047 0.0000000000
129462  26.576  -14.321  54.334 0.0000000000
129463  26.533  -14.394  54.100 0.0000000000
129639  45.348  6.781  28.997 0.0000000000
129640  45.405  7.256  28.903 0.0000000000
129641  45.587  7.169  29.317 0.0000000000
129643  44.924  7.084  28.473 0.0000000000
