#!ascii label  , from subject 3188 vox2ras=TkReg
740
101836  36.935  26.753  21.030 0.0000000000
100260  40.144  24.660  13.187 0.0000000000
106171  45.199  31.805  10.220 0.0000000000
96596  41.868  20.565  5.726 0.0000000000
97403  38.964  21.516  20.544 0.0000000000
104429  47.175  29.513  16.982 0.0000000000
100316  41.406  24.201  6.963 0.0000000000
103614  37.837  27.563  12.712 0.0000000000
102704  44.028  27.212  17.723 0.0000000000
100213  41.069  24.041  18.611 0.0000000000
96473  41.272  20.307  15.853 0.0000000000
106149  42.707  32.903  12.837 0.0000000000
103658  39.972  28.730  8.562 0.0000000000
103621  42.910  28.177  10.845 0.0000000000
104562  41.285  29.117  4.536 0.0000000000
104454  39.354  29.680  14.743 0.0000000000
102685  40.410  27.091  19.851 0.0000000000
101841  39.234  26.093  20.165 0.0000000000
95466  39.771  20.228  17.804 0.0000000000
106952  46.577  31.963  14.888 0.0000000000
106955  44.627  32.389  14.868 0.0000000000
105320  43.652  31.206  11.855 0.0000000000
103622  41.180  29.045  11.210 0.0000000000
104504  41.871  30.175  8.798 0.0000000000
101089  42.556  26.185  15.851 0.0000000000
102723  43.814  27.016  15.254 0.0000000000
102745  41.946  27.055  12.794 0.0000000000
99496  42.734  23.611  5.171 0.0000000000
101961  41.082  26.649  5.762 0.0000000000
100337  41.066  24.480  3.924 0.0000000000
100339  40.200  24.661  5.577 0.0000000000
96590  40.782  20.388  6.746 0.0000000000
94572  40.475  18.392  9.326 0.0000000000
100191  35.047  24.773  21.884 0.0000000000
100199  37.499  24.298  20.484 0.0000000000
104462  45.961  30.420  13.826 0.0000000000
98497  41.283  22.195  11.629 0.0000000000
100291  40.575  24.578  10.248 0.0000000000
98542  42.564  22.510  9.028 0.0000000000
98578  44.228  22.384  6.466 0.0000000000
105259  44.069  30.072  19.661 0.0000000000
103527  42.210  29.082  19.519 0.0000000000
101857  42.674  26.093  18.335 0.0000000000
100235  40.699  24.709  16.660 0.0000000000
98423  39.926  22.485  19.553 0.0000000000
98440  39.930  22.583  17.353 0.0000000000
98472  40.121  22.704  14.323 0.0000000000
97482  42.293  20.936  12.938 0.0000000000
100175  32.939  25.022  23.841 0.0000000000
106130  42.179  31.726  15.866 0.0000000000
106984  40.913  32.897  13.610 0.0000000000
104474  40.635  29.205  12.719 0.0000000000
103649  38.033  27.852  10.452 0.0000000000
101150  37.475  25.304  9.079 0.0000000000
103554  45.831  28.506  17.928 0.0000000000
103591  45.318  28.469  13.730 0.0000000000
104491  45.180  29.760  10.193 0.0000000000
101938  40.632  26.478  9.120 0.0000000000
103655  42.798  29.331  8.107 0.0000000000
105364  43.233  31.384  6.643 0.0000000000
103677  40.064  28.953  6.117 0.0000000000
101164  38.527  25.642  7.594 0.0000000000
104446  39.005  29.838  15.400 0.0000000000
106140  39.588  32.160  14.221 0.0000000000
102680  38.009  27.307  20.843 0.0000000000
102681  37.483  27.030  20.938 0.0000000000
106147  45.972  31.722  13.807 0.0000000000
106159  45.216  32.521  12.725 0.0000000000
105329  44.725  31.620  10.666 0.0000000000
105330  43.872  30.802  10.472 0.0000000000
105335  44.347  31.613  9.498 0.0000000000
101101  41.196  25.622  14.984 0.0000000000
101897  41.774  26.485  14.666 0.0000000000
101915  40.961  26.066  12.781 0.0000000000
97583  42.193  21.682  4.896 0.0000000000
99503  42.318  23.793  4.195 0.0000000000
98587  41.496  22.378  4.863 0.0000000000
98579  41.223  22.050  5.602 0.0000000000
96589  41.407  20.430  6.160 0.0000000000
95598  40.947  19.138  7.383 0.0000000000
94600  41.624  18.560  6.409 0.0000000000
99332  35.944  23.420  21.642 0.0000000000
105294  47.232  30.963  15.401 0.0000000000
104444  46.684  30.164  15.307 0.0000000000
97517  42.526  21.240  11.316 0.0000000000
98528  41.478  22.551  10.051 0.0000000000
97543  43.123  21.925  9.350 0.0000000000
98567  44.689  22.135  7.354 0.0000000000
97580  44.537  21.620  6.297 0.0000000000
97581  44.123  21.695  5.785 0.0000000000
101847  40.695  26.093  19.350 0.0000000000
102684  41.426  26.917  19.151 0.0000000000
101043  41.594  25.487  18.842 0.0000000000
101069  42.114  25.127  17.625 0.0000000000
100222  40.708  24.081  17.635 0.0000000000
98414  38.434  22.410  20.628 0.0000000000
99339  38.898  23.402  20.196 0.0000000000
98413  39.323  22.456  20.178 0.0000000000
95486  40.592  19.937  16.915 0.0000000000
96442  39.738  20.957  17.290 0.0000000000
96458  39.742  21.243  16.354 0.0000000000
98462  39.499  22.583  15.578 0.0000000000
96490  40.584  21.486  14.807 0.0000000000
97469  41.298  21.391  13.858 0.0000000000
96489  41.330  21.051  14.639 0.0000000000
94541  44.826  20.108  13.571 0.0000000000
106970  43.209  32.625  14.045 0.0000000000
106129  43.268  31.886  15.741 0.0000000000
106957  42.592  32.031  14.821 0.0000000000
107751  41.450  33.151  13.802 0.0000000000
106983  41.819  33.084  13.495 0.0000000000
105304  41.107  30.788  14.035 0.0000000000
105310  41.420  30.657  13.355 0.0000000000
103647  39.680  28.666  9.659 0.0000000000
103637  39.454  28.535  10.666 0.0000000000
102779  38.124  27.858  9.577 0.0000000000
101940  37.463  26.314  9.585 0.0000000000
101948  37.949  26.921  9.029 0.0000000000
103541  43.903  28.881  18.549 0.0000000000
103540  44.778  29.123  18.549 0.0000000000
103568  44.451  27.746  17.684 0.0000000000
102743  43.487  27.643  13.662 0.0000000000
103585  44.773  27.586  14.892 0.0000000000
103599  44.375  28.148  13.256 0.0000000000
103598  45.332  28.747  12.624 0.0000000000
103619  44.823  29.039  10.878 0.0000000000
100301  40.624  24.557  9.288 0.0000000000
101148  40.747  25.548  9.786 0.0000000000
101163  40.724  25.634  7.429 0.0000000000
102813  41.404  27.696  4.389 0.0000000000
102794  41.298  27.657  6.696 0.0000000000
103675  41.592  29.132  6.160 0.0000000000
104525  43.331  30.343  6.924 0.0000000000
104537  41.953  30.208  6.295 0.0000000000
105367  41.497  30.437  6.521 0.0000000000
103685  40.548  29.548  5.200 0.0000000000
99479  39.841  23.493  7.092 0.0000000000
100328  39.539  24.683  6.604 0.0000000000
99471  39.456  23.559  8.237 0.0000000000
99461  39.091  23.556  9.187 0.0000000000
104407  47.113  29.709  18.411 0.0000000000
103594  38.242  28.443  14.658 0.0000000000
103603  38.543  28.164  13.907 0.0000000000
104398  40.150  29.310  20.566 0.0000000000
103530  39.749  28.296  20.434 0.0000000000
102686  39.918  26.834  20.032 0.0000000000
101045  40.272  25.082  19.619 0.0000000000
96426  39.423  20.644  19.306 0.0000000000
106968  45.220  32.375  14.485 0.0000000000
106994  44.542  32.883  12.996 0.0000000000
106148  43.321  33.093  12.852 0.0000000000
104472  42.633  30.325  11.846 0.0000000000
104482  43.068  30.416  11.115 0.0000000000
104494  42.166  29.759  9.769 0.0000000000
104505  41.216  29.897  8.338 0.0000000000
101067  43.526  25.807  16.926 0.0000000000
101885  44.410  26.670  16.270 0.0000000000
101887  43.048  26.632  15.700 0.0000000000
102744  42.502  27.377  13.430 0.0000000000
102754  42.525  27.530  12.428 0.0000000000
100325  42.156  24.617  5.772 0.0000000000
101171  41.215  25.461  6.301 0.0000000000
101188  41.970  25.068  4.843 0.0000000000
101189  41.627  25.627  4.347 0.0000000000
101981  40.855  26.704  3.658 0.0000000000
102824  39.954  27.442  4.169 0.0000000000
100338  40.699  24.654  4.456 0.0000000000
99487  40.473  23.390  6.116 0.0000000000
97566  40.599  21.322  7.075 0.0000000000
93562  40.864  17.361  8.948 0.0000000000
101029  35.651  25.529  21.492 0.0000000000
101844  36.704  25.890  20.893 0.0000000000
100190  36.005  24.451  21.271 0.0000000000
99341  37.158  23.430  20.656 0.0000000000
98404  37.860  22.044  21.155 0.0000000000
106127  47.555  31.705  15.810 0.0000000000
129970  46.413  31.456  14.392 0.0000000000
105317  45.561  30.591  12.200 0.0000000000
99421  40.449  23.595  12.688 0.0000000000
100270  40.526  24.574  12.169 0.0000000000
99448  40.623  23.571  10.561 0.0000000000
99459  40.998  23.464  9.507 0.0000000000
99470  41.514  23.412  8.438 0.0000000000
97556  43.418  22.184  8.792 0.0000000000
98569  43.171  22.694  7.461 0.0000000000
99476  42.888  23.170  6.898 0.0000000000
99495  43.121  22.890  5.619 0.0000000000
97582  43.137  21.689  5.524 0.0000000000
95609  42.562  19.665  6.052 0.0000000000
93597  42.210  18.347  5.945 0.0000000000
104395  42.620  29.582  19.443 0.0000000000
103557  42.969  27.533  18.464 0.0000000000
103543  41.498  27.940  19.314 0.0000000000
102695  42.298  27.043  18.642 0.0000000000
101856  43.337  26.026  17.992 0.0000000000
101068  42.875  25.379  17.203 0.0000000000
101091  41.077  25.472  16.187 0.0000000000
100252  40.268  24.633  14.410 0.0000000000
101037  37.867  25.321  20.356 0.0000000000
100197  39.369  24.445  19.863 0.0000000000
99347  40.163  23.377  19.307 0.0000000000
97411  40.118  21.640  19.024 0.0000000000
97418  40.029  22.383  18.316 0.0000000000
99364  40.541  23.604  18.240 0.0000000000
100236  39.976  23.999  16.944 0.0000000000
99398  39.445  23.614  15.431 0.0000000000
99409  40.186  23.568  13.695 0.0000000000
98486  40.851  22.463  13.285 0.0000000000
97500  41.704  21.528  11.961 0.0000000000
96540  43.236  20.699  11.619 0.0000000000
95533  43.286  20.007  14.177 0.0000000000
96525  43.661  20.328  12.843 0.0000000000
101839  34.827  26.276  22.205 0.0000000000
100184  33.916  25.297  22.975 0.0000000000
99307  32.546  23.764  24.428 0.0000000000
106925  43.366  32.216  17.807 0.0000000000
106119  40.995  31.675  16.796 0.0000000000
105305  40.124  30.562  14.442 0.0000000000
104465  39.760  29.395  13.929 0.0000000000
103612  39.182  28.481  12.530 0.0000000000
103610  40.834  28.865  12.025 0.0000000000
103624  39.306  28.456  11.621 0.0000000000
103639  37.959  27.712  11.328 0.0000000000
103553  46.739  28.734  17.599 0.0000000000
102713  44.985  26.962  16.421 0.0000000000
103577  45.936  28.435  16.098 0.0000000000
104436  46.168  29.252  15.936 0.0000000000
104453  45.612  29.204  14.212 0.0000000000
104470  45.538  29.804  12.186 0.0000000000
105334  45.662  31.014  10.269 0.0000000000
101140  41.100  25.901  11.188 0.0000000000
101929  41.478  26.499  10.697 0.0000000000
102771  42.535  27.741  10.499 0.0000000000
102795  41.103  27.036  7.433 0.0000000000
102785  41.943  28.224  8.570 0.0000000000
103634  43.221  28.312  10.172 0.0000000000
103643  43.888  29.571  8.613 0.0000000000
104513  44.942  30.677  8.457 0.0000000000
106201  44.613  31.936  8.228 0.0000000000
105355  42.851  31.377  7.476 0.0000000000
104517  41.059  30.088  7.635 0.0000000000
103667  40.121  29.134  7.283 0.0000000000
101962  39.485  26.611  5.801 0.0000000000
101955  39.472  27.302  6.420 0.0000000000
102797  39.046  27.330  7.959 0.0000000000
101156  38.098  25.383  8.623 0.0000000000
94563  40.194  18.598  10.516 0.0000000000
106141  38.819  32.393  14.405 0.0000000000
106974  38.932  32.669  14.137 0.0000000000
102674  37.131  27.360  21.189 0.0000000000
105328  45.293  31.619  11.132 0.0000000000
105319  44.863  32.126  11.798 0.0000000000
106172  44.877  31.899  9.794 0.0000000000
101109  40.618  25.555  13.768 0.0000000000
101898  41.072  26.260  14.094 0.0000000000
97574  41.567  21.358  5.463 0.0000000000
95617  41.689  19.524  6.047 0.0000000000
105269  47.639  30.284  18.243 0.0000000000
105278  47.653  30.309  17.421 0.0000000000
105286  47.684  30.448  16.371 0.0000000000
104435  46.886  29.625  15.959 0.0000000000
97516  43.133  21.060  11.096 0.0000000000
97530  42.251  21.813  10.181 0.0000000000
97529  43.345  21.318  10.438 0.0000000000
98577  44.841  21.869  6.763 0.0000000000
97571  45.053  21.314  6.593 0.0000000000
102765  37.127  27.283  11.672 0.0000000000
101044  41.199  25.187  19.323 0.0000000000
100205  41.558  24.733  18.900 0.0000000000
100212  41.428  24.750  18.098 0.0000000000
96457  40.339  20.527  16.505 0.0000000000
96474  40.292  21.195  15.545 0.0000000000
96488  42.109  20.365  15.115 0.0000000000
106982  42.938  33.214  13.276 0.0000000000
106162  42.293  31.560  13.018 0.0000000000
106150  41.752  31.963  13.448 0.0000000000
103659  38.945  28.257  9.107 0.0000000000
102789  38.386  27.523  8.762 0.0000000000
103556  43.647  27.918  18.087 0.0000000000
102762  43.155  27.885  12.063 0.0000000000
103600  43.695  27.926  13.052 0.0000000000
103609  43.755  28.127  12.418 0.0000000000
103608  44.488  28.665  12.047 0.0000000000
103620  43.664  28.346  11.213 0.0000000000
100309  40.791  24.759  8.228 0.0000000000
100317  40.801  24.697  7.295 0.0000000000
103684  41.585  28.768  4.793 0.0000000000
103674  42.224  29.968  6.435 0.0000000000
104546  41.451  29.557  5.248 0.0000000000
104547  40.847  29.452  4.760 0.0000000000
98559  40.117  22.229  8.321 0.0000000000
98572  39.960  22.896  8.027 0.0000000000
98560  39.587  22.567  8.815 0.0000000000
105296  39.343  30.352  15.106 0.0000000000
104455  38.572  29.325  14.935 0.0000000000
103593  38.984  28.882  14.307 0.0000000000
104399  39.343  29.057  20.744 0.0000000000
103531  38.782  28.307  20.715 0.0000000000
102679  39.397  27.137  20.290 0.0000000000
101848  39.904  26.268  19.853 0.0000000000
101035  39.503  25.458  19.873 0.0000000000
106953  46.212  32.162  15.219 0.0000000000
129973  45.726  32.282  15.088 0.0000000000
129972  45.898  32.292  14.598 0.0000000000
106993  45.082  32.696  13.127 0.0000000000
106980  44.920  32.561  13.619 0.0000000000
106160  43.915  32.545  12.585 0.0000000000
104503  42.641  30.452  9.332 0.0000000000
104493  42.837  30.400  10.201 0.0000000000
103645  41.538  29.594  9.453 0.0000000000
101080  42.932  25.808  16.346 0.0000000000
101878  43.443  26.282  16.223 0.0000000000
101906  41.668  26.685  13.575 0.0000000000
101905  42.301  26.908  14.181 0.0000000000
102755  42.024  26.997  11.966 0.0000000000
100336  42.396  24.547  5.245 0.0000000000
100343  42.233  24.588  4.475 0.0000000000
99504  41.899  23.804  4.037 0.0000000000
100344  41.518  24.740  3.863 0.0000000000
101196  41.330  25.876  3.862 0.0000000000
100351  41.007  25.357  3.658 0.0000000000
101190  40.577  25.750  3.953 0.0000000000
100345  40.820  24.955  3.745 0.0000000000
97575  41.107  21.309  6.224 0.0000000000
98588  40.945  22.925  5.343 0.0000000000
98580  40.771  22.338  6.360 0.0000000000
99478  40.433  22.938  6.777 0.0000000000
96580  40.659  20.395  7.645 0.0000000000
94589  41.251  18.378  7.362 0.0000000000
94580  41.278  17.900  7.917 0.0000000000
101028  36.331  25.491  21.106 0.0000000000
99342  36.506  23.447  21.145 0.0000000000
98416  36.913  22.802  21.059 0.0000000000
98415  37.577  22.687  20.821 0.0000000000
98405  37.204  22.178  21.372 0.0000000000
105295  46.428  30.697  14.668 0.0000000000
105302  46.644  31.298  14.858 0.0000000000
129968  46.294  31.080  14.119 0.0000000000
98498  40.882  22.784  12.180 0.0000000000
99434  40.633  23.630  11.691 0.0000000000
98515  40.832  22.818  11.249 0.0000000000
98527  42.129  22.362  9.596 0.0000000000
99447  40.911  23.028  10.137 0.0000000000
98543  41.734  22.749  9.109 0.0000000000
98558  42.045  22.701  8.191 0.0000000000
97555  43.839  21.989  8.773 0.0000000000
98555  44.319  22.170  8.084 0.0000000000
98568  43.838  22.532  7.203 0.0000000000
99475  43.399  22.942  6.932 0.0000000000
99484  43.344  22.984  6.229 0.0000000000
97573  43.725  21.166  6.047 0.0000000000
96588  43.083  20.622  6.230 0.0000000000
94599  42.630  18.720  6.197 0.0000000000
104396  41.919  29.628  19.855 0.0000000000
105245  42.613  30.349  20.217 0.0000000000
103542  42.660  28.329  19.089 0.0000000000
103529  40.689  28.266  19.964 0.0000000000
103544  40.986  27.562  19.562 0.0000000000
101858  41.829  26.245  18.647 0.0000000000
102696  41.825  26.743  18.783 0.0000000000
101054  43.355  25.752  17.527 0.0000000000
101055  42.852  25.461  17.944 0.0000000000
100221  41.407  24.755  17.256 0.0000000000
101082  41.209  25.146  16.654 0.0000000000
100243  40.366  24.949  15.603 0.0000000000
101038  36.902  25.149  20.744 0.0000000000
100198  38.427  24.372  20.273 0.0000000000
99348  39.650  23.368  19.777 0.0000000000
100207  40.053  24.093  19.500 0.0000000000
96434  39.526  20.805  18.318 0.0000000000
97427  39.761  21.846  16.942 0.0000000000
97419  39.712  21.898  18.001 0.0000000000
98432  39.962  22.704  18.057 0.0000000000
99357  40.240  23.172  18.288 0.0000000000
99365  40.236  23.302  17.699 0.0000000000
100223  40.280  23.653  17.313 0.0000000000
99377  40.089  23.228  16.971 0.0000000000
98461  39.763  22.552  14.901 0.0000000000
98473  39.584  23.019  14.902 0.0000000000
99397  39.754  23.671  14.578 0.0000000000
96508  41.647  21.039  13.817 0.0000000000
97483  41.666  21.412  13.109 0.0000000000
97499  42.256  21.084  12.304 0.0000000000
96526  42.753  20.706  12.560 0.0000000000
95515  43.733  19.840  14.846 0.0000000000
95547  44.506  20.085  13.292 0.0000000000
96524  44.766  20.377  12.485 0.0000000000
101833  34.511  26.566  22.731 0.0000000000
101014  33.366  25.397  23.748 0.0000000000
101013  33.697  25.694  23.309 0.0000000000
100174  33.610  24.823  23.416 0.0000000000
100173  34.001  24.175  23.091 0.0000000000
106116  43.644  32.028  16.553 0.0000000000
106941  42.720  32.015  17.180 0.0000000000
106926  42.470  32.111  17.572 0.0000000000
106103  42.379  31.860  17.208 0.0000000000
106105  41.353  31.685  17.217 0.0000000000
106118  41.705  31.659  16.615 0.0000000000
107762  41.128  33.083  13.717 0.0000000000
106151  40.463  32.505  13.542 0.0000000000
104463  41.033  29.751  13.188 0.0000000000
105311  40.718  30.182  13.741 0.0000000000
104464  40.393  29.516  13.453 0.0000000000
103601  39.871  28.922  13.068 0.0000000000
104473  41.699  29.627  12.364 0.0000000000
103623  40.251  28.554  11.362 0.0000000000
103638  38.584  28.300  10.999 0.0000000000
103625  38.539  28.101  11.922 0.0000000000
102773  37.459  27.350  10.853 0.0000000000
105258  45.018  30.099  19.587 0.0000000000
104421  45.526  28.938  18.464 0.0000000000
104420  46.056  28.848  18.371 0.0000000000
103539  46.432  28.819  18.206 0.0000000000
103566  45.935  28.163  17.074 0.0000000000
101886  43.928  26.552  15.878 0.0000000000
102722  44.738  27.070  15.489 0.0000000000
103592  44.743  27.839  14.290 0.0000000000
103584  45.183  28.280  15.041 0.0000000000
104445  46.278  29.383  15.063 0.0000000000
103607  45.147  29.182  11.710 0.0000000000
104461  45.834  29.314  13.169 0.0000000000
104480  45.322  29.843  11.348 0.0000000000
104490  45.444  30.265  10.661 0.0000000000
100281  40.565  24.513  11.192 0.0000000000
101132  40.708  25.348  11.648 0.0000000000
101141  40.688  25.336  10.759 0.0000000000
101147  41.024  25.964  10.463 0.0000000000
101937  41.253  26.463  9.898 0.0000000000
102772  41.962  27.113  10.084 0.0000000000
101953  40.981  26.391  6.862 0.0000000000
103665  41.898  28.697  7.288 0.0000000000
102786  41.185  27.818  7.988 0.0000000000
103656  41.917  28.557  8.033 0.0000000000
102776  42.430  28.145  9.442 0.0000000000
103644  43.303  28.879  9.260 0.0000000000
104524  43.710  30.930  7.094 0.0000000000
104514  44.227  30.604  7.995 0.0000000000
105353  44.872  31.417  8.123 0.0000000000
105354  43.900  31.401  7.840 0.0000000000
106202  44.225  31.995  8.190 0.0000000000
104528  40.494  29.598  6.425 0.0000000000
104526  41.429  30.646  7.297 0.0000000000
104527  40.838  30.276  6.875 0.0000000000
103666  40.653  29.740  7.404 0.0000000000
101183  40.154  25.703  4.810 0.0000000000
102814  39.799  27.673  4.854 0.0000000000
101173  39.625  25.460  5.852 0.0000000000
100329  38.750  24.989  7.176 0.0000000000
101963  39.313  26.299  6.521 0.0000000000
101956  39.232  26.635  7.101 0.0000000000
101947  38.322  26.442  8.468 0.0000000000
100319  38.512  24.876  8.020 0.0000000000
100302  38.482  24.159  9.214 0.0000000000
93551  40.736  17.412  10.040 0.0000000000
105297  38.620  30.602  15.558 0.0000000000
106132  39.272  31.137  14.918 0.0000000000
102673  37.651  27.650  21.092 0.0000000000
101842  38.445  26.270  20.438 0.0000000000
106146  45.729  32.282  14.105 0.0000000000
105336  43.465  30.948  9.392 0.0000000000
101100  41.720  26.202  15.280 0.0000000000
101888  42.244  26.434  15.417 0.0000000000
101907  40.957  26.165  13.225 0.0000000000
101914  41.322  26.323  12.541 0.0000000000
98592  42.549  23.002  4.728 0.0000000000
97588  42.379  22.507  4.724 0.0000000000
98593  42.051  23.016  4.536 0.0000000000
99497  41.395  23.763  4.478 0.0000000000
95611  40.800  19.736  7.252 0.0000000000
95610  41.229  19.442  6.756 0.0000000000
93571  41.516  17.445  7.758 0.0000000000
99333  35.338  23.794  22.076 0.0000000000
105293  47.968  31.328  16.046 0.0000000000
97518  41.663  21.713  11.025 0.0000000000
98514  41.297  22.335  10.843 0.0000000000
97531  41.668  22.080  10.522 0.0000000000
97544  42.541  22.176  9.562 0.0000000000
98584  44.425  22.060  6.057 0.0000000000
97572  44.345  21.146  6.265 0.0000000000
101846  41.304  25.977  18.990 0.0000000000
101056  42.016  25.391  18.343 0.0000000000
99340  37.993  23.416  20.443 0.0000000000
96441  40.174  20.283  17.246 0.0000000000
98451  39.689  22.582  16.550 0.0000000000
97442  39.613  21.899  16.144 0.0000000000
97455  40.039  21.969  14.937 0.0000000000
97470  40.701  21.765  14.151 0.0000000000
96507  42.454  20.515  13.747 0.0000000000
95531  45.040  20.048  14.016 0.0000000000
95545  45.733  20.238  13.107 0.0000000000
106956  43.784  32.374  14.917 0.0000000000
106131  41.577  31.793  16.028 0.0000000000
106971  41.892  33.135  14.120 0.0000000000
106139  40.775  31.529  13.953 0.0000000000
106138  41.301  31.171  13.729 0.0000000000
103635  41.496  29.124  10.099 0.0000000000
103636  40.467  28.787  10.342 0.0000000000
103648  38.698  28.372  10.056 0.0000000000
102780  37.588  27.302  10.025 0.0000000000
102790  37.832  27.240  9.360 0.0000000000
101939  37.911  25.747  9.010 0.0000000000
104410  44.425  29.519  19.091 0.0000000000
103555  44.761  28.421  18.113 0.0000000000
103567  45.156  27.977  17.487 0.0000000000
102733  43.634  27.368  14.551 0.0000000000
102732  44.310  27.422  14.790 0.0000000000
102742  44.133  27.635  14.106 0.0000000000
101155  40.600  25.566  8.704 0.0000000000
101946  40.743  26.366  8.240 0.0000000000
101967  41.513  26.749  4.722 0.0000000000
102804  41.407  27.837  5.323 0.0000000000
103664  42.531  29.675  6.793 0.0000000000
104536  42.901  30.614  6.328 0.0000000000
105374  43.169  31.274  6.110 0.0000000000
106209  42.791  31.444  6.419 0.0000000000
105376  42.120  30.661  6.426 0.0000000000
104538  41.153  29.843  5.969 0.0000000000
103676  40.430  29.419  5.573 0.0000000000
99488  40.105  24.067  6.247 0.0000000000
100318  39.158  24.341  7.618 0.0000000000
100310  38.918  24.310  8.584 0.0000000000
104419  47.284  29.505  17.846 0.0000000000
104447  38.367  29.678  15.693 0.0000000000
103613  38.423  27.868  12.940 0.0000000000
102678  40.061  27.703  20.137 0.0000000000
100206  40.855  24.188  19.314 0.0000000000
96418  39.165  20.637  20.252 0.0000000000
95438  39.232  19.677  19.843 0.0000000000
95451  39.706  19.641  18.676 0.0000000000
95465  40.364  19.613  17.621 0.0000000000
96456  40.859  20.011  16.492 0.0000000000
96472  41.906  19.977  15.624 0.0000000000
129974  45.229  32.237  15.255 0.0000000000
106954  45.124  32.347  15.063 0.0000000000
106969  44.265  32.308  14.164 0.0000000000
106981  43.925  32.752  13.443 0.0000000000
106161  42.910  31.767  12.984 0.0000000000
105321  42.320  31.011  12.658 0.0000000000
104483  42.084  29.877  10.966 0.0000000000
103646  40.758  29.422  9.212 0.0000000000
101869  43.873  26.516  17.386 0.0000000000
101868  44.317  26.825  17.198 0.0000000000
101877  43.870  26.353  16.607 0.0000000000
102724  43.171  27.108  15.011 0.0000000000
101896  42.571  26.824  14.902 0.0000000000
102734  42.913  27.280  14.329 0.0000000000
102753  43.185  27.738  12.839 0.0000000000
102763  42.645  27.725  11.439 0.0000000000
100326  41.756  24.564  6.297 0.0000000000
100327  41.054  24.767  6.675 0.0000000000
101170  41.793  24.911  5.935 0.0000000000
101180  41.862  25.024  5.480 0.0000000000
101181  41.569  25.764  5.176 0.0000000000
101973  41.453  26.710  4.015 0.0000000000
102822  41.052  27.424  3.782 0.0000000000
103697  40.728  28.140  4.007 0.0000000000
101974  40.502  26.646  3.793 0.0000000000
101191  40.237  26.409  4.235 0.0000000000
99498  40.859  23.976  5.346 0.0000000000
99499  40.424  24.041  5.818 0.0000000000
98571  40.400  22.394  7.467 0.0000000000
96570  40.456  20.220  8.473 0.0000000000
95590  40.371  19.296  8.725 0.0000000000
94590  40.864  18.787  7.688 0.0000000000
94581  40.857  18.351  8.247 0.0000000000
101837  36.444  26.433  21.297 0.0000000000
100200  36.732  24.138  20.700 0.0000000000
97394  38.221  21.401  21.015 0.0000000000
106937  47.357  32.109  16.265 0.0000000000
129971  46.356  31.741  14.280 0.0000000000
105318  45.458  31.315  12.471 0.0000000000
106170  45.532  31.467  10.548 0.0000000000
98529  40.950  22.802  10.561 0.0000000000
99460  40.420  23.987  9.869 0.0000000000
100300  41.072  24.081  8.686 0.0000000000
100308  41.292  24.102  7.846 0.0000000000
97542  44.056  21.574  9.463 0.0000000000
98541  43.118  22.360  8.750 0.0000000000
98556  43.509  22.346  8.180 0.0000000000
98557  42.795  22.497  8.184 0.0000000000
98570  42.560  22.870  7.583 0.0000000000
99477  41.985  23.489  7.293 0.0000000000
99486  41.912  24.017  6.618 0.0000000000
99485  42.573  23.991  6.167 0.0000000000
98585  43.770  22.425  5.687 0.0000000000
98586  42.995  22.670  5.239 0.0000000000
97587  42.643  22.303  4.928 0.0000000000
96595  42.402  20.715  5.874 0.0000000000
95616  42.096  19.633  5.752 0.0000000000
94606  41.892  18.759  5.823 0.0000000000
94605  42.255  18.864  5.779 0.0000000000
105260  43.266  30.063  19.703 0.0000000000
104411  43.461  29.461  19.184 0.0000000000
104397  41.115  29.405  20.231 0.0000000000
103528  41.653  28.788  19.637 0.0000000000
102683  41.922  27.581  18.974 0.0000000000
102694  43.334  26.851  18.178 0.0000000000
101081  41.833  25.382  16.802 0.0000000000
101090  41.919  25.932  15.881 0.0000000000
101843  37.306  26.407  20.796 0.0000000000
101036  38.807  25.334  20.137 0.0000000000
97402  39.522  21.556  19.830 0.0000000000
97410  40.220  22.209  18.629 0.0000000000
98422  40.323  22.614  19.029 0.0000000000
99356  40.431  23.429  18.796 0.0000000000
99388  39.532  23.428  16.330 0.0000000000
100244  39.713  24.325  16.093 0.0000000000
100253  39.775  24.326  15.207 0.0000000000
98485  41.305  22.079  12.448 0.0000000000
97484  41.155  21.761  13.601 0.0000000000
96550  43.402  20.985  11.017 0.0000000000
95532  44.130  20.071  13.899 0.0000000000
96506  43.364  20.166  13.645 0.0000000000
102675  36.123  27.513  22.242 0.0000000000
101838  35.480  26.474  21.951 0.0000000000
101030  34.870  25.553  21.969 0.0000000000
101834  34.074  26.216  23.141 0.0000000000
101022  34.136  25.760  22.801 0.0000000000
100192  34.761  25.079  22.108 0.0000000000
100183  34.396  24.949  22.550 0.0000000000
99319  32.897  24.407  23.895 0.0000000000
99318  33.365  23.753  23.693 0.0000000000
106943  40.380  32.031  16.392 0.0000000000
106958  41.290  32.120  15.354 0.0000000000
106972  40.745  32.815  14.575 0.0000000000
106959  40.230  32.840  15.493 0.0000000000
106152  39.755  32.808  13.317 0.0000000000
105312  40.228  29.914  13.889 0.0000000000
103602  39.159  28.582  13.443 0.0000000000
103611  40.075  28.552  12.269 0.0000000000
103626  37.889  27.576  12.189 0.0000000000
104409  45.349  29.566  18.927 0.0000000000
104408  46.319  29.480  18.575 0.0000000000
103538  46.873  29.119  18.197 0.0000000000
102703  44.757  27.139  17.246 0.0000000000
102712  45.473  27.556  16.638 0.0000000000
102721  45.481  27.447  15.884 0.0000000000
103565  46.625  28.778  16.660 0.0000000000
104471  45.583  30.287  12.803 0.0000000000
105327  45.650  30.836  11.360 0.0000000000
101120  40.696  25.675  12.608 0.0000000000
101119  41.048  25.958  12.387 0.0000000000
101131  41.136  25.881  11.994 0.0000000000
101921  41.502  26.452  11.569 0.0000000000
102764  41.996  27.105  11.037 0.0000000000
101954  40.889  26.476  7.591 0.0000000000
102778  40.782  27.063  8.524 0.0000000000
102777  41.288  27.423  9.175 0.0000000000
103633  44.101  29.178  9.903 0.0000000000
104492  44.771  29.722  9.704 0.0000000000
103654  43.671  29.979  8.037 0.0000000000
104502  44.603  29.963  8.919 0.0000000000
104501  45.168  30.361  9.264 0.0000000000
105341  45.275  31.022  8.587 0.0000000000
106190  45.246  31.852  8.980 0.0000000000
106181  45.090  32.002  9.440 0.0000000000
106192  44.497  31.923  8.650 0.0000000000
105342  43.885  31.707  8.567 0.0000000000
105343  43.032  30.890  8.427 0.0000000000
105365  42.538  31.387  6.954 0.0000000000
105356  42.064  31.057  7.406 0.0000000000
104516  41.628  30.477  7.915 0.0000000000
103657  40.735  29.377  8.038 0.0000000000
102788  39.278  28.152  8.101 0.0000000000
103698  40.210  28.165  4.252 0.0000000000
103686  40.058  28.923  4.981 0.0000000000
102805  39.609  27.953  5.806 0.0000000000
102796  39.406  27.992  6.940 0.0000000000
101157  37.736  24.997  8.789 0.0000000000
100311  38.132  24.676  8.777 0.0000000000
93592  41.920  18.087  6.015 0.0000000000
93583  41.834  17.645  7.036 0.0000000000
93591  42.239  18.044  6.404 0.0000000000
93598  42.034  18.459  5.794 0.0000000000
94527  44.606  20.113  13.766 0.0000000000
94528  44.393  20.112  13.652 0.0000000000
94542  44.609  20.118  13.528 0.0000000000
94588  42.595  18.343  6.774 0.0000000000
96475  39.720  21.474  15.875 0.0000000000
96541  42.644  20.826  11.919 0.0000000000
97456  39.738  21.783  15.582 0.0000000000
98431  40.184  22.760  18.555 0.0000000000
100234  41.314  24.951  16.844 0.0000000000
100350  41.215  25.486  3.709 0.0000000000
101021  34.498  25.825  22.392 0.0000000000
101079  43.481  26.007  16.515 0.0000000000
101149  37.835  25.443  8.926 0.0000000000
101162  40.825  25.832  6.817 0.0000000000
101172  40.656  25.106  6.814 0.0000000000
101174  39.197  25.732  6.663 0.0000000000
101182  40.526  25.231  4.134 0.0000000000
101197  40.956  26.063  3.741 0.0000000000
101876  44.376  26.737  16.886 0.0000000000
101968  39.843  26.812  4.567 0.0000000000
101975  40.126  26.986  4.051 0.0000000000
101980  41.141  26.643  3.685 0.0000000000
102702  45.344  27.686  17.108 0.0000000000
102787  40.892  26.961  7.953 0.0000000000
102823  40.391  27.464  3.756 0.0000000000
102831  40.962  26.985  3.577 0.0000000000
102832  40.729  27.069  3.608 0.0000000000
103576  46.328  29.053  16.265 0.0000000000
103618  45.132  29.354  11.200 0.0000000000
103632  44.705  29.439  10.207 0.0000000000
103696  41.179  28.371  4.278 0.0000000000
104481  45.178  29.611  10.857 0.0000000000
104500  45.505  30.471  9.920 0.0000000000
104515  43.630  30.298  7.561 0.0000000000
104535  43.501  31.010  6.424 0.0000000000
104539  40.511  29.500  5.984 0.0000000000
104548  40.542  28.755  4.514 0.0000000000
104563  40.910  28.784  4.317 0.0000000000
104564  40.614  28.442  4.270 0.0000000000
105303  41.304  30.872  13.734 0.0000000000
105340  45.457  31.144  9.302 0.0000000000
105344  42.256  30.874  8.001 0.0000000000
105352  45.216  31.530  8.582 0.0000000000
105366  41.882  30.961  6.812 0.0000000000
105375  42.851  30.976  5.984 0.0000000000
105377  41.602  30.281  6.372 0.0000000000
106104  42.018  31.735  17.233 0.0000000000
106117  42.621  31.846  16.802 0.0000000000
106158  45.436  32.421  13.427 0.0000000000
106180  45.397  31.639  9.800 0.0000000000
106182  44.782  31.981  9.200 0.0000000000
106191  44.924  32.055  8.736 0.0000000000
106200  45.039  31.895  8.402 0.0000000000
106208  43.000  31.467  6.149 0.0000000000
106210  42.365  31.285  6.796 0.0000000000
106216  42.961  31.348  5.932 0.0000000000
106217  42.777  31.322  6.142 0.0000000000
106218  42.447  31.221  6.450 0.0000000000
106927  41.511  32.058  17.755 0.0000000000
106940  43.098  32.119  17.184 0.0000000000
106942  41.193  31.856  16.255 0.0000000000
106995  43.727  33.069  12.951 0.0000000000
107752  40.979  33.167  13.972 0.0000000000
129966  46.320  31.643  14.109 0.0000000000
129967  46.207  30.735  14.198 0.0000000000
129969  46.288  31.389  14.081 0.0000000000
