#!ascii label  , from subject 3188 vox2ras=TkReg
730
77203  20.532  1.722  -19.988 0.2500000000
77202  21.063  1.587  -20.203 0.2500000000
76049  22.116  0.649  -20.639 0.7500000000
80411  18.599  4.293  -18.411 0.2500000000
79400  19.562  3.314  -19.457 0.1250000000
80429  19.791  3.875  -18.566 0.3750000000
78301  19.549  2.757  -19.711 0.2500000000
77190  20.241  1.786  -19.511 0.2500000000
78310  21.425  2.246  -20.524 0.7500000000
77201  22.043  1.511  -20.657 0.8750000000
76065  22.785  0.840  -21.134 0.8750000000
79413  20.385  3.520  -19.993 0.3750000000
79422  20.886  3.137  -20.264 0.3750000000
78321  21.219  2.875  -20.445 0.8750000000
78311  20.531  2.423  -20.194 0.7500000000
77218  24.141  1.773  -22.192 1.0000000000
78319  22.631  2.362  -21.201 1.0000000000
78309  21.998  2.255  -20.771 0.8750000000
77208  24.365  1.186  -22.027 1.0000000000
77210  22.808  1.618  -21.069 0.8750000000
80410  19.169  4.413  -18.466 0.2500000000
79412  20.906  3.808  -20.359 0.7500000000
79421  21.246  3.656  -20.822 0.8750000000
79420  22.341  3.365  -21.548 0.8750000000
78329  23.945  2.445  -22.273 1.0000000000
78318  23.360  2.599  -21.672 1.0000000000
79419  22.960  2.945  -21.596 1.0000000000
77229  24.903  1.600  -23.321 1.0000000000
77209  23.543  1.704  -21.588 1.0000000000
81435  19.511  4.863  -18.207 0.1250000000
80441  21.000  4.278  -20.339 0.6250000000
80448  22.079  4.406  -21.553 1.0000000000
78340  25.058  2.381  -23.190 1.0000000000
78328  24.353  2.633  -22.886 1.0000000000
79429  23.436  3.444  -21.948 1.0000000000
77228  25.441  1.577  -23.488 1.0000000000
77217  24.420  1.646  -22.902 1.0000000000
78337  27.255  1.811  -23.336 1.0000000000
84690  21.245  8.042  -19.399 0.2500000000
81456  20.318  5.242  -18.765 0.3750000000
80442  20.696  4.608  -19.512 0.5000000000
80449  21.491  4.828  -21.010 1.0000000000
81468  21.191  5.291  -20.317 0.6250000000
80458  23.385  4.547  -22.262 1.0000000000
79439  25.724  3.408  -23.226 1.0000000000
79428  24.044  3.222  -22.602 1.0000000000
80457  24.073  4.099  -22.460 1.0000000000
78338  26.953  2.106  -23.254 1.0000000000
79438  26.861  3.151  -23.385 1.0000000000
79448  27.456  2.658  -23.442 1.0000000000
84689  21.419  7.989  -19.977 0.5000000000
83588  20.768  7.616  -19.035 0.3750000000
82497  21.069  6.684  -19.785 0.3750000000
82498  20.519  6.605  -19.263 0.5000000000
81477  21.598  5.874  -21.070 0.8750000000
81476  22.140  5.450  -21.585 1.0000000000
82520  22.077  6.538  -21.759 1.0000000000
81484  23.993  5.000  -22.500 1.0000000000
80459  22.674  5.009  -22.106 1.0000000000
80470  25.373  4.576  -23.228 1.0000000000
80471  24.573  4.785  -22.904 1.0000000000
80468  27.516  4.354  -23.580 1.0000000000
79437  27.844  3.307  -23.693 0.8750000000
84711  21.355  8.343  -20.027 0.5000000000
83587  21.273  7.382  -19.861 0.5000000000
83608  21.577  7.390  -20.836 0.6250000000
83623  21.844  7.276  -21.519 0.6250000000
82532  22.521  6.829  -22.409 1.0000000000
81501  23.622  6.184  -22.862 1.0000000000
81498  25.897  5.563  -23.739 1.0000000000
81499  24.894  5.581  -23.658 1.0000000000
81500  24.108  5.783  -23.079 1.0000000000
81497  27.018  5.590  -23.519 1.0000000000
84725  21.807  8.124  -21.521 0.5000000000
83622  22.326  7.627  -22.145 0.8750000000
83650  24.227  7.521  -23.265 1.0000000000
82546  23.874  6.746  -23.087 1.0000000000
82543  26.432  6.783  -24.247 1.0000000000
82554  25.130  7.235  -24.066 1.0000000000
83648  27.130  7.694  -23.917 1.0000000000
82541  28.715  6.813  -23.380 1.0000000000
82542  27.605  6.666  -23.732 1.0000000000
84710  21.469  8.407  -20.574 0.5000000000
84739  23.607  8.220  -22.994 1.0000000000
84751  24.655  8.794  -24.102 1.0000000000
83649  24.841  7.916  -23.695 1.0000000000
85783  27.024  9.475  -23.606 1.0000000000
84760  26.101  8.773  -24.190 1.0000000000
85782  27.519  9.349  -22.823 1.0000000000
84759  26.825  8.672  -23.981 1.0000000000
83655  26.400  7.881  -24.073 1.0000000000
83647  27.932  7.622  -23.509 1.0000000000
84750  27.441  8.533  -23.517 1.0000000000
83646  28.510  7.592  -23.063 0.8750000000
87962  24.277  11.335  -23.927 1.0000000000
87948  23.232  11.417  -23.342 0.3750000000
87961  24.377  11.232  -24.833 0.8750000000
85796  24.731  9.727  -24.885 1.0000000000
85794  26.456  9.626  -24.133 1.0000000000
85795  25.620  9.781  -24.573 1.0000000000
88994  24.760  12.506  -25.751 0.8750000000
88993  24.979  12.173  -26.278 1.0000000000
87973  24.828  11.562  -25.463 1.0000000000
87972  25.199  11.547  -25.682 1.0000000000
88983  25.497  12.182  -25.872 1.0000000000
85804  25.226  10.257  -25.169 1.0000000000
86854  26.648  10.440  -23.719 1.0000000000
87947  26.488  11.401  -23.963 1.0000000000
90043  24.929  13.215  -26.200 0.7500000000
88982  26.080  12.214  -25.242 1.0000000000
88972  26.450  12.256  -24.368 1.0000000000
87959  26.107  11.470  -24.754 1.0000000000
90031  25.219  12.757  -26.133 1.0000000000
90030  25.659  13.153  -25.477 1.0000000000
90021  26.202  12.895  -24.703 1.0000000000
129776  23.208  18.997  -27.309 0.1250000000
96963  23.788  19.594  -27.521 0.1250000000
96965  22.952  19.102  -28.796 0.2500000000
96976  23.339  19.886  -29.273 0.1250000000
96977  23.317  19.561  -29.303 0.3750000000
97950  23.371  20.209  -29.235 0.2500000000
96988  23.494  19.696  -29.786 0.5000000000
97961  23.103  20.127  -30.212 0.2500000000
97971  23.332  20.161  -30.399 0.3750000000
97959  23.379  21.052  -29.541 0.2500000000
97960  22.910  20.586  -29.996 0.2500000000
98924  23.434  21.323  -30.172 0.2500000000
97970  23.431  20.664  -31.089 0.2500000000
97969  23.928  21.311  -31.676 0.2500000000
97980  23.916  20.691  -31.641 0.3750000000
98932  23.181  21.143  -30.634 0.2500000000
97979  24.164  21.135  -32.062 0.2500000000
79401  18.998  3.327  -19.176 0.1250000000
76093  25.692  0.831  -23.588 1.0000000000
83639  22.864  7.431  -22.690 0.8750000000
83656  25.834  7.964  -24.074 1.0000000000
76033  20.615  0.330  -19.289 0.1250000000
74994  23.163  -0.007  -21.247 0.7500000000
79381  18.492  3.725  -18.554 0.1250000000
74993  23.919  -0.391  -21.622 1.0000000000
78282  19.696  2.510  -19.050 0.1250000000
76063  24.420  0.392  -21.929 1.0000000000
75020  25.580  0.311  -23.323 1.0000000000
76092  26.572  0.793  -23.611 1.0000000000
82471  19.539  6.127  -18.459 0.3750000000
83562  20.224  7.458  -18.039 0.2500000000
79447  27.988  2.602  -23.725 0.8750000000
81512  29.210  5.430  -23.582 0.8750000000
80467  28.735  4.087  -23.707 0.8750000000
81495  29.381  5.982  -23.623 0.8750000000
87949  22.304  11.274  -22.557 0.1250000000
85755  21.834  9.336  -21.557 0.3750000000
84753  23.670  9.053  -23.309 0.6250000000
88984  24.576  12.224  -24.681 0.8750000000
86856  22.944  10.448  -22.887 0.3750000000
86855  23.652  10.474  -23.654 0.8750000000
86853  26.865  10.235  -22.875 1.0000000000
87932  27.506  11.318  -22.369 1.0000000000
87946  26.895  11.324  -23.145 1.0000000000
88971  26.776  12.262  -23.439 1.0000000000
91042  25.094  14.104  -26.687 0.8750000000
91033  25.616  14.065  -26.095 1.0000000000
91032  26.148  14.149  -25.343 1.0000000000
90020  26.589  13.346  -23.684 1.0000000000
129779  24.267  19.133  -27.087 0.1250000000
129777  23.355  18.673  -27.517 0.1250000000
129760  24.347  17.099  -28.306 0.6250000000
96002  23.468  18.892  -29.287 0.6250000000
96001  24.076  18.959  -29.321 0.5000000000
97949  23.738  20.311  -28.758 0.2500000000
96000  24.790  19.670  -29.494 0.5000000000
97958  24.185  21.154  -29.278 0.2500000000
98923  24.038  22.036  -29.840 0.2500000000
96996  23.928  20.485  -31.203 0.5000000000
96986  24.507  20.469  -30.418 0.5000000000
98931  24.321  21.717  -30.920 0.2500000000
98945  24.681  22.132  -32.290 0.2500000000
96995  24.481  20.655  -31.724 0.3750000000
97986  24.828  21.473  -32.386 0.2500000000
76051  20.699  1.167  -19.811 0.1250000000
76050  21.340  0.416  -20.103 0.5000000000
78302  19.170  2.877  -19.264 0.1250000000
76064  23.782  0.638  -21.525 1.0000000000
78320  21.728  2.764  -20.999 1.0000000000
76081  24.630  0.611  -22.718 1.0000000000
76094  24.909  0.904  -23.439 1.0000000000
79430  22.761  4.148  -21.931 1.0000000000
78339  26.024  2.351  -23.440 1.0000000000
77227  26.280  1.511  -23.579 1.0000000000
81469  20.784  5.765  -19.706 0.5000000000
79440  24.721  3.572  -22.922 1.0000000000
80469  26.382  4.454  -23.378 1.0000000000
82513  20.946  6.360  -19.770 0.6250000000
82521  21.716  6.705  -21.100 0.6250000000
81486  22.634  6.005  -22.215 1.0000000000
82531  23.148  6.620  -22.747 1.0000000000
81485  23.371  5.596  -22.531 1.0000000000
81496  28.422  5.488  -23.483 0.8750000000
79436  28.653  2.946  -24.176 0.8750000000
82544  25.393  6.486  -24.130 1.0000000000
83638  23.551  7.646  -22.975 1.0000000000
82545  24.634  6.746  -23.584 1.0000000000
82552  26.082  7.459  -24.242 1.0000000000
84724  22.229  8.732  -22.185 0.6250000000
84740  23.152  8.488  -22.784 0.7500000000
84752  24.021  8.501  -23.433 1.0000000000
85784  24.348  9.160  -24.144 1.0000000000
84761  25.318  8.686  -24.218 1.0000000000
86867  24.163  10.534  -24.420 1.0000000000
85785  23.943  9.584  -24.087 1.0000000000
85805  25.031  10.378  -25.309 1.0000000000
86864  26.143  10.595  -24.334 1.0000000000
86878  24.924  10.773  -25.377 1.0000000000
86865  25.607  10.779  -24.911 1.0000000000
86877  25.242  10.898  -25.322 1.0000000000
87960  25.640  11.527  -25.386 1.0000000000
90029  26.265  13.597  -24.700 1.0000000000
90042  25.233  13.400  -26.169 1.0000000000
96964  23.066  19.231  -28.382 0.1250000000
129772  22.831  18.787  -28.468 0.3750000000
95992  23.027  18.821  -29.019 0.5000000000
96987  23.801  19.973  -30.335 0.5000000000
98939  24.341  22.013  -31.898 0.2500000000
97005  24.735  20.933  -32.348 0.2500000000
76018  20.695  0.243  -18.536 0.1250000000
74974  22.350  -0.163  -20.664 0.7500000000
85754  22.112  9.329  -22.194 0.6250000000
85786  23.426  9.614  -23.100 0.7500000000
85797  24.321  10.094  -24.685 1.0000000000
91987  26.102  14.512  -26.044 1.0000000000
91024  26.683  14.376  -24.321 1.0000000000
129765  23.534  17.782  -28.093 0.3750000000
94991  23.743  18.355  -29.306 0.7500000000
94976  23.434  18.002  -29.081 0.5000000000
94990  24.266  17.915  -29.294 0.7500000000
97004  25.059  21.102  -32.463 0.2500000000
96994  25.247  20.969  -32.072 0.3750000000
70605  24.891  -4.298  -20.545 0.7500000000
70603  26.597  -4.170  -20.816 0.7500000000
70606  24.073  -4.092  -20.385 0.7500000000
71648  23.626  -3.378  -20.393 0.7500000000
71645  26.257  -3.743  -21.175 0.7500000000
71646  25.395  -3.709  -20.971 0.7500000000
71663  25.096  -3.154  -21.172 0.7500000000
72696  23.922  -2.668  -21.005 0.7500000000
71661  26.583  -3.017  -21.773 0.7500000000
71662  25.703  -3.046  -21.355 0.7500000000
72714  24.863  -2.377  -21.206 0.7500000000
74973  23.068  -0.901  -21.135 0.7500000000
73843  24.490  -1.233  -21.525 0.8750000000
73844  23.714  -1.300  -21.421 0.8750000000
72712  27.009  -2.098  -22.063 0.7500000000
72713  26.055  -2.120  -21.661 0.7500000000
72731  27.205  -1.329  -21.735 0.7500000000
73841  26.653  -0.922  -21.448 0.7500000000
74991  26.162  -0.296  -21.635 0.8750000000
74992  25.017  -0.173  -22.014 0.8750000000
75011  27.114  -0.024  -21.777 0.7500000000
75012  25.916  0.054  -22.702 0.8750000000
76078  27.782  0.055  -23.013 0.8750000000
76079  26.802  0.168  -23.148 0.8750000000
76091  27.512  0.748  -23.594 0.8750000000
76098  27.658  1.226  -23.824 0.8750000000
77223  31.022  1.153  -24.019 0.3750000000
77224  29.645  1.258  -23.946 0.6250000000
77225  28.625  1.442  -23.928 0.7500000000
77235  27.940  1.521  -23.950 0.7500000000
78334  31.072  1.766  -24.302 0.5000000000
78335  30.458  2.156  -24.282 0.5000000000
79435  29.572  2.788  -24.495 0.7500000000
79444  32.123  3.442  -24.520 0.1250000000
79445  31.337  3.255  -24.655 0.3750000000
79446  30.342  3.259  -24.625 0.6250000000
80466  29.402  3.504  -24.340 0.6250000000
80465  32.783  4.117  -23.971 0.1250000000
79443  32.701  3.958  -24.286 0.1250000000
81509  31.614  4.632  -24.184 0.1250000000
81511  29.810  5.242  -23.673 0.6250000000
81492  32.573  5.167  -24.035 0.1250000000
82537  32.374  6.233  -23.190 0.1250000000
82538  31.197  6.160  -23.041 0.1250000000
81494  30.393  5.930  -23.635 0.5000000000
82540  29.706  6.577  -23.286 0.6250000000
82529  29.303  7.103  -22.887 0.7500000000
81491  33.239  5.571  -23.356 0.1250000000
82539  30.437  6.501  -23.088 0.5000000000
82528  30.039  6.912  -22.664 0.5000000000
82530  28.863  7.265  -22.998 0.7500000000
90044  24.415  13.620  -25.126 0.6250000000
91043  24.612  14.497  -26.318 0.5000000000
84738  29.111  7.893  -21.816 0.6250000000
85781  28.070  8.918  -22.644 0.6250000000
85767  30.189  8.851  -21.574 0.5000000000
85768  28.842  9.030  -21.997 0.6250000000
85769  28.200  9.741  -22.412 0.7500000000
91998  24.416  14.999  -27.578 0.7500000000
88960  27.362  12.247  -22.717 0.8750000000
90006  27.125  12.949  -22.974 0.8750000000
86841  27.906  10.363  -22.221 0.7500000000
90005  27.782  13.226  -22.423 0.8750000000
90019  27.459  13.535  -23.020 0.8750000000
86838  31.359  10.094  -21.883 0.3750000000
86839  29.939  10.235  -21.591 0.5000000000
87931  28.544  11.419  -21.960 0.6250000000
87930  29.673  11.477  -21.714 0.5000000000
92988  24.873  15.786  -28.036 0.7500000000
129758  25.605  15.805  -27.459 0.7500000000
91997  25.725  14.961  -26.921 0.8750000000
91023  27.680  14.366  -23.231 0.8750000000
88959  28.198  12.346  -22.219 0.7500000000
87929  30.870  11.362  -21.953 0.3750000000
91007  29.114  14.109  -22.272 0.7500000000
129754  24.056  15.820  -28.335 0.6250000000
91996  26.208  15.592  -26.170 0.8750000000
91986  26.512  15.179  -25.370 0.8750000000
93950  26.453  17.140  -26.282 0.7500000000
91976  27.563  15.222  -24.174 0.8750000000
91975  28.494  15.325  -23.429 0.7500000000
90004  28.688  13.353  -21.991 0.5000000000
88970  31.021  13.172  -22.873 0.2500000000
90018  30.562  13.652  -22.762 0.5000000000
88958  29.238  12.471  -21.955 0.5000000000
88956  31.362  12.085  -22.422 0.2500000000
129755  23.958  16.566  -28.338 0.5000000000
129763  25.580  16.833  -27.636 0.7500000000
129768  26.071  17.729  -27.230 0.7500000000
93935  27.271  16.836  -25.443 0.7500000000
92972  28.643  16.569  -24.248 0.7500000000
93934  28.107  17.069  -24.883 0.7500000000
92959  30.031  15.930  -23.630 0.5000000000
92960  29.143  16.009  -23.706 0.6250000000
90017  31.091  13.631  -23.377 0.2500000000
91031  30.514  14.751  -23.502 0.3750000000
91985  30.712  15.305  -23.927 0.3750000000
95991  24.682  18.291  -29.169 0.6250000000
129782  25.373  17.961  -28.566 0.7500000000
129773  26.258  18.500  -27.618 0.7500000000
94936  26.695  18.302  -26.346 0.7500000000
93949  27.487  17.644  -25.569 0.7500000000
93948  28.845  17.601  -25.348 0.6250000000
92985  30.491  16.214  -25.102 0.3750000000
92986  29.628  16.947  -25.034 0.3750000000
91030  31.056  14.445  -23.935 0.1250000000
92009  31.424  15.221  -25.510 0.1250000000
91995  30.757  15.606  -24.503 0.2500000000
129783  25.476  18.552  -28.814 0.7500000000
94935  28.105  18.386  -26.114 0.3750000000
93001  30.811  16.504  -26.298 0.2500000000
93933  29.037  17.062  -24.653 0.6250000000
91055  31.444  14.302  -27.017 0.1250000000
92010  31.388  15.339  -26.306 0.1250000000
91041  31.386  14.468  -24.913 0.1250000000
129784  25.045  18.718  -29.032 0.6250000000
129785  26.683  19.169  -27.873 0.3750000000
129780  26.001  19.039  -28.845 0.3750000000
94943  27.302  19.210  -26.971 0.3750000000
93961  30.415  18.686  -27.502 0.2500000000
94934  29.295  18.318  -25.914 0.3750000000
93011  30.890  16.817  -27.418 0.1250000000
93947  30.080  17.567  -25.641 0.3750000000
96974  25.472  20.589  -29.793 0.3750000000
95978  27.079  20.138  -28.829 0.3750000000
95979  26.609  19.979  -29.192 0.3750000000
95954  28.610  19.815  -27.440 0.3750000000
95965  28.148  20.368  -27.696 0.3750000000
95966  27.222  19.885  -28.157 0.3750000000
94950  30.146  19.500  -27.843 0.3750000000
94942  29.186  19.047  -26.934 0.3750000000
95955  28.045  19.850  -27.215 0.3750000000
93025  30.538  16.247  -28.981 0.1250000000
93960  30.478  17.951  -26.788 0.1250000000
92032  31.069  15.484  -28.549 0.1250000000
96973  26.584  20.936  -29.526 0.2500000000
96972  27.631  20.734  -29.371 0.2500000000
96961  26.972  20.315  -29.119 0.3750000000
95963  29.824  20.073  -28.479 0.1250000000
96943  28.281  20.542  -28.366 0.3750000000
96944  27.746  20.475  -28.176 0.3750000000
95964  29.104  20.129  -27.873 0.2500000000
94001  30.041  17.684  -29.632 0.1250000000
93974  30.693  18.911  -28.063 0.1250000000
96985  25.377  21.274  -30.669 0.3750000000
95989  26.106  20.321  -29.526 0.3750000000
96942  29.014  20.468  -28.996 0.1250000000
97956  28.358  20.768  -29.692 0.1250000000
129827  29.660  20.020  -29.245 0.1250000000
97955  28.987  20.584  -29.623 0.1250000000
93037  29.997  16.710  -30.518 0.1250000000
129828  29.600  19.297  -29.985 0.1250000000
98928  28.551  21.541  -30.972 0.1250000000
129838  29.350  19.958  -30.890 0.1250000000
97965  29.080  20.715  -30.573 0.1250000000
94002  29.553  17.971  -30.998 0.1250000000
94014  29.648  17.338  -31.588 0.1250000000
76090  28.578  0.663  -23.632 0.6250000000
83636  29.594  7.361  -22.226 0.6250000000
129757  26.062  16.037  -26.749 0.8750000000
92987  26.541  16.217  -25.665 0.8750000000
92973  27.526  16.188  -24.745 0.7500000000
91021  29.980  14.551  -22.775 0.5000000000
91973  30.192  15.264  -23.477 0.5000000000
91022  28.845  14.763  -22.707 0.7500000000
91020  30.658  14.221  -23.272 0.5000000000
93973  30.549  17.789  -28.280 0.1250000000
96959  28.158  20.530  -29.060 0.2500000000
129841  29.485  20.174  -29.837 0.1250000000
81510  30.682  4.977  -24.034 0.5000000000
80478  29.821  4.368  -24.270 0.6250000000
83635  30.450  7.279  -22.037 0.3750000000
84737  30.007  7.812  -21.708 0.3750000000
91008  28.207  14.103  -22.243 0.7500000000
94949  30.193  19.214  -28.684 0.1250000000
86837  32.377  10.304  -22.569 0.1250000000
69557  25.798  -5.384  -20.382 0.7500000000
69558  25.123  -5.162  -20.303 0.7500000000
70607  23.547  -3.991  -20.073 0.7500000000
71628  23.216  -3.630  -19.950 0.7500000000
70590  26.853  -4.728  -20.360 0.7500000000
70604  25.904  -4.576  -20.661 0.7500000000
71627  27.431  -4.106  -20.230 0.7500000000
73827  22.356  -1.488  -20.278 0.6250000000
71660  27.201  -2.904  -21.858 0.6250000000
72730  27.559  -1.696  -21.757 0.7500000000
73857  28.052  -1.296  -21.896 0.6250000000
75010  27.969  -0.671  -22.428 0.6250000000
76077  28.705  -0.081  -22.925 0.5000000000
76088  30.220  0.611  -23.081 0.3750000000
76089  29.648  0.523  -23.432 0.5000000000
78344  31.961  2.673  -24.239 0.1250000000
79434  32.494  3.743  -24.032 0.1250000000
80455  32.694  4.731  -22.746 0.1250000000
81507  33.541  5.937  -23.288 0.1250000000
82536  33.455  6.169  -23.333 0.1250000000
83645  33.297  7.006  -23.145 0.1250000000
83634  31.387  7.378  -22.237 0.1250000000
84736  30.934  8.039  -21.673 0.2500000000
85766  31.481  8.926  -21.469 0.2500000000
87928  32.033  11.342  -22.678 0.1250000000
88981  31.751  12.382  -24.792 0.1250000000
90028  31.362  13.461  -24.288 0.1250000000
90041  31.402  13.220  -25.486 0.1250000000
129759  23.793  16.517  -28.143 0.3750000000
90052  31.550  13.000  -26.762 0.1250000000
91063  30.946  14.164  -27.975 0.1250000000
90053  31.293  13.290  -27.605 0.1250000000
92041  30.394  15.134  -29.853 0.1250000000
92051  29.726  15.410  -30.954 0.1250000000
97948  24.744  20.819  -28.293 0.1250000000
97977  26.533  22.164  -31.101 0.2500000000
98930  27.193  22.451  -31.143 0.1250000000
98936  27.693  22.514  -31.880 0.1250000000
129832  29.180  19.326  -31.192 0.1250000000
93058  29.506  16.829  -31.934 0.1250000000
129831  28.850  18.834  -31.745 0.1250000000
78348  27.647  1.956  -23.376 0.7500000000
84749  28.097  8.393  -23.165 0.7500000000
90032  24.110  13.017  -24.327 0.3750000000
76080  26.089  0.340  -23.370 0.8750000000
75013  25.058  0.150  -23.164 0.8750000000
78347  28.301  2.102  -23.991 0.7500000000
80479  29.211  4.913  -23.654 0.6250000000
96975  25.013  20.237  -29.673 0.3750000000
97978  25.707  21.938  -31.510 0.1250000000
71647  24.523  -3.332  -20.869 0.7500000000
71644  27.323  -3.553  -21.033 0.7500000000
71649  23.132  -3.223  -20.073 0.7500000000
72697  23.063  -2.608  -20.318 0.7500000000
72695  24.415  -2.821  -21.085 0.7500000000
73826  23.312  -1.852  -20.999 0.7500000000
72715  24.016  -1.932  -21.345 0.7500000000
73842  25.540  -1.137  -21.435 0.8750000000
74990  26.657  -0.322  -21.497 0.7500000000
73858  27.530  -1.012  -21.873 0.7500000000
76097  28.038  1.059  -23.966 0.7500000000
77216  30.602  1.214  -22.892 0.2500000000
78336  29.216  2.112  -24.140 0.7500000000
78346  30.939  2.678  -24.659 0.5000000000
78345  31.461  2.263  -24.407 0.2500000000
77222  31.787  1.888  -23.991 0.1250000000
80476  31.833  4.006  -24.674 0.2500000000
80477  30.961  4.036  -24.371 0.3750000000
80475  32.438  4.208  -24.414 0.1250000000
80463  33.043  5.090  -23.209 0.1250000000
81508  31.904  4.339  -24.219 0.1250000000
81493  31.490  5.469  -23.670 0.1250000000
82526  31.684  6.700  -22.643 0.1250000000
82527  30.848  6.698  -22.482 0.1250000000
83637  28.913  7.466  -22.544 0.6250000000
84748  28.515  8.011  -22.613 0.6250000000
86840  28.856  10.421  -21.980 0.6250000000
88957  30.533  12.584  -22.334 0.3750000000
91974  29.482  15.330  -23.261 0.6250000000
92961  28.194  15.993  -23.869 0.7500000000
90003  29.696  13.453  -22.354 0.5000000000
88969  31.550  12.614  -23.279 0.1250000000
129762  25.794  17.551  -27.914 0.7500000000
92970  30.561  16.052  -24.056 0.3750000000
92971  29.800  16.632  -24.170 0.3750000000
91984  31.069  15.075  -24.432 0.3750000000
93000  31.132  15.833  -25.703 0.1250000000
91054  31.444  14.257  -25.987 0.1250000000
94941  29.860  18.329  -26.219 0.3750000000
92022  31.008  15.538  -27.319 0.1250000000
95990  25.684  19.927  -29.481 0.3750000000
92031  31.147  16.258  -28.273 0.1250000000
93988  30.604  16.915  -28.591 0.1250000000
93989  30.367  17.024  -29.004 0.1250000000
93036  30.307  16.471  -29.710 0.1250000000
91069  30.686  13.824  -29.137 0.1250000000
97967  27.035  21.898  -30.332 0.2500000000
96984  26.180  21.668  -30.164 0.2500000000
97957  27.547  21.211  -29.764 0.2500000000
129826  30.163  18.519  -29.142 0.1250000000
97966  28.100  21.378  -30.371 0.1250000000
98929  28.012  22.159  -30.990 0.1250000000
69545  25.356  -6.030  -20.116 0.7500000000
70591  26.236  -5.152  -20.415 0.7500000000
69559  24.293  -4.875  -20.171 0.7500000000
69546  24.417  -5.817  -20.034 0.7500000000
73808  22.150  -1.994  -19.746 0.5000000000
83633  32.467  7.456  -22.828 0.1250000000
92042  30.315  15.950  -30.355 0.1250000000
69547  23.583  -5.280  -19.693 0.7500000000
71629  22.595  -3.287  -19.730 0.5000000000
68512  26.660  -6.434  -19.465 0.6250000000
69544  26.302  -5.780  -20.068 0.6250000000
70589  27.643  -4.635  -19.743 0.3750000000
71626  28.076  -3.606  -19.945 0.2500000000
76076  29.445  0.019  -22.483 0.3750000000
92011  23.639  16.084  -27.849 0.2500000000
72694  28.099  -2.930  -21.130 0.5000000000
72729  27.982  -1.834  -21.505 0.5000000000
73840  28.541  -1.526  -21.512 0.3750000000
69542  27.937  -5.295  -19.356 0.5000000000
75009  28.736  -0.820  -22.178 0.5000000000
68501  26.282  -7.049  -19.167 0.6250000000
71630  21.664  -3.391  -19.265 0.3750000000
69548  22.716  -5.233  -19.128 0.3750000000
68513  25.767  -6.742  -19.567 0.6250000000
68498  28.382  -6.248  -18.346 0.3750000000
68511  27.288  -6.281  -19.200 0.5000000000
70573  28.818  -5.194  -18.730 0.3750000000
72677  28.823  -2.818  -19.504 0.2500000000
70580  29.015  -4.137  -18.823 0.2500000000
74975  21.680  -0.618  -20.189 0.3750000000
72693  28.622  -2.615  -20.556 0.2500000000
73825  28.755  -1.904  -21.036 0.3750000000
73839  29.003  -1.451  -21.242 0.2500000000
75008  29.281  -0.664  -21.902 0.2500000000
83563  19.627  7.516  -17.404 0.1250000000
85741  21.122  8.967  -20.252 0.2500000000
86842  22.196  10.335  -22.474 0.3750000000
93002  23.652  16.848  -27.824 0.2500000000
84671  20.708  8.521  -18.508 0.1250000000
82472  19.433  6.760  -17.481 0.2500000000
74955  21.260  -0.559  -19.576 0.2500000000
85771  22.033  9.756  -22.222 0.3750000000
72711  27.674  -2.511  -21.583 0.5000000000
70592  23.107  -4.300  -19.655 0.5000000000
69543  27.203  -5.580  -19.615 0.6250000000
76075  30.082  0.582  -22.224 0.2500000000
72679  21.940  -2.545  -19.557 0.3750000000
72678  22.445  -2.373  -19.879 0.3750000000
73828  21.622  -1.127  -19.979 0.2500000000
74989  29.038  -1.152  -21.687 0.2500000000
70581  28.566  -4.640  -19.189 0.2500000000
71617  28.752  -3.619  -19.111 0.2500000000
71643  28.095  -3.242  -20.729 0.3750000000
72710  28.286  -2.237  -21.215 0.3750000000
69534  27.718  -5.858  -19.159 0.5000000000
69533  28.279  -5.607  -18.805 0.3750000000
70593  22.221  -4.224  -19.310 0.3750000000
68514  24.760  -6.757  -19.468 0.6250000000
68499  27.712  -6.376  -18.659 0.3750000000
68500  26.854  -6.799  -18.773 0.5000000000
74988  29.320  -0.954  -21.299 0.2500000000
83548  19.274  7.640  -16.676 0.1250000000
67453  24.122  -7.931  -18.625 0.5000000000
68492  27.248  -6.868  -18.147 0.2500000000
66276  26.816  -7.936  -17.795 0.3750000000
67459  26.336  -7.278  -18.799 0.5000000000
67461  24.547  -7.469  -19.110 0.5000000000
67454  23.559  -7.724  -18.103 0.3750000000
67462  23.743  -7.279  -18.590 0.5000000000
68502  24.460  -7.027  -19.190 0.5000000000
68503  24.094  -6.825  -18.943 0.5000000000
68515  23.841  -6.178  -19.290 0.3750000000
66266  22.297  -8.213  -16.425 0.1250000000
66280  23.322  -8.141  -17.470 0.3750000000
68516  23.194  -5.858  -19.259 0.2500000000
63945  22.837  -9.957  -16.504 0.1250000000
66265  22.983  -8.638  -16.825 0.2500000000
66263  24.710  -8.661  -17.199 0.3750000000
67450  27.466  -7.476  -17.619 0.2500000000
66262  25.743  -8.723  -17.324 0.3750000000
66278  25.311  -8.311  -18.181 0.5000000000
66243  21.923  -8.800  -15.742 0.1250000000
66279  24.168  -8.462  -18.058 0.3750000000
67456  22.178  -7.118  -17.106 0.1250000000
68505  22.091  -5.989  -18.204 0.1250000000
67469  25.300  -7.161  -19.379 0.5000000000
67460  25.587  -7.663  -18.975 0.5000000000
70582  21.963  -4.796  -18.728 0.2500000000
68491  27.974  -6.748  -17.990 0.2500000000
66290  24.814  -8.159  -18.746 0.5000000000
66289  25.250  -8.134  -18.698 0.5000000000
67451  26.572  -7.519  -18.286 0.3750000000
67452  25.950  -7.971  -18.366 0.3750000000
66277  26.236  -8.195  -17.900 0.3750000000
67463  23.218  -7.205  -18.234 0.1250000000
68504  22.865  -6.484  -18.557 0.1250000000
66267  21.702  -8.008  -15.894 0.1250000000
66281  22.699  -7.994  -17.095 0.2500000000
67439  22.303  -7.577  -16.948 0.1250000000
67440  21.634  -7.253  -16.427 0.1250000000
67455  22.729  -7.277  -17.662 0.1250000000
65109  22.536  -9.337  -16.292 0.1250000000
66264  23.765  -8.750  -17.120 0.3750000000
66261  26.947  -8.522  -17.351 0.2500000000
68493  22.509  -6.739  -17.902 0.1250000000
65107  24.110  -9.467  -16.816 0.2500000000
65106  25.084  -9.405  -16.813 0.2500000000
73809  21.689  -1.658  -19.580 0.2500000000
65108  23.265  -9.428  -16.677 0.1250000000
73810  21.398  -1.350  -19.012 0.1250000000
90045  23.830  14.501  -24.559 0.1250000000
91999  23.746  15.922  -26.622 0.1250000000
91045  23.296  15.417  -24.052 0.1250000000
91044  24.156  15.144  -25.195 0.1250000000
92989  23.573  16.872  -27.424 0.1250000000
92000  23.423  16.629  -24.871 0.1250000000
88985  23.888  12.394  -23.713 0.1250000000
85740  21.318  9.648  -20.563 0.1250000000
70594  21.642  -4.111  -18.944 0.1250000000
72680  21.418  -2.497  -18.971 0.1250000000
86843  21.761  10.275  -22.030 0.1250000000
88973  22.735  12.580  -22.858 0.1250000000
90033  23.315  13.808  -23.870 0.1250000000
92974  22.953  18.140  -24.197 0.1250000000
76032  21.058  0.074  -19.580 0.1250000000
71631  21.354  -3.155  -18.863 0.1250000000
73798  20.959  -1.494  -18.237 0.1250000000
72670  20.858  -2.318  -18.328 0.1250000000
91025  21.819  14.829  -22.160 0.1250000000
70572  29.147  -4.655  -18.276 0.1250000000
72669  28.950  -3.072  -18.908 0.1250000000
72692  29.090  -2.181  -19.935 0.1250000000
73824  29.123  -1.525  -20.542 0.1250000000
74953  29.802  -0.400  -19.784 0.1250000000
74954  29.275  -0.921  -20.067 0.1250000000
76047  30.115  0.482  -20.426 0.1250000000
76062  29.587  -0.098  -21.543 0.1250000000
76061  30.038  0.622  -21.324 0.1250000000
67438  27.712  -8.024  -17.223 0.1250000000
68480  29.167  -6.932  -17.009 0.1250000000
69527  29.351  -5.572  -17.479 0.1250000000
68489  29.279  -6.308  -17.036 0.1250000000
71607  30.000  -3.349  -17.785 0.1250000000
72667  29.927  -2.327  -18.199 0.1250000000
73807  29.425  -1.558  -19.530 0.1250000000
73806  29.980  -1.060  -19.041 0.1250000000
76031  30.503  0.509  -19.509 0.1250000000
77207  30.489  1.252  -21.900 0.1250000000
77200  30.406  1.304  -20.969 0.1250000000
77186  30.568  1.232  -20.142 0.1250000000
68490  28.859  -6.635  -17.759 0.1250000000
69528  28.801  -5.650  -18.224 0.1250000000
71616  29.301  -3.532  -18.491 0.1250000000
74972  29.544  -0.568  -20.662 0.1250000000
67437  28.474  -7.574  -17.105 0.1250000000
65104  27.227  -9.303  -16.702 0.1250000000
71608  29.564  -4.009  -17.965 0.1250000000
72676  29.232  -2.285  -19.471 0.1250000000
71615  29.622  -2.913  -18.297 0.1250000000
74971  29.784  -0.081  -20.426 0.1250000000
76048  29.774  0.094  -20.872 0.1250000000
66260  27.894  -8.503  -16.804 0.1250000000
70571  29.901  -4.532  -17.424 0.1250000000
78308  30.736  1.952  -20.508 0.1250000000
67449  28.211  -7.096  -17.608 0.2500000000
67470  25.048  -7.338  -19.325 0.5000000000
69560  23.695  -4.530  -20.030 0.7500000000
72668  29.369  -2.513  -18.866 0.1250000000
73859  27.189  -0.789  -21.574 0.7500000000
75021  25.286  0.548  -23.409 1.0000000000
77226  27.167  1.434  -23.553 1.0000000000
77233  31.824  2.082  -24.288 0.2500000000
77234  31.554  1.780  -24.235 0.5000000000
77236  27.611  1.495  -23.689 0.7500000000
78333  31.662  2.856  -23.560 0.1250000000
78349  27.294  2.316  -23.285 0.7500000000
79362  18.063  3.905  -18.391 0.1250000000
79382  18.184  3.949  -18.583 0.1250000000
79433  32.795  4.040  -23.984 0.1250000000
79449  27.125  2.555  -23.321 1.0000000000
80430  18.751  3.886  -18.891 0.2500000000
80456  32.554  4.211  -23.614 0.1250000000
80464  33.038  4.464  -23.995 0.1250000000
81506  33.772  5.908  -23.178 0.1250000000
82456  18.627  7.326  -16.120 0.1250000000
82512  21.282  6.431  -20.323 0.6250000000
82553  25.692  7.274  -24.247 1.0000000000
83657  25.389  7.808  -24.012 1.0000000000
85770  22.539  9.523  -22.595 0.7500000000
86866  24.498  10.620  -25.071 1.0000000000
91009  27.679  13.889  -22.569 0.8750000000
91034  22.801  15.221  -22.799 0.1250000000
91994  31.001  15.367  -24.982 0.2500000000
92012  23.737  16.742  -28.033 0.2500000000
92021  31.247  16.206  -27.931 0.1250000000
92958  30.415  15.675  -23.755 0.3750000000
92984  31.024  15.663  -25.330 0.1250000000
93010  31.044  16.787  -28.138 0.1250000000
93024  30.877  16.465  -28.471 0.1250000000
93047  29.676  16.661  -31.351 0.1250000000
93972  30.767  16.996  -28.342 0.1250000000
96960  27.479  20.399  -28.837 0.3750000000
97968  26.163  21.783  -30.766 0.2500000000
97985  25.234  21.665  -32.241 0.2500000000
98938  25.679  22.435  -32.076 0.1250000000
129756  24.279  16.181  -28.405 0.5000000000
129761  23.154  18.556  -28.580 0.3750000000
129766  23.063  18.454  -28.304 0.3750000000
129767  23.056  18.539  -28.054 0.3750000000
129771  22.952  18.692  -28.218 0.3750000000
129774  26.002  17.848  -27.937 0.7500000000
129775  22.801  18.980  -28.374 0.3750000000
129778  22.862  18.940  -28.579 0.3750000000
129829  29.243  20.427  -29.586 0.1250000000
129840  29.093  20.494  -29.372 0.1250000000
