#!ascii label  , from subject 3200 vox2ras=TkReg
1722
69082  -40.767  -11.989  27.905 0.0000000000
53683  -29.641  -23.513  36.462 0.0000000000
78910  -45.790  -3.536  14.516 0.0000000000
69208  -33.683  -11.570  17.283 0.0000000000
71291  -43.628  -8.752  22.720 0.0000000000
57451  -37.833  -20.926  31.974 0.0000000000
58740  -27.543  -20.053  24.015 0.0000000000
58789  -30.226  -19.247  20.680 0.0000000000
53617  -19.945  -23.167  38.712 0.0000000000
83931  -53.350  -0.690  17.083 0.0000000000
53938  -18.647  -24.095  25.408 0.0000000000
70185  -36.722  -12.052  23.469 0.0000000000
71336  -38.868  -9.717  19.805 0.0000000000
73480  -41.115  -8.169  25.287 0.0000000000
62660  -39.316  -16.480  30.003 0.0000000000
59911  -33.795  -19.321  26.774 0.0000000000
64079  -35.870  -15.673  23.907 0.0000000000
64160  -32.433  -15.604  19.302 0.0000000000
83990  -54.145  -1.039  12.611 0.0000000000
53638  -24.321  -22.711  38.366 0.0000000000
52458  -19.512  -24.091  32.661 0.0000000000
57427  -23.559  -21.127  33.327 0.0000000000
76142  -45.140  -6.132  18.674 0.0000000000
53707  -33.887  -23.920  34.705 0.0000000000
56312  -28.876  -21.418  30.799 0.0000000000
53877  -32.003  -22.541  28.089 0.0000000000
55327  -28.891  -21.905  21.754 0.0000000000
54923  -16.580  -21.440  40.312 0.0000000000
74669  -48.248  -6.474  24.645 0.0000000000
76128  -50.292  -6.112  19.886 0.0000000000
82592  -50.980  -2.080  19.738 0.0000000000
80182  -50.793  -2.996  16.363 0.0000000000
78945  -52.861  -3.843  12.878 0.0000000000
53751  -16.178  -22.796  32.903 0.0000000000
58675  -21.992  -19.807  26.522 0.0000000000
69118  -38.468  -11.855  25.558 0.0000000000
71264  -38.639  -10.534  23.968 0.0000000000
71217  -40.388  -10.133  26.531 0.0000000000
66640  -40.336  -14.039  29.254 0.0000000000
64031  -37.753  -15.781  27.262 0.0000000000
66705  -38.282  -13.908  26.312 0.0000000000
66734  -37.136  -14.098  23.727 0.0000000000
77601  -46.461  -4.716  11.742 0.0000000000
81486  -47.588  -2.655  12.109 0.0000000000
53660  -27.284  -23.294  37.674 0.0000000000
55032  -23.960  -22.211  35.801 0.0000000000
55048  -26.646  -22.865  34.928 0.0000000000
71388  -35.249  -9.954  16.018 0.0000000000
71323  -41.383  -9.251  20.542 0.0000000000
71393  -40.054  -8.849  17.878 0.0000000000
71358  -41.861  -8.976  19.184 0.0000000000
76160  -42.512  -6.896  17.811 0.0000000000
74716  -44.501  -7.496  21.138 0.0000000000
55069  -36.238  -22.314  33.773 0.0000000000
53775  -33.487  -23.112  31.451 0.0000000000
55111  -35.140  -22.577  30.365 0.0000000000
59964  -32.053  -18.835  23.621 0.0000000000
57564  -31.696  -20.893  25.021 0.0000000000
57610  -29.839  -20.646  21.975 0.0000000000
68069  -33.338  -13.493  18.745 0.0000000000
74702  -49.748  -6.823  22.884 0.0000000000
78837  -52.083  -3.583  18.168 0.0000000000
80156  -52.884  -3.333  16.894 0.0000000000
80253  -51.736  -2.775  13.900 0.0000000000
80218  -53.598  -2.588  14.956 0.0000000000
77608  -54.544  -3.970  11.646 0.0000000000
53599  -18.196  -22.626  39.304 0.0000000000
54994  -15.993  -22.321  36.882 0.0000000000
52423  -17.703  -23.151  35.701 0.0000000000
52533  -19.224  -24.321  28.697 0.0000000000
52510  -18.045  -24.316  28.926 0.0000000000
52610  -17.535  -25.718  24.115 0.0000000000
57509  -27.671  -20.296  27.791 0.0000000000
58644  -25.681  -20.136  28.858 0.0000000000
58700  -25.273  -19.754  25.633 0.0000000000
70208  -35.034  -11.756  20.444 0.0000000000
71352  -36.420  -10.326  18.999 0.0000000000
71319  -37.415  -10.309  21.151 0.0000000000
71287  -40.158  -9.766  22.484 0.0000000000
71243  -42.849  -8.971  23.702 0.0000000000
61181  -38.945  -18.599  31.514 0.0000000000
58647  -36.174  -20.332  29.224 0.0000000000
61227  -36.577  -18.249  28.035 0.0000000000
62721  -35.451  -17.098  25.844 0.0000000000
61311  -32.759  -17.178  22.468 0.0000000000
62806  -32.021  -16.799  20.182 0.0000000000
64109  -33.866  -15.772  21.656 0.0000000000
67996  -34.727  -13.767  21.544 0.0000000000
85256  -53.934  -0.369  14.712 0.0000000000
87799  -51.169  1.698  14.153 0.0000000000
53619  -22.229  -22.783  38.633 0.0000000000
52413  -19.551  -23.768  35.929 0.0000000000
53676  -21.650  -23.194  35.768 0.0000000000
53736  -20.803  -22.735  33.617 0.0000000000
55125  -20.662  -22.750  29.623 0.0000000000
71391  -37.771  -9.306  17.119 0.0000000000
77550  -43.447  -5.511  15.788 0.0000000000
77523  -45.331  -5.247  16.737 0.0000000000
53685  -31.999  -24.250  36.349 0.0000000000
55065  -28.948  -22.790  33.817 0.0000000000
53772  -31.367  -22.682  32.551 0.0000000000
55130  -31.495  -21.767  29.666 0.0000000000
56393  -29.898  -21.434  25.919 0.0000000000
56373  -33.399  -21.619  27.635 0.0000000000
55265  -30.521  -21.985  24.970 0.0000000000
56430  -28.948  -21.512  23.458 0.0000000000
72299  -42.377  -9.313  30.143 0.0000000000
56202  -31.378  -21.688  37.530 0.0000000000
56235  -36.543  -21.947  35.925 0.0000000000
57411  -38.258  -20.977  35.194 0.0000000000
74622  -40.946  -7.247  28.258 0.0000000000
76025  -42.888  -6.765  27.597 0.0000000000
72326  -45.461  -8.387  26.488 0.0000000000
74640  -46.952  -7.258  27.333 0.0000000000
72382  -45.818  -7.939  24.241 0.0000000000
74719  -47.279  -7.049  21.598 0.0000000000
76126  -48.119  -6.477  19.583 0.0000000000
78852  -47.874  -4.637  17.183 0.0000000000
78792  -51.406  -4.294  20.320 0.0000000000
77509  -50.356  -4.673  17.714 0.0000000000
80212  -48.230  -2.403  15.213 0.0000000000
81488  -49.147  -1.461  12.485 0.0000000000
78935  -55.130  -3.993  13.292 0.0000000000
56200  -14.452  -21.627  37.675 0.0000000000
55120  -13.905  -23.356  29.669 0.0000000000
52455  -17.910  -23.543  32.155 0.0000000000
55122  -15.526  -23.096  28.900 0.0000000000
56299  -26.369  -21.418  32.308 0.0000000000
58626  -22.919  -20.043  29.589 0.0000000000
56369  -19.743  -21.793  26.641 0.0000000000
56426  -20.857  -22.370  23.696 0.0000000000
69091  -39.797  -12.061  26.989 0.0000000000
70158  -40.135  -10.991  26.311 0.0000000000
70124  -40.726  -11.087  27.700 0.0000000000
67886  -40.592  -13.088  29.010 0.0000000000
66662  -39.322  -14.235  27.966 0.0000000000
67923  -39.553  -12.877  27.108 0.0000000000
67942  -38.666  -12.904  26.056 0.0000000000
78909  -45.102  -3.944  14.323 0.0000000000
80265  -45.653  -3.626  12.312 0.0000000000
78942  -46.628  -3.919  11.590 0.0000000000
80249  -46.180  -3.108  12.755 0.0000000000
53661  -28.165  -23.509  37.510 0.0000000000
53700  -27.535  -23.062  36.256 0.0000000000
53701  -28.122  -23.727  36.075 0.0000000000
70261  -33.597  -10.928  16.415 0.0000000000
71369  -34.575  -10.470  16.581 0.0000000000
71308  -42.094  -8.965  21.572 0.0000000000
71339  -41.403  -9.225  19.637 0.0000000000
71325  -42.327  -8.513  21.064 0.0000000000
73553  -42.837  -7.891  20.499 0.0000000000
72409  -43.919  -8.248  21.806 0.0000000000
56282  -36.677  -21.515  33.465 0.0000000000
55084  -35.208  -22.462  31.985 0.0000000000
56304  -36.072  -21.687  31.352 0.0000000000
59978  -31.571  -18.627  22.857 0.0000000000
58756  -31.234  -19.711  23.025 0.0000000000
58773  -30.045  -19.752  21.604 0.0000000000
57643  -28.727  -20.983  19.709 0.0000000000
69191  -33.714  -12.436  18.007 0.0000000000
68067  -32.118  -13.056  17.528 0.0000000000
69206  -32.038  -12.251  16.734 0.0000000000
81396  -52.258  -1.817  17.887 0.0000000000
81417  -53.979  -2.287  16.847 0.0000000000
80185  -53.356  -3.170  16.088 0.0000000000
81437  -54.156  -2.362  15.945 0.0000000000
53600  -18.838  -22.892  39.408 0.0000000000
53633  -17.853  -22.675  38.194 0.0000000000
52385  -18.744  -23.007  38.120 0.0000000000
53871  -19.321  -24.073  27.762 0.0000000000
52557  -18.527  -24.821  27.158 0.0000000000
52595  -18.438  -24.843  25.633 0.0000000000
51383  -18.437  -26.799  23.406 0.0000000000
52612  -19.177  -25.421  23.674 0.0000000000
57545  -27.957  -20.511  26.248 0.0000000000
58679  -26.495  -19.924  27.057 0.0000000000
58719  -26.408  -19.625  24.798 0.0000000000
70201  -35.211  -11.945  21.479 0.0000000000
71318  -36.541  -10.726  21.480 0.0000000000
71303  -37.131  -10.985  22.201 0.0000000000
72362  -40.091  -9.420  24.538 0.0000000000
71265  -39.871  -9.776  23.552 0.0000000000
72377  -40.710  -9.100  23.731 0.0000000000
72379  -42.142  -9.048  23.741 0.0000000000
73494  -42.245  -8.588  24.526 0.0000000000
62640  -39.002  -17.533  30.336 0.0000000000
61208  -38.370  -18.195  29.852 0.0000000000
61219  -38.263  -17.482  29.136 0.0000000000
64050  -36.829  -15.776  25.936 0.0000000000
62705  -36.440  -16.831  26.460 0.0000000000
62735  -35.529  -16.178  24.602 0.0000000000
62749  -34.091  -17.050  24.111 0.0000000000
62764  -34.795  -16.015  23.285 0.0000000000
62777  -33.830  -16.412  22.488 0.0000000000
64094  -35.073  -15.675  23.247 0.0000000000
69132  -36.960  -13.127  23.512 0.0000000000
67998  -35.872  -14.211  22.384 0.0000000000
69130  -35.862  -13.186  22.470 0.0000000000
69144  -34.480  -12.688  20.907 0.0000000000
53620  -23.418  -23.005  38.886 0.0000000000
53636  -21.787  -22.832  37.608 0.0000000000
53656  -23.039  -22.479  37.098 0.0000000000
56263  -23.805  -21.540  34.732 0.0000000000
55046  -22.535  -22.431  35.202 0.0000000000
56277  -22.333  -21.689  33.615 0.0000000000
55092  -20.803  -22.619  31.772 0.0000000000
56298  -21.781  -21.350  31.293 0.0000000000
71335  -37.612  -9.923  20.019 0.0000000000
71372  -37.425  -9.919  17.834 0.0000000000
71353  -38.015  -9.678  18.878 0.0000000000
72476  -40.233  -8.736  17.260 0.0000000000
72475  -39.099  -8.923  17.235 0.0000000000
72497  -40.069  -8.396  16.228 0.0000000000
76141  -44.069  -6.096  18.915 0.0000000000
76182  -43.343  -5.861  16.787 0.0000000000
76162  -44.187  -5.699  17.908 0.0000000000
77522  -44.375  -5.484  16.378 0.0000000000
76163  -45.302  -5.807  17.620 0.0000000000
53706  -33.037  -23.675  34.899 0.0000000000
53741  -31.694  -22.785  33.772 0.0000000000
53742  -32.525  -22.960  33.448 0.0000000000
53816  -32.965  -22.431  29.870 0.0000000000
53789  -32.490  -22.449  31.018 0.0000000000
55159  -32.062  -22.435  29.163 0.0000000000
55181  -30.816  -21.640  28.151 0.0000000000
55182  -31.210  -21.949  27.948 0.0000000000
58665  -34.911  -20.201  28.381 0.0000000000
57513  -34.590  -21.240  28.573 0.0000000000
57549  -33.319  -20.604  26.930 0.0000000000
56453  -30.555  -21.581  23.516 0.0000000000
55293  -31.055  -21.603  25.124 0.0000000000
55291  -30.327  -22.207  24.184 0.0000000000
55263  -29.624  -21.824  24.009 0.0000000000
64139  -32.205  -16.197  19.473 0.0000000000
56237  -37.881  -21.704  35.326 0.0000000000
61146  -39.903  -17.325  32.980 0.0000000000
73429  -41.521  -8.018  29.226 0.0000000000
77328  -42.662  -5.524  29.048 0.0000000000
76012  -44.024  -6.815  28.642 0.0000000000
73452  -43.967  -7.972  27.112 0.0000000000
74625  -44.990  -7.425  28.234 0.0000000000
74655  -47.481  -7.070  26.299 0.0000000000
73483  -47.007  -8.151  25.795 0.0000000000
73496  -47.325  -7.158  24.602 0.0000000000
73523  -46.728  -7.410  23.266 0.0000000000
73524  -47.685  -6.902  23.094 0.0000000000
76093  -49.989  -6.069  21.816 0.0000000000
74734  -48.648  -6.944  20.930 0.0000000000
76127  -49.319  -6.473  19.853 0.0000000000
77484  -47.857  -6.073  18.066 0.0000000000
77468  -49.341  -5.641  19.467 0.0000000000
81342  -51.106  -3.047  20.569 0.0000000000
78856  -51.663  -3.506  17.610 0.0000000000
78836  -51.711  -4.357  18.001 0.0000000000
80153  -50.262  -3.278  17.045 0.0000000000
78854  -49.690  -4.028  17.270 0.0000000000
80181  -49.894  -3.036  16.113 0.0000000000
81460  -48.805  -1.825  14.517 0.0000000000
81461  -49.897  -1.821  14.829 0.0000000000
80254  -52.577  -3.313  13.422 0.0000000000
80270  -51.797  -2.711  12.758 0.0000000000
80286  -51.887  -3.669  11.571 0.0000000000
85273  -53.929  -0.731  13.724 0.0000000000
82701  -54.936  -1.712  14.229 0.0000000000
81491  -55.119  -2.623  13.241 0.0000000000
55029  -15.703  -22.734  34.998 0.0000000000
55011  -14.984  -22.445  35.394 0.0000000000
55043  -14.810  -22.325  33.755 0.0000000000
55074  -13.696  -22.304  31.955 0.0000000000
55075  -15.128  -22.130  32.110 0.0000000000
52437  -19.629  -23.717  34.244 0.0000000000
52436  -19.084  -23.669  34.196 0.0000000000
52456  -18.742  -24.044  32.275 0.0000000000
53805  -17.102  -23.587  29.134 0.0000000000
49269  -17.055  -28.837  25.655 0.0000000000
55094  -28.990  -21.798  32.587 0.0000000000
56291  -27.635  -21.747  32.662 0.0000000000
57448  -27.455  -21.486  31.225 0.0000000000
58659  -23.357  -19.807  27.670 0.0000000000
58627  -23.972  -20.068  29.596 0.0000000000
58658  -22.064  -20.094  27.680 0.0000000000
57488  -21.273  -21.097  28.646 0.0000000000
58674  -21.013  -20.327  26.456 0.0000000000
53966  -21.492  -24.692  23.893 0.0000000000
69125  -37.738  -12.158  24.128 0.0000000000
70187  -38.132  -11.464  23.993 0.0000000000
70173  -38.364  -10.956  25.055 0.0000000000
71228  -39.504  -10.352  25.555 0.0000000000
72347  -40.152  -9.326  25.506 0.0000000000
65324  -40.268  -15.155  29.872 0.0000000000
64011  -38.574  -16.119  28.421 0.0000000000
65357  -38.765  -15.239  28.202 0.0000000000
65372  -37.863  -15.096  27.004 0.0000000000
65407  -36.624  -15.024  24.587 0.0000000000
65422  -36.744  -14.774  23.888 0.0000000000
66721  -37.509  -13.779  24.572 0.0000000000
67972  -37.719  -13.045  24.317 0.0000000000
80252  -48.238  -3.871  12.012 0.0000000000
53640  -26.458  -23.441  38.314 0.0000000000
54997  -24.772  -22.185  37.366 0.0000000000
55016  -26.207  -22.238  36.680 0.0000000000
55033  -25.270  -21.945  35.619 0.0000000000
56280  -25.385  -21.669  33.792 0.0000000000
71322  -40.600  -9.643  20.530 0.0000000000
71354  -39.238  -9.653  18.823 0.0000000000
71338  -40.808  -9.596  19.610 0.0000000000
71376  -41.058  -9.331  18.433 0.0000000000
72459  -41.474  -8.789  18.329 0.0000000000
74781  -41.510  -7.470  17.157 0.0000000000
74755  -42.264  -7.732  19.026 0.0000000000
76121  -43.531  -7.184  19.471 0.0000000000
74743  -44.694  -7.142  19.934 0.0000000000
55051  -35.723  -23.312  34.124 0.0000000000
53744  -33.946  -23.226  33.034 0.0000000000
53746  -34.853  -22.667  32.563 0.0000000000
53777  -34.412  -22.819  31.062 0.0000000000
53849  -33.488  -22.348  29.334 0.0000000000
59928  -32.697  -18.941  25.446 0.0000000000
58704  -32.744  -19.867  25.859 0.0000000000
58743  -31.876  -19.743  24.272 0.0000000000
57593  -31.080  -20.704  23.329 0.0000000000
56478  -29.436  -21.625  21.919 0.0000000000
55340  -28.105  -21.657  20.678 0.0000000000
56522  -28.635  -21.616  20.034 0.0000000000
65508  -33.098  -14.719  19.445 0.0000000000
66825  -32.479  -14.065  18.004 0.0000000000
77370  -48.563  -5.820  25.008 0.0000000000
74688  -49.231  -6.950  23.474 0.0000000000
76057  -49.762  -5.851  23.817 0.0000000000
76070  -50.656  -5.809  23.079 0.0000000000
77409  -50.958  -5.244  22.028 0.0000000000
82612  -51.982  -1.600  19.256 0.0000000000
81379  -51.747  -2.529  19.335 0.0000000000
81380  -52.212  -2.134  18.749 0.0000000000
78838  -51.989  -2.997  17.613 0.0000000000
80183  -51.758  -3.168  16.514 0.0000000000
80215  -51.291  -2.659  15.570 0.0000000000
80216  -52.141  -3.082  15.432 0.0000000000
80217  -53.033  -3.111  14.961 0.0000000000
78933  -53.279  -3.865  13.604 0.0000000000
84009  -53.786  -0.745  12.017 0.0000000000
82722  -54.541  -2.301  12.440 0.0000000000
81520  -54.527  -2.944  11.249 0.0000000000
54942  -17.359  -21.879  39.548 0.0000000000
54963  -16.077  -22.068  38.727 0.0000000000
53613  -17.363  -22.706  38.613 0.0000000000
53675  -17.279  -22.738  36.060 0.0000000000
53714  -16.857  -23.388  34.320 0.0000000000
52486  -19.074  -24.062  30.891 0.0000000000
52485  -18.825  -24.143  30.396 0.0000000000
52511  -18.747  -24.423  29.348 0.0000000000
52556  -17.878  -24.732  26.793 0.0000000000
52593  -16.862  -25.533  24.953 0.0000000000
49292  -17.136  -28.319  24.674 0.0000000000
50389  -17.934  -27.604  23.629 0.0000000000
57475  -28.648  -21.137  29.901 0.0000000000
57457  -27.129  -21.157  30.450 0.0000000000
57490  -27.057  -20.495  28.515 0.0000000000
58661  -25.560  -20.032  27.865 0.0000000000
58698  -22.754  -19.638  25.582 0.0000000000
70220  -35.056  -11.635  19.658 0.0000000000
70246  -34.996  -11.013  18.047 0.0000000000
70232  -35.497  -10.941  19.383 0.0000000000
71334  -36.550  -10.489  20.409 0.0000000000
71320  -38.509  -9.917  20.845 0.0000000000
71285  -37.949  -10.475  22.974 0.0000000000
71286  -38.993  -10.024  22.755 0.0000000000
71321  -39.629  -9.872  20.625 0.0000000000
71288  -41.289  -9.614  22.391 0.0000000000
71289  -42.233  -9.280  22.404 0.0000000000
71268  -43.007  -8.941  23.272 0.0000000000
59872  -38.368  -19.547  31.539 0.0000000000
57461  -36.726  -20.633  31.039 0.0000000000
59884  -37.717  -19.203  30.258 0.0000000000
59894  -36.675  -19.484  29.121 0.0000000000
59913  -35.180  -18.873  27.680 0.0000000000
62693  -37.001  -17.050  27.537 0.0000000000
61239  -36.201  -17.484  27.276 0.0000000000
61255  -34.727  -17.994  26.624 0.0000000000
61268  -33.474  -17.718  24.665 0.0000000000
61295  -32.678  -17.801  23.242 0.0000000000
61310  -31.995  -17.781  22.042 0.0000000000
61324  -31.231  -17.836  20.909 0.0000000000
61326  -32.505  -17.072  21.672 0.0000000000
62791  -32.697  -16.556  21.073 0.0000000000
64122  -33.330  -15.677  20.823 0.0000000000
65439  -35.670  -15.064  22.960 0.0000000000
65453  -33.439  -15.048  21.052 0.0000000000
65467  -33.534  -14.901  20.257 0.0000000000
66794  -34.036  -13.891  19.849 0.0000000000
68046  -34.317  -13.100  19.563 0.0000000000
83944  -54.006  -0.910  15.690 0.0000000000
86555  -53.009  0.393  15.184 0.0000000000
87801  -52.434  0.489  14.342 0.0000000000
86580  -52.672  0.463  13.507 0.0000000000
86605  -52.427  0.521  11.861 0.0000000000
85316  -51.213  0.639  10.607 0.0000000000
53603  -21.492  -22.831  39.235 0.0000000000
52376  -20.091  -23.237  38.218 0.0000000000
53635  -21.101  -22.931  37.764 0.0000000000
52401  -20.796  -23.536  36.335 0.0000000000
52438  -20.098  -23.658  34.447 0.0000000000
55013  -23.423  -22.494  36.328 0.0000000000
52440  -21.032  -23.398  34.876 0.0000000000
52460  -20.059  -23.562  33.433 0.0000000000
53782  -19.502  -23.599  30.732 0.0000000000
53838  -19.743  -23.758  28.993 0.0000000000
55152  -19.970  -23.115  28.239 0.0000000000
71370  -35.337  -10.398  17.209 0.0000000000
71389  -36.213  -9.898  16.448 0.0000000000
72456  -39.029  -9.340  17.657 0.0000000000
78894  -44.778  -4.521  15.426 0.0000000000
77553  -45.787  -4.493  15.796 0.0000000000
53684  -30.703  -24.066  36.443 0.0000000000
53720  -29.380  -23.453  35.135 0.0000000000
53721  -30.409  -23.425  34.935 0.0000000000
55067  -30.593  -22.638  33.400 0.0000000000
55095  -29.878  -21.912  32.100 0.0000000000
53757  -32.614  -23.101  32.542 0.0000000000
55097  -31.867  -22.233  31.215 0.0000000000
56313  -29.800  -21.385  30.498 0.0000000000
57493  -29.440  -20.966  28.867 0.0000000000
56355  -29.340  -20.881  27.305 0.0000000000
57563  -28.667  -20.876  25.016 0.0000000000
56329  -36.002  -21.834  29.925 0.0000000000
55162  -34.393  -21.963  29.141 0.0000000000
55184  -32.861  -22.394  28.108 0.0000000000
56394  -32.307  -21.399  26.117 0.0000000000
55240  -32.052  -21.650  26.584 0.0000000000
53913  -31.884  -22.090  27.502 0.0000000000
55237  -30.439  -21.686  25.598 0.0000000000
56411  -29.230  -21.413  24.439 0.0000000000
61344  -30.381  -17.924  19.577 0.0000000000
69074  -41.108  -11.807  28.831 0.0000000000
70114  -41.140  -11.158  28.706 0.0000000000
54912  -17.599  -22.319  41.397 0.0000000000
54947  -20.806  -22.685  39.876 0.0000000000
54948  -21.878  -23.111  40.074 0.0000000000
53605  -23.682  -23.169  39.609 0.0000000000
53624  -27.190  -23.401  38.999 0.0000000000
54983  -28.057  -23.298  38.826 0.0000000000
53643  -29.393  -23.040  37.643 0.0000000000
53663  -30.156  -23.204  37.000 0.0000000000
53664  -31.361  -23.647  36.930 0.0000000000
55018  -32.916  -23.660  36.563 0.0000000000
55019  -33.892  -23.151  35.892 0.0000000000
55003  -34.826  -21.790  36.487 0.0000000000
55036  -34.874  -23.457  35.025 0.0000000000
55038  -36.785  -22.499  35.095 0.0000000000
56265  -37.068  -22.010  34.273 0.0000000000
57429  -37.723  -20.557  33.502 0.0000000000
58602  -38.810  -20.052  32.466 0.0000000000
59874  -39.322  -18.673  32.382 0.0000000000
61183  -40.002  -17.384  31.721 0.0000000000
67871  -41.418  -13.139  29.732 0.0000000000
72315  -41.213  -9.424  28.366 0.0000000000
73450  -40.909  -8.369  27.494 0.0000000000
73464  -40.885  -7.807  26.789 0.0000000000
78654  -41.680  -5.271  29.315 0.0000000000
76009  -41.281  -6.250  27.784 0.0000000000
74667  -41.771  -7.472  25.827 0.0000000000
73466  -43.066  -8.028  26.243 0.0000000000
71219  -43.979  -8.686  25.062 0.0000000000
71246  -44.382  -8.663  23.976 0.0000000000
74639  -46.393  -7.702  27.502 0.0000000000
72352  -45.453  -8.384  24.958 0.0000000000
72380  -44.842  -8.405  23.405 0.0000000000
72411  -45.039  -7.950  22.855 0.0000000000
74717  -45.395  -7.369  21.470 0.0000000000
76104  -46.233  -6.786  20.315 0.0000000000
74700  -48.261  -6.751  22.490 0.0000000000
74733  -47.669  -7.123  20.729 0.0000000000
76143  -46.212  -6.330  18.540 0.0000000000
76164  -46.391  -6.064  17.783 0.0000000000
77524  -46.336  -4.792  16.483 0.0000000000
78870  -46.898  -4.508  16.194 0.0000000000
78770  -51.075  -4.401  21.758 0.0000000000
77449  -50.790  -5.174  20.100 0.0000000000
78806  -52.068  -4.231  19.927 0.0000000000
77470  -51.038  -4.956  19.533 0.0000000000
77469  -50.237  -5.357  19.423 0.0000000000
77508  -49.551  -4.832  17.795 0.0000000000
78871  -47.680  -4.287  16.172 0.0000000000
80211  -47.029  -2.625  14.845 0.0000000000
81459  -47.708  -2.018  14.080 0.0000000000
81487  -48.162  -2.206  12.017 0.0000000000
81516  -49.015  -2.962  11.482 0.0000000000
81475  -50.505  -1.823  14.041 0.0000000000
82738  -49.974  -1.968  11.627 0.0000000000
78954  -49.519  -4.236  11.627 0.0000000000
81464  -54.335  -2.196  15.035 0.0000000000
80235  -54.043  -2.854  13.917 0.0000000000
78934  -54.231  -4.097  13.252 0.0000000000
78948  -55.082  -4.214  12.583 0.0000000000
78947  -54.321  -4.590  12.680 0.0000000000
78958  -53.160  -4.571  11.717 0.0000000000
54979  -15.180  -22.078  37.269 0.0000000000
52412  -18.904  -23.556  36.139 0.0000000000
52434  -17.585  -23.472  34.777 0.0000000000
53752  -16.917  -23.318  32.592 0.0000000000
52468  -17.718  -23.677  30.733 0.0000000000
53781  -16.857  -23.314  30.159 0.0000000000
53780  -16.285  -22.831  30.844 0.0000000000
55121  -14.580  -23.157  29.201 0.0000000000
55064  -27.676  -23.046  34.014 0.0000000000
56281  -26.129  -21.759  33.546 0.0000000000
57438  -24.835  -21.037  32.400 0.0000000000
57455  -25.554  -20.540  30.633 0.0000000000
58609  -24.618  -20.408  30.988 0.0000000000
57444  -22.979  -20.635  31.674 0.0000000000
56310  -21.707  -21.340  30.142 0.0000000000
56353  -20.056  -21.725  27.797 0.0000000000
55201  -18.873  -23.194  26.196 0.0000000000
59941  -22.988  -19.488  24.022 0.0000000000
59925  -21.727  -19.669  24.720 0.0000000000
58715  -20.374  -20.846  24.257 0.0000000000
56406  -19.832  -22.033  24.310 0.0000000000
55285  -19.519  -23.028  23.967 0.0000000000
53964  -19.239  -24.598  23.987 0.0000000000
67924  -40.142  -12.238  27.481 0.0000000000
69092  -40.346  -11.586  27.129 0.0000000000
69073  -40.726  -12.391  28.568 0.0000000000
67905  -40.312  -12.831  27.973 0.0000000000
80229  -45.489  -3.609  13.734 0.0000000000
80248  -45.712  -3.538  13.105 0.0000000000
80230  -46.100  -3.039  13.923 0.0000000000
53682  -28.658  -23.411  36.659 0.0000000000
53702  -29.054  -23.534  35.890 0.0000000000
70245  -34.320  -11.176  17.483 0.0000000000
71290  -42.958  -8.967  22.500 0.0000000000
71309  -42.765  -8.743  21.818 0.0000000000
72408  -43.005  -8.431  21.576 0.0000000000
71310  -43.642  -8.641  22.260 0.0000000000
56294  -37.317  -20.907  32.307 0.0000000000
56293  -36.710  -21.174  32.653 0.0000000000
56305  -36.579  -21.204  31.746 0.0000000000
59995  -30.712  -18.629  21.424 0.0000000000
58774  -30.823  -19.194  22.339 0.0000000000
69190  -32.706  -12.576  17.468 0.0000000000
69207  -33.011  -11.783  17.135 0.0000000000
82654  -52.907  -1.318  17.430 0.0000000000
82655  -53.758  -1.439  17.098 0.0000000000
80158  -54.032  -2.760  16.584 0.0000000000
82671  -54.094  -1.581  16.290 0.0000000000
53601  -19.523  -22.821  39.279 0.0000000000
52374  -18.994  -23.066  38.606 0.0000000000
52375  -19.514  -22.981  38.424 0.0000000000
53906  -19.025  -24.146  26.814 0.0000000000
52578  -18.667  -24.696  26.484 0.0000000000
53937  -18.496  -24.703  24.870 0.0000000000
53963  -18.563  -24.966  24.456 0.0000000000
58720  -27.352  -20.101  25.233 0.0000000000
70193  -36.225  -11.741  22.935 0.0000000000
70203  -36.552  -11.297  22.582 0.0000000000
70194  -36.847  -11.377  23.069 0.0000000000
73492  -40.689  -8.780  24.989 0.0000000000
73507  -40.810  -8.816  24.304 0.0000000000
73508  -41.288  -8.764  23.971 0.0000000000
73493  -41.487  -8.547  24.615 0.0000000000
62641  -39.495  -16.843  30.381 0.0000000000
62659  -38.856  -16.927  29.713 0.0000000000
64064  -36.357  -15.534  24.985 0.0000000000
62722  -36.157  -16.245  25.434 0.0000000000
62750  -34.875  -16.582  23.875 0.0000000000
62751  -35.360  -15.956  23.668 0.0000000000
64095  -35.592  -15.570  23.362 0.0000000000
69123  -36.779  -12.468  23.471 0.0000000000
69131  -36.432  -12.782  23.198 0.0000000000
70192  -35.713  -12.304  22.393 0.0000000000
53621  -24.546  -23.150  39.135 0.0000000000
53637  -23.102  -22.555  38.158 0.0000000000
56278  -23.264  -21.409  34.004 0.0000000000
57426  -22.967  -21.229  33.496 0.0000000000
56287  -22.152  -21.529  32.375 0.0000000000
73601  -40.533  -8.409  16.653 0.0000000000
76183  -44.310  -5.564  16.997 0.0000000000
53687  -33.596  -23.685  35.316 0.0000000000
53724  -33.183  -23.428  34.072 0.0000000000
53847  -32.272  -22.500  28.846 0.0000000000
53846  -31.781  -22.395  28.188 0.0000000000
58682  -34.425  -19.750  27.751 0.0000000000
58664  -34.142  -20.401  27.828 0.0000000000
58681  -33.769  -19.973  27.296 0.0000000000
56452  -29.784  -21.627  22.706 0.0000000000
55311  -30.101  -21.993  23.507 0.0000000000
55310  -29.400  -21.810  22.729 0.0000000000
55290  -29.844  -22.012  23.704 0.0000000000
55309  -28.730  -21.917  22.153 0.0000000000
64140  -32.692  -16.026  19.852 0.0000000000
64159  -31.731  -15.867  18.703 0.0000000000
74614  -44.581  -7.079  28.648 0.0000000000
76038  -47.743  -6.183  25.812 0.0000000000
77353  -47.820  -5.669  26.336 0.0000000000
74668  -47.745  -6.738  25.033 0.0000000000
73484  -47.254  -7.449  25.541 0.0000000000
74676  -47.864  -6.868  24.370 0.0000000000
73511  -47.462  -7.190  23.858 0.0000000000
73497  -47.934  -6.998  24.129 0.0000000000
76108  -50.014  -6.260  20.730 0.0000000000
76107  -49.276  -6.690  20.566 0.0000000000
77467  -48.599  -5.934  19.398 0.0000000000
83878  -50.555  -1.302  20.232 0.0000000000
82591  -50.565  -1.920  20.540 0.0000000000
82571  -50.771  -2.427  20.850 0.0000000000
82572  -50.979  -2.690  20.215 0.0000000000
80154  -51.084  -3.329  17.085 0.0000000000
78855  -50.865  -4.021  17.542 0.0000000000
80213  -49.338  -2.362  15.443 0.0000000000
80214  -50.340  -2.496  15.573 0.0000000000
80271  -52.322  -3.331  12.209 0.0000000000
78957  -52.463  -4.127  11.656 0.0000000000
85290  -54.028  -0.467  13.059 0.0000000000
82710  -54.861  -1.836  13.449 0.0000000000
82721  -54.547  -1.664  12.793 0.0000000000
56175  -15.995  -21.378  40.011 0.0000000000
53733  -16.294  -22.852  33.888 0.0000000000
55044  -15.630  -22.614  34.237 0.0000000000
55060  -15.425  -22.487  33.329 0.0000000000
52447  -19.211  -24.000  33.226 0.0000000000
50331  -15.846  -27.209  26.262 0.0000000000
56302  -28.803  -21.548  31.742 0.0000000000
56301  -27.890  -21.744  31.722 0.0000000000
57449  -27.913  -21.656  31.147 0.0000000000
58657  -21.478  -20.214  27.115 0.0000000000
69126  -37.689  -11.649  24.810 0.0000000000
70139  -40.410  -10.626  26.544 0.0000000000
71229  -39.937  -10.200  26.064 0.0000000000
72333  -40.353  -9.398  26.478 0.0000000000
65339  -39.903  -14.985  29.267 0.0000000000
65338  -39.270  -15.262  28.969 0.0000000000
66639  -39.699  -14.278  28.790 0.0000000000
66682  -38.806  -14.195  27.143 0.0000000000
65394  -38.161  -14.503  26.807 0.0000000000
65393  -37.422  -14.730  26.067 0.0000000000
65408  -37.084  -14.451  24.815 0.0000000000
66704  -37.603  -13.906  25.507 0.0000000000
67958  -37.722  -13.276  25.301 0.0000000000
67959  -37.737  -12.541  25.256 0.0000000000
67973  -37.606  -12.388  24.581 0.0000000000
77600  -45.852  -4.875  11.699 0.0000000000
78928  -47.323  -3.977  11.756 0.0000000000
80251  -47.759  -3.251  11.869 0.0000000000
53659  -26.333  -23.102  37.666 0.0000000000
53680  -27.222  -22.753  37.126 0.0000000000
53717  -27.045  -22.784  35.741 0.0000000000
55034  -26.192  -22.551  36.003 0.0000000000
56264  -24.836  -21.663  34.661 0.0000000000
55047  -25.850  -22.022  34.472 0.0000000000
71387  -34.404  -10.243  15.594 0.0000000000
71340  -41.759  -8.837  19.657 0.0000000000
71357  -41.453  -9.173  18.839 0.0000000000
72439  -41.442  -9.004  18.512 0.0000000000
72440  -41.843  -8.865  18.818 0.0000000000
73585  -41.738  -8.391  18.480 0.0000000000
73570  -42.047  -8.171  19.192 0.0000000000
73554  -43.462  -7.711  20.861 0.0000000000
74741  -43.346  -7.535  19.724 0.0000000000
73563  -43.622  -7.670  20.087 0.0000000000
74742  -43.999  -7.393  19.797 0.0000000000
74729  -44.273  -7.493  20.359 0.0000000000
53727  -34.990  -22.963  33.380 0.0000000000
55068  -35.444  -22.513  33.148 0.0000000000
55098  -34.848  -22.420  30.990 0.0000000000
55083  -34.711  -22.643  31.557 0.0000000000
53793  -34.589  -22.745  30.451 0.0000000000
53792  -34.126  -22.910  30.561 0.0000000000
53819  -34.675  -22.735  30.078 0.0000000000
59944  -32.272  -18.832  24.587 0.0000000000
58722  -31.944  -19.605  25.229 0.0000000000
57611  -30.531  -20.173  22.565 0.0000000000
57592  -30.267  -21.035  22.728 0.0000000000
57609  -29.325  -21.256  21.360 0.0000000000
57608  -28.984  -21.542  21.087 0.0000000000
57622  -29.025  -21.356  20.727 0.0000000000
66827  -33.124  -13.945  19.067 0.0000000000
65529  -32.459  -14.442  18.621 0.0000000000
77361  -48.712  -5.045  25.299 0.0000000000
77371  -48.969  -5.445  24.798 0.0000000000
78753  -50.797  -4.818  23.281 0.0000000000
77395  -50.484  -5.415  23.377 0.0000000000
76080  -50.521  -5.876  22.458 0.0000000000
78754  -51.210  -4.595  22.715 0.0000000000
85205  -51.879  -0.191  18.382 0.0000000000
85204  -51.588  0.009  18.904 0.0000000000
83898  -52.136  -0.704  18.955 0.0000000000
78858  -52.656  -3.090  17.400 0.0000000000
80134  -52.256  -2.648  17.656 0.0000000000
78857  -52.199  -3.157  17.402 0.0000000000
78875  -52.307  -3.284  16.852 0.0000000000
80184  -52.627  -3.327  16.152 0.0000000000
78898  -53.213  -2.909  14.485 0.0000000000
80234  -53.004  -3.229  13.934 0.0000000000
78913  -53.297  -3.159  14.153 0.0000000000
84025  -53.778  -1.516  11.698 0.0000000000
82740  -54.329  -2.398  11.648 0.0000000000
54943  -17.886  -21.965  39.789 0.0000000000
54964  -16.925  -22.422  39.071 0.0000000000
53598  -17.560  -22.540  39.207 0.0000000000
52397  -18.193  -22.806  37.439 0.0000000000
53654  -17.699  -22.663  37.628 0.0000000000
52410  -17.794  -22.841  36.637 0.0000000000
53696  -16.962  -23.125  35.184 0.0000000000
52512  -19.039  -24.216  29.836 0.0000000000
52577  -18.279  -24.861  26.150 0.0000000000
52576  -17.412  -24.893  25.789 0.0000000000
51371  -16.850  -26.550  24.407 0.0000000000
51382  -17.585  -26.664  23.710 0.0000000000
50391  -19.871  -27.717  23.289 0.0000000000
50390  -18.860  -27.746  23.364 0.0000000000
57491  -27.785  -20.481  28.805 0.0000000000
57508  -27.105  -20.417  28.053 0.0000000000
58678  -25.429  -19.792  26.817 0.0000000000
58677  -24.273  -19.728  26.621 0.0000000000
58699  -24.000  -19.619  25.279 0.0000000000
71263  -37.823  -10.983  23.605 0.0000000000
71305  -39.286  -9.766  21.652 0.0000000000
71306  -40.395  -9.703  21.507 0.0000000000
71267  -42.265  -9.210  23.354 0.0000000000
59879  -38.536  -18.914  31.316 0.0000000000
58633  -37.447  -19.619  30.917 0.0000000000
59885  -38.234  -18.703  30.712 0.0000000000
61218  -37.681  -18.135  28.796 0.0000000000
61207  -37.496  -18.819  29.445 0.0000000000
61217  -37.093  -18.902  28.775 0.0000000000
59903  -35.778  -19.171  28.031 0.0000000000
64010  -38.267  -16.099  27.828 0.0000000000
62695  -38.295  -16.429  28.281 0.0000000000
64009  -37.582  -16.361  27.561 0.0000000000
62704  -35.799  -17.418  26.725 0.0000000000
61256  -35.367  -17.602  26.686 0.0000000000
62720  -34.412  -17.490  25.623 0.0000000000
62719  -33.738  -17.844  25.380 0.0000000000
61312  -33.336  -17.047  23.055 0.0000000000
61296  -33.447  -17.398  23.647 0.0000000000
61294  -32.242  -17.934  22.743 0.0000000000
62792  -33.317  -16.224  21.385 0.0000000000
62808  -33.082  -16.132  20.706 0.0000000000
65440  -36.230  -15.034  23.267 0.0000000000
66747  -36.087  -14.590  22.809 0.0000000000
67997  -35.420  -14.044  21.953 0.0000000000
66762  -34.888  -14.540  21.876 0.0000000000
66761  -33.929  -14.346  21.239 0.0000000000
65452  -33.528  -14.811  20.631 0.0000000000
66776  -33.965  -14.083  20.321 0.0000000000
69157  -34.770  -12.615  20.001 0.0000000000
69173  -34.471  -12.378  19.373 0.0000000000
87790  -52.241  0.909  15.065 0.0000000000
87800  -51.786  0.851  14.362 0.0000000000
87817  -52.103  0.572  13.999 0.0000000000
87816  -51.641  0.986  13.593 0.0000000000
86592  -51.913  1.125  12.713 0.0000000000
86591  -51.243  1.465  12.335 0.0000000000
86604  -51.228  1.270  11.546 0.0000000000
53618  -20.914  -22.811  38.370 0.0000000000
53655  -21.856  -22.889  36.605 0.0000000000
52389  -21.356  -23.254  36.788 0.0000000000
52402  -21.310  -23.422  36.084 0.0000000000
52415  -20.751  -23.677  35.587 0.0000000000
52416  -21.153  -23.495  35.473 0.0000000000
55014  -24.336  -22.241  36.399 0.0000000000
54995  -23.750  -22.371  36.740 0.0000000000
55061  -21.643  -22.484  33.951 0.0000000000
55030  -22.130  -22.671  35.386 0.0000000000
53716  -21.083  -22.989  34.545 0.0000000000
52450  -20.239  -23.494  34.231 0.0000000000
53735  -20.446  -23.244  33.952 0.0000000000
52473  -20.116  -23.763  32.489 0.0000000000
53768  -20.460  -23.530  31.970 0.0000000000
55107  -20.585  -22.568  30.426 0.0000000000
53808  -20.356  -23.102  30.028 0.0000000000
55124  -20.389  -23.133  29.245 0.0000000000
53837  -19.554  -23.826  28.317 0.0000000000
71351  -35.616  -10.509  18.162 0.0000000000
71390  -37.053  -9.629  16.898 0.0000000000
71355  -40.219  -9.466  18.868 0.0000000000
71374  -39.562  -9.270  18.028 0.0000000000
72496  -39.168  -8.468  16.001 0.0000000000
74782  -42.088  -7.065  17.404 0.0000000000
76181  -42.300  -6.330  17.104 0.0000000000
76211  -43.036  -6.006  15.999 0.0000000000
77571  -43.371  -4.846  14.606 0.0000000000
77551  -44.341  -4.890  15.577 0.0000000000
77552  -45.327  -4.763  15.855 0.0000000000
78895  -45.225  -4.248  15.341 0.0000000000
53704  -31.121  -24.139  35.505 0.0000000000
53740  -30.700  -22.750  34.044 0.0000000000
53755  -31.138  -22.738  33.208 0.0000000000
55082  -30.524  -22.493  32.824 0.0000000000
53758  -33.335  -23.182  32.308 0.0000000000
53774  -32.830  -23.014  31.670 0.0000000000
55110  -32.080  -21.933  30.312 0.0000000000
55109  -31.387  -21.694  30.748 0.0000000000
55108  -30.448  -21.595  31.134 0.0000000000
55129  -30.690  -21.517  30.106 0.0000000000
56327  -30.009  -21.328  29.645 0.0000000000
56342  -30.050  -21.230  28.722 0.0000000000
56371  -29.836  -21.302  26.801 0.0000000000
56356  -30.057  -21.252  27.667 0.0000000000
56370  -29.239  -21.076  26.375 0.0000000000
56392  -29.234  -21.318  25.428 0.0000000000
58631  -36.682  -20.435  29.752 0.0000000000
57460  -36.564  -21.058  30.607 0.0000000000
57495  -35.995  -20.962  29.482 0.0000000000
56357  -33.899  -21.573  28.264 0.0000000000
56358  -34.348  -21.616  28.703 0.0000000000
56343  -34.208  -21.800  28.864 0.0000000000
55161  -33.761  -22.126  28.996 0.0000000000
55185  -33.290  -21.996  27.912 0.0000000000
57565  -32.191  -20.456  25.467 0.0000000000
57548  -32.799  -20.860  26.346 0.0000000000
57547  -32.226  -21.095  25.594 0.0000000000
55266  -30.868  -21.707  25.460 0.0000000000
55267  -31.361  -21.620  25.827 0.0000000000
55239  -31.513  -21.694  26.519 0.0000000000
55208  -31.999  -21.729  27.029 0.0000000000
53944  -31.316  -21.700  26.674 0.0000000000
53912  -31.416  -21.702  26.995 0.0000000000
55238  -30.963  -21.713  26.093 0.0000000000
57578  -28.609  -20.729  23.896 0.0000000000
57590  -28.259  -21.256  23.098 0.0000000000
61346  -31.612  -17.377  20.587 0.0000000000
61345  -31.227  -17.835  20.221 0.0000000000
54930  -22.199  -22.421  40.451 0.0000000000
53623  -26.634  -23.365  38.966 0.0000000000
54999  -30.985  -22.568  37.180 0.0000000000
55002  -34.206  -22.098  36.470 0.0000000000
56222  -36.071  -21.591  36.315 0.0000000000
56221  -35.377  -21.566  36.474 0.0000000000
56234  -35.864  -22.010  36.267 0.0000000000
55020  -35.155  -22.341  35.982 0.0000000000
55021  -35.979  -22.318  35.942 0.0000000000
55037  -36.200  -22.821  35.383 0.0000000000
56250  -36.847  -22.222  35.369 0.0000000000
56252  -37.680  -21.552  34.754 0.0000000000
56266  -37.308  -21.198  33.993 0.0000000000
57417  -37.798  -20.700  34.498 0.0000000000
58593  -38.735  -19.554  33.497 0.0000000000
59851  -39.098  -19.049  33.393 0.0000000000
59863  -39.015  -19.217  32.777 0.0000000000
59864  -39.195  -18.553  33.067 0.0000000000
61164  -40.063  -17.456  32.237 0.0000000000
62620  -40.320  -16.790  31.782 0.0000000000
62619  -39.862  -17.081  31.212 0.0000000000
67887  -41.047  -12.452  29.237 0.0000000000
72308  -42.060  -9.729  29.444 0.0000000000
71201  -41.414  -10.287  28.820 0.0000000000
72316  -41.643  -9.631  28.894 0.0000000000
74612  -41.438  -7.430  29.324 0.0000000000
73436  -41.314  -8.268  28.749 0.0000000000
74635  -40.981  -7.228  27.246 0.0000000000
76010  -42.301  -6.261  27.874 0.0000000000
77340  -41.877  -5.974  28.230 0.0000000000
76024  -42.256  -6.753  27.204 0.0000000000
76023  -41.605  -6.916  26.973 0.0000000000
74636  -42.524  -7.178  26.718 0.0000000000
73465  -42.552  -7.804  25.907 0.0000000000
74653  -42.792  -7.468  26.515 0.0000000000
72325  -44.596  -8.302  26.277 0.0000000000
73467  -43.884  -8.409  26.153 0.0000000000
72336  -44.125  -8.651  25.425 0.0000000000
71232  -44.455  -8.635  24.627 0.0000000000
72337  -44.940  -8.465  25.465 0.0000000000
76026  -47.303  -6.281  27.318 0.0000000000
74626  -45.955  -7.194  28.111 0.0000000000
73495  -46.648  -7.589  25.143 0.0000000000
72353  -46.242  -8.025  25.573 0.0000000000
72367  -45.932  -7.895  24.758 0.0000000000
71247  -45.035  -8.618  24.109 0.0000000000
72381  -45.571  -8.088  23.819 0.0000000000
72394  -44.680  -8.281  22.952 0.0000000000
72395  -45.271  -8.025  23.218 0.0000000000
73543  -46.902  -7.075  22.438 0.0000000000
73542  -45.707  -7.666  22.534 0.0000000000
74718  -46.361  -7.196  21.645 0.0000000000
74731  -45.860  -6.855  20.912 0.0000000000
74732  -46.754  -6.994  20.875 0.0000000000
73525  -48.533  -6.901  23.129 0.0000000000
74701  -48.955  -6.495  22.814 0.0000000000
74745  -48.206  -7.041  20.199 0.0000000000
76106  -47.605  -6.881  19.964 0.0000000000
76105  -46.904  -6.834  20.125 0.0000000000
76125  -47.028  -6.420  19.440 0.0000000000
76144  -47.265  -6.178  18.561 0.0000000000
77506  -47.438  -5.229  17.573 0.0000000000
77525  -47.232  -4.676  16.748 0.0000000000
80082  -50.859  -3.598  20.700 0.0000000000
80070  -51.049  -3.640  21.569 0.0000000000
78791  -50.595  -4.173  20.855 0.0000000000
77432  -50.438  -5.023  20.941 0.0000000000
77433  -50.732  -4.568  20.196 0.0000000000
80096  -52.027  -3.380  19.604 0.0000000000
78821  -52.370  -3.895  19.111 0.0000000000
78835  -51.062  -4.786  17.974 0.0000000000
77488  -51.434  -4.751  18.716 0.0000000000
77487  -50.478  -5.072  18.508 0.0000000000
77486  -49.412  -5.159  18.667 0.0000000000
78872  -48.759  -3.786  16.474 0.0000000000
80179  -48.003  -3.380  15.600 0.0000000000
78897  -47.080  -3.556  15.401 0.0000000000
81474  -49.498  -1.586  13.694 0.0000000000
81473  -48.442  -1.828  13.284 0.0000000000
81502  -48.998  -1.864  11.721 0.0000000000
80232  -51.730  -2.651  14.826 0.0000000000
81476  -51.255  -2.219  14.390 0.0000000000
80285  -51.193  -3.093  11.569 0.0000000000
81519  -50.805  -2.362  11.785 0.0000000000
81518  -50.337  -2.501  11.611 0.0000000000
80284  -49.986  -3.387  11.526 0.0000000000
83958  -54.328  -1.131  15.063 0.0000000000
82691  -54.236  -1.661  15.488 0.0000000000
82692  -54.582  -1.714  14.837 0.0000000000
80236  -54.883  -3.043  14.031 0.0000000000
78915  -54.446  -3.522  13.709 0.0000000000
78949  -54.588  -3.817  12.187 0.0000000000
80272  -54.822  -3.388  12.521 0.0000000000
77607  -54.433  -4.303  11.987 0.0000000000
77606  -54.408  -4.608  12.366 0.0000000000
77605  -53.868  -4.633  12.030 0.0000000000
54980  -16.053  -22.205  37.813 0.0000000000
54962  -15.362  -21.879  38.055 0.0000000000
56260  -14.203  -22.015  33.969 0.0000000000
56246  -14.183  -22.014  34.807 0.0000000000
56286  -13.017  -22.266  32.665 0.0000000000
55103  -13.469  -23.105  30.235 0.0000000000
55089  -12.827  -22.962  31.125 0.0000000000
53803  -13.316  -24.046  29.805 0.0000000000
52399  -19.492  -23.459  36.812 0.0000000000
52446  -18.501  -23.780  33.340 0.0000000000
52435  -18.326  -23.601  34.411 0.0000000000
52445  -17.527  -23.599  33.626 0.0000000000
52484  -18.303  -24.046  29.996 0.0000000000
52469  -18.487  -23.905  31.138 0.0000000000
52483  -17.633  -23.869  29.696 0.0000000000
55123  -16.303  -23.302  28.588 0.0000000000
55106  -16.341  -23.136  29.337 0.0000000000
55105  -15.711  -22.629  29.871 0.0000000000
55148  -14.752  -23.443  28.362 0.0000000000
48078  -18.690  -29.473  24.290 0.0000000000
48058  -18.336  -29.651  24.779 0.0000000000
53739  -29.661  -23.059  34.357 0.0000000000
53738  -28.648  -23.312  34.521 0.0000000000
56290  -26.771  -21.630  33.092 0.0000000000
55078  -26.919  -21.985  33.513 0.0000000000
56289  -25.726  -21.430  32.921 0.0000000000
58630  -26.382  -20.493  29.567 0.0000000000
57456  -26.152  -20.694  30.405 0.0000000000
58629  -25.824  -20.396  29.775 0.0000000000
58618  -24.296  -20.154  30.408 0.0000000000
58617  -23.324  -20.029  30.525 0.0000000000
57445  -24.222  -20.576  31.707 0.0000000000
57454  -22.331  -20.536  30.480 0.0000000000
57471  -22.047  -20.725  29.460 0.0000000000
57505  -20.305  -20.959  27.417 0.0000000000
56340  -20.737  -21.557  28.443 0.0000000000
56352  -19.667  -22.367  27.183 0.0000000000
56368  -19.360  -22.449  26.521 0.0000000000
59958  -22.114  -20.082  23.487 0.0000000000
59940  -22.117  -19.577  23.971 0.0000000000
58734  -21.655  -20.663  23.491 0.0000000000
56407  -21.500  -22.654  23.854 0.0000000000
57574  -20.960  -21.397  23.666 0.0000000000
57560  -20.474  -20.973  23.956 0.0000000000
57559  -20.048  -21.464  24.300 0.0000000000
57573  -20.422  -21.849  23.807 0.0000000000
55259  -20.061  -23.630  23.684 0.0000000000
53965  -20.549  -24.410  23.620 0.0000000000
55258  -19.323  -23.328  24.239 0.0000000000
53985  -20.903  -25.139  23.509 0.0000000000
69106  -39.285  -12.024  25.951 0.0000000000
69107  -39.862  -11.622  26.460 0.0000000000
69108  -40.320  -11.223  26.637 0.0000000000
71218  -40.686  -10.198  27.012 0.0000000000
66663  -39.941  -13.586  28.478 0.0000000000
67904  -39.686  -13.416  27.759 0.0000000000
66683  -39.292  -13.669  27.312 0.0000000000
67922  -38.974  -13.552  26.756 0.0000000000
67941  -38.017  -13.481  25.881 0.0000000000
67943  -39.464  -12.305  26.506 0.0000000000
78926  -44.235  -4.502  13.595 0.0000000000
78927  -45.088  -4.257  12.874 0.0000000000
78940  -45.522  -4.267  11.818 0.0000000000
78941  -46.082  -4.267  11.581 0.0000000000
80280  -46.103  -3.619  11.659 0.0000000000
80267  -46.443  -3.447  11.696 0.0000000000
80250  -46.895  -2.973  12.001 0.0000000000
53681  -27.886  -23.281  36.891 0.0000000000
53718  -27.576  -23.372  35.361 0.0000000000
71324  -41.925  -8.816  20.648 0.0000000000
72421  -42.177  -8.581  20.269 0.0000000000
72429  -42.446  -8.422  20.083 0.0000000000
72422  -42.626  -8.152  20.713 0.0000000000
72423  -43.135  -8.028  21.352 0.0000000000
55085  -35.954  -21.788  32.511 0.0000000000
55100  -36.067  -21.764  31.703 0.0000000000
55099  -35.578  -22.051  31.176 0.0000000000
59963  -31.575  -19.311  23.308 0.0000000000
58772  -29.609  -20.588  21.207 0.0000000000
57623  -29.260  -21.018  20.566 0.0000000000
58788  -29.759  -20.225  20.652 0.0000000000
57644  -29.408  -20.680  19.991 0.0000000000
68068  -33.002  -13.388  17.953 0.0000000000
69189  -32.270  -12.587  17.301 0.0000000000
82632  -52.388  -1.148  17.884 0.0000000000
81416  -53.155  -2.128  17.359 0.0000000000
80157  -53.529  -3.065  17.107 0.0000000000
80186  -53.942  -3.001  16.183 0.0000000000
53614  -17.934  -22.788  38.775 0.0000000000
53615  -18.588  -22.926  38.815 0.0000000000
52384  -18.251  -22.766  38.109 0.0000000000
52411  -18.293  -23.215  36.397 0.0000000000
52558  -18.893  -24.521  27.514 0.0000000000
52594  -18.070  -25.182  25.013 0.0000000000
52625  -18.123  -26.029  23.599 0.0000000000
52611  -18.446  -25.319  23.948 0.0000000000
52626  -18.874  -26.013  23.457 0.0000000000
51384  -19.382  -26.822  23.238 0.0000000000
57524  -27.922  -20.403  26.761 0.0000000000
58680  -27.234  -20.211  27.292 0.0000000000
58702  -27.432  -20.270  26.262 0.0000000000
58701  -26.408  -19.904  25.964 0.0000000000
70209  -35.685  -10.993  20.988 0.0000000000
70202  -36.047  -11.177  22.102 0.0000000000
71302  -36.592  -10.980  21.915 0.0000000000
72361  -39.578  -9.883  24.796 0.0000000000
71242  -39.439  -9.963  24.367 0.0000000000
71266  -41.021  -9.527  23.174 0.0000000000
72378  -41.584  -9.090  23.626 0.0000000000
72363  -41.925  -8.822  24.051 0.0000000000
72364  -42.651  -8.812  23.981 0.0000000000
61196  -38.708  -18.098  30.990 0.0000000000
64051  -37.337  -15.486  26.667 0.0000000000
64030  -37.007  -16.117  27.002 0.0000000000
62734  -34.733  -16.922  24.786 0.0000000000
62763  -34.062  -16.698  23.419 0.0000000000
62778  -34.426  -16.097  22.854 0.0000000000
64110  -34.590  -15.733  22.646 0.0000000000
67987  -36.810  -13.649  23.368 0.0000000000
67986  -36.244  -13.838  22.779 0.0000000000
67985  -35.767  -13.722  22.227 0.0000000000
69138  -34.844  -13.403  21.577 0.0000000000
69143  -34.605  -13.272  21.413 0.0000000000
69139  -35.160  -13.154  21.795 0.0000000000
56249  -24.279  -21.770  35.318 0.0000000000
56262  -22.769  -21.971  34.711 0.0000000000
56261  -22.181  -22.211  34.280 0.0000000000
55076  -20.774  -22.698  32.618 0.0000000000
55077  -21.315  -22.288  32.868 0.0000000000
56297  -21.288  -21.987  31.466 0.0000000000
56309  -21.075  -21.863  30.763 0.0000000000
71371  -36.374  -10.127  17.574 0.0000000000
71373  -38.582  -9.617  17.824 0.0000000000
71375  -40.527  -9.083  18.201 0.0000000000
71392  -39.750  -8.870  17.635 0.0000000000
76161  -43.202  -6.356  17.995 0.0000000000
77521  -43.918  -5.704  16.433 0.0000000000
76184  -44.817  -5.459  16.960 0.0000000000
53705  -32.190  -24.081  35.142 0.0000000000
53723  -32.364  -23.202  34.392 0.0000000000
53756  -31.860  -22.991  32.869 0.0000000000
53791  -33.618  -22.826  30.658 0.0000000000
53790  -33.087  -22.637  30.790 0.0000000000
55131  -31.949  -22.218  29.475 0.0000000000
55157  -30.813  -21.642  29.137 0.0000000000
55158  -31.551  -22.221  28.762 0.0000000000
55206  -30.539  -21.545  26.933 0.0000000000
58646  -35.559  -20.375  28.812 0.0000000000
57494  -35.397  -21.023  29.098 0.0000000000
57512  -34.257  -20.936  28.060 0.0000000000
57527  -33.681  -21.014  27.442 0.0000000000
56454  -31.201  -21.404  23.845 0.0000000000
56432  -31.225  -21.453  24.549 0.0000000000
56431  -30.959  -21.897  24.025 0.0000000000
55292  -30.710  -21.922  24.524 0.0000000000
55264  -30.056  -22.241  24.563 0.0000000000
55289  -29.221  -21.770  23.067 0.0000000000
56217  -31.998  -22.249  37.346 0.0000000000
56203  -32.415  -21.670  37.467 0.0000000000
57403  -36.488  -21.325  36.143 0.0000000000
56236  -37.364  -21.792  35.585 0.0000000000
57404  -37.208  -21.195  35.965 0.0000000000
61145  -39.521  -17.934  33.385 0.0000000000
73422  -42.162  -8.661  30.599 0.0000000000
73430  -41.887  -8.436  29.607 0.0000000000
74613  -41.895  -7.687  29.829 0.0000000000
75993  -41.395  -6.480  29.833 0.0000000000
77342  -43.146  -6.037  28.846 0.0000000000
76011  -43.270  -6.556  28.255 0.0000000000
74638  -43.722  -7.421  27.434 0.0000000000
74624  -44.068  -7.432  28.014 0.0000000000
73439  -44.643  -7.692  27.610 0.0000000000
73453  -45.021  -8.111  27.106 0.0000000000
77352  -47.678  -5.584  27.055 0.0000000000
76027  -47.693  -6.292  26.694 0.0000000000
74641  -47.538  -6.804  27.014 0.0000000000
74654  -47.388  -7.724  26.687 0.0000000000
73470  -47.313  -7.820  26.196 0.0000000000
73510  -46.392  -7.639  24.121 0.0000000000
73522  -45.938  -7.770  23.477 0.0000000000
74722  -49.437  -6.165  22.330 0.0000000000
74721  -48.677  -6.391  21.921 0.0000000000
74735  -49.338  -6.375  21.373 0.0000000000
74746  -48.835  -7.079  20.094 0.0000000000
76145  -48.024  -6.022  18.877 0.0000000000
77485  -48.425  -5.521  18.607 0.0000000000
83831  -50.629  -1.845  22.142 0.0000000000
81341  -50.889  -3.003  21.352 0.0000000000
77489  -52.056  -4.334  18.702 0.0000000000
78873  -49.511  -3.437  16.604 0.0000000000
80180  -48.962  -3.088  15.905 0.0000000000
85257  -53.881  -1.017  14.148 0.0000000000
83959  -54.291  -1.247  14.455 0.0000000000
83973  -54.226  -1.410  13.830 0.0000000000
81477  -55.084  -2.440  13.855 0.0000000000
80256  -55.146  -3.098  13.480 0.0000000000
76266  -54.260  -4.509  10.824 0.0000000000
76256  -54.097  -4.536  11.606 0.0000000000
55012  -15.975  -22.533  35.829 0.0000000000
55028  -14.918  -22.441  34.548 0.0000000000
56276  -14.208  -22.143  33.451 0.0000000000
55058  -13.412  -22.262  32.569 0.0000000000
55059  -14.309  -22.223  32.915 0.0000000000
55090  -14.107  -22.390  31.002 0.0000000000
52426  -19.630  -23.783  35.039 0.0000000000
52425  -18.987  -23.590  35.154 0.0000000000
53870  -17.376  -24.306  27.413 0.0000000000
53806  -17.502  -24.008  28.736 0.0000000000
55174  -16.348  -23.684  27.675 0.0000000000
55172  -15.006  -23.729  27.714 0.0000000000
51348  -15.614  -26.718  26.620 0.0000000000
50332  -16.300  -27.765  26.574 0.0000000000
49246  -16.615  -28.328  26.166 0.0000000000
49270  -17.621  -29.406  26.138 0.0000000000
55081  -29.474  -22.284  33.076 0.0000000000
55080  -28.355  -22.153  33.234 0.0000000000
56300  -27.075  -21.642  32.035 0.0000000000
58643  -24.718  -19.983  28.732 0.0000000000
58628  -24.934  -20.112  29.659 0.0000000000
58642  -23.677  -19.970  28.663 0.0000000000
58641  -22.604  -20.098  28.641 0.0000000000
57489  -21.878  -20.680  28.616 0.0000000000
57507  -21.563  -20.682  28.193 0.0000000000
57523  -20.555  -20.708  27.100 0.0000000000
57522  -20.054  -20.914  26.726 0.0000000000
53939  -22.094  -24.451  25.026 0.0000000000
55260  -21.403  -23.472  23.944 0.0000000000
70186  -37.379  -11.558  23.694 0.0000000000
70188  -38.164  -11.121  24.407 0.0000000000
71241  -39.101  -10.262  25.047 0.0000000000
70157  -39.345  -11.043  25.772 0.0000000000
72346  -39.685  -9.868  25.262 0.0000000000
73479  -40.456  -8.487  25.799 0.0000000000
63967  -39.669  -15.793  29.947 0.0000000000
63966  -39.148  -16.260  29.795 0.0000000000
63987  -39.447  -15.472  29.357 0.0000000000
65356  -38.264  -15.444  27.515 0.0000000000
66661  -38.851  -14.626  27.659 0.0000000000
65373  -38.469  -14.846  27.391 0.0000000000
65392  -36.790  -15.092  25.280 0.0000000000
64080  -36.297  -15.310  24.194 0.0000000000
64096  -36.174  -15.286  23.641 0.0000000000
65423  -37.338  -14.219  24.132 0.0000000000
66735  -37.582  -13.782  24.021 0.0000000000
67971  -37.310  -13.419  23.751 0.0000000000
69124  -37.180  -12.587  23.697 0.0000000000
77591  -47.204  -5.107  12.455 0.0000000000
53639  -25.414  -23.165  38.314 0.0000000000
53657  -24.110  -22.296  37.705 0.0000000000
53658  -25.354  -22.501  37.629 0.0000000000
53678  -25.914  -22.063  37.186 0.0000000000
55015  -25.336  -21.942  36.790 0.0000000000
53699  -26.843  -22.578  36.474 0.0000000000
56279  -24.289  -21.354  33.857 0.0000000000
71337  -39.937  -9.802  19.661 0.0000000000
71356  -41.009  -9.550  18.832 0.0000000000
72458  -41.025  -8.980  18.028 0.0000000000
72477  -40.953  -8.712  17.174 0.0000000000
73602  -40.885  -8.111  16.922 0.0000000000
73584  -41.371  -8.268  17.761 0.0000000000
74770  -42.118  -7.669  18.185 0.0000000000
73562  -42.767  -8.050  19.876 0.0000000000
74756  -42.846  -7.494  19.122 0.0000000000
74771  -42.785  -7.013  18.430 0.0000000000
76140  -43.334  -6.705  19.001 0.0000000000
76122  -44.109  -6.844  19.456 0.0000000000
76123  -44.914  -6.517  19.504 0.0000000000
53708  -34.562  -24.003  34.304 0.0000000000
53725  -33.912  -23.875  33.761 0.0000000000
53726  -34.702  -23.562  33.717 0.0000000000
53745  -34.408  -22.957  32.850 0.0000000000
53759  -33.939  -23.184  32.100 0.0000000000
53761  -34.804  -22.665  31.992 0.0000000000
53760  -34.416  -22.863  31.886 0.0000000000
53776  -34.033  -23.126  31.251 0.0000000000
53817  -33.608  -22.578  29.946 0.0000000000
53848  -32.942  -22.371  29.106 0.0000000000
59929  -33.441  -19.097  26.106 0.0000000000
58705  -33.267  -19.963  26.577 0.0000000000
57580  -31.662  -20.244  24.831 0.0000000000
57579  -31.607  -20.717  24.121 0.0000000000
58742  -31.701  -19.932  23.539 0.0000000000
56451  -29.338  -21.916  22.066 0.0000000000
56477  -29.051  -21.719  21.410 0.0000000000
55361  -28.500  -21.598  20.489 0.0000000000
56521  -27.902  -21.449  19.842 0.0000000000
56523  -29.088  -21.270  20.065 0.0000000000
64161  -32.980  -15.341  19.603 0.0000000000
65506  -32.139  -15.270  18.972 0.0000000000
65507  -32.530  -14.803  19.174 0.0000000000
65528  -32.056  -14.875  18.324 0.0000000000
65527  -31.278  -14.837  17.738 0.0000000000
66824  -31.590  -13.933  17.490 0.0000000000
77360  -48.273  -5.454  25.544 0.0000000000
76048  -48.181  -6.126  25.065 0.0000000000
74677  -48.475  -6.765  24.245 0.0000000000
76049  -48.661  -6.188  24.632 0.0000000000
76056  -49.308  -6.205  23.992 0.0000000000
74689  -49.726  -6.711  23.293 0.0000000000
78731  -49.779  -5.074  24.035 0.0000000000
77379  -49.998  -5.466  23.771 0.0000000000
76079  -50.078  -6.410  22.546 0.0000000000
76094  -50.503  -5.753  21.382 0.0000000000
80115  -51.717  -2.976  18.622 0.0000000000
80116  -51.982  -2.354  18.244 0.0000000000
80133  -51.684  -3.070  18.030 0.0000000000
80155  -51.604  -3.297  17.092 0.0000000000
80233  -52.387  -3.049  14.443 0.0000000000
80255  -52.949  -3.670  13.618 0.0000000000
85320  -53.845  -0.491  12.160 0.0000000000
82739  -54.208  -1.704  12.118 0.0000000000
81505  -54.580  -2.916  12.113 0.0000000000
78959  -54.584  -3.770  11.295 0.0000000000
54941  -16.683  -21.623  39.591 0.0000000000
54981  -16.739  -22.533  38.317 0.0000000000
53631  -16.721  -22.523  37.469 0.0000000000
53632  -17.301  -22.626  37.942 0.0000000000
53652  -16.715  -22.580  36.504 0.0000000000
53674  -16.718  -22.707  35.677 0.0000000000
53713  -16.324  -22.974  34.668 0.0000000000
52471  -19.394  -24.179  31.809 0.0000000000
52470  -19.005  -24.150  31.460 0.0000000000
52532  -18.673  -24.524  28.219 0.0000000000
52531  -18.073  -24.650  27.806 0.0000000000
53905  -16.884  -24.491  26.493 0.0000000000
49311  -17.595  -28.063  24.027 0.0000000000
49313  -19.434  -28.628  23.498 0.0000000000
57459  -28.668  -21.341  30.330 0.0000000000
57458  -28.075  -21.482  30.565 0.0000000000
57474  -27.857  -20.989  29.717 0.0000000000
57473  -26.870  -20.725  29.523 0.0000000000
58645  -26.463  -20.320  29.071 0.0000000000
58663  -27.156  -20.302  27.836 0.0000000000
58660  -24.499  -19.893  27.728 0.0000000000
58676  -23.066  -19.668  26.573 0.0000000000
70230  -34.428  -11.725  18.493 0.0000000000
70231  -35.175  -11.182  18.890 0.0000000000
70221  -35.670  -10.974  19.948 0.0000000000
71284  -37.408  -11.026  23.203 0.0000000000
71304  -38.202  -10.246  21.913 0.0000000000
71307  -41.358  -9.411  21.479 0.0000000000
71269  -43.690  -8.752  23.312 0.0000000000
58612  -38.344  -20.269  31.899 0.0000000000
57450  -37.366  -20.584  31.735 0.0000000000
58621  -37.285  -20.124  31.226 0.0000000000
58632  -37.102  -20.219  30.279 0.0000000000
58648  -36.770  -20.001  29.607 0.0000000000
59883  -37.142  -19.478  29.672 0.0000000000
59893  -36.179  -19.618  28.669 0.0000000000
59902  -34.930  -19.321  27.903 0.0000000000
59912  -34.559  -18.918  27.254 0.0000000000
62679  -38.359  -16.699  28.802 0.0000000000
62678  -37.924  -17.341  28.623 0.0000000000
61228  -37.393  -17.504  28.254 0.0000000000
61238  -35.500  -18.235  27.361 0.0000000000
61237  -34.912  -18.343  27.121 0.0000000000
59930  -34.097  -18.720  26.550 0.0000000000
61254  -34.032  -18.315  25.930 0.0000000000
61253  -33.405  -18.419  25.478 0.0000000000
61281  -32.869  -18.136  23.992 0.0000000000
61282  -33.478  -17.624  24.289 0.0000000000
59979  -32.149  -18.305  23.119 0.0000000000
59996  -31.316  -18.440  22.039 0.0000000000
60012  -30.700  -18.401  20.678 0.0000000000
61325  -31.954  -17.176  21.090 0.0000000000
62776  -32.986  -16.630  21.826 0.0000000000
62790  -32.411  -16.707  20.668 0.0000000000
62807  -32.775  -16.350  20.411 0.0000000000
64141  -33.198  -15.680  20.167 0.0000000000
64111  -35.213  -15.404  23.079 0.0000000000
65455  -35.044  -15.065  22.527 0.0000000000
66763  -35.555  -14.618  22.399 0.0000000000
65454  -34.379  -15.165  21.765 0.0000000000
65487  -33.431  -14.825  19.792 0.0000000000
66810  -33.445  -14.069  19.359 0.0000000000
68008  -34.447  -13.390  20.211 0.0000000000
68026  -34.422  -13.334  19.818 0.0000000000
68045  -33.973  -13.145  19.220 0.0000000000
69172  -34.104  -12.392  18.833 0.0000000000
83932  -53.709  -0.825  16.482 0.0000000000
85243  -53.090  -0.327  15.908 0.0000000000
86545  -52.678  0.361  15.884 0.0000000000
87791  -52.708  0.465  14.708 0.0000000000
86563  -53.049  0.099  14.333 0.0000000000
85272  -53.711  -0.025  13.701 0.0000000000
85289  -53.691  0.100  12.901 0.0000000000
87815  -50.913  2.020  13.329 0.0000000000
86579  -52.103  0.837  13.317 0.0000000000
86593  -53.062  0.427  12.527 0.0000000000
85298  -53.719  -0.035  12.281 0.0000000000
86606  -53.274  0.145  11.937 0.0000000000
85318  -52.834  -0.329  11.396 0.0000000000
82746  -52.361  -1.321  10.286 0.0000000000
85334  -51.250  0.104  9.944 0.0000000000
82755  -52.552  -1.480  9.732 0.0000000000
53602  -20.373  -22.708  39.118 0.0000000000
52387  -20.087  -22.977  37.380 0.0000000000
52400  -20.167  -23.521  36.574 0.0000000000
52388  -20.883  -23.239  37.212 0.0000000000
52414  -20.195  -23.863  35.760 0.0000000000
52427  -20.200  -23.872  35.009 0.0000000000
52448  -19.609  -23.756  33.592 0.0000000000
53677  -22.459  -22.733  36.216 0.0000000000
55031  -22.888  -22.529  35.666 0.0000000000
53698  -22.025  -22.782  35.718 0.0000000000
52439  -20.567  -23.549  34.667 0.0000000000
52449  -19.949  -23.608  33.963 0.0000000000
52459  -19.783  -23.832  33.021 0.0000000000
52472  -19.843  -24.098  32.169 0.0000000000
52487  -19.527  -23.855  31.345 0.0000000000
52513  -19.214  -23.900  30.382 0.0000000000
53783  -19.957  -23.212  31.082 0.0000000000
53807  -19.709  -23.500  29.980 0.0000000000
52534  -19.343  -24.051  29.549 0.0000000000
58739  -26.360  -19.817  23.555 0.0000000000
71414  -35.896  -9.418  15.308 0.0000000000
72474  -38.414  -9.109  17.232 0.0000000000
71416  -37.481  -9.282  16.505 0.0000000000
77572  -43.910  -4.576  14.906 0.0000000000
78908  -44.335  -4.333  14.727 0.0000000000
53703  -30.061  -23.820  35.747 0.0000000000
53722  -31.422  -23.369  34.644 0.0000000000
55066  -29.979  -22.660  33.593 0.0000000000
56303  -29.565  -21.513  31.271 0.0000000000
53743  -33.313  -23.106  33.203 0.0000000000
53773  -31.989  -22.851  31.936 0.0000000000
55096  -31.136  -22.163  31.867 0.0000000000
56326  -29.216  -21.239  30.103 0.0000000000
57492  -28.761  -20.750  29.037 0.0000000000
57510  -28.626  -20.511  28.015 0.0000000000
57511  -29.448  -20.841  28.258 0.0000000000
57525  -28.566  -20.623  27.010 0.0000000000
58721  -28.006  -20.527  25.557 0.0000000000
58741  -28.081  -20.450  24.746 0.0000000000
56315  -36.435  -21.095  31.043 0.0000000000
56314  -36.172  -21.582  30.732 0.0000000000
55112  -35.825  -22.410  30.184 0.0000000000
56328  -35.381  -21.764  29.631 0.0000000000
55133  -34.876  -22.305  29.724 0.0000000000
53850  -34.006  -22.456  29.581 0.0000000000
55160  -33.166  -22.333  28.744 0.0000000000
53878  -32.486  -22.524  28.304 0.0000000000
57526  -33.208  -20.993  26.963 0.0000000000
56372  -33.061  -21.390  27.150 0.0000000000
56412  -31.664  -21.406  25.532 0.0000000000
55210  -32.692  -21.756  27.349 0.0000000000
55209  -32.177  -22.061  27.447 0.0000000000
55183  -32.414  -22.468  27.930 0.0000000000
53876  -31.616  -22.015  27.658 0.0000000000
55207  -30.962  -21.639  26.824 0.0000000000
55236  -29.686  -21.940  24.992 0.0000000000
69083  -40.897  -11.526  28.272 0.0000000000
70105  -41.738  -11.162  29.371 0.0000000000
71190  -41.976  -10.461  29.392 0.0000000000
72309  -42.519  -9.895  29.960 0.0000000000
54924  -17.120  -21.733  40.720 0.0000000000
54925  -18.004  -22.074  40.630 0.0000000000
54913  -18.204  -22.354  41.189 0.0000000000
54944  -18.585  -22.208  39.856 0.0000000000
54945  -19.072  -22.754  39.977 0.0000000000
54946  -19.815  -22.641  39.862 0.0000000000
54928  -20.090  -22.371  40.519 0.0000000000
53604  -22.622  -23.042  39.406 0.0000000000
54949  -22.973  -22.806  39.995 0.0000000000
53606  -24.248  -23.208  39.745 0.0000000000
54966  -25.069  -23.105  39.620 0.0000000000
53622  -25.680  -23.235  38.954 0.0000000000
53641  -27.487  -23.552  38.421 0.0000000000
53662  -29.073  -23.333  37.218 0.0000000000
53644  -29.891  -22.843  37.399 0.0000000000
55000  -32.242  -23.111  37.006 0.0000000000
55017  -32.358  -23.838  36.839 0.0000000000
53686  -33.043  -24.009  35.715 0.0000000000
55035  -34.075  -23.564  35.242 0.0000000000
55050  -35.079  -23.826  34.303 0.0000000000
55052  -36.664  -22.667  34.615 0.0000000000
56251  -37.291  -22.178  35.027 0.0000000000
56283  -37.259  -20.937  33.064 0.0000000000
57440  -38.032  -20.675  32.524 0.0000000000
57412  -38.438  -20.367  34.697 0.0000000000
57418  -38.215  -20.129  33.976 0.0000000000
57430  -38.264  -20.180  33.037 0.0000000000
58601  -38.421  -20.377  32.313 0.0000000000
58613  -38.983  -20.081  31.972 0.0000000000
59873  -39.041  -19.369  31.873 0.0000000000
61163  -39.572  -17.983  32.629 0.0000000000
61182  -39.472  -18.039  31.706 0.0000000000
61197  -39.199  -17.402  30.990 0.0000000000
63949  -39.768  -16.191  30.863 0.0000000000
63935  -40.318  -15.816  31.415 0.0000000000
63950  -40.183  -15.378  30.553 0.0000000000
63968  -40.336  -15.369  30.078 0.0000000000
65340  -40.471  -14.677  29.710 0.0000000000
67870  -40.822  -13.565  29.502 0.0000000000
71210  -40.926  -10.789  28.362 0.0000000000
71209  -40.909  -10.188  28.037 0.0000000000
72324  -40.820  -9.455  27.473 0.0000000000
73437  -41.740  -9.077  28.951 0.0000000000
72334  -40.627  -9.530  26.998 0.0000000000
73449  -40.733  -8.577  27.054 0.0000000000
73463  -40.618  -8.455  26.682 0.0000000000
74650  -40.646  -7.769  26.171 0.0000000000
77318  -41.380  -5.487  29.598 0.0000000000
75998  -41.254  -6.363  28.923 0.0000000000
77327  -41.749  -5.648  28.807 0.0000000000
74651  -41.314  -7.259  26.364 0.0000000000
74666  -41.247  -7.622  25.671 0.0000000000
73481  -42.203  -7.977  25.347 0.0000000000
72348  -42.776  -8.655  24.727 0.0000000000
73451  -43.466  -7.763  26.753 0.0000000000
72335  -43.537  -8.596  25.532 0.0000000000
71230  -43.395  -8.643  24.368 0.0000000000
71245  -43.680  -8.593  23.998 0.0000000000
74616  -45.738  -6.749  28.871 0.0000000000
73440  -45.338  -7.761  27.708 0.0000000000
73469  -47.018  -8.326  26.610 0.0000000000
72338  -46.068  -8.473  26.077 0.0000000000
71233  -44.967  -8.583  24.442 0.0000000000
71270  -44.391  -8.597  23.475 0.0000000000
71292  -44.232  -8.602  22.916 0.0000000000
71311  -44.235  -8.466  22.518 0.0000000000
73541  -44.760  -7.827  21.828 0.0000000000
74730  -45.029  -7.142  20.654 0.0000000000
74744  -45.490  -6.877  20.117 0.0000000000
76124  -46.002  -6.469  19.563 0.0000000000
73512  -48.298  -7.006  23.700 0.0000000000
73544  -47.661  -6.932  22.255 0.0000000000
74720  -48.110  -7.057  21.665 0.0000000000
77504  -45.845  -5.606  17.443 0.0000000000
76165  -47.088  -5.878  17.843 0.0000000000
77505  -46.391  -5.402  17.407 0.0000000000
78896  -46.265  -4.103  15.458 0.0000000000
76109  -50.934  -5.972  20.465 0.0000000000
81360  -51.460  -2.925  19.971 0.0000000000
80083  -51.549  -3.629  20.202 0.0000000000
77471  -51.958  -4.640  19.403 0.0000000000
77450  -51.794  -5.124  20.216 0.0000000000
76129  -50.804  -5.670  19.875 0.0000000000
77507  -48.579  -5.025  17.803 0.0000000000
78853  -48.634  -4.323  17.237 0.0000000000
80210  -46.371  -3.275  14.931 0.0000000000
80231  -46.847  -2.538  13.396 0.0000000000
81472  -47.640  -2.431  12.836 0.0000000000
80268  -48.338  -3.149  11.722 0.0000000000
81462  -50.801  -2.107  14.974 0.0000000000
81489  -50.251  -1.541  12.752 0.0000000000
81490  -51.172  -2.111  13.369 0.0000000000
82720  -49.919  -1.520  11.950 0.0000000000
81517  -49.468  -2.545  11.550 0.0000000000
80283  -49.178  -3.538  11.571 0.0000000000
81465  -54.865  -2.311  14.514 0.0000000000
80219  -54.304  -2.484  14.390 0.0000000000
78914  -53.740  -3.324  13.947 0.0000000000
78946  -53.539  -4.239  12.554 0.0000000000
81492  -54.893  -2.834  12.755 0.0000000000
80257  -55.300  -3.302  12.990 0.0000000000
77598  -55.109  -4.723  12.689 0.0000000000
77597  -54.860  -4.878  13.099 0.0000000000
56187  -15.776  -21.660  39.349 0.0000000000
54993  -15.069  -22.276  36.322 0.0000000000
53765  -12.374  -24.246  31.240 0.0000000000
52386  -19.482  -23.107  37.685 0.0000000000
52398  -18.824  -23.322  37.126 0.0000000000
52424  -18.296  -23.446  35.398 0.0000000000
53734  -16.754  -23.276  33.509 0.0000000000
53767  -16.936  -23.398  31.400 0.0000000000
53766  -16.189  -22.803  31.812 0.0000000000
55091  -15.325  -22.547  30.961 0.0000000000
55104  -14.495  -22.707  30.109 0.0000000000
53834  -14.299  -23.983  28.718 0.0000000000
53804  -13.902  -24.125  29.286 0.0000000000
49293  -17.660  -29.229  25.106 0.0000000000
53719  -28.439  -23.549  35.264 0.0000000000
53737  -27.930  -23.431  34.727 0.0000000000
55049  -27.466  -23.242  34.726 0.0000000000
55079  -27.352  -22.126  33.447 0.0000000000
55063  -26.672  -22.225  33.867 0.0000000000
55062  -26.030  -21.909  33.929 0.0000000000
56288  -24.892  -21.344  33.209 0.0000000000
57428  -24.269  -21.117  33.076 0.0000000000
57447  -26.515  -21.080  31.442 0.0000000000
58619  -25.124  -20.411  30.494 0.0000000000
58610  -24.980  -20.555  30.893 0.0000000000
57439  -25.769  -21.078  32.103 0.0000000000
57437  -23.778  -20.937  32.510 0.0000000000
57436  -22.886  -21.033  32.873 0.0000000000
56324  -21.043  -21.894  29.467 0.0000000000
57470  -21.538  -21.120  29.181 0.0000000000
56339  -20.573  -22.432  28.740 0.0000000000
55176  -19.728  -22.616  27.662 0.0000000000
55175  -19.411  -23.236  27.322 0.0000000000
58718  -25.129  -19.615  24.341 0.0000000000
58717  -24.380  -19.603  24.479 0.0000000000
59942  -23.867  -19.574  24.213 0.0000000000
59927  -23.215  -19.562  24.781 0.0000000000
58697  -21.795  -19.743  25.541 0.0000000000
59939  -21.568  -20.023  23.759 0.0000000000
58716  -20.858  -20.442  24.051 0.0000000000
58696  -21.032  -20.134  25.089 0.0000000000
58695  -20.263  -20.673  24.803 0.0000000000
58673  -20.366  -20.606  25.740 0.0000000000
57544  -19.753  -21.368  25.586 0.0000000000
55287  -20.370  -22.936  23.694 0.0000000000
56405  -19.483  -22.418  24.540 0.0000000000
56387  -19.229  -22.264  25.558 0.0000000000
55231  -18.909  -23.017  25.138 0.0000000000
53983  -19.559  -25.261  23.602 0.0000000000
52627  -19.748  -25.904  23.450 0.0000000000
48059  -18.914  -30.016  24.496 0.0000000000
49312  -18.291  -28.721  24.076 0.0000000000
50369  -17.198  -27.473  24.073 0.0000000000
51385  -20.497  -26.819  23.377 0.0000000000
52377  -20.577  -22.866  37.830 0.0000000000
52396  -17.773  -22.708  37.222 0.0000000000
52428  -20.718  -23.712  35.026 0.0000000000
52429  -21.153  -23.465  35.146 0.0000000000
52457  -19.216  -24.206  32.284 0.0000000000
52488  -20.093  -23.838  31.808 0.0000000000
52509  -17.605  -23.983  29.166 0.0000000000
53616  -19.250  -23.008  38.900 0.0000000000
53634  -18.256  -22.802  38.458 0.0000000000
53653  -17.337  -22.694  37.100 0.0000000000
53665  -32.012  -23.878  36.975 0.0000000000
53679  -26.388  -22.500  37.175 0.0000000000
53695  -16.371  -22.817  35.216 0.0000000000
53697  -21.536  -23.083  35.213 0.0000000000
53715  -20.670  -23.387  34.562 0.0000000000
53753  -20.408  -23.138  32.854 0.0000000000
53754  -20.710  -22.670  33.009 0.0000000000
53815  -32.546  -22.257  29.846 0.0000000000
53818  -34.152  -22.716  30.050 0.0000000000
53836  -17.613  -24.273  28.215 0.0000000000
53879  -32.928  -22.396  28.652 0.0000000000
53914  -32.183  -22.453  27.875 0.0000000000
53945  -31.707  -21.674  26.959 0.0000000000
54911  -17.051  -22.217  41.504 0.0000000000
54996  -24.214  -22.223  37.050 0.0000000000
55045  -21.958  -22.578  34.795 0.0000000000
55093  -21.655  -22.160  31.909 0.0000000000
55132  -34.292  -22.537  29.767 0.0000000000
55134  -35.552  -22.142  29.895 0.0000000000
55150  -16.206  -23.409  27.953 0.0000000000
55151  -19.549  -23.602  27.934 0.0000000000
55211  -33.113  -21.762  27.501 0.0000000000
55241  -32.399  -21.652  26.973 0.0000000000
55286  -19.735  -22.995  23.778 0.0000000000
55312  -30.574  -22.090  23.948 0.0000000000
55341  -28.600  -21.532  21.022 0.0000000000
55360  -28.136  -21.634  20.251 0.0000000000
56157  -16.150  -21.398  40.790 0.0000000000
56247  -22.919  -22.275  35.250 0.0000000000
56248  -23.433  -22.007  35.318 0.0000000000
56292  -28.308  -21.773  32.397 0.0000000000
56306  -37.304  -20.907  32.006 0.0000000000
56311  -28.247  -21.608  31.171 0.0000000000
56323  -20.732  -22.632  29.257 0.0000000000
56325  -21.588  -21.295  29.588 0.0000000000
56341  -29.379  -21.074  29.401 0.0000000000
56344  -34.740  -21.745  29.079 0.0000000000
56354  -20.529  -21.313  28.056 0.0000000000
56388  -19.458  -21.925  26.094 0.0000000000
56395  -32.554  -21.497  26.758 0.0000000000
56424  -19.574  -22.790  24.035 0.0000000000
56425  -19.960  -22.305  23.886 0.0000000000
56496  -28.772  -21.551  20.653 0.0000000000
56497  -29.028  -21.481  20.303 0.0000000000
57441  -38.377  -20.331  32.517 0.0000000000
57446  -25.293  -20.699  31.237 0.0000000000
57472  -26.303  -20.601  29.820 0.0000000000
57476  -35.855  -21.355  29.662 0.0000000000
57477  -36.558  -21.088  29.914 0.0000000000
57478  -36.822  -20.820  30.422 0.0000000000
57506  -20.923  -20.792  27.747 0.0000000000
57543  -19.589  -21.847  24.878 0.0000000000
57546  -28.466  -20.743  26.037 0.0000000000
57558  -19.744  -21.930  24.520 0.0000000000
57591  -29.710  -21.267  22.144 0.0000000000
58608  -23.867  -20.139  31.145 0.0000000000
58611  -37.721  -20.201  31.599 0.0000000000
58620  -25.653  -20.498  30.327 0.0000000000
58622  -37.864  -19.838  31.409 0.0000000000
58662  -26.617  -20.213  28.063 0.0000000000
58666  -35.749  -19.961  28.577 0.0000000000
58703  -27.971  -20.540  26.004 0.0000000000
59878  -37.994  -19.271  31.063 0.0000000000
59904  -36.504  -19.119  28.476 0.0000000000
59924  -21.413  -19.881  24.295 0.0000000000
59926  -22.432  -19.526  24.770 0.0000000000
61206  -37.111  -19.176  29.242 0.0000000000
61226  -35.993  -18.592  27.760 0.0000000000
61267  -33.117  -18.186  24.797 0.0000000000
61309  -31.445  -17.957  21.505 0.0000000000
62694  -37.806  -16.754  28.166 0.0000000000
62718  -33.408  -18.059  25.163 0.0000000000
62732  -33.474  -17.777  24.966 0.0000000000
62733  -33.842  -17.307  24.849 0.0000000000
62736  -35.976  -15.816  24.921 0.0000000000
62765  -35.279  -15.762  23.403 0.0000000000
63986  -38.996  -15.963  29.163 0.0000000000
64063  -36.010  -15.660  24.485 0.0000000000
65358  -39.345  -14.774  28.678 0.0000000000
65466  -33.599  -14.707  20.413 0.0000000000
66748  -36.634  -14.413  23.240 0.0000000000
66760  -33.543  -14.676  20.868 0.0000000000
66775  -33.664  -14.465  20.611 0.0000000000
66777  -34.347  -13.722  20.003 0.0000000000
66795  -34.333  -13.651  19.877 0.0000000000
66809  -32.982  -14.319  19.202 0.0000000000
66823  -30.922  -14.297  17.299 0.0000000000
66826  -32.849  -14.069  18.704 0.0000000000
68007  -34.134  -13.504  20.954 0.0000000000
68025  -34.241  -13.383  19.650 0.0000000000
70125  -40.852  -11.209  28.286 0.0000000000
70140  -40.589  -10.984  26.843 0.0000000000
70159  -40.421  -10.981  26.561 0.0000000000
71200  -41.096  -10.000  28.471 0.0000000000
71220  -44.277  -8.635  25.040 0.0000000000
71231  -43.801  -8.703  24.707 0.0000000000
71244  -43.168  -8.825  24.029 0.0000000000
71262  -37.524  -11.161  23.522 0.0000000000
71271  -45.080  -8.553  23.816 0.0000000000
72323  -40.640  -8.957  27.034 0.0000000000
72327  -45.997  -8.573  26.720 0.0000000000
72339  -46.668  -8.442  25.988 0.0000000000
72349  -43.344  -8.740  24.760 0.0000000000
72350  -43.741  -8.732  25.103 0.0000000000
72351  -44.966  -8.461  24.865 0.0000000000
72365  -43.118  -8.749  24.290 0.0000000000
72366  -45.445  -8.291  24.297 0.0000000000
72410  -44.716  -8.108  22.456 0.0000000000
72428  -42.096  -8.559  19.594 0.0000000000
72455  -38.801  -9.279  17.523 0.0000000000
72457  -40.624  -8.886  17.833 0.0000000000
73438  -44.262  -7.622  27.533 0.0000000000
73454  -45.942  -8.217  27.341 0.0000000000
73455  -46.639  -8.103  27.228 0.0000000000
73468  -46.403  -8.478  26.833 0.0000000000
73482  -42.941  -8.401  25.357 0.0000000000
73509  -45.933  -7.793  23.828 0.0000000000
73540  -44.172  -7.842  21.457 0.0000000000
73561  -42.314  -8.306  19.580 0.0000000000
73571  -42.499  -7.901  19.314 0.0000000000
74606  -41.938  -7.922  30.406 0.0000000000
74623  -43.437  -7.101  27.679 0.0000000000
74637  -43.184  -7.312  26.979 0.0000000000
74652  -42.282  -7.385  26.172 0.0000000000
74665  -40.772  -7.947  25.687 0.0000000000
74769  -41.695  -7.836  17.679 0.0000000000
75999  -43.735  -6.306  28.832 0.0000000000
76036  -41.817  -7.105  26.526 0.0000000000
76037  -42.090  -7.041  26.711 0.0000000000
76068  -49.584  -6.533  23.472 0.0000000000
76069  -50.113  -6.222  23.335 0.0000000000
76257  -54.286  -4.412  11.495 0.0000000000
77341  -42.469  -5.964  28.516 0.0000000000
77343  -47.031  -5.492  27.654 0.0000000000
77378  -49.582  -5.456  24.163 0.0000000000
77396  -51.039  -5.408  22.917 0.0000000000
77602  -46.937  -4.436  11.765 0.0000000000
77616  -54.422  -4.287  11.333 0.0000000000
78732  -50.045  -4.704  23.723 0.0000000000
78874  -51.963  -3.247  17.085 0.0000000000
78899  -53.447  -2.866  14.407 0.0000000000
78932  -52.924  -3.744  13.456 0.0000000000
78936  -55.188  -3.776  12.715 0.0000000000
78951  -45.912  -3.924  11.621 0.0000000000
78952  -46.236  -3.863  11.575 0.0000000000
78953  -46.483  -3.777  11.589 0.0000000000
80266  -46.080  -3.262  11.916 0.0000000000
80269  -48.648  -3.862  11.842 0.0000000000
80279  -45.810  -3.708  11.797 0.0000000000
80281  -46.344  -3.631  11.613 0.0000000000
80282  -48.755  -3.216  11.577 0.0000000000
80287  -54.559  -3.400  11.735 0.0000000000
81463  -51.309  -2.335  14.993 0.0000000000
81501  -48.752  -2.621  11.593 0.0000000000
81503  -50.476  -1.882  11.888 0.0000000000
81504  -51.078  -2.151  12.279 0.0000000000
82708  -49.380  -1.427  12.253 0.0000000000
82709  -49.627  -1.432  12.284 0.0000000000
82711  -54.837  -2.249  12.948 0.0000000000
82719  -49.414  -1.459  12.007 0.0000000000
82737  -49.548  -1.804  11.706 0.0000000000
82745  -52.064  -1.188  10.142 0.0000000000
82747  -52.976  -1.663  10.606 0.0000000000
82748  -53.673  -2.008  11.031 0.0000000000
82754  -52.124  -1.237  9.868 0.0000000000
83899  -52.200  -0.652  18.159 0.0000000000
83983  -54.330  -1.153  13.216 0.0000000000
84007  -52.243  -0.408  10.909 0.0000000000
84008  -52.412  -0.649  10.915 0.0000000000
84010  -53.841  -1.113  12.063 0.0000000000
84021  -51.527  -0.383  9.987 0.0000000000
84022  -51.865  -0.713  10.323 0.0000000000
84023  -52.672  -1.070  11.029 0.0000000000
84024  -53.465  -1.170  11.595 0.0000000000
84031  -51.679  -0.348  9.804 0.0000000000
85299  -53.932  -0.443  12.477 0.0000000000
85317  -51.834  0.090  11.057 0.0000000000
85319  -53.587  -0.417  11.877 0.0000000000
85335  -51.504  -0.001  10.459 0.0000000000
85336  -53.128  -0.810  11.451 0.0000000000
85337  -53.335  -0.651  11.614 0.0000000000
86554  -52.442  0.727  15.735 0.0000000000
