#!ascii label  , from subject 3200 vox2ras=TkReg
879
69822  -25.451  -12.982  -32.085 0.4285714328
70912  -25.779  -11.516  -32.605 0.2857142985
69837  -26.143  -12.325  -32.359 0.4285714328
70913  -26.855  -11.484  -32.373 0.4285714328
72028  -27.563  -10.580  -32.511 0.4285714328
72043  -25.817  -10.346  -33.217 0.2857142985
73123  -26.630  -10.039  -33.206 0.4285714328
73124  -27.157  -9.772  -33.049 0.4285714328
73153  -26.314  -9.022  -34.378 0.4285714328
74296  -26.976  -8.932  -34.136 0.4285714328
74312  -26.724  -8.369  -34.534 0.4285714328
75652  -27.575  -7.292  -34.712 0.4285714328
76961  -26.748  -6.860  -36.395 0.5714285970
75651  -27.248  -7.283  -35.250 0.5714285970
76963  -27.946  -6.602  -34.931 0.4285714328
78284  -28.673  -6.025  -34.866 0.2857142985
76962  -27.426  -6.609  -36.015 0.7142857313
78283  -28.246  -5.802  -35.817 0.7142857313
80884  -28.748  -4.506  -36.001 0.7142857313
78302  -27.835  -5.672  -36.323 0.7142857313
79558  -28.581  -5.095  -35.929 0.5714285970
80885  -29.311  -3.656  -35.630 0.5714285970
79575  -27.986  -4.953  -36.596 0.5714285970
80897  -28.571  -3.739  -36.605 0.5714285970
82097  -28.646  -2.723  -36.924 0.5714285970
80898  -29.161  -3.016  -36.405 0.5714285970
79593  -27.970  -4.073  -37.217 0.5714285970
82084  -29.727  -2.553  -35.933 0.4285714328
82114  -28.927  -2.189  -37.194 0.5714285970
84676  -29.593  -0.636  -36.696 0.5714285970
80928  -28.054  -2.748  -38.186 0.7142857313
83390  -29.171  -1.509  -37.416 0.7142857313
84687  -29.488  -0.331  -37.653 0.7142857313
82113  -28.662  -2.266  -37.754 0.5714285970
80947  -26.882  -3.262  -39.107 0.5714285970
83400  -28.777  -1.600  -38.214 0.8571428657
86011  -29.639  0.237  -36.970 0.7142857313
82124  -28.198  -2.021  -38.577 0.7142857313
82142  -27.478  -1.651  -39.063 0.5714285970
86025  -29.514  0.810  -37.731 0.7142857313
87273  -29.616  1.168  -36.957 0.5714285970
83401  -29.059  -0.807  -38.372 0.7142857313
87284  -29.427  1.869  -38.382 0.5714285970
84697  -29.331  0.083  -38.565 0.7142857313
87272  -29.470  1.829  -37.228 0.5714285970
83418  -28.876  -0.308  -39.035 0.5714285970
84712  -29.062  0.326  -39.412 0.7142857313
86035  -29.363  0.991  -38.974 0.7142857313
88532  -29.612  2.811  -38.976 0.7142857313
88518  -29.624  2.845  -37.687 0.7142857313
86046  -29.064  1.019  -39.897 0.7142857313
87298  -29.172  1.969  -39.615 0.7142857313
89716  -29.560  3.733  -39.522 0.7142857313
89703  -29.699  3.651  -38.397 0.5714285970
86045  -28.665  0.488  -40.120 0.5714285970
90790  -29.575  4.648  -38.879 0.5714285970
91995  -29.451  5.475  -39.710 0.5714285970
88563  -28.616  2.620  -40.394 0.8571428657
87317  -28.720  1.545  -40.464 0.8571428657
90798  -29.382  4.652  -40.081 0.7142857313
89732  -29.164  3.831  -40.500 0.7142857313
92026  -29.110  5.531  -41.228 0.8571428657
92010  -29.390  5.516  -40.689 0.5714285970
90814  -29.149  4.861  -40.807 0.8571428657
89731  -28.417  3.608  -40.687 0.8571428657
93204  -28.331  6.058  -41.194 0.8571428657
93224  -28.656  6.431  -41.859 0.8571428657
94443  -28.361  6.901  -42.261 0.8571428657
90813  -28.789  4.708  -40.919 0.8571428657
94428  -27.677  6.691  -41.342 1.0000000000
93223  -28.032  6.486  -41.496 1.0000000000
92025  -28.765  5.524  -41.191 0.8571428657
94442  -27.730  7.002  -42.070 1.0000000000
93203  -27.635  6.202  -40.889 1.0000000000
94441  -27.275  7.659  -41.463 1.0000000000
95680  -25.555  8.426  -40.449 0.7142857313
94427  -27.046  7.103  -40.849 1.0000000000
95681  -26.659  8.269  -41.067 1.0000000000
99445  -25.721  11.574  -41.567 1.0000000000
100733  -25.319  12.630  -40.895 0.8571428657
104375  -25.658  15.477  -42.148 0.8571428657
101979  -25.030  14.447  -41.707 0.8571428657
101993  -25.382  13.802  -41.724 1.0000000000
106654  -25.162  17.438  -42.426 0.8571428657
105564  -25.921  16.412  -42.294 0.8571428657
105562  -23.903  16.213  -42.181 0.5714285970
107756  -24.166  18.362  -42.453 0.7142857313
107757  -25.070  18.542  -42.681 0.5714285970
107754  -22.116  18.219  -42.586 0.5714285970
106652  -23.042  17.239  -42.618 0.5714285970
108921  -22.257  18.918  -42.938 0.4285714328
108935  -22.278  19.571  -43.343 0.4285714328
110032  -23.142  20.245  -44.070 0.4285714328
110015  -20.708  20.177  -42.537 0.2857142985
111142  -20.340  20.913  -41.887 0.2857142985
110016  -21.123  19.909  -43.101 0.2857142985
72026  -25.355  -10.793  -32.886 0.2857142985
86026  -29.616  0.737  -37.039 0.5714285970
88548  -29.210  2.992  -39.831 0.7142857313
93225  -29.549  6.635  -41.588 0.8571428657
96935  -25.944  9.132  -41.014 0.8571428657
111136  -21.515  21.140  -41.090 0.1428571492
72042  -25.242  -10.366  -33.544 0.2857142985
73138  -26.312  -9.903  -33.797 0.2857142985
73139  -27.218  -9.228  -33.615 0.4285714328
74298  -28.424  -8.221  -33.655 0.4285714328
74331  -27.194  -7.792  -34.729 0.4285714328
74314  -27.995  -7.911  -34.118 0.4285714328
74330  -26.525  -7.790  -35.033 0.5714285970
78301  -27.319  -5.918  -36.664 0.2857142985
83365  -30.208  -1.731  -35.267 0.4285714328
80914  -27.837  -3.888  -37.719 0.7142857313
80915  -28.146  -3.260  -37.494 0.7142857313
82098  -29.196  -2.251  -36.679 0.7142857313
83377  -29.628  -1.572  -36.280 0.5714285970
84662  -30.098  -0.782  -35.830 0.4285714328
82123  -27.470  -2.544  -38.683 0.5714285970
83417  -28.360  -1.028  -39.202 0.5714285970
87254  -29.572  1.987  -36.772 0.5714285970
84711  -28.525  -0.089  -39.587 0.8571428657
94454  -27.876  7.689  -42.536 1.0000000000
98199  -25.101  9.950  -40.793 0.7142857313
98200  -26.024  9.942  -41.162 1.0000000000
96947  -26.743  9.973  -42.419 1.0000000000
98214  -25.540  10.687  -41.102 0.7142857313
98215  -26.240  10.520  -41.951 1.0000000000
103203  -25.247  14.739  -42.080 0.8571428657
100734  -25.914  12.599  -42.099 1.0000000000
106653  -24.074  17.309  -42.259 0.5714285970
107755  -23.144  18.224  -42.472 0.7142857313
108923  -24.174  19.276  -42.784 0.7142857313
110029  -21.036  20.497  -42.964 0.2857142985
110031  -22.222  20.088  -43.980 0.4285714328
108937  -24.187  19.779  -43.570 0.4285714328
111148  -20.837  21.045  -42.483 0.2857142985
110030  -21.301  20.255  -43.599 0.4285714328
79574  -27.122  -5.223  -37.099 0.4285714328
79592  -27.397  -4.568  -37.753 0.4285714328
108934  -21.603  19.532  -43.228 0.4285714328
111162  -21.214  21.037  -43.047 0.2857142985
69836  -25.143  -12.341  -32.401 0.4285714328
70911  -24.721  -11.616  -32.717 0.2857142985
72027  -26.405  -10.485  -32.851 0.4285714328
74311  -25.929  -8.461  -34.756 0.2857142985
74313  -27.380  -8.231  -34.321 0.4285714328
74332  -27.634  -7.700  -34.447 0.4285714328
75650  -26.585  -7.377  -35.873 0.4285714328
76979  -27.005  -6.510  -36.561 0.2857142985
83389  -28.911  -1.813  -37.811 0.7142857313
80927  -27.558  -3.519  -38.271 0.7142857313
86064  -28.754  0.976  -40.386 0.8571428657
90832  -28.995  5.155  -41.110 0.8571428657
95666  -26.141  7.710  -40.403 1.0000000000
105563  -24.896  16.221  -42.018 0.8571428657
108922  -23.204  19.065  -42.795 0.5714285970
107753  -21.213  18.334  -42.684 0.4285714328
108920  -21.250  19.145  -42.943 0.4285714328
111134  -19.991  20.779  -41.427 0.2857142985
111143  -20.975  21.384  -41.855 0.2857142985
78300  -26.762  -5.675  -37.209 0.2857142985
112377  -22.314  22.840  -46.180 0.2857142985
113470  -21.529  23.633  -45.965 0.1428571492
111171  -22.297  21.445  -45.133 0.2857142985
111186  -22.782  22.213  -45.941 0.2857142985
113456  -21.691  23.503  -45.401 0.1428571492
115567  -21.709  24.720  -45.478 0.1428571492
111163  -21.132  21.478  -43.667 0.1428571492
111170  -21.481  21.636  -44.622 0.2857142985
112353  -21.362  22.363  -43.969 0.1428571492
111173  -24.469  21.505  -45.037 0.2857142985
108959  -26.927  19.264  -45.521 0.2857142985
110045  -25.646  20.529  -44.787 0.2857142985
113448  -22.104  23.613  -44.509 0.1428571492
110042  -22.226  20.734  -44.575 0.2857142985
107772  -26.011  18.991  -43.772 0.2857142985
110044  -24.397  20.710  -44.557 0.2857142985
106675  -26.438  17.246  -45.413 0.1428571492
108949  -25.600  19.681  -44.236 0.2857142985
108948  -24.625  19.912  -44.122 0.2857142985
112362  -21.732  22.720  -44.847 0.1428571492
110043  -23.186  20.802  -44.718 0.2857142985
104409  -25.334  14.994  -47.662 0.1428571492
105595  -25.936  15.994  -46.547 0.1428571492
107773  -26.404  18.476  -44.469 0.4285714328
108938  -25.167  19.304  -43.724 0.2857142985
103216  -26.590  14.234  -44.134 0.2857142985
105581  -26.528  16.347  -44.036 0.4285714328
107763  -25.862  18.687  -43.128 0.2857142985
108936  -23.198  19.728  -43.356 0.2857142985
102013  -26.544  13.047  -45.729 0.1428571492
104396  -26.587  15.180  -44.716 0.2857142985
106663  -26.241  17.474  -43.357 0.4285714328
104390  -26.631  15.359  -43.588 0.5714285970
106655  -26.064  17.187  -42.620 0.7142857313
100748  -26.644  11.851  -45.258 0.1428571492
102006  -26.539  13.077  -44.678 0.1428571492
105573  -26.348  16.392  -43.064 0.7142857313
99467  -26.735  10.817  -45.464 0.2857142985
100749  -26.746  11.624  -44.697 0.7142857313
104384  -26.293  15.461  -42.695 0.7142857313
100735  -26.714  12.522  -43.000 0.8571428657
103211  -26.625  14.440  -43.073 0.5714285970
98245  -27.449  10.742  -45.681 0.2857142985
103192  -24.837  14.914  -41.628 0.5714285970
101994  -26.315  13.559  -42.588 0.8571428657
98236  -28.165  10.370  -44.885 0.1428571492
99459  -27.275  11.316  -44.130 0.7142857313
99469  -28.441  11.223  -44.965 0.1428571492
92040  -24.732  4.602  -42.520 0.5714285970
93201  -25.838  6.277  -40.370 0.8571428657
94426  -25.766  6.869  -40.333 0.8571428657
93221  -25.338  6.076  -40.745 0.4285714328
96948  -27.341  9.553  -42.862 0.8571428657
99446  -26.517  11.544  -42.577 0.8571428657
96965  -28.692  9.218  -44.361 0.2857142985
98228  -27.565  10.455  -43.596 0.8571428657
99447  -27.233  11.195  -43.224 0.8571428657
98237  -29.266  10.291  -44.387 0.4285714328
96964  -28.069  9.865  -44.462 0.7142857313
90831  -25.442  4.154  -42.138 0.2857142985
93222  -25.856  5.709  -40.569 0.5714285970
92023  -25.236  5.180  -41.555 0.5714285970
96937  -27.246  8.819  -42.543 0.8571428657
96936  -26.499  9.228  -42.050 0.8571428657
98216  -27.013  10.566  -42.719 0.8571428657
95705  -28.843  8.225  -44.103 0.4285714328
96959  -28.448  8.769  -44.092 0.8571428657
96960  -29.618  9.477  -43.601 0.4285714328
84743  -27.710  0.557  -41.136 0.7142857313
86079  -26.871  1.095  -41.511 0.4285714328
88582  -27.689  2.069  -41.106 0.8571428657
87296  -25.978  1.626  -39.917 0.5714285970
89747  -26.016  3.313  -41.658 0.5714285970
88596  -25.758  2.568  -42.294 0.4285714328
89730  -27.533  3.470  -40.291 0.8571428657
89728  -25.902  3.022  -40.024 0.5714285970
90812  -27.909  4.491  -40.657 0.8571428657
90811  -26.932  4.442  -40.419 0.7142857313
90810  -26.036  4.259  -40.957 0.5714285970
94456  -29.563  7.319  -42.630 0.7142857313
94455  -28.607  7.359  -42.654 0.7142857313
95694  -28.599  8.003  -43.452 0.7142857313
95693  -27.886  8.386  -43.039 0.8571428657
95696  -30.182  8.801  -42.230 0.2857142985
95695  -30.170  8.120  -42.657 0.4285714328
95706  -29.862  8.592  -43.586 0.5714285970
83436  -27.477  -1.219  -39.985 0.4285714328
84742  -27.406  -0.357  -41.396 0.4285714328
84753  -26.838  -0.090  -42.131 0.4285714328
88583  -28.027  2.051  -41.605 0.7142857313
88562  -28.057  2.574  -40.830 0.7142857313
95684  -30.207  8.303  -41.657 0.2857142985
94444  -29.921  7.631  -41.962 0.5714285970
93239  -29.436  6.924  -42.215 0.5714285970
82157  -27.031  -1.581  -39.474 0.4285714328
83435  -26.782  -1.302  -40.869 0.5714285970
84730  -27.909  -0.127  -40.333 0.5714285970
87316  -28.286  1.818  -41.228 0.7142857313
93205  -29.646  6.282  -40.280 0.4285714328
93206  -30.045  7.049  -40.652 0.4285714328
94429  -30.169  7.754  -40.954 0.4285714328
93226  -29.992  7.323  -41.372 0.4285714328
79607  -26.895  -4.219  -38.826 0.5714285970
87255  -29.993  1.757  -36.386 0.4285714328
88519  -29.852  2.905  -37.001 0.4285714328
91984  -29.621  5.829  -38.153 0.4285714328
93174  -29.740  6.521  -38.388 0.4285714328
93185  -29.560  6.196  -39.275 0.4285714328
76932  -28.893  -6.855  -34.132 0.1428571492
89685  -29.794  3.599  -37.647 0.4285714328
90773  -29.837  4.328  -37.489 0.4285714328
91963  -29.639  5.226  -37.980 0.4285714328
79536  -29.986  -5.027  -34.124 0.1428571492
82068  -30.032  -2.803  -34.831 0.2857142985
87218  -31.140  1.373  -35.089 0.2857142985
89626  -30.892  3.512  -34.879 0.2857142985
88477  -30.682  2.551  -35.594 0.2857142985
84663  -30.367  0.071  -35.329 0.4285714328
90740  -30.580  4.007  -35.184 0.2857142985
85995  -30.585  0.814  -35.989 0.2857142985
90755  -30.189  4.565  -36.419 0.2857142985
90774  -30.021  4.145  -36.966 0.4285714328
76933  -29.376  -6.746  -33.856 0.1428571492
78262  -29.354  -5.875  -34.343 0.1428571492
76964  -28.498  -6.441  -34.605 0.1428571492
80870  -29.796  -3.947  -34.505 0.2857142985
83347  -30.868  -1.414  -34.225 0.2857142985
84643  -31.910  0.102  -34.037 0.2857142985
84642  -31.051  -0.111  -34.482 0.2857142985
83366  -30.465  -0.792  -35.000 0.2857142985
85975  -30.988  0.899  -35.039 0.2857142985
79519  -30.349  -5.369  -33.701 0.1428571492
80854  -31.669  -3.117  -33.511 0.2857142985
79520  -30.693  -4.894  -33.616 0.2857142985
82069  -30.811  -2.465  -34.128 0.2857142985
80871  -30.621  -3.365  -34.270 0.2857142985
79559  -29.005  -4.962  -35.084 0.2857142985
82048  -31.085  -1.972  -33.953 0.2857142985
74297  -27.646  -8.565  -33.838 0.2857142985
75627  -29.185  -7.364  -33.622 0.1428571492
68699  -25.651  -13.316  -31.470 0.2857142985
68698  -24.589  -13.538  -31.661 0.2857142985
74286  -27.824  -8.794  -33.092 0.2857142985
69823  -26.395  -12.957  -31.975 0.1428571492
67489  -24.403  -13.940  -30.892 0.1428571492
79538  -31.273  -3.644  -34.074 0.2857142985
83326  -31.308  -1.767  -33.873 0.2857142985
85976  -31.623  0.818  -34.385 0.2857142985
87236  -31.155  2.148  -35.100 0.2857142985
86012  -29.926  0.785  -36.600 0.4285714328
88500  -30.142  2.769  -36.489 0.4285714328
89663  -30.436  3.449  -36.020 0.2857142985
90756  -30.426  5.558  -35.822 0.2857142985
86062  -27.118  0.963  -41.277 0.7142857313
91946  -29.798  5.084  -37.104 0.4285714328
96938  -30.223  9.158  -41.775 0.2857142985
105551  -24.377  15.828  -41.911 0.4285714328
104362  -24.593  15.491  -41.688 0.5714285970
103204  -26.028  14.592  -42.308 0.7142857313
99458  -26.975  11.767  -43.408 0.8571428657
98234  -26.945  10.543  -45.451 0.5714285970
103223  -26.289  14.020  -45.229 0.4285714328
113433  -22.295  23.658  -43.743 0.1428571492
106668  -26.399  17.350  -44.369 0.2857142985
105588  -26.428  16.184  -45.196 0.1428571492
69838  -27.114  -12.333  -32.132 0.1428571492
74287  -28.989  -8.608  -32.986 0.1428571492
78251  -30.644  -5.553  -33.373 0.1428571492
78252  -31.149  -5.114  -33.177 0.1428571492
85977  -32.140  0.925  -33.706 0.2857142985
87206  -31.521  1.723  -34.475 0.2857142985
83450  -26.781  -1.039  -41.944 0.2857142985
90741  -30.421  5.094  -35.046 0.2857142985
91948  -30.630  6.075  -35.877 0.2857142985
86080  -27.282  0.734  -41.687 0.7142857313
87337  -28.081  1.691  -41.676 0.5714285970
87349  -26.039  1.514  -42.530 0.4285714328
87314  -26.591  1.389  -40.664 0.5714285970
91947  -30.234  5.917  -36.517 0.4285714328
91964  -29.783  5.867  -37.534 0.2857142985
89713  -26.146  2.592  -39.165 0.7142857313
93186  -29.956  6.905  -39.551 0.4285714328
95650  -30.109  8.636  -39.332 0.1428571492
95682  -27.302  8.140  -42.129 0.8571428657
95667  -30.243  8.524  -40.470 0.1428571492
96949  -29.962  9.296  -42.714 0.2857142985
95717  -29.327  8.476  -44.133 0.5714285970
96958  -27.905  9.320  -43.955 0.7142857313
99470  -28.865  11.673  -44.429 0.2857142985
99482  -28.202  11.636  -45.648 0.1428571492
99481  -27.737  11.324  -45.868 0.1428571492
99480  -26.698  11.277  -46.140 0.1428571492
100757  -26.782  12.300  -46.098 0.1428571492
107764  -26.135  18.199  -43.822 0.2857142985
104403  -26.096  14.930  -45.945 0.1428571492
104402  -25.462  14.971  -46.829 0.1428571492
107781  -26.782  18.257  -45.452 0.2857142985
106682  -26.295  17.196  -46.479 0.1428571492
70914  -28.140  -11.724  -32.182 0.1428571492
75617  -29.581  -7.401  -32.951 0.1428571492
88462  -31.441  2.510  -34.558 0.2857142985
98202  -30.143  9.828  -41.446 0.2857142985
105602  -25.412  15.677  -47.670 0.1428571492
107789  -26.784  18.117  -46.517 0.2857142985
69821  -24.679  -12.988  -32.203 0.2857142985
72029  -28.590  -10.508  -32.205 0.1428571492
73125  -28.237  -9.596  -32.571 0.1428571492
75634  -28.031  -7.247  -34.360 0.1428571492
76943  -28.899  -6.446  -34.355 0.1428571492
84677  -30.051  0.074  -36.245 0.4285714328
86063  -28.374  0.911  -40.853 0.5714285970
91983  -29.549  5.712  -38.751 0.4285714328
93202  -26.383  6.096  -40.623 0.8571428657
92009  -28.184  5.381  -40.868 0.8571428657
92008  -27.227  5.311  -40.660 0.8571428657
104374  -25.009  15.362  -42.016 0.5714285970
106662  -25.731  17.895  -42.796 0.5714285970
75626  -28.761  -7.438  -34.057 0.1428571492
89686  -30.018  3.571  -36.976 0.4285714328
92007  -26.086  5.165  -40.649 0.5714285970
110041  -21.508  20.766  -44.213 0.2857142985
110033  -23.910  20.340  -44.178 0.2857142985
88561  -27.503  2.386  -39.616 0.8571428657
111185  -22.290  22.132  -45.685 0.2857142985
112388  -21.701  23.215  -46.235 0.1428571492
112376  -21.701  22.836  -45.716 0.2857142985
113457  -21.834  23.416  -44.920 0.1428571492
111184  -21.803  22.146  -45.229 0.2857142985
112364  -23.794  22.061  -45.342 0.2857142985
111172  -23.299  21.648  -45.363 0.2857142985
108950  -26.571  19.433  -44.672 0.2857142985
112363  -21.977  23.122  -44.658 0.1428571492
105594  -25.451  15.416  -47.159 0.1428571492
103229  -26.166  13.855  -46.286 0.1428571492
100741  -26.866  12.136  -44.162 0.4285714328
102000  -26.713  13.340  -43.585 0.5714285970
99468  -26.766  11.130  -44.814 0.5714285970
98235  -27.397  10.518  -44.901 0.5714285970
92006  -25.791  4.902  -41.059 0.5714285970
94440  -24.957  6.707  -40.490 0.4285714328
92022  -24.660  5.564  -42.065 0.4285714328
96966  -29.405  9.037  -44.017 0.5714285970
95704  -28.350  8.510  -43.759 0.7142857313
87336  -27.778  1.558  -41.616 0.7142857313
87315  -27.261  1.373  -40.764 0.7142857313
87283  -27.197  2.019  -38.679 0.7142857313
87313  -26.104  1.810  -40.858 0.4285714328
88560  -25.710  2.134  -40.161 0.5714285970
87334  -25.817  1.849  -41.873 0.4285714328
87348  -25.760  2.007  -42.830 0.2857142985
89729  -26.667  3.649  -39.872 0.7142857313
94469  -29.907  7.755  -43.576 0.5714285970
94468  -29.186  7.644  -43.520 0.7142857313
84729  -27.513  -0.817  -40.729 0.5714285970
83346  -30.412  -2.087  -34.569 0.2857142985
87235  -30.911  1.582  -35.448 0.2857142985
89641  -30.679  3.279  -35.313 0.2857142985
76919  -29.984  -6.440  -33.261 0.1428571492
78250  -30.056  -5.914  -33.681 0.1428571492
79537  -30.765  -4.245  -34.190 0.2857142985
83348  -31.616  -0.675  -34.039 0.2857142985
80872  -31.165  -3.073  -34.038 0.2857142985
82049  -31.464  -2.257  -33.700 0.2857142985
68700  -26.593  -13.320  -31.362 0.1428571492
68678  -25.043  -13.582  -30.907 0.1428571492
69824  -27.315  -12.925  -31.845 0.1428571492
94410  -30.236  7.751  -39.940 0.2857142985
112354  -22.160  22.858  -44.201 0.1428571492
69839  -27.744  -12.465  -32.073 0.1428571492
70915  -28.916  -11.005  -31.816 0.1428571492
112336  -21.243  22.188  -43.350 0.1428571492
101992  -24.656  13.548  -40.755 0.5714285970
100732  -24.193  12.494  -40.380 0.4285714328
99443  -23.665  11.260  -41.055 0.4285714328
98198  -24.178  9.872  -40.985 0.4285714328
98213  -24.754  10.696  -40.899 0.4285714328
98212  -23.745  10.507  -41.146 0.4285714328
99444  -25.200  11.428  -40.727 0.5714285970
90720  -31.741  4.182  -34.093 0.1428571492
75670  -26.221  -7.129  -36.426 0.2857142985
88461  -31.011  2.963  -34.951 0.1428571492
90722  -32.858  4.626  -33.012 0.1428571492
89613  -32.335  3.741  -33.432 0.1428571492
91921  -33.082  5.460  -32.390 0.1428571492
90721  -32.028  4.498  -33.696 0.1428571492
93124  -33.179  6.499  -32.555 0.1428571492
75649  -25.885  -7.535  -36.143 0.2857142985
87221  -31.905  1.672  -33.364 0.1428571492
89630  -32.114  2.942  -32.732 0.1428571492
88463  -31.722  2.272  -33.813 0.1428571492
91906  -34.331  5.354  -32.540 0.1428571492
93139  -35.583  6.292  -35.318 0.1428571492
93126  -35.236  6.124  -33.304 0.1428571492
94341  -35.300  6.930  -34.758 0.1428571492
74329  -25.697  -7.924  -35.504 0.2857142985
74328  -24.932  -8.325  -35.898 0.2857142985
83328  -32.441  -0.994  -32.942 0.1428571492
84629  -32.491  0.098  -32.787 0.1428571492
84644  -32.200  0.263  -33.464 0.1428571492
88432  -33.626  3.247  -31.282 0.1428571492
87209  -32.094  1.911  -31.759 0.1428571492
89593  -33.813  3.889  -32.281 0.1428571492
88453  -32.333  2.611  -31.849 0.1428571492
90710  -34.937  4.607  -32.685 0.1428571492
90733  -35.904  4.391  -34.217 0.1428571492
91939  -36.010  5.455  -35.840 0.1428571492
91923  -35.427  5.350  -33.807 0.1428571492
74310  -24.978  -8.627  -35.050 0.2857142985
73151  -24.324  -9.704  -34.775 0.2857142985
80855  -32.163  -3.015  -32.884 0.1428571492
82051  -33.007  -1.395  -32.422 0.1428571492
84630  -33.195  0.536  -32.168 0.1428571492
85963  -32.662  1.319  -32.281 0.1428571492
89595  -35.340  3.239  -32.626 0.1428571492
90724  -35.545  4.633  -33.274 0.1428571492
89615  -35.481  3.948  -32.821 0.1428571492
93146  -35.739  6.527  -36.194 0.1428571492
93140  -35.957  6.061  -35.892 0.1428571492
79522  -32.114  -3.585  -32.964 0.1428571492
82035  -32.899  -2.530  -32.465 0.1428571492
80833  -32.826  -3.121  -32.468 0.1428571492
83312  -33.688  -0.997  -31.968 0.1428571492
82036  -33.569  -2.203  -32.102 0.1428571492
85946  -35.021  1.001  -31.450 0.1428571492
83329  -33.091  -0.446  -32.317 0.1428571492
87187  -35.326  1.728  -32.146 0.1428571492
85945  -34.006  1.419  -31.291 0.1428571492
88433  -34.734  2.675  -32.194 0.1428571492
90742  -36.190  4.200  -35.345 0.1428571492
89616  -36.055  3.324  -33.029 0.1428571492
79495  -33.395  -3.844  -32.015 0.1428571492
79521  -31.528  -4.270  -33.427 0.1428571492
82016  -35.321  -2.519  -30.370 0.1428571492
82015  -34.382  -2.225  -31.340 0.1428571492
80834  -33.712  -3.127  -31.990 0.1428571492
84590  -34.250  -0.576  -31.554 0.1428571492
83285  -34.264  -1.479  -31.545 0.1428571492
85965  -36.711  0.543  -33.004 0.1428571492
85947  -35.912  0.698  -32.139 0.1428571492
87210  -36.368  1.636  -32.686 0.1428571492
88454  -36.342  2.483  -33.390 0.1428571492
90734  -36.257  3.831  -34.779 0.1428571492
88434  -35.760  2.526  -32.645 0.1428571492
82002  -36.163  -2.632  -30.849 0.1428571492
80815  -34.457  -3.051  -31.119 0.1428571492
80835  -34.018  -3.104  -31.572 0.1428571492
84593  -36.021  -1.467  -31.549 0.1428571492
83288  -36.143  -2.103  -31.110 0.1428571492
84617  -36.239  -0.675  -32.305 0.1428571492
88466  -36.431  2.381  -34.424 0.1428571492
87223  -36.599  1.504  -33.733 0.1428571492
83287  -35.662  -1.748  -30.847 0.1428571492
84615  -34.564  0.187  -31.395 0.1428571492
85922  -33.774  2.087  -31.098 0.1428571492
91949  -35.835  5.649  -36.700 0.1428571492
93161  -35.657  6.570  -37.173 0.1428571492
91930  -35.625  5.303  -34.827 0.1428571492
90709  -34.232  4.462  -32.480 0.1428571492
89627  -31.425  3.533  -34.472 0.1428571492
90732  -31.637  5.153  -33.719 0.1428571492
73152  -25.475  -9.257  -34.457 0.2857142985
89643  -36.334  3.285  -35.182 0.1428571492
89664  -36.276  3.428  -36.066 0.1428571492
96934  -24.941  8.813  -40.889 0.4285714328
93133  -35.267  6.313  -34.254 0.1428571492
94328  -34.403  6.980  -33.166 0.1428571492
94351  -35.256  7.435  -35.436 0.1428571492
91928  -31.015  5.863  -33.976 0.1428571492
101977  -24.089  14.267  -40.888 0.4285714328
103191  -24.422  15.099  -40.942 0.4285714328
107790  -27.108  18.469  -46.931 0.1428571492
101978  -24.743  14.350  -41.247 0.4285714328
89611  -31.616  3.997  -34.230 0.1428571492
83327  -31.820  -1.433  -33.706 0.1428571492
82050  -32.375  -2.235  -32.875 0.1428571492
87220  -31.738  1.515  -34.060 0.1428571492
93160  -29.860  6.695  -37.112 0.1428571492
89628  -32.051  3.125  -34.060 0.1428571492
89612  -31.925  3.847  -34.029 0.1428571492
90731  -31.221  4.433  -34.289 0.1428571492
91920  -32.129  5.563  -33.004 0.1428571492
91922  -33.674  5.370  -32.424 0.1428571492
90723  -33.530  4.687  -32.348 0.1428571492
91905  -33.725  5.907  -32.453 0.1428571492
91929  -31.524  5.882  -33.504 0.1428571492
94326  -33.031  7.176  -33.056 0.1428571492
94314  -34.384  6.702  -32.774 0.1428571492
85979  -32.204  1.478  -32.537 0.1428571492
88465  -31.905  2.336  -32.863 0.1428571492
88464  -31.966  2.368  -33.175 0.1428571492
89614  -33.217  3.346  -32.756 0.1428571492
93109  -34.898  6.002  -32.703 0.1428571492
91907  -35.228  5.391  -32.914 0.1428571492
84628  -32.130  -0.458  -33.570 0.1428571492
85962  -32.347  0.767  -33.057 0.1428571492
88431  -32.956  2.376  -30.854 0.1428571492
85944  -33.393  1.457  -31.510 0.1428571492
89594  -34.557  3.701  -32.400 0.1428571492
89631  -35.919  3.966  -33.449 0.1428571492
84614  -33.764  0.198  -31.673 0.1428571492
87186  -34.343  2.024  -31.455 0.1428571492
89632  -36.277  3.408  -34.047 0.1428571492
79494  -32.441  -4.324  -32.467 0.1428571492
83286  -34.909  -1.546  -30.793 0.1428571492
82037  -34.034  -2.757  -31.655 0.1428571492
84616  -35.386  -0.098  -31.589 0.1428571492
84591  -34.820  -0.743  -31.230 0.1428571492
84592  -35.520  -1.060  -31.406 0.1428571492
66211  -22.602  -14.915  -31.230 0.1428571492
68697  -23.576  -13.712  -31.853 0.1428571492
67499  -22.440  -14.432  -32.171 0.1428571492
68713  -24.080  -13.306  -32.199 0.1428571492
68712  -23.331  -13.298  -32.311 0.1428571492
69835  -24.073  -12.562  -32.487 0.1428571492
70910  -23.653  -11.801  -33.181 0.1428571492
70941  -23.863  -10.634  -34.294 0.1428571492
72025  -24.576  -11.062  -33.430 0.1428571492
73137  -24.985  -9.814  -34.029 0.1428571492
70931  -23.000  -11.679  -33.950 0.1428571492
70940  -23.262  -10.892  -34.269 0.1428571492
72041  -24.460  -10.415  -34.131 0.1428571492
73136  -24.571  -9.978  -34.295 0.1428571492
73150  -23.217  -9.799  -35.072 0.1428571492
73162  -23.551  -9.468  -35.851 0.1428571492
73172  -24.331  -8.412  -36.267 0.1428571492
73163  -24.327  -8.957  -35.765 0.1428571492
74344  -24.778  -7.894  -36.462 0.2857142985
74345  -25.371  -7.828  -36.158 0.1428571492
75669  -25.446  -7.219  -36.650 0.1428571492
76978  -26.278  -6.400  -36.852 0.1428571492
75668  -24.553  -7.346  -36.870 0.2857142985
80946  -26.523  -3.631  -39.745 0.4285714328
82141  -26.927  -2.227  -39.267 0.4285714328
82156  -26.835  -1.844  -39.962 0.4285714328
94425  -24.819  7.323  -40.498 0.2857142985
95678  -23.688  8.522  -41.585 0.2857142985
100731  -23.003  12.353  -41.224 0.2857142985
101991  -23.636  13.416  -40.827 0.2857142985
75667  -23.957  -7.348  -37.099 0.1428571492
75687  -24.946  -6.838  -37.116 0.2857142985
69834  -22.987  -12.637  -32.714 0.1428571492
73171  -23.672  -8.740  -36.402 0.1428571492
74343  -23.903  -7.876  -36.628 0.1428571492
75686  -24.428  -7.012  -37.477 0.2857142985
76977  -25.452  -6.565  -37.093 0.2857142985
76993  -25.171  -6.449  -37.851 0.2857142985
76994  -25.665  -6.206  -37.313 0.2857142985
79591  -26.845  -5.324  -37.612 0.2857142985
80961  -26.112  -3.275  -40.329 0.2857142985
93220  -24.631  5.965  -41.834 0.2857142985
94453  -23.603  7.303  -42.525 0.2857142985
95679  -24.264  8.076  -40.932 0.2857142985
95691  -23.280  8.376  -42.384 0.2857142985
96933  -23.596  9.085  -41.496 0.2857142985
99433  -23.000  10.661  -41.464 0.2857142985
99457  -22.124  10.907  -43.025 0.2857142985
78320  -26.021  -5.737  -37.731 0.2857142985
94439  -24.435  6.951  -41.416 0.2857142985
95692  -23.814  7.665  -41.775 0.2857142985
93237  -23.945  6.429  -42.373 0.2857142985
96946  -22.994  9.145  -42.277 0.2857142985
96932  -22.855  9.675  -42.145 0.2857142985
98197  -23.218  10.052  -41.543 0.2857142985
98211  -22.468  10.238  -42.496 0.2857142985
79606  -26.610  -5.120  -38.481 0.4285714328
99432  -22.770  10.468  -41.992 0.2857142985
67487  -22.858  -14.235  -31.563 0.1428571492
70932  -23.819  -11.119  -33.910 0.1428571492
72051  -23.607  -10.293  -34.577 0.1428571492
72050  -22.807  -10.328  -34.548 0.1428571492
72052  -24.088  -10.307  -34.486 0.1428571492
79627  -26.614  -3.974  -39.385 0.4285714328
99442  -22.447  11.149  -42.298 0.2857142985
96945  -22.363  9.441  -43.085 0.2857142985
83434  -25.990  -1.749  -40.931 0.2857142985
82155  -26.338  -2.188  -40.442 0.2857142985
112367  -26.225  22.486  -44.462 0.1428571492
111176  -26.950  21.702  -44.822 0.1428571492
111175  -26.201  21.620  -44.867 0.1428571492
110054  -26.238  20.687  -45.033 0.1428571492
110055  -26.933  20.276  -45.203 0.1428571492
112368  -27.140  22.508  -44.442 0.1428571492
111187  -26.351  20.989  -45.171 0.1428571492
112365  -24.233  22.403  -45.271 0.1428571492
113458  -23.676  24.203  -45.183 0.1428571492
108960  -27.112  19.645  -45.887 0.1428571492
111189  -27.518  21.091  -45.506 0.1428571492
110046  -26.592  20.085  -44.918 0.1428571492
112366  -25.297  22.425  -44.885 0.1428571492
113471  -22.804  23.179  -46.138 0.1428571492
113481  -22.362  23.713  -46.356 0.1428571492
112379  -23.673  22.916  -45.661 0.1428571492
111174  -25.491  21.433  -45.072 0.1428571492
82140  -26.711  -2.781  -39.889 0.2857142985
111188  -26.914  20.971  -45.164 0.1428571492
113461  -26.495  23.578  -44.001 0.1428571492
94467  -23.258  7.481  -44.468 0.1428571492
94452  -23.207  7.809  -43.746 0.1428571492
96957  -22.233  10.035  -43.942 0.1428571492
96955  -21.603  10.418  -43.863 0.1428571492
98225  -21.421  10.601  -43.574 0.1428571492
98227  -22.108  10.502  -43.310 0.1428571492
99440  -21.169  11.679  -42.623 0.1428571492
100729  -21.476  12.521  -42.333 0.2857142985
87335  -26.397  1.449  -41.686 0.2857142985
86108  -25.717  1.233  -43.437 0.1428571492
90846  -24.540  4.380  -43.416 0.1428571492
92039  -24.195  5.543  -42.837 0.1428571492
92038  -23.812  6.033  -43.435 0.1428571492
98229  -29.567  10.386  -43.133 0.1428571492
94451  -23.094  8.153  -44.223 0.1428571492
100730  -22.215  12.407  -42.109 0.1428571492
101989  -21.902  13.456  -42.062 0.2857142985
103202  -22.411  14.330  -41.745 0.2857142985
105559  -21.115  16.692  -43.514 0.2857142985
105572  -20.572  16.595  -43.630 0.2857142985
108908  -20.429  19.533  -40.836 0.1428571492
101976  -23.286  14.206  -41.277 0.2857142985
103189  -22.966  14.949  -41.441 0.2857142985
104371  -22.244  15.446  -42.064 0.2857142985
104370  -21.038  15.775  -42.910 0.2857142985
105560  -21.647  16.502  -42.733 0.2857142985
106651  -21.932  17.334  -42.565 0.2857142985
108919  -20.707  19.316  -42.337 0.1428571492
106649  -20.289  17.452  -42.443 0.2857142985
111149  -21.229  21.862  -42.717 0.1428571492
111144  -22.212  21.718  -42.003 0.1428571492
104383  -20.344  16.203  -43.159 0.1428571492
104369  -20.286  15.654  -42.539 0.1428571492
100728  -20.778  12.630  -42.251 0.2857142985
106660  -20.436  17.151  -43.447 0.2857142985
107752  -20.745  18.426  -42.239 0.1428571492
108915  -20.426  19.442  -41.637 0.1428571492
107749  -20.473  18.550  -41.521 0.1428571492
99439  -20.506  11.764  -42.331 0.2857142985
106648  -19.848  17.061  -41.737 0.1428571492
107745  -21.014  18.499  -39.792 0.1428571492
106645  -20.304  17.722  -41.261 0.1428571492
98180  -19.602  10.359  -40.877 0.1428571492
99460  -29.362  11.492  -43.614 0.1428571492
96923  -30.292  9.227  -40.992 0.1428571492
89757  -24.809  3.638  -43.356 0.1428571492
92053  -23.778  5.942  -43.792 0.1428571492
93250  -23.381  6.612  -44.310 0.1428571492
95701  -22.657  7.823  -44.606 0.1428571492
95689  -21.873  8.509  -44.108 0.1428571492
96944  -22.156  9.503  -44.273 0.1428571492
96943  -21.437  9.838  -43.706 0.1428571492
99456  -22.019  11.060  -43.202 0.1428571492
98208  -20.276  11.071  -42.182 0.1428571492
99441  -21.787  11.519  -42.836 0.1428571492
103201  -21.533  14.537  -42.196 0.1428571492
106644  -19.870  17.082  -40.854 0.1428571492
98218  -30.155  9.580  -42.059 0.1428571492
98217  -29.950  10.397  -42.076 0.1428571492
110011  -20.350  20.218  -41.779 0.1428571492
111135  -20.392  21.047  -41.190 0.1428571492
103190  -23.653  14.877  -40.969 0.2857142985
89758  -25.268  3.294  -42.749 0.1428571492
88612  -25.449  2.596  -43.289 0.1428571492
104361  -24.073  15.575  -41.490 0.2857142985
96910  -29.924  9.504  -39.942 0.1428571492
103179  -23.840  15.277  -40.974 0.2857142985
101990  -22.754  13.374  -41.588 0.1428571492
93236  -23.554  6.638  -43.480 0.1428571492
95690  -22.755  8.407  -44.059 0.1428571492
95715  -22.989  7.645  -45.118 0.1428571492
94482  -23.212  7.217  -44.895 0.1428571492
96956  -21.887  10.275  -44.056 0.1428571492
98210  -21.446  11.021  -43.129 0.1428571492
92054  -24.348  5.170  -43.978 0.1428571492
101988  -21.118  13.559  -42.164 0.2857142985
106650  -20.969  17.396  -43.024 0.2857142985
104382  -20.006  16.214  -42.951 0.1428571492
110006  -20.742  20.461  -40.591 0.1428571492
104359  -22.924  15.336  -41.698 0.2857142985
104360  -23.488  15.368  -41.407 0.2857142985
104372  -22.984  15.627  -41.898 0.2857142985
105561  -22.772  16.265  -42.389 0.2857142985
111150  -21.964  22.105  -42.601 0.1428571492
103200  -20.760  14.644  -42.278 0.2857142985
107744  -20.635  18.586  -40.588 0.1428571492
75696  -23.240  -6.660  -38.027 0.1428571492
77003  -24.697  -6.328  -38.327 0.1428571492
77000  -22.541  -6.185  -38.135 0.1428571492
78352  -23.734  -5.236  -38.907 0.1428571492
79624  -23.917  -4.817  -39.635 0.1428571492
78333  -24.489  -5.683  -38.953 0.1428571492
78353  -24.240  -5.350  -39.261 0.1428571492
78335  -25.794  -5.475  -38.700 0.1428571492
79638  -24.147  -4.245  -40.314 0.1428571492
79639  -25.101  -4.149  -40.485 0.1428571492
79626  -25.997  -4.644  -39.707 0.1428571492
79640  -25.687  -3.870  -40.375 0.1428571492
79637  -23.312  -4.305  -40.043 0.1428571492
80959  -24.445  -3.346  -40.642 0.1428571492
83433  -25.686  -1.885  -40.924 0.1428571492
83462  -25.968  -1.452  -42.505 0.1428571492
83463  -26.431  -0.737  -42.258 0.1428571492
78334  -25.043  -5.859  -38.671 0.1428571492
74355  -23.101  -7.320  -37.124 0.1428571492
75695  -22.928  -6.497  -38.092 0.1428571492
77016  -23.859  -5.553  -38.874 0.1428571492
105558  -19.864  16.431  -42.399 0.1428571492
86094  -26.860  0.463  -42.083 0.1428571492
76991  -23.743  -6.560  -38.208 0.1428571492
75685  -23.588  -7.063  -37.606 0.1428571492
78319  -25.492  -5.870  -38.239 0.1428571492
78355  -25.477  -5.381  -39.163 0.1428571492
77002  -24.237  -6.154  -38.559 0.1428571492
77001  -23.441  -6.054  -38.580 0.1428571492
79605  -22.853  -4.743  -38.513 0.1428571492
79625  -24.734  -4.979  -40.039 0.1428571492
78354  -25.007  -5.389  -39.381 0.1428571492
80958  -23.509  -3.468  -40.444 0.1428571492
80960  -25.316  -3.195  -40.588 0.1428571492
79636  -22.885  -4.079  -39.578 0.1428571492
75666  -22.331  -7.356  -36.829 0.1428571492
76942  -28.484  -6.800  -34.342 0.1428571492
76992  -24.319  -6.684  -38.079 0.1428571492
77017  -24.027  -5.745  -38.858 0.1428571492
78232  -30.188  -6.105  -33.398 0.1428571492
78233  -30.429  -6.074  -33.201 0.1428571492
78282  -27.748  -6.025  -36.236 0.7142857313
79496  -33.892  -3.494  -31.428 0.1428571492
79573  -26.932  -5.420  -37.307 0.2857142985
82003  -36.147  -2.719  -30.639 0.1428571492
82014  -34.114  -1.977  -31.722 0.1428571492
82070  -31.299  -2.740  -33.889 0.2857142985
82154  -25.627  -2.270  -40.804 0.1428571492
83270  -35.828  -2.198  -30.517 0.1428571492
83448  -25.714  -1.898  -41.233 0.1428571492
85921  -33.463  1.951  -30.994 0.1428571492
85964  -32.140  1.615  -32.259 0.1428571492
85978  -32.211  1.306  -32.937 0.1428571492
86061  -26.963  1.043  -40.991 0.7142857313
86081  -28.012  1.233  -41.568 0.5714285970
86109  -25.894  1.435  -43.059 0.4285714328
87162  -33.436  2.274  -31.135 0.1428571492
87163  -33.507  2.131  -30.976 0.1428571492
87184  -33.273  2.057  -30.685 0.1428571492
87185  -33.647  2.270  -30.833 0.1428571492
87207  -31.590  1.676  -34.321 0.2857142985
87208  -32.699  1.882  -31.249 0.1428571492
87219  -31.379  1.615  -34.679 0.2857142985
87222  -32.007  1.848  -32.729 0.1428571492
87297  -26.640  1.588  -39.254 0.5714285970
87361  -25.738  1.967  -43.671 0.2857142985
87362  -25.813  1.747  -42.991 0.4285714328
88450  -31.525  1.927  -34.314 0.2857142985
88451  -31.620  1.813  -34.093 0.2857142985
88452  -32.169  2.219  -31.090 0.1428571492
88478  -31.075  2.523  -35.041 0.1428571492
88499  -29.644  2.391  -36.868 0.4285714328
88531  -26.712  2.324  -38.375 0.7142857313
88545  -25.833  2.129  -39.358 0.7142857313
88546  -26.220  2.315  -38.768 0.7142857313
88547  -27.393  2.879  -38.796 0.7142857313
88581  -26.007  2.424  -41.135 0.5714285970
88624  -25.339  2.730  -44.144 0.1428571492
89629  -32.269  3.005  -33.341 0.1428571492
89701  -26.902  2.835  -38.282 0.7142857313
89702  -27.132  3.134  -38.485 0.7142857313
89714  -26.466  3.078  -38.779 0.7142857313
89715  -27.279  3.299  -39.170 0.8571428657
89770  -24.816  3.671  -43.918 0.1428571492
90730  -31.008  3.870  -34.688 0.2857142985
90754  -29.900  4.637  -36.992 0.4285714328
90833  -29.052  5.024  -41.024 0.8571428657
90847  -24.795  3.938  -42.794 0.2857142985
91940  -36.112  5.841  -36.017 0.1428571492
91950  -36.024  5.728  -36.218 0.1428571492
92024  -25.626  5.524  -40.850 0.5714285970
93107  -33.790  6.388  -32.527 0.1428571492
93108  -34.287  6.268  -32.609 0.1428571492
93125  -34.770  6.555  -32.930 0.1428571492
93132  -34.796  6.641  -33.599 0.1428571492
93147  -36.022  6.000  -36.225 0.1428571492
93173  -29.561  6.150  -38.818 0.4285714328
93238  -29.222  6.816  -42.319 0.7142857313
93261  -23.225  6.554  -44.544 0.1428571492
94313  -33.983  6.782  -32.668 0.1428571492
94445  -30.114  7.716  -41.521 0.4285714328
94466  -23.153  8.009  -44.418 0.1428571492
94483  -29.450  7.924  -44.057 0.7142857313
94484  -29.775  8.184  -44.048 0.5714285970
95664  -24.793  7.719  -40.578 0.2857142985
95665  -25.230  7.703  -40.428 0.5714285970
95683  -30.142  7.971  -42.138 0.2857142985
95702  -23.116  7.955  -44.836 0.1428571492
95703  -23.220  7.636  -44.921 0.1428571492
95714  -22.809  7.516  -44.908 0.1428571492
95716  -23.158  7.631  -44.981 0.1428571492
95718  -29.648  8.530  -44.021 0.5714285970
96950  -30.164  9.203  -42.210 0.2857142985
98196  -22.816  10.076  -41.988 0.2857142985
98226  -21.722  10.726  -43.491 0.1428571492
98244  -26.928  10.562  -45.795 0.2857142985
98246  -27.961  11.054  -45.405 0.1428571492
98252  -27.372  11.119  -46.128 0.1428571492
100742  -26.905  11.537  -44.468 0.7142857313
103180  -24.124  15.325  -40.958 0.4285714328
104349  -23.877  15.459  -41.170 0.2857142985
104350  -24.048  15.500  -41.109 0.2857142985
104373  -23.484  15.744  -41.945 0.2857142985
105550  -24.137  15.784  -41.953 0.2857142985
105571  -20.097  16.704  -43.198 0.1428571492
106661  -20.778  17.093  -43.790 0.2857142985
108924  -24.961  19.219  -43.088 0.2857142985
110005  -19.926  20.327  -41.052 0.1428571492
112378  -23.279  22.590  -45.814 0.2857142985
112389  -21.972  23.349  -46.409 0.1428571492
113480  -21.739  23.767  -46.353 0.1428571492
113482  -22.667  24.125  -46.233 0.1428571492
114489  -21.607  24.242  -45.684 0.1428571492
114490  -21.845  24.204  -45.085 0.1428571492
114501  -21.577  24.344  -46.123 0.1428571492
114502  -23.245  24.791  -45.770 0.1428571492
157063  -27.220  2.612  -38.537 0.7142857313
