#!ascii label  , from subject 3200 vox2ras=TkReg
1196
109572  47.717  19.932  1.583 0.0000000000
105299  50.270  16.653  -9.865 0.0000000000
109680  46.514  20.139  -8.537 0.0000000000
98252  48.656  11.242  -13.382 0.0000000000
102774  45.414  14.619  -0.868 0.0000000000
111675  54.312  23.033  -6.598 0.0000000000
104074  55.971  15.537  -12.186 0.0000000000
110762  42.234  22.039  -9.932 0.0000000000
107482  53.917  18.167  -4.722 0.0000000000
106404  48.581  17.924  -3.293 0.0000000000
101695  47.709  13.124  -6.605 0.0000000000
114699  47.522  25.282  -11.622 0.0000000000
108655  44.476  19.422  -13.553 0.0000000000
108593  52.593  19.701  -9.841 0.0000000000
106536  49.057  17.076  -14.351 0.0000000000
112670  43.690  23.642  -9.032 0.0000000000
108489  50.322  19.506  -1.072 0.0000000000
106372  48.332  18.008  0.023 0.0000000000
100555  46.028  13.076  -4.266 0.0000000000
112666  50.816  23.631  -8.696 0.0000000000
114684  49.237  25.231  -9.323 0.0000000000
111719  47.603  23.206  -10.753 0.0000000000
111749  45.002  22.785  -13.293 0.0000000000
108613  45.148  20.052  -11.413 0.0000000000
105264  52.041  17.150  -7.063 0.0000000000
106461  53.013  17.524  -7.311 0.0000000000
106479  52.396  17.732  -9.905 0.0000000000
100663  52.222  12.875  -13.342 0.0000000000
105349  52.752  16.452  -14.238 0.0000000000
102929  49.352  13.792  -14.381 0.0000000000
104127  47.723  16.052  -15.415 0.0000000000
99502  46.565  11.409  -14.588 0.0000000000
98240  45.122  10.079  -12.669 0.0000000000
109576  44.382  19.953  2.039 0.0000000000
106375  45.801  17.586  -0.220 0.0000000000
110728  50.566  21.786  -6.554 0.0000000000
101754  51.719  13.459  -9.904 0.0000000000
104061  53.034  15.696  -11.641 0.0000000000
102844  55.339  14.009  -9.284 0.0000000000
100642  53.488  12.141  -11.391 0.0000000000
110680  54.965  20.913  -3.196 0.0000000000
110683  52.620  21.143  -2.490 0.0000000000
107486  50.742  18.385  -4.166 0.0000000000
106452  49.204  17.526  -6.251 0.0000000000
105214  46.908  16.257  -2.337 0.0000000000
105251  46.725  15.913  -5.400 0.0000000000
104024  48.360  15.002  -8.697 0.0000000000
101706  51.439  12.628  -7.555 0.0000000000
109518  42.409  20.397  4.883 0.0000000000
114667  47.156  25.814  -7.635 0.0000000000
114678  45.866  25.745  -8.754 0.0000000000
113659  43.446  24.159  -12.074 0.0000000000
109719  43.243  21.225  -11.991 0.0000000000
106499  43.563  17.359  -11.623 0.0000000000
108546  55.785  19.589  -6.303 0.0000000000
108550  52.330  19.879  -6.667 0.0000000000
108596  49.861  19.400  -8.944 0.0000000000
107568  53.271  18.065  -12.508 0.0000000000
109715  51.459  19.136  -12.550 0.0000000000
107561  47.707  18.261  -11.350 0.0000000000
108662  47.128  18.355  -14.786 0.0000000000
104105  45.691  16.079  -14.066 0.0000000000
112655  42.515  23.468  -7.749 0.0000000000
112653  44.418  23.938  -8.285 0.0000000000
107421  48.846  19.148  0.621 0.0000000000
106345  48.051  18.213  1.122 0.0000000000
111691  48.713  22.147  -7.700 0.0000000000
112681  49.244  23.377  -9.383 0.0000000000
111713  46.699  21.800  -9.391 0.0000000000
111721  45.579  22.006  -10.793 0.0000000000
109696  45.728  20.298  -10.216 0.0000000000
105279  50.773  17.121  -7.848 0.0000000000
105288  52.484  17.215  -8.141 0.0000000000
105298  51.211  17.158  -9.576 0.0000000000
100666  49.818  12.310  -13.033 0.0000000000
101794  50.679  13.559  -14.103 0.0000000000
153748  49.103  12.286  -14.335 0.0000000000
98290  48.324  12.690  -14.398 0.0000000000
97121  46.606  10.763  -14.755 0.0000000000
98283  45.500  9.994  -15.556 0.0000000000
98270  46.974  9.939  -14.112 0.0000000000
106349  44.539  17.947  1.130 0.0000000000
112638  52.421  23.440  -7.232 0.0000000000
111677  52.526  22.339  -6.570 0.0000000000
101719  53.484  13.158  -8.355 0.0000000000
101737  54.187  13.904  -9.733 0.0000000000
101718  54.355  13.437  -8.714 0.0000000000
98209  53.742  11.801  -9.623 0.0000000000
98211  51.858  11.173  -10.066 0.0000000000
100644  51.768  12.463  -11.257 0.0000000000
107453  49.594  18.486  -2.303 0.0000000000
107452  50.630  19.023  -2.650 0.0000000000
106403  49.370  18.272  -3.536 0.0000000000
106435  49.515  17.572  -5.391 0.0000000000
106420  48.586  17.516  -4.496 0.0000000000
105192  45.674  16.542  -0.498 0.0000000000
105191  46.599  16.838  -0.673 0.0000000000
103969  46.439  15.529  -1.709 0.0000000000
101682  46.761  13.336  -5.406 0.0000000000
102819  46.087  14.400  -4.618 0.0000000000
102832  47.114  14.157  -6.682 0.0000000000
104018  47.481  14.886  -7.387 0.0000000000
102849  47.943  13.844  -8.021 0.0000000000
101723  49.677  13.299  -8.477 0.0000000000
101693  49.480  12.744  -6.876 0.0000000000
100567  51.908  12.616  -5.462 0.0000000000
114693  47.877  25.204  -10.461 0.0000000000
113630  48.249  25.003  -8.175 0.0000000000
114686  47.125  25.572  -9.565 0.0000000000
114677  46.378  25.847  -8.661 0.0000000000
114695  46.200  25.574  -10.655 0.0000000000
112694  44.688  24.346  -10.816 0.0000000000
114707  45.915  25.241  -11.844 0.0000000000
110788  44.513  21.830  -13.172 0.0000000000
111751  43.717  22.577  -13.243 0.0000000000
109729  43.912  20.567  -13.508 0.0000000000
107563  43.568  18.380  -12.024 0.0000000000
107575  43.903  18.452  -12.900 0.0000000000
108513  54.620  19.251  -3.556 0.0000000000
109634  56.181  20.334  -4.852 0.0000000000
105233  55.165  18.128  -5.114 0.0000000000
108564  52.936  18.927  -8.553 0.0000000000
107508  52.561  18.859  -6.819 0.0000000000
107525  51.865  19.322  -7.968 0.0000000000
108566  51.093  19.518  -7.648 0.0000000000
108594  51.689  19.535  -9.482 0.0000000000
105323  55.121  15.971  -11.677 0.0000000000
105335  53.540  16.595  -12.487 0.0000000000
106507  54.799  17.153  -12.746 0.0000000000
106534  51.331  17.405  -14.292 0.0000000000
107597  52.281  18.211  -13.812 0.0000000000
107585  50.837  18.390  -13.502 0.0000000000
107570  49.714  18.456  -11.814 0.0000000000
106522  48.775  17.510  -13.549 0.0000000000
107588  47.369  18.047  -13.410 0.0000000000
106537  48.092  17.579  -14.421 0.0000000000
101783  47.708  14.419  -13.427 0.0000000000
104113  47.171  15.987  -14.600 0.0000000000
104079  46.752  15.012  -12.456 0.0000000000
104063  45.170  15.561  -11.621 0.0000000000
111686  55.813  22.928  -6.128 0.0000000000
112685  41.879  23.376  -9.500 0.0000000000
111715  41.667  22.803  -9.953 0.0000000000
110658  50.440  21.042  -0.118 0.0000000000
109584  49.437  19.912  0.309 0.0000000000
107426  49.451  18.787  -0.660 0.0000000000
106394  48.865  17.783  -2.093 0.0000000000
101651  45.614  13.876  -2.648 0.0000000000
113643  51.311  25.091  -10.136 0.0000000000
113645  49.780  24.852  -10.296 0.0000000000
112702  47.974  23.965  -11.473 0.0000000000
113675  46.917  24.203  -13.038 0.0000000000
111737  46.910  23.083  -12.514 0.0000000000
110779  45.244  21.701  -12.174 0.0000000000
109727  45.044  19.812  -13.105 0.0000000000
106432  52.827  17.651  -5.669 0.0000000000
106448  53.657  17.627  -6.357 0.0000000000
106462  52.713  17.319  -7.172 0.0000000000
106468  52.958  17.763  -8.340 0.0000000000
106477  53.507  18.569  -9.827 0.0000000000
101779  53.755  13.810  -13.094 0.0000000000
104097  54.468  16.042  -13.639 0.0000000000
102915  52.618  15.042  -14.082 0.0000000000
104101  51.398  15.547  -14.465 0.0000000000
105352  49.790  16.459  -14.789 0.0000000000
106563  48.959  16.658  -16.163 0.0000000000
104125  48.899  15.179  -15.101 0.0000000000
153751  48.197  13.541  -14.147 0.0000000000
100656  46.843  12.389  -13.122 0.0000000000
97096  45.150  9.191  -13.197 0.0000000000
109574  45.752  20.080  1.650 0.0000000000
107413  46.842  18.130  1.337 0.0000000000
107414  45.635  18.465  1.187 0.0000000000
106364  44.659  17.235  0.386 0.0000000000
103957  44.659  15.496  -0.129 0.0000000000
112650  52.620  23.759  -8.036 0.0000000000
111679  50.355  22.502  -6.880 0.0000000000
109663  48.332  20.944  -6.755 0.0000000000
104045  50.660  14.659  -10.605 0.0000000000
105311  51.584  16.555  -10.515 0.0000000000
102875  52.565  14.489  -10.676 0.0000000000
102873  54.433  14.545  -10.414 0.0000000000
102871  55.797  14.656  -10.692 0.0000000000
99401  54.653  11.979  -8.765 0.0000000000
100627  54.975  12.802  -10.620 0.0000000000
101764  55.133  12.919  -12.025 0.0000000000
99447  52.845  11.837  -12.435 0.0000000000
99449  51.420  11.982  -12.153 0.0000000000
98237  48.929  11.188  -12.444 0.0000000000
97092  47.701  10.068  -12.846 0.0000000000
109610  53.972  20.201  -2.906 0.0000000000
107449  53.601  18.923  -3.220 0.0000000000
109613  51.256  20.560  -2.067 0.0000000000
107451  51.766  18.960  -2.828 0.0000000000
107484  52.290  18.223  -4.191 0.0000000000
106433  51.791  17.545  -5.617 0.0000000000
106451  50.327  17.599  -6.280 0.0000000000
105280  49.508  17.090  -7.987 0.0000000000
106362  47.303  17.563  0.342 0.0000000000
105205  47.320  16.994  -1.093 0.0000000000
105224  47.651  16.963  -3.017 0.0000000000
103991  45.863  15.152  -2.869 0.0000000000
105225  46.768  16.344  -3.350 0.0000000000
105236  47.695  16.866  -4.198 0.0000000000
105249  48.141  17.158  -5.930 0.0000000000
105281  48.474  16.378  -8.007 0.0000000000
104023  48.904  15.409  -9.237 0.0000000000
104046  49.832  14.175  -10.305 0.0000000000
101741  50.925  13.315  -8.936 0.0000000000
100596  52.943  12.612  -7.478 0.0000000000
100583  51.057  12.554  -6.208 0.0000000000
100581  53.030  12.553  -6.639 0.0000000000
109537  44.800  20.839  3.092 0.0000000000
109538  43.855  20.481  3.349 0.0000000000
109505  41.500  20.093  5.474 0.0000000000
113600  47.379  24.864  -5.734 0.0000000000
115571  46.165  26.811  -7.439 0.0000000000
112669  44.551  24.120  -9.210 0.0000000000
112696  43.216  23.570  -10.814 0.0000000000
111732  42.237  22.918  -11.549 0.0000000000
113678  43.901  24.206  -13.676 0.0000000000
112714  42.578  23.229  -12.386 0.0000000000
109709  42.999  21.205  -11.299 0.0000000000
110724  55.363  21.523  -6.426 0.0000000000
107506  54.351  18.504  -6.405 0.0000000000
108548  54.082  19.478  -6.338 0.0000000000
109658  52.878  20.716  -6.370 0.0000000000
109659  52.115  21.068  -6.402 0.0000000000
108568  49.273  19.587  -7.160 0.0000000000
107528  48.159  19.199  -8.725 0.0000000000
106488  52.391  17.173  -10.772 0.0000000000
106497  52.908  17.768  -11.438 0.0000000000
108606  52.743  18.620  -11.022 0.0000000000
107582  53.694  18.097  -13.406 0.0000000000
108634  52.477  19.043  -12.512 0.0000000000
108621  51.819  19.296  -11.711 0.0000000000
108623  50.333  19.030  -10.660 0.0000000000
107550  49.008  19.074  -10.128 0.0000000000
107540  47.095  18.709  -9.628 0.0000000000
107562  46.583  18.488  -11.644 0.0000000000
107574  45.868  18.514  -12.854 0.0000000000
108664  45.830  18.241  -14.156 0.0000000000
107623  47.553  17.944  -15.978 0.0000000000
106567  46.227  17.840  -14.947 0.0000000000
106542  44.721  17.538  -14.184 0.0000000000
105337  44.519  16.305  -12.869 0.0000000000
98216  44.684  10.337  -10.776 0.0000000000
112640  44.350  23.786  -7.431 0.0000000000
113611  44.579  24.671  -7.656 0.0000000000
108463  48.335  19.344  1.467 0.0000000000
107412  47.812  18.500  1.256 0.0000000000
110752  47.936  21.577  -8.326 0.0000000000
111702  47.311  22.036  -8.759 0.0000000000
111703  46.763  21.617  -8.840 0.0000000000
110766  46.166  21.123  -9.826 0.0000000000
109690  45.918  19.666  -8.765 0.0000000000
105290  50.466  16.926  -8.777 0.0000000000
99464  49.409  11.828  -12.919 0.0000000000
100682  49.593  12.270  -13.597 0.0000000000
99476  49.039  11.613  -13.967 0.0000000000
98280  48.291  11.553  -14.312 0.0000000000
98267  48.526  11.303  -13.938 0.0000000000
98281  47.180  10.650  -14.392 0.0000000000
98268  48.060  10.889  -13.900 0.0000000000
112662  55.117  23.874  -6.547 0.0000000000
112636  53.877  23.737  -6.568 0.0000000000
111676  53.268  22.711  -6.555 0.0000000000
153954  52.957  22.152  -6.484 0.0000000000
101703  54.054  12.836  -7.883 0.0000000000
98198  51.703  11.331  -9.185 0.0000000000
98199  51.158  11.281  -9.341 0.0000000000
98212  51.082  11.484  -10.191 0.0000000000
109692  42.799  21.167  -9.307 0.0000000000
107454  48.986  18.250  -2.673 0.0000000000
107471  49.239  18.423  -3.054 0.0000000000
106419  49.818  17.948  -4.318 0.0000000000
103956  45.392  15.572  -0.567 0.0000000000
103970  45.900  15.275  -1.136 0.0000000000
102788  45.882  14.853  -1.648 0.0000000000
101681  47.263  12.949  -5.800 0.0000000000
101696  47.031  13.450  -6.150 0.0000000000
102838  47.687  14.020  -7.367 0.0000000000
101710  48.213  13.454  -7.389 0.0000000000
101709  48.917  13.241  -7.464 0.0000000000
101694  48.674  12.890  -6.835 0.0000000000
114685  48.152  25.338  -9.455 0.0000000000
114694  46.957  25.547  -10.552 0.0000000000
114701  46.064  25.387  -11.334 0.0000000000
115595  46.497  25.552  -11.985 0.0000000000
109728  44.448  20.474  -13.212 0.0000000000
108656  43.953  19.376  -13.402 0.0000000000
107465  54.247  18.892  -4.162 0.0000000000
107480  55.275  18.969  -4.738 0.0000000000
107496  54.368  17.936  -4.896 0.0000000000
108576  53.231  19.356  -9.196 0.0000000000
108565  52.631  18.849  -8.187 0.0000000000
108577  52.401  19.353  -8.647 0.0000000000
108578  51.407  19.439  -8.451 0.0000000000
105322  55.780  16.215  -11.490 0.0000000000
105334  54.506  16.315  -12.479 0.0000000000
105333  55.352  16.078  -12.255 0.0000000000
106535  50.349  17.474  -14.223 0.0000000000
107599  51.006  18.000  -14.135 0.0000000000
106521  49.755  17.724  -13.599 0.0000000000
101773  47.021  13.418  -12.685 0.0000000000
102906  47.426  14.977  -12.967 0.0000000000
102896  46.847  14.344  -12.408 0.0000000000
102888  46.332  14.320  -11.214 0.0000000000
112671  42.633  23.544  -8.787 0.0000000000
112672  41.626  23.415  -8.450 0.0000000000
110637  50.247  20.376  1.159 0.0000000000
109583  49.837  20.060  0.891 0.0000000000
107422  48.554  18.776  0.403 0.0000000000
108479  48.769  19.100  -0.056 0.0000000000
107427  48.907  18.622  -0.357 0.0000000000
106386  49.293  18.198  -1.137 0.0000000000
106387  48.856  17.798  -0.914 0.0000000000
113628  51.339  24.229  -8.667 0.0000000000
153986  51.409  25.044  -9.833 0.0000000000
112679  50.957  24.353  -9.759 0.0000000000
111711  48.473  23.114  -9.934 0.0000000000
112692  49.256  23.929  -10.286 0.0000000000
112693  48.295  23.916  -10.650 0.0000000000
113646  48.527  24.544  -10.539 0.0000000000
111728  47.434  23.207  -11.879 0.0000000000
111729  46.722  22.733  -11.652 0.0000000000
109698  44.705  20.977  -10.889 0.0000000000
111730  45.753  22.278  -11.451 0.0000000000
109706  44.957  20.746  -11.687 0.0000000000
109716  44.936  20.553  -12.588 0.0000000000
108625  45.395  19.822  -11.945 0.0000000000
106449  52.525  17.404  -6.714 0.0000000000
105263  52.425  17.245  -7.105 0.0000000000
106469  52.365  17.723  -8.950 0.0000000000
106478  53.020  18.203  -9.514 0.0000000000
101780  52.845  13.241  -13.338 0.0000000000
102904  53.082  14.452  -13.776 0.0000000000
102905  52.481  13.860  -13.918 0.0000000000
102917  50.997  14.595  -14.457 0.0000000000
102918  50.126  14.579  -14.312 0.0000000000
104102  50.421  15.506  -14.529 0.0000000000
104112  49.484  15.333  -14.617 0.0000000000
153746  48.210  13.160  -14.244 0.0000000000
99501  47.765  12.770  -14.124 0.0000000000
101784  47.610  13.385  -13.470 0.0000000000
100667  46.775  12.058  -13.979 0.0000000000
100683  46.177  11.409  -14.297 0.0000000000
97111  45.897  9.491  -14.009 0.0000000000
97095  45.555  9.494  -13.579 0.0000000000
108466  45.198  19.371  1.495 0.0000000000
105193  44.772  16.342  -0.156 0.0000000000
105179  44.280  16.536  0.469 0.0000000000
111678  51.453  22.578  -6.841 0.0000000000
112639  51.753  22.980  -7.371 0.0000000000
110730  48.656  21.775  -6.716 0.0000000000
109662  48.924  21.019  -6.453 0.0000000000
102876  51.647  14.088  -10.589 0.0000000000
104044  51.584  15.209  -10.764 0.0000000000
102846  54.568  13.964  -9.198 0.0000000000
101751  53.918  14.204  -10.362 0.0000000000
102860  55.032  14.334  -9.733 0.0000000000
102872  55.176  14.790  -10.486 0.0000000000
102859  55.390  14.224  -9.986 0.0000000000
99393  54.447  11.904  -8.066 0.0000000000
98195  53.951  11.933  -8.542 0.0000000000
99424  53.621  11.821  -10.216 0.0000000000
99423  54.282  11.991  -10.022 0.0000000000
100628  53.950  12.508  -10.730 0.0000000000
101750  55.332  13.506  -11.007 0.0000000000
100641  54.561  12.395  -11.818 0.0000000000
100651  54.106  12.664  -12.316 0.0000000000
99436  52.904  11.563  -11.814 0.0000000000
99428  50.313  12.117  -10.888 0.0000000000
99438  51.133  12.149  -11.600 0.0000000000
99439  50.229  12.129  -11.308 0.0000000000
99450  50.195  11.968  -12.195 0.0000000000
98223  49.465  11.479  -11.641 0.0000000000
98224  48.653  10.831  -11.791 0.0000000000
111635  53.117  21.914  -2.427 0.0000000000
110682  53.568  21.106  -2.788 0.0000000000
108499  53.382  19.510  -2.876 0.0000000000
109598  50.373  20.363  -0.614 0.0000000000
110670  50.784  21.043  -0.850 0.0000000000
108488  50.801  19.975  -1.834 0.0000000000
107469  51.242  18.697  -3.577 0.0000000000
107468  52.115  18.543  -3.520 0.0000000000
108515  51.794  18.429  -3.852 0.0000000000
106417  52.095  17.704  -4.826 0.0000000000
106418  51.109  17.755  -4.711 0.0000000000
105266  49.918  17.302  -7.026 0.0000000000
107424  46.149  17.926  0.655 0.0000000000
106347  47.322  17.529  0.965 0.0000000000
107428  46.931  17.764  0.223 0.0000000000
105206  46.857  16.373  -1.436 0.0000000000
105213  47.517  16.834  -1.957 0.0000000000
101662  45.598  13.774  -3.447 0.0000000000
102811  45.697  14.616  -3.272 0.0000000000
102820  45.648  14.290  -3.953 0.0000000000
104004  46.447  14.976  -5.360 0.0000000000
103997  46.380  15.295  -4.562 0.0000000000
105237  46.760  16.235  -4.439 0.0000000000
105250  47.513  17.037  -5.500 0.0000000000
105268  47.318  16.118  -6.289 0.0000000000
104017  47.884  15.483  -8.118 0.0000000000
104011  47.902  15.774  -7.100 0.0000000000
105292  48.563  15.751  -8.655 0.0000000000
104031  49.089  14.811  -9.920 0.0000000000
104032  48.878  14.592  -9.088 0.0000000000
100610  50.221  12.678  -8.131 0.0000000000
101742  50.232  13.498  -9.012 0.0000000000
101722  50.563  12.911  -8.362 0.0000000000
101721  51.561  12.952  -8.352 0.0000000000
101705  52.186  12.695  -7.801 0.0000000000
100568  50.957  12.490  -5.332 0.0000000000
100566  52.909  12.372  -5.708 0.0000000000
100565  53.834  12.215  -6.054 0.0000000000
109536  45.808  20.867  3.069 0.0000000000
110618  43.518  21.316  3.844 0.0000000000
109539  42.979  20.695  3.889 0.0000000000
108446  43.213  20.160  3.483 0.0000000000
108447  42.417  19.832  3.764 0.0000000000
114666  47.753  25.263  -8.025 0.0000000000
113609  47.999  24.845  -6.749 0.0000000000
114654  47.044  25.635  -6.823 0.0000000000
114639  46.755  25.361  -5.980 0.0000000000
114655  46.382  25.886  -6.336 0.0000000000
115561  46.461  26.152  -6.731 0.0000000000
115570  46.599  26.326  -7.181 0.0000000000
114679  45.182  25.749  -8.477 0.0000000000
113620  44.882  24.792  -8.462 0.0000000000
113632  45.465  24.876  -9.300 0.0000000000
112703  44.434  24.309  -11.321 0.0000000000
112695  44.121  23.801  -10.975 0.0000000000
113649  43.423  23.926  -11.423 0.0000000000
113650  42.764  23.808  -11.469 0.0000000000
113661  42.330  23.454  -11.783 0.0000000000
112723  45.640  23.542  -13.105 0.0000000000
113677  44.894  24.136  -13.214 0.0000000000
112724  44.513  23.547  -13.557 0.0000000000
110781  43.600  21.665  -13.118 0.0000000000
111739  43.244  22.571  -12.644 0.0000000000
110782  43.329  21.867  -12.343 0.0000000000
110776  42.985  22.056  -11.681 0.0000000000
109699  43.290  20.295  -10.878 0.0000000000
109708  43.293  20.349  -11.848 0.0000000000
110698  55.216  21.241  -3.690 0.0000000000
109652  57.346  19.497  -5.649 0.0000000000
109645  56.459  20.485  -5.375 0.0000000000
109654  56.235  20.449  -5.944 0.0000000000
110723  55.766  21.643  -5.892 0.0000000000
109655  55.565  20.552  -6.312 0.0000000000
106447  54.626  17.840  -6.315 0.0000000000
107507  53.357  18.452  -6.685 0.0000000000
108549  53.159  19.596  -6.483 0.0000000000
109657  53.808  20.621  -6.315 0.0000000000
109646  52.572  21.031  -6.396 0.0000000000
108551  51.238  19.784  -6.711 0.0000000000
108579  50.495  19.559  -8.276 0.0000000000
108567  50.268  19.586  -7.342 0.0000000000
108580  49.593  19.645  -8.089 0.0000000000
108581  48.572  19.891  -8.142 0.0000000000
108597  49.109  19.445  -8.727 0.0000000000
104043  52.590  15.626  -10.945 0.0000000000
105310  52.272  16.471  -10.904 0.0000000000
105324  52.547  16.424  -11.475 0.0000000000
106508  53.908  17.303  -12.666 0.0000000000
106509  52.979  17.419  -12.271 0.0000000000
107569  52.880  17.973  -12.039 0.0000000000
107558  52.846  18.253  -11.764 0.0000000000
107557  52.884  18.290  -12.190 0.0000000000
105348  53.540  16.400  -14.101 0.0000000000
106518  54.159  17.398  -13.845 0.0000000000
106532  53.330  17.094  -14.093 0.0000000000
108650  51.549  18.973  -13.043 0.0000000000
108649  52.294  18.871  -13.042 0.0000000000
109725  51.833  19.228  -12.649 0.0000000000
109704  51.989  19.525  -12.035 0.0000000000
108635  51.723  19.451  -12.191 0.0000000000
108622  51.142  18.940  -11.158 0.0000000000
108637  50.475  18.816  -11.556 0.0000000000
107571  48.675  18.062  -12.039 0.0000000000
107560  48.856  18.241  -11.019 0.0000000000
107551  47.931  18.512  -10.356 0.0000000000
107552  46.755  18.592  -10.604 0.0000000000
107601  47.292  18.128  -14.392 0.0000000000
107573  46.497  18.466  -12.612 0.0000000000
107589  46.373  18.327  -13.472 0.0000000000
108653  46.193  18.221  -13.867 0.0000000000
108663  46.835  18.207  -14.297 0.0000000000
105379  47.905  16.405  -15.915 0.0000000000
106564  48.290  17.208  -16.046 0.0000000000
105380  47.244  16.480  -15.942 0.0000000000
105353  46.508  16.331  -14.452 0.0000000000
106539  46.470  16.824  -14.791 0.0000000000
104114  45.422  16.470  -14.314 0.0000000000
106552  45.575  17.580  -14.536 0.0000000000
104107  44.828  16.703  -14.158 0.0000000000
105343  44.604  16.603  -13.523 0.0000000000
104094  44.932  15.961  -13.501 0.0000000000
104047  45.364  15.474  -10.957 0.0000000000
104048  44.722  15.497  -10.846 0.0000000000
99453  45.307  10.794  -12.704 0.0000000000
98226  44.702  10.244  -11.857 0.0000000000
112654  43.593  23.513  -8.003 0.0000000000
108473  49.715  19.645  1.430 0.0000000000
108462  49.141  19.346  1.559 0.0000000000
107411  48.403  18.728  1.091 0.0000000000
106360  48.150  18.127  0.775 0.0000000000
111700  49.489  22.908  -8.396 0.0000000000
112667  49.831  23.400  -8.890 0.0000000000
111701  48.516  22.548  -8.640 0.0000000000
111712  47.618  22.296  -9.767 0.0000000000
111720  46.433  22.181  -10.495 0.0000000000
110767  45.520  21.321  -10.501 0.0000000000
105265  51.099  17.357  -7.084 0.0000000000
105278  51.830  17.058  -7.688 0.0000000000
105289  51.569  17.317  -8.583 0.0000000000
106470  51.853  17.538  -9.437 0.0000000000
100665  50.526  12.624  -13.079 0.0000000000
101782  51.157  13.111  -13.522 0.0000000000
100681  49.957  12.765  -14.134 0.0000000000
98291  47.111  11.427  -14.534 0.0000000000
99491  45.820  10.971  -15.199 0.0000000000
97132  46.241  10.602  -15.321 0.0000000000
97122  46.388  10.205  -14.846 0.0000000000
97110  46.530  9.583  -14.009 0.0000000000
108467  44.128  19.584  1.857 0.0000000000
107415  44.711  18.671  1.424 0.0000000000
107416  43.755  18.521  1.457 0.0000000000
112637  53.204  23.610  -6.736 0.0000000000
110727  51.484  21.756  -6.494 0.0000000000
101739  52.574  13.457  -9.160 0.0000000000
101753  52.583  13.717  -10.091 0.0000000000
101738  53.436  13.667  -9.358 0.0000000000
101717  55.134  13.364  -8.922 0.0000000000
98196  53.439  11.679  -8.895 0.0000000000
99403  52.151  11.363  -8.859 0.0000000000
98210  52.142  11.273  -9.772 0.0000000000
99425  52.740  11.809  -10.482 0.0000000000
99426  52.077  12.252  -10.569 0.0000000000
111636  52.171  21.880  -2.254 0.0000000000
107439  50.119  19.050  -1.880 0.0000000000
108502  50.572  19.497  -2.018 0.0000000000
107470  50.067  18.510  -3.381 0.0000000000
106436  48.431  17.367  -5.650 0.0000000000
103955  46.255  15.935  -0.903 0.0000000000
101672  46.268  13.547  -4.746 0.0000000000
101673  45.732  13.675  -4.192 0.0000000000
102826  46.375  14.126  -5.405 0.0000000000
104013  46.593  14.640  -6.099 0.0000000000
104012  47.116  15.192  -6.662 0.0000000000
104025  47.788  14.563  -8.150 0.0000000000
102848  48.544  14.144  -8.503 0.0000000000
101725  48.490  13.607  -7.946 0.0000000000
101708  49.604  12.883  -7.712 0.0000000000
101707  50.431  12.625  -7.652 0.0000000000
100547  53.668  11.575  -5.005 0.0000000000
114692  49.004  25.311  -10.139 0.0000000000
153990  49.310  25.015  -8.483 0.0000000000
114676  47.167  25.654  -8.453 0.0000000000
115576  46.776  26.440  -7.797 0.0000000000
114687  46.272  25.749  -9.705 0.0000000000
113631  45.836  25.494  -9.441 0.0000000000
113639  45.197  24.803  -10.399 0.0000000000
113647  45.666  25.072  -10.879 0.0000000000
113648  45.065  24.581  -11.183 0.0000000000
113658  44.522  24.564  -11.930 0.0000000000
111750  44.188  22.701  -13.415 0.0000000000
110789  44.006  21.643  -13.653 0.0000000000
109718  43.538  20.652  -12.743 0.0000000000
108640  43.555  19.421  -12.458 0.0000000000
106512  43.851  17.566  -12.514 0.0000000000
109627  54.842  20.375  -3.536 0.0000000000
109635  55.182  20.542  -4.324 0.0000000000
108524  55.473  19.718  -4.626 0.0000000000
107479  56.166  19.134  -4.890 0.0000000000
106444  56.177  18.503  -5.758 0.0000000000
107516  52.904  18.433  -7.805 0.0000000000
107517  52.292  19.008  -7.645 0.0000000000
107509  52.012  19.339  -7.000 0.0000000000
107518  51.669  19.375  -7.402 0.0000000000
107526  51.512  19.436  -7.843 0.0000000000
108595  50.740  19.382  -9.218 0.0000000000
104060  53.860  15.473  -11.816 0.0000000000
104076  53.217  15.934  -12.278 0.0000000000
104075  53.934  15.849  -12.414 0.0000000000
107567  54.176  17.945  -12.803 0.0000000000
105350  51.829  16.517  -14.383 0.0000000000
106533  52.375  17.480  -14.087 0.0000000000
107598  51.621  18.164  -14.017 0.0000000000
108651  50.989  18.804  -12.717 0.0000000000
108652  50.489  18.722  -12.277 0.0000000000
107586  49.720  18.264  -12.819 0.0000000000
107572  47.532  18.242  -12.362 0.0000000000
107587  48.316  17.810  -12.946 0.0000000000
106523  47.915  17.582  -13.786 0.0000000000
107600  47.674  17.918  -14.578 0.0000000000
102940  47.846  15.286  -14.646 0.0000000000
104128  47.301  16.193  -15.277 0.0000000000
102920  47.478  15.450  -14.158 0.0000000000
104104  46.756  15.858  -13.746 0.0000000000
104093  45.740  15.730  -13.186 0.0000000000
104081  44.891  15.685  -12.569 0.0000000000
104080  46.006  15.004  -12.227 0.0000000000
104062  45.791  15.204  -11.248 0.0000000000
110750  55.014  22.999  -6.647 0.0000000000
109586  49.654  20.383  0.011 0.0000000000
108477  49.979  19.902  -0.437 0.0000000000
108474  49.250  19.463  0.755 0.0000000000
108478  49.366  19.493  -0.223 0.0000000000
108490  49.819  19.025  -0.727 0.0000000000
107440  49.709  18.626  -1.253 0.0000000000
106393  49.289  18.129  -1.530 0.0000000000
101634  45.525  13.961  -1.652 0.0000000000
100500  45.458  13.071  -2.177 0.0000000000
100518  45.757  13.144  -2.953 0.0000000000
100517  46.107  12.538  -3.230 0.0000000000
100534  46.095  12.600  -3.937 0.0000000000
100554  46.672  12.662  -4.518 0.0000000000
100572  47.240  12.743  -5.153 0.0000000000
100571  47.899  12.371  -5.508 0.0000000000
100586  48.489  12.484  -6.178 0.0000000000
153985  50.744  24.800  -8.640 0.0000000000
114691  50.086  25.421  -9.944 0.0000000000
112691  50.500  24.506  -10.218 0.0000000000
113656  47.946  24.676  -11.232 0.0000000000
113655  48.177  24.556  -12.033 0.0000000000
114704  47.512  25.073  -12.396 0.0000000000
112720  47.782  24.020  -12.817 0.0000000000
112711  46.920  23.290  -12.829 0.0000000000
111738  45.853  22.785  -12.495 0.0000000000
110787  45.017  22.217  -12.772 0.0000000000
110780  44.757  21.536  -12.712 0.0000000000
106416  52.949  17.777  -4.899 0.0000000000
106431  53.810  17.457  -5.407 0.0000000000
105287  52.863  17.274  -7.730 0.0000000000
107524  53.133  18.599  -8.855 0.0000000000
108592  53.208  19.324  -10.143 0.0000000000
102902  54.848  14.656  -12.911 0.0000000000
104088  55.030  15.711  -13.256 0.0000000000
102903  54.050  14.553  -13.426 0.0000000000
104090  53.747  15.104  -13.859 0.0000000000
104100  52.301  15.605  -14.341 0.0000000000
101793  51.396  13.985  -14.278 0.0000000000
102916  52.037  14.536  -14.263 0.0000000000
105351  50.842  16.504  -14.455 0.0000000000
106548  49.228  17.093  -15.671 0.0000000000
105363  49.201  16.129  -15.567 0.0000000000
105378  48.612  16.131  -15.898 0.0000000000
104126  48.310  15.633  -15.177 0.0000000000
102939  48.480  14.060  -14.291 0.0000000000
153747  48.052  14.166  -13.878 0.0000000000
100657  46.125  11.900  -12.762 0.0000000000
98239  45.539  10.353  -13.097 0.0000000000
98271  45.747  10.279  -14.993 0.0000000000
98256  45.475  9.813  -13.241 0.0000000000
97080  44.926  9.238  -12.513 0.0000000000
109573  46.798  19.969  1.669 0.0000000000
108464  47.320  19.156  1.413 0.0000000000
108465  46.263  19.209  1.381 0.0000000000
106363  45.312  17.839  0.742 0.0000000000
106376  45.193  16.968  -0.202 0.0000000000
102775  44.891  14.940  -0.328 0.0000000000
114672  52.405  24.792  -8.246 0.0000000000
112665  51.900  23.814  -8.487 0.0000000000
112651  51.772  23.224  -8.006 0.0000000000
111689  50.217  22.601  -7.949 0.0000000000
111690  49.139  22.516  -7.736 0.0000000000
110741  48.369  21.844  -7.278 0.0000000000
109679  47.907  20.629  -8.208 0.0000000000
105312  50.481  15.756  -10.550 0.0000000000
101752  53.390  13.999  -10.246 0.0000000000
102874  53.465  14.679  -10.681 0.0000000000
104042  53.709  15.470  -10.920 0.0000000000
104041  54.697  15.716  -10.942 0.0000000000
104040  55.604  15.568  -10.839 0.0000000000
104058  56.428  15.476  -11.235 0.0000000000
100593  54.593  12.326  -8.273 0.0000000000
100606  54.987  12.528  -8.685 0.0000000000
101736  55.398  13.017  -9.249 0.0000000000
99414  54.633  12.097  -9.442 0.0000000000
100620  55.198  12.475  -9.403 0.0000000000
100605  55.661  13.433  -9.692 0.0000000000
101748  55.710  13.943  -10.479 0.0000000000
101762  55.978  14.041  -11.604 0.0000000000
102893  55.731  14.622  -12.332 0.0000000000
101770  54.666  13.497  -12.434 0.0000000000
101771  53.621  12.980  -12.625 0.0000000000
100653  52.544  12.255  -12.912 0.0000000000
99437  52.202  12.198  -11.548 0.0000000000
99448  52.266  11.723  -12.335 0.0000000000
100654  51.607  12.252  -12.647 0.0000000000
100655  50.957  12.298  -12.410 0.0000000000
98253  48.094  10.586  -13.156 0.0000000000
98238  48.190  10.521  -12.393 0.0000000000
110681  54.483  21.048  -3.062 0.0000000000
109609  54.744  20.166  -2.986 0.0000000000
107448  54.186  18.950  -3.469 0.0000000000
107466  53.659  18.733  -4.004 0.0000000000
110657  51.388  21.762  -0.499 0.0000000000
110669  51.245  21.340  -1.566 0.0000000000
109612  52.094  20.399  -2.359 0.0000000000
108501  51.353  19.704  -2.352 0.0000000000
108500  52.404  19.606  -2.659 0.0000000000
107450  52.741  18.966  -3.025 0.0000000000
107467  52.901  18.705  -3.770 0.0000000000
107483  53.170  18.277  -4.473 0.0000000000
106450  51.442  17.442  -6.370 0.0000000000
106434  50.678  17.596  -5.431 0.0000000000
106346  47.728  17.889  1.110 0.0000000000
106361  47.834  17.579  0.562 0.0000000000
105190  47.162  17.171  -0.609 0.0000000000
106373  47.801  17.290  -0.352 0.0000000000
106388  48.075  17.337  -1.468 0.0000000000
106395  48.100  17.396  -2.462 0.0000000000
106405  48.098  17.407  -3.004 0.0000000000
102800  45.837  14.717  -2.385 0.0000000000
102799  46.081  15.115  -2.329 0.0000000000
103980  46.280  15.515  -2.601 0.0000000000
102810  45.950  14.838  -4.011 0.0000000000
103990  46.181  15.461  -3.589 0.0000000000
105235  48.211  17.199  -3.628 0.0000000000
106421  47.888  17.506  -5.023 0.0000000000
106437  47.931  17.335  -5.407 0.0000000000
105267  48.484  16.962  -6.631 0.0000000000
105291  49.356  16.321  -8.957 0.0000000000
105300  49.491  15.800  -9.950 0.0000000000
102877  50.801  13.801  -10.242 0.0000000000
102862  49.402  13.925  -9.332 0.0000000000
101756  50.565  13.472  -9.330 0.0000000000
101755  50.961  13.423  -9.589 0.0000000000
101740  51.708  13.310  -9.040 0.0000000000
101720  52.553  12.988  -8.323 0.0000000000
100595  53.617  12.734  -7.567 0.0000000000
101692  50.291  12.661  -6.902 0.0000000000
101691  51.035  12.612  -6.950 0.0000000000
100582  51.971  12.500  -6.522 0.0000000000
100597  52.347  12.454  -7.210 0.0000000000
100580  53.785  12.585  -7.004 0.0000000000
109555  47.405  20.687  2.033 0.0000000000
109556  46.303  20.690  2.150 0.0000000000
109557  45.263  20.550  2.308 0.0000000000
109575  44.806  20.014  1.891 0.0000000000
109558  44.309  20.083  2.543 0.0000000000
108457  43.496  19.743  2.801 0.0000000000
108435  42.011  19.845  4.555 0.0000000000
108448  41.661  19.050  3.392 0.0000000000
116409  45.604  26.927  -7.157 0.0000000000
115577  46.356  26.829  -8.164 0.0000000000
116418  45.644  27.137  -7.624 0.0000000000
112682  44.614  24.308  -10.129 0.0000000000
112683  43.943  23.561  -10.044 0.0000000000
112684  42.890  23.498  -9.853 0.0000000000
112697  42.485  23.218  -10.782 0.0000000000
110763  42.282  22.572  -10.474 0.0000000000
113667  46.459  24.750  -12.686 0.0000000000
113668  45.463  24.656  -12.442 0.0000000000
113669  44.125  24.612  -12.881 0.0000000000
112725  43.742  23.484  -13.480 0.0000000000
113679  43.621  23.889  -13.488 0.0000000000
113671  42.840  23.451  -12.424 0.0000000000
112715  42.064  22.991  -12.159 0.0000000000
111731  42.468  22.660  -11.615 0.0000000000
110769  42.801  22.253  -10.853 0.0000000000
109700  42.849  21.208  -10.367 0.0000000000
108626  43.441  19.318  -11.446 0.0000000000
110707  55.656  21.356  -4.464 0.0000000000
111674  55.960  22.916  -5.873 0.0000000000
110738  55.699  22.262  -6.160 0.0000000000
110725  54.558  21.794  -6.428 0.0000000000
105248  54.557  17.077  -5.683 0.0000000000
106446  55.214  18.207  -6.155 0.0000000000
107505  55.162  18.702  -6.295 0.0000000000
108547  54.989  19.531  -6.309 0.0000000000
109656  54.767  20.567  -6.397 0.0000000000
110726  53.408  21.737  -6.391 0.0000000000
109636  52.861  21.262  -6.390 0.0000000000
109660  50.857  20.899  -6.503 0.0000000000
108552  50.063  20.095  -6.739 0.0000000000
109661  49.822  20.955  -6.508 0.0000000000
108569  48.401  19.791  -6.987 0.0000000000
109678  48.224  20.230  -7.550 0.0000000000
108582  47.502  19.628  -8.493 0.0000000000
106489  51.920  17.077  -10.489 0.0000000000
105336  52.795  16.695  -12.164 0.0000000000
106498  52.631  17.172  -11.744 0.0000000000
106487  52.961  17.895  -10.482 0.0000000000
107547  53.264  18.093  -10.691 0.0000000000
108591  53.239  19.009  -10.386 0.0000000000
108607  52.314  19.020  -10.785 0.0000000000
105341  55.250  16.520  -13.009 0.0000000000
106517  54.789  17.344  -13.281 0.0000000000
108631  54.272  18.247  -12.957 0.0000000000
107583  52.769  18.342  -13.447 0.0000000000
108648  53.254  18.456  -13.064 0.0000000000
108633  52.874  18.626  -12.640 0.0000000000
108619  52.729  18.685  -12.073 0.0000000000
108620  52.378  19.231  -11.805 0.0000000000
108608  51.761  19.259  -10.517 0.0000000000
108609  50.944  19.276  -10.155 0.0000000000
108610  49.964  19.368  -9.893 0.0000000000
107549  49.742  19.125  -10.397 0.0000000000
108611  49.331  19.309  -9.400 0.0000000000
107538  48.723  19.187  -9.170 0.0000000000
107529  47.452  18.859  -8.858 0.0000000000
108583  46.502  19.165  -8.838 0.0000000000
108598  46.129  19.310  -9.819 0.0000000000
108612  45.608  19.340  -11.001 0.0000000000
108624  45.778  18.886  -12.021 0.0000000000
108639  45.352  19.158  -12.689 0.0000000000
108654  45.217  18.846  -13.445 0.0000000000
108665  45.078  18.699  -14.089 0.0000000000
106549  48.368  17.566  -15.197 0.0000000000
107622  47.844  17.946  -15.497 0.0000000000
108674  47.249  18.374  -15.135 0.0000000000
105381  46.879  16.600  -15.680 0.0000000000
107614  46.599  17.548  -15.507 0.0000000000
108686  46.435  18.178  -15.022 0.0000000000
108687  45.980  18.099  -14.745 0.0000000000
108678  44.983  18.394  -14.336 0.0000000000
108666  44.520  18.750  -14.017 0.0000000000
107592  44.369  18.184  -13.651 0.0000000000
106511  44.309  17.023  -12.961 0.0000000000
105338  43.920  16.558  -12.244 0.0000000000
104082  44.345  16.052  -12.373 0.0000000000
98254  47.609  10.137  -13.309 0.0000000000
97094  46.772  9.352  -13.196 0.0000000000
97093  47.229  9.704  -13.362 0.0000000000
97109  47.075  9.814  -13.901 0.0000000000
97123  45.898  9.926  -15.223 0.0000000000
97124  45.438  9.857  -15.943 0.0000000000
97131  46.302  10.765  -14.784 0.0000000000
97133  46.240  10.184  -15.852 0.0000000000
97134  45.736  9.980  -16.120 0.0000000000
98197  52.038  11.301  -9.523 0.0000000000
98208  53.991  12.119  -9.297 0.0000000000
98236  49.539  11.481  -12.120 0.0000000000
98255  45.695  10.181  -13.824 0.0000000000
98269  47.385  10.244  -13.852 0.0000000000
98272  45.358  10.671  -15.418 0.0000000000
98282  46.798  9.995  -14.291 0.0000000000
98284  45.294  10.454  -15.852 0.0000000000
98292  46.086  10.882  -14.963 0.0000000000
98293  46.157  10.712  -15.763 0.0000000000
98294  45.802  10.398  -16.044 0.0000000000
99402  52.747  11.406  -8.889 0.0000000000
99415  53.153  11.506  -9.624 0.0000000000
99416  52.311  11.391  -9.466 0.0000000000
99417  51.970  11.372  -9.153 0.0000000000
99427  51.036  12.072  -10.893 0.0000000000
99451  49.497  11.598  -12.341 0.0000000000
99463  49.949  12.230  -12.708 0.0000000000
99465  45.942  10.910  -14.233 0.0000000000
99477  47.156  10.329  -14.247 0.0000000000
99478  47.122  10.117  -14.113 0.0000000000
99479  45.872  10.998  -15.005 0.0000000000
99480  45.266  10.862  -15.568 0.0000000000
99489  46.995  10.324  -14.392 0.0000000000
99490  47.013  10.097  -14.279 0.0000000000
99492  45.500  11.003  -15.532 0.0000000000
99503  46.022  10.913  -15.203 0.0000000000
99504  45.720  10.851  -15.696 0.0000000000
100535  45.794  13.095  -3.676 0.0000000000
100598  49.912  12.627  -8.016 0.0000000000
100599  49.751  12.910  -8.146 0.0000000000
100604  55.710  13.460  -9.964 0.0000000000
100607  54.694  12.832  -8.542 0.0000000000
100608  53.617  12.828  -7.928 0.0000000000
100609  53.287  12.768  -7.979 0.0000000000
100611  49.990  12.838  -8.303 0.0000000000
100618  55.644  13.576  -10.206 0.0000000000
100619  55.606  13.145  -9.807 0.0000000000
100625  55.625  13.719  -10.562 0.0000000000
100626  55.500  13.447  -10.530 0.0000000000
100629  53.423  12.130  -10.678 0.0000000000
100630  52.091  12.690  -10.955 0.0000000000
100631  51.742  12.481  -10.879 0.0000000000
100640  55.013  12.951  -11.619 0.0000000000
100643  52.299  12.483  -11.199 0.0000000000
100652  53.529  12.025  -12.423 0.0000000000
100664  51.656  12.739  -13.200 0.0000000000
100694  46.168  11.233  -14.592 0.0000000000
100703  46.034  10.967  -14.881 0.0000000000
101690  53.908  12.759  -7.382 0.0000000000
101704  53.844  12.811  -7.715 0.0000000000
101715  55.636  13.669  -9.778 0.0000000000
101716  55.563  13.466  -9.424 0.0000000000
101724  49.054  13.551  -8.117 0.0000000000
101734  55.669  13.785  -10.098 0.0000000000
101735  55.546  13.199  -9.443 0.0000000000
101749  55.746  13.934  -11.052 0.0000000000
101763  55.565  13.525  -11.756 0.0000000000
101769  55.351  13.930  -12.274 0.0000000000
101772  53.141  12.570  -12.846 0.0000000000
101778  54.298  14.163  -12.918 0.0000000000
101781  51.817  13.440  -13.816 0.0000000000
102787  46.173  15.092  -2.130 0.0000000000
102833  46.596  13.881  -6.047 0.0000000000
102843  55.581  13.903  -9.644 0.0000000000
102845  54.915  14.007  -9.097 0.0000000000
102847  49.122  13.851  -8.652 0.0000000000
102858  55.603  14.037  -10.068 0.0000000000
102861  54.684  14.120  -9.608 0.0000000000
102863  48.993  14.172  -8.878 0.0000000000
102870  55.626  14.096  -10.325 0.0000000000
102878  50.219  13.592  -9.734 0.0000000000
102886  56.212  14.672  -11.609 0.0000000000
102887  56.031  14.157  -11.885 0.0000000000
102892  56.306  15.092  -12.082 0.0000000000
102894  55.167  14.184  -12.453 0.0000000000
102895  47.116  14.792  -12.602 0.0000000000
102897  46.591  13.808  -12.051 0.0000000000
102901  55.318  15.115  -12.869 0.0000000000
102907  47.414  14.187  -12.845 0.0000000000
102919  47.468  15.192  -13.615 0.0000000000
103981  45.990  15.131  -2.550 0.0000000000
104038  56.569  15.836  -11.017 0.0000000000
104039  56.212  15.692  -10.880 0.0000000000
104057  56.680  15.830  -11.207 0.0000000000
104059  54.492  15.731  -11.958 0.0000000000
104064  44.189  15.743  -11.704 0.0000000000
104072  56.724  15.823  -11.431 0.0000000000
104073  56.545  15.569  -11.823 0.0000000000
104077  52.685  16.080  -12.013 0.0000000000
104078  47.002  15.028  -12.530 0.0000000000
104087  55.457  15.607  -12.638 0.0000000000
104089  54.378  15.309  -13.556 0.0000000000
104091  47.044  15.219  -12.699 0.0000000000
104092  46.540  15.492  -12.880 0.0000000000
104098  53.930  15.822  -13.925 0.0000000000
104099  53.136  15.550  -14.080 0.0000000000
104103  47.125  15.480  -13.155 0.0000000000
104106  44.915  16.341  -14.093 0.0000000000
104115  45.088  16.667  -14.325 0.0000000000
104116  44.906  16.908  -14.266 0.0000000000
105223  48.153  17.330  -3.234 0.0000000000
105231  55.870  18.577  -4.957 0.0000000000
105232  55.516  18.438  -5.040 0.0000000000
105234  54.971  17.737  -5.186 0.0000000000
105244  55.891  18.475  -5.194 0.0000000000
105245  55.475  18.348  -5.319 0.0000000000
105246  55.224  17.967  -5.465 0.0000000000
105247  54.991  17.490  -5.577 0.0000000000
105258  55.877  18.455  -5.456 0.0000000000
105259  55.513  18.318  -5.751 0.0000000000
105260  55.274  17.936  -5.891 0.0000000000
105261  54.860  17.573  -6.063 0.0000000000
105262  54.297  17.175  -6.144 0.0000000000
105269  46.692  15.422  -6.038 0.0000000000
105276  52.835  17.276  -7.485 0.0000000000
105277  52.585  17.206  -7.395 0.0000000000
105306  56.714  16.040  -10.978 0.0000000000
105307  56.489  16.163  -10.962 0.0000000000
105308  56.046  16.209  -10.909 0.0000000000
105309  55.455  16.149  -11.028 0.0000000000
105313  49.799  15.065  -10.455 0.0000000000
105320  56.759  16.139  -11.234 0.0000000000
105321  56.349  16.296  -11.363 0.0000000000
105331  56.633  16.106  -11.648 0.0000000000
105332  56.113  16.096  -11.919 0.0000000000
105342  54.807  16.650  -13.614 0.0000000000
105347  54.184  16.556  -13.944 0.0000000000
105354  46.044  16.704  -14.451 0.0000000000
105355  44.657  16.872  -13.920 0.0000000000
105356  44.742  17.078  -14.124 0.0000000000
105364  46.843  16.496  -15.087 0.0000000000
105365  45.583  16.956  -14.414 0.0000000000
105366  45.145  17.123  -14.393 0.0000000000
105367  44.869  17.229  -14.296 0.0000000000
106348  45.039  18.206  1.145 0.0000000000
106374  46.892  17.534  -0.234 0.0000000000
106411  56.174  18.661  -5.036 0.0000000000
106412  55.655  18.711  -4.902 0.0000000000
106413  55.148  18.452  -4.912 0.0000000000
106414  54.783  18.005  -4.959 0.0000000000
106415  53.477  17.844  -4.869 0.0000000000
106429  56.354  18.556  -5.368 0.0000000000
106430  54.507  17.491  -5.183 0.0000000000
106445  55.739  18.466  -6.026 0.0000000000
106453  48.682  17.351  -6.212 0.0000000000
106476  53.643  18.703  -9.967 0.0000000000
106480  51.845  17.309  -10.156 0.0000000000
106485  53.527  18.526  -9.982 0.0000000000
106486  53.191  18.203  -10.020 0.0000000000
106510  52.740  17.140  -12.102 0.0000000000
106519  53.177  17.739  -13.715 0.0000000000
106520  52.650  17.978  -13.756 0.0000000000
106524  47.555  17.794  -14.058 0.0000000000
106525  44.460  17.352  -13.570 0.0000000000
106526  44.162  17.721  -13.143 0.0000000000
106531  53.842  16.887  -14.080 0.0000000000
106538  47.700  17.788  -14.333 0.0000000000
106540  46.257  16.951  -14.677 0.0000000000
106541  44.595  17.389  -13.929 0.0000000000
106550  46.654  17.057  -15.453 0.0000000000
106551  46.293  17.369  -14.776 0.0000000000
106553  44.981  17.600  -14.462 0.0000000000
106565  47.399  17.175  -16.113 0.0000000000
106566  46.781  17.061  -16.053 0.0000000000
106568  46.014  17.817  -14.759 0.0000000000
107410  48.805  19.092  0.934 0.0000000000
107423  46.818  17.662  0.706 0.0000000000
107429  46.542  17.941  0.138 0.0000000000
107441  49.280  18.358  -0.849 0.0000000000
107477  57.368  18.828  -5.325 0.0000000000
107478  56.949  18.865  -5.244 0.0000000000
107481  54.619  18.516  -4.686 0.0000000000
107485  51.589  18.210  -4.206 0.0000000000
107494  57.475  18.832  -5.549 0.0000000000
107495  56.862  18.723  -5.656 0.0000000000
107497  54.074  17.773  -5.060 0.0000000000
107502  57.295  18.929  -5.868 0.0000000000
107503  56.574  18.865  -6.051 0.0000000000
107504  55.872  18.849  -6.288 0.0000000000
107527  48.626  19.433  -8.686 0.0000000000
107535  53.563  18.806  -10.136 0.0000000000
107536  53.626  18.982  -9.979 0.0000000000
107537  53.489  18.889  -9.554 0.0000000000
107539  48.094  18.771  -9.429 0.0000000000
107546  53.429  18.452  -10.244 0.0000000000
107548  53.138  18.220  -11.053 0.0000000000
107559  49.741  18.690  -10.888 0.0000000000
107580  54.530  17.902  -13.034 0.0000000000
107581  54.334  17.937  -13.252 0.0000000000
107584  51.904  18.640  -13.491 0.0000000000
107590  45.623  18.604  -13.135 0.0000000000
107591  44.504  17.696  -13.780 0.0000000000
107602  46.785  18.249  -13.953 0.0000000000
107603  44.582  17.804  -13.976 0.0000000000
107604  44.695  18.079  -14.259 0.0000000000
107611  47.682  18.080  -14.941 0.0000000000
107612  47.375  18.300  -14.867 0.0000000000
107613  46.631  17.400  -15.844 0.0000000000
107615  45.762  18.011  -14.680 0.0000000000
107616  45.218  18.032  -14.586 0.0000000000
107624  46.785  17.868  -15.978 0.0000000000
107625  46.477  17.925  -15.248 0.0000000000
107626  46.064  18.012  -15.009 0.0000000000
108456  43.969  19.829  2.386 0.0000000000
108475  48.889  19.246  0.300 0.0000000000
108497  54.918  19.656  -3.215 0.0000000000
108498  54.362  19.355  -2.943 0.0000000000
108512  54.724  19.864  -3.975 0.0000000000
108514  52.061  18.341  -3.873 0.0000000000
108521  57.554  19.022  -5.254 0.0000000000
108522  56.990  19.405  -4.980 0.0000000000
108523  56.364  19.692  -4.862 0.0000000000
108525  54.687  19.297  -4.385 0.0000000000
108526  52.125  18.240  -4.058 0.0000000000
108527  51.932  18.269  -4.024 0.0000000000
108536  57.906  19.208  -5.752 0.0000000000
108537  57.412  19.350  -5.402 0.0000000000
108544  57.193  19.317  -6.001 0.0000000000
108545  56.488  19.495  -6.113 0.0000000000
108553  49.116  20.244  -6.667 0.0000000000
108554  48.456  20.434  -6.712 0.0000000000
108555  48.197  20.530  -6.838 0.0000000000
108570  48.142  20.251  -6.903 0.0000000000
108584  46.064  19.414  -8.815 0.0000000000
108590  53.370  18.701  -10.375 0.0000000000
108599  45.867  19.390  -9.074 0.0000000000
108604  53.267  18.399  -10.660 0.0000000000
108605  53.070  18.531  -10.821 0.0000000000
108618  53.013  18.385  -12.536 0.0000000000
108632  53.643  18.358  -12.809 0.0000000000
108636  51.255  19.088  -12.178 0.0000000000
108638  45.809  18.651  -12.485 0.0000000000
108646  54.408  18.189  -13.072 0.0000000000
108647  54.055  18.333  -13.091 0.0000000000
108673  47.521  18.227  -15.294 0.0000000000
108675  46.804  18.363  -14.925 0.0000000000
108676  46.279  18.172  -14.652 0.0000000000
108677  45.594  18.195  -14.452 0.0000000000
108683  47.540  18.138  -15.539 0.0000000000
108684  47.253  18.250  -15.567 0.0000000000
108685  46.821  18.284  -15.360 0.0000000000
109519  41.898  19.801  4.947 0.0000000000
109559  43.965  19.948  3.015 0.0000000000
109587  49.345  20.012  0.028 0.0000000000
109597  50.793  20.467  -1.348 0.0000000000
109611  53.008  20.310  -2.718 0.0000000000
109633  56.722  19.834  -4.963 0.0000000000
109643  57.495  19.407  -5.479 0.0000000000
109644  57.006  19.784  -5.322 0.0000000000
109647  52.620  21.275  -6.424 0.0000000000
109653  56.865  19.856  -5.753 0.0000000000
109671  48.007  20.085  -7.062 0.0000000000
109672  48.032  20.622  -7.173 0.0000000000
109681  46.190  19.572  -8.701 0.0000000000
109689  45.655  20.147  -9.196 0.0000000000
109697  44.913  20.513  -10.848 0.0000000000
109705  52.012  19.505  -12.202 0.0000000000
109707  44.658  21.022  -11.183 0.0000000000
109713  52.135  19.461  -12.387 0.0000000000
109714  51.677  19.541  -12.548 0.0000000000
109717  44.571  21.131  -12.936 0.0000000000
109724  52.087  19.170  -12.714 0.0000000000
109726  51.571  19.161  -12.647 0.0000000000
110649  50.249  20.687  0.669 0.0000000000
110684  51.811  21.190  -2.165 0.0000000000
110706  56.100  21.057  -4.985 0.0000000000
110708  52.659  21.587  -6.436 0.0000000000
110717  52.413  21.222  -6.421 0.0000000000
110729  49.583  21.792  -6.610 0.0000000000
110731  48.107  21.344  -6.993 0.0000000000
110739  55.244  22.321  -6.465 0.0000000000
110740  54.905  22.781  -6.616 0.0000000000
110742  48.210  21.275  -7.627 0.0000000000
110748  55.505  22.698  -6.353 0.0000000000
110749  55.258  22.856  -6.510 0.0000000000
110751  48.482  21.771  -7.956 0.0000000000
110753  47.086  21.219  -8.568 0.0000000000
110761  46.276  21.118  -8.908 0.0000000000
110768  44.906  21.169  -10.782 0.0000000000
110770  42.504  22.685  -10.822 0.0000000000
110774  44.923  21.636  -11.142 0.0000000000
110775  44.648  21.256  -10.944 0.0000000000
111637  51.618  21.743  -2.018 0.0000000000
111680  49.347  22.545  -6.916 0.0000000000
111681  48.689  22.362  -7.125 0.0000000000
111687  54.805  23.231  -6.625 0.0000000000
111688  51.141  22.729  -7.531 0.0000000000
111696  55.542  23.074  -6.371 0.0000000000
111697  55.300  23.282  -6.513 0.0000000000
111698  55.037  23.235  -6.617 0.0000000000
111699  50.090  23.107  -8.496 0.0000000000
111718  48.385  23.572  -10.387 0.0000000000
111722  42.519  22.763  -11.189 0.0000000000
111723  42.433  22.979  -10.909 0.0000000000
111727  47.857  23.605  -12.314 0.0000000000
111735  47.803  23.592  -12.765 0.0000000000
111736  47.447  23.314  -12.623 0.0000000000
111740  42.486  22.610  -12.163 0.0000000000
111741  42.088  22.873  -11.903 0.0000000000
111746  47.677  23.695  -12.934 0.0000000000
111747  47.412  23.466  -12.887 0.0000000000
111748  47.132  23.257  -12.806 0.0000000000
112649  52.731  24.082  -8.150 0.0000000000
112652  51.054  22.896  -8.145 0.0000000000
112663  52.683  24.064  -8.406 0.0000000000
112664  52.444  23.986  -8.381 0.0000000000
112668  49.225  23.150  -8.775 0.0000000000
112678  51.353  24.790  -9.772 0.0000000000
112680  50.199  23.813  -9.688 0.0000000000
112689  51.491  24.958  -10.115 0.0000000000
112690  51.222  24.846  -10.219 0.0000000000
112701  48.156  23.962  -12.143 0.0000000000
112704  43.980  24.086  -11.625 0.0000000000
112705  42.325  23.332  -12.119 0.0000000000
112706  42.208  23.238  -11.769 0.0000000000
112710  48.045  23.993  -12.545 0.0000000000
112712  46.489  23.309  -12.801 0.0000000000
112713  43.427  23.151  -12.870 0.0000000000
112721  47.410  23.806  -13.024 0.0000000000
112722  46.793  23.589  -12.966 0.0000000000
113610  47.288  25.161  -6.348 0.0000000000
113616  52.750  24.551  -8.020 0.0000000000
113619  48.240  24.936  -7.701 0.0000000000
113625  52.624  24.505  -8.221 0.0000000000
113626  52.372  24.488  -8.354 0.0000000000
113627  51.911  24.389  -8.533 0.0000000000
113637  50.792  24.539  -9.043 0.0000000000
113638  45.612  25.526  -10.085 0.0000000000
113644  50.777  25.111  -10.286 0.0000000000
113651  42.393  23.463  -11.603 0.0000000000
113657  45.474  24.908  -11.615 0.0000000000
113660  42.547  23.651  -12.080 0.0000000000
113665  47.785  24.524  -12.601 0.0000000000
113666  47.195  24.719  -12.756 0.0000000000
113670  43.421  23.697  -12.800 0.0000000000
113674  47.458  24.220  -12.907 0.0000000000
113676  46.050  24.232  -13.139 0.0000000000
114653  47.640  25.320  -7.397 0.0000000000
114661  52.510  25.033  -8.066 0.0000000000
114662  52.205  25.124  -7.937 0.0000000000
114673  52.004  25.012  -8.339 0.0000000000
114674  51.186  24.629  -8.590 0.0000000000
114675  48.370  25.158  -8.643 0.0000000000
114698  47.831  24.927  -12.219 0.0000000000
114700  46.876  25.504  -11.137 0.0000000000
114705  46.934  25.439  -12.416 0.0000000000
114706  46.218  25.232  -12.214 0.0000000000
115589  47.032  25.610  -11.810 0.0000000000
115590  46.431  25.535  -11.589 0.0000000000
115591  46.141  25.424  -11.567 0.0000000000
115596  46.172  25.424  -11.798 0.0000000000
115597  46.016  25.219  -11.639 0.0000000000
153745  48.796  11.801  -14.257 0.0000000000
153749  48.013  13.866  -13.739 0.0000000000
153750  47.951  14.095  -13.670 0.0000000000
153752  47.764  14.616  -14.009 0.0000000000
153753  48.159  13.956  -13.920 0.0000000000
153953  52.931  22.381  -6.530 0.0000000000
153955  52.908  22.585  -6.571 0.0000000000
153956  52.420  21.659  -6.444 0.0000000000
153989  50.927  25.139  -9.641 0.0000000000
