#!ascii label  , from subject 3200 vox2ras=TkReg
997
63410  24.880  -16.977  29.538 0.0000000000
65814  36.273  -15.252  36.824 0.0000000000
85344  44.421  0.268  13.938 0.0000000000
77907  35.420  -6.382  23.816 0.0000000000
69593  41.105  -13.488  27.886 0.0000000000
86660  55.772  1.758  4.938 0.0000000000
82815  44.530  -0.608  18.568 0.0000000000
80448  39.136  -2.305  16.940 0.0000000000
63445  20.470  -17.620  27.689 0.0000000000
68388  29.976  -13.669  34.388 0.0000000000
67215  33.580  -13.402  30.538 0.0000000000
69597  25.998  -12.731  27.723 0.0000000000
85375  50.676  0.467  9.517 0.0000000000
62145  27.631  -18.724  33.905 0.0000000000
60922  22.892  -18.107  33.529 0.0000000000
86538  49.129  2.069  13.839 0.0000000000
63318  18.412  -16.664  34.369 0.0000000000
60889  14.266  -20.025  34.264 0.0000000000
82760  39.207  -1.300  23.098 0.0000000000
74073  38.143  -9.226  26.728 0.0000000000
68548  37.669  -14.702  22.989 0.0000000000
64670  35.618  -16.019  26.656 0.0000000000
81590  44.685  -0.839  20.364 0.0000000000
81640  41.946  -1.543  17.747 0.0000000000
81593  42.308  -0.974  20.491 0.0000000000
84035  47.256  0.415  20.289 0.0000000000
62296  24.333  -18.205  26.198 0.0000000000
62317  21.975  -19.487  25.717 0.0000000000
62254  22.917  -17.590  28.570 0.0000000000
65888  26.598  -15.688  31.510 0.0000000000
69550  28.038  -12.891  31.146 0.0000000000
67258  24.902  -14.643  28.434 0.0000000000
66019  25.125  -16.505  25.045 0.0000000000
85361  44.602  1.202  11.495 0.0000000000
85317  45.834  0.967  15.447 0.0000000000
85342  46.262  1.827  13.067 0.0000000000
85349  47.614  2.128  11.738 0.0000000000
62100  21.298  -18.795  35.800 0.0000000000
63334  20.435  -16.570  33.796 0.0000000000
63289  19.432  -18.177  36.017 0.0000000000
62028  14.791  -17.771  38.851 0.0000000000
62080  15.057  -17.797  36.366 0.0000000000
60869  13.142  -19.372  35.713 0.0000000000
59605  11.652  -20.493  36.075 0.0000000000
59574  10.559  -20.664  38.054 0.0000000000
75269  39.183  -8.221  28.897 0.0000000000
72930  39.672  -11.132  27.145 0.0000000000
70729  39.055  -12.515  24.556 0.0000000000
68515  39.428  -14.194  25.593 0.0000000000
68462  32.227  -13.207  27.601 0.0000000000
65942  34.952  -14.539  28.931 0.0000000000
67273  33.446  -14.296  26.270 0.0000000000
66034  33.757  -15.709  23.769 0.0000000000
80361  36.853  -2.967  23.682 0.0000000000
80392  36.355  -2.975  21.070 0.0000000000
79163  34.378  -5.375  21.063 0.0000000000
91322  58.926  5.303  3.238 0.0000000000
89072  56.402  3.374  3.448 0.0000000000
84085  44.313  -0.802  15.656 0.0000000000
81678  41.770  -1.036  16.001 0.0000000000
85291  47.048  0.739  18.155 0.0000000000
67127  33.246  -14.957  35.379 0.0000000000
67138  35.599  -15.285  34.021 0.0000000000
68405  32.852  -12.853  32.565 0.0000000000
68448  29.774  -12.362  29.174 0.0000000000
69606  27.837  -12.459  25.923 0.0000000000
86568  52.845  0.717  12.071 0.0000000000
85372  53.260  0.151  9.705 0.0000000000
85433  53.164  1.034  7.429 0.0000000000
86654  53.260  1.614  4.729 0.0000000000
62213  26.081  -17.021  32.478 0.0000000000
60959  23.827  -17.662  31.636 0.0000000000
60900  25.112  -19.634  33.588 0.0000000000
65842  29.194  -15.895  34.527 0.0000000000
85347  49.690  0.926  11.400 0.0000000000
62218  21.759  -16.745  30.800 0.0000000000
63376  18.966  -16.841  31.477 0.0000000000
62198  16.314  -18.150  31.273 0.0000000000
62078  17.166  -17.754  36.028 0.0000000000
62128  16.114  -18.368  34.000 0.0000000000
59532  8.574  -21.260  39.710 0.0000000000
81557  42.409  -1.078  22.859 0.0000000000
79112  37.474  -5.037  26.113 0.0000000000
77857  37.681  -6.566  27.367 0.0000000000
76590  36.404  -7.590  25.649 0.0000000000
72958  37.786  -10.859  24.099 0.0000000000
69668  38.046  -13.100  21.823 0.0000000000
67398  34.932  -15.019  20.453 0.0000000000
65886  36.644  -15.468  31.537 0.0000000000
65921  37.809  -16.075  29.708 0.0000000000
65956  38.535  -16.330  27.613 0.0000000000
66010  37.051  -16.151  24.871 0.0000000000
67350  34.440  -15.811  21.888 0.0000000000
81596  39.110  -1.455  20.675 0.0000000000
80451  36.094  -3.082  17.510 0.0000000000
81553  45.207  -0.737  21.712 0.0000000000
81591  43.984  -1.102  20.409 0.0000000000
81568  43.900  -1.218  21.212 0.0000000000
82782  46.399  -0.561  21.344 0.0000000000
62275  23.865  -17.388  27.317 0.0000000000
62276  23.304  -17.978  27.440 0.0000000000
62253  23.552  -17.299  28.656 0.0000000000
64591  26.179  -16.720  30.190 0.0000000000
67230  26.409  -15.170  29.873 0.0000000000
64633  24.799  -15.945  29.166 0.0000000000
64657  24.945  -16.302  27.637 0.0000000000
85352  44.311  1.259  12.775 0.0000000000
85333  45.212  0.683  14.651 0.0000000000
86540  46.814  1.730  14.658 0.0000000000
85343  45.221  1.278  13.560 0.0000000000
85351  45.406  1.584  12.387 0.0000000000
60799  13.696  -18.722  38.733 0.0000000000
60808  13.983  -18.859  38.028 0.0000000000
60825  13.371  -19.318  37.494 0.0000000000
59604  12.429  -19.814  35.908 0.0000000000
59589  12.451  -19.858  37.295 0.0000000000
59590  11.217  -20.456  37.141 0.0000000000
72922  40.894  -10.740  28.284 0.0000000000
70705  40.580  -12.593  27.641 0.0000000000
70717  39.653  -12.591  26.286 0.0000000000
69594  40.104  -13.509  27.352 0.0000000000
65821  38.141  -15.430  36.477 0.0000000000
68503  31.181  -12.831  26.001 0.0000000000
67257  32.914  -13.626  26.931 0.0000000000
68516  31.663  -13.489  25.031 0.0000000000
67309  31.864  -14.311  24.059 0.0000000000
79135  35.740  -5.348  24.218 0.0000000000
79147  35.384  -5.100  22.421 0.0000000000
85473  55.915  0.497  5.874 0.0000000000
86650  57.233  0.990  5.516 0.0000000000
87813  57.047  1.670  5.275 0.0000000000
89065  57.663  3.183  4.342 0.0000000000
87819  56.630  2.383  4.627 0.0000000000
82840  44.345  -0.634  16.764 0.0000000000
82855  43.468  -1.171  15.971 0.0000000000
81676  43.086  -1.168  16.746 0.0000000000
80447  40.361  -1.953  17.093 0.0000000000
80469  40.604  -2.084  16.419 0.0000000000
80470  39.314  -2.411  16.111 0.0000000000
84037  46.009  -0.249  19.610 0.0000000000
82825  45.918  -0.353  18.157 0.0000000000
84074  45.727  -0.161  16.735 0.0000000000
62278  21.672  -18.208  27.058 0.0000000000
63429  19.064  -18.206  27.781 0.0000000000
68372  32.056  -13.773  34.607 0.0000000000
67159  32.813  -14.196  34.051 0.0000000000
68387  31.257  -13.172  34.000 0.0000000000
69580  27.082  -12.255  28.755 0.0000000000
69566  29.210  -12.234  30.091 0.0000000000
69579  28.868  -12.305  28.471 0.0000000000
69595  28.935  -12.373  26.709 0.0000000000
69607  26.739  -12.742  26.340 0.0000000000
69620  26.242  -13.321  25.452 0.0000000000
72988  36.706  -10.852  22.071 0.0000000000
86604  51.112  0.335  10.362 0.0000000000
86602  52.910  0.145  10.509 0.0000000000
85374  51.445  0.136  9.602 0.0000000000
85434  51.971  1.090  7.054 0.0000000000
85460  52.270  1.125  6.075 0.0000000000
85459  53.518  1.363  6.627 0.0000000000
62170  27.117  -17.962  33.617 0.0000000000
60937  25.358  -18.026  33.254 0.0000000000
60881  26.718  -19.754  34.136 0.0000000000
63333  28.065  -17.440  33.981 0.0000000000
64561  27.548  -16.597  33.052 0.0000000000
86552  51.342  0.866  12.929 0.0000000000
86571  49.449  1.398  12.428 0.0000000000
85358  47.919  1.746  10.810 0.0000000000
60940  23.197  -17.677  32.382 0.0000000000
62217  22.532  -17.221  31.446 0.0000000000
60941  22.512  -17.573  32.726 0.0000000000
63335  19.265  -16.538  33.547 0.0000000000
63357  19.957  -16.650  32.882 0.0000000000
63358  19.033  -16.881  32.530 0.0000000000
63377  17.984  -17.125  31.087 0.0000000000
63337  17.206  -17.190  32.568 0.0000000000
62042  16.678  -17.618  37.502 0.0000000000
60867  14.821  -18.855  34.731 0.0000000000
62105  15.251  -18.109  35.538 0.0000000000
60888  14.852  -19.558  33.881 0.0000000000
62152  15.277  -19.219  32.410 0.0000000000
80336  38.184  -3.310  25.647 0.0000000000
75279  39.142  -8.563  28.093 0.0000000000
76548  38.820  -7.542  28.491 0.0000000000
75288  37.916  -8.398  27.156 0.0000000000
76589  36.673  -7.504  26.407 0.0000000000
75300  37.461  -8.503  26.468 0.0000000000
74098  37.107  -9.697  24.677 0.0000000000
74097  37.586  -10.201  24.909 0.0000000000
69631  38.734  -13.440  23.948 0.0000000000
70742  37.945  -12.500  23.491 0.0000000000
69650  37.817  -14.338  22.590 0.0000000000
68586  37.220  -14.423  21.529 0.0000000000
68568  36.884  -15.108  21.689 0.0000000000
67177  34.667  -14.187  32.432 0.0000000000
67175  36.228  -15.129  32.230 0.0000000000
67196  35.618  -15.060  31.279 0.0000000000
65959  35.179  -15.218  27.310 0.0000000000
65923  36.270  -15.070  29.227 0.0000000000
64626  36.652  -15.601  27.845 0.0000000000
65939  38.656  -16.300  28.660 0.0000000000
64647  37.070  -16.188  27.350 0.0000000000
65990  37.661  -16.288  25.710 0.0000000000
64693  35.741  -16.136  25.865 0.0000000000
66035  32.678  -15.798  23.400 0.0000000000
66033  34.777  -15.653  24.013 0.0000000000
82758  41.083  -0.752  22.949 0.0000000000
81571  40.822  -1.259  21.436 0.0000000000
81573  38.706  -1.542  21.649 0.0000000000
80411  35.271  -3.304  19.463 0.0000000000
80429  35.577  -2.777  18.483 0.0000000000
91325  59.203  5.031  2.135 0.0000000000
81626  44.309  -0.555  19.194 0.0000000000
81638  43.557  -1.526  18.047 0.0000000000
81628  43.058  -1.550  18.639 0.0000000000
81614  42.258  -1.438  19.170 0.0000000000
80406  41.130  -1.540  18.839 0.0000000000
84022  46.947  -0.265  21.114 0.0000000000
82799  46.263  -0.420  20.734 0.0000000000
62298  22.953  -18.557  26.309 0.0000000000
62277  22.542  -18.176  27.341 0.0000000000
62255  22.078  -17.547  28.316 0.0000000000
68409  28.268  -13.786  33.037 0.0000000000
69520  28.999  -13.276  32.836 0.0000000000
68433  27.034  -13.768  31.294 0.0000000000
68449  25.977  -14.135  29.765 0.0000000000
68487  25.431  -13.770  27.893 0.0000000000
67292  25.108  -14.646  26.471 0.0000000000
65980  25.298  -16.050  26.828 0.0000000000
63478  24.679  -18.033  25.836 0.0000000000
85415  49.304  0.806  7.718 0.0000000000
60834  27.103  -18.482  35.438 0.0000000000
86520  46.841  2.109  16.131 0.0000000000
86529  47.293  2.262  15.044 0.0000000000
86539  47.981  2.062  14.126 0.0000000000
86572  48.234  2.032  12.461 0.0000000000
86573  47.188  2.199  12.566 0.0000000000
85360  45.529  1.882  11.243 0.0000000000
62123  22.168  -18.704  34.792 0.0000000000
62147  22.202  -17.966  34.238 0.0000000000
62124  21.424  -17.994  35.045 0.0000000000
62125  20.417  -17.659  35.077 0.0000000000
63303  18.616  -17.235  35.447 0.0000000000
62043  15.909  -17.632  37.936 0.0000000000
62063  15.007  -17.892  37.330 0.0000000000
60823  14.377  -18.363  36.744 0.0000000000
60868  13.843  -19.406  35.090 0.0000000000
59628  12.904  -20.209  34.859 0.0000000000
74064  40.071  -9.543  27.927 0.0000000000
72931  39.159  -10.572  26.786 0.0000000000
72939  38.590  -11.161  26.090 0.0000000000
71846  39.145  -11.973  26.152 0.0000000000
69616  39.337  -13.384  24.946 0.0000000000
68533  38.574  -14.413  23.934 0.0000000000
68445  33.023  -13.171  29.154 0.0000000000
67227  34.629  -14.415  29.540 0.0000000000
67242  33.714  -13.559  28.103 0.0000000000
67272  33.916  -14.364  26.717 0.0000000000
65975  34.543  -14.799  26.591 0.0000000000
64716  34.654  -15.765  25.835 0.0000000000
66014  33.475  -15.203  24.467 0.0000000000
81560  37.648  -2.370  23.159 0.0000000000
81574  37.471  -2.261  21.944 0.0000000000
80376  36.480  -3.375  21.955 0.0000000000
80377  35.861  -3.673  21.475 0.0000000000
153483  58.865  4.167  4.599 0.0000000000
90192  57.142  4.235  3.065 0.0000000000
84119  44.217  -0.152  14.814 0.0000000000
84140  43.298  0.002  13.724 0.0000000000
84102  43.225  -0.690  14.810 0.0000000000
80467  41.918  -1.148  16.695 0.0000000000
81680  40.699  -1.898  15.315 0.0000000000
86472  48.805  0.827  20.216 0.0000000000
86483  48.126  1.240  19.582 0.0000000000
87720  47.892  2.028  17.800 0.0000000000
86508  46.838  0.859  16.861 0.0000000000
85306  46.094  -0.149  15.905 0.0000000000
65824  35.124  -15.215  35.957 0.0000000000
65832  36.015  -15.245  34.728 0.0000000000
67125  34.765  -15.091  34.901 0.0000000000
67178  33.795  -13.607  32.747 0.0000000000
68404  33.474  -12.974  31.876 0.0000000000
69548  30.097  -12.598  31.715 0.0000000000
68432  30.981  -12.416  31.060 0.0000000000
68431  32.087  -12.441  30.372 0.0000000000
68463  31.251  -12.727  28.143 0.0000000000
68485  30.299  -12.670  27.273 0.0000000000
68518  29.833  -12.644  24.640 0.0000000000
85389  54.428  -0.112  9.031 0.0000000000
85412  51.810  0.457  7.949 0.0000000000
85411  52.845  0.454  8.098 0.0000000000
85409  54.860  -0.085  8.220 0.0000000000
85458  54.691  1.021  6.781 0.0000000000
85474  54.994  1.117  6.015 0.0000000000
86653  54.277  1.798  5.142 0.0000000000
86661  54.712  1.950  4.421 0.0000000000
62236  25.490  -17.209  30.863 0.0000000000
62216  24.589  -17.517  30.946 0.0000000000
62215  25.104  -17.411  31.565 0.0000000000
60938  24.739  -17.990  33.147 0.0000000000
60901  24.317  -19.362  33.755 0.0000000000
60861  25.720  -19.757  35.112 0.0000000000
60885  23.275  -19.484  34.759 0.0000000000
62098  22.629  -19.434  35.755 0.0000000000
65805  35.690  -15.282  37.358 0.0000000000
67100  34.341  -15.177  37.107 0.0000000000
67128  32.170  -14.383  35.569 0.0000000000
68362  31.217  -14.058  35.450 0.0000000000
67130  30.278  -14.694  36.009 0.0000000000
67161  29.168  -14.818  34.160 0.0000000000
65872  28.128  -15.780  33.089 0.0000000000
64575  26.375  -16.375  31.835 0.0000000000
86551  52.335  0.828  12.848 0.0000000000
86569  51.839  0.708  12.052 0.0000000000
86587  50.553  0.559  10.980 0.0000000000
85348  48.734  1.636  11.600 0.0000000000
85357  49.055  1.569  10.637 0.0000000000
85376  49.961  0.860  9.517 0.0000000000
60980  23.688  -17.413  30.629 0.0000000000
62240  22.590  -17.137  29.940 0.0000000000
62241  21.343  -17.114  29.340 0.0000000000
62173  20.958  -16.927  32.805 0.0000000000
62197  20.895  -16.833  31.501 0.0000000000
63412  20.089  -16.747  29.437 0.0000000000
64612  18.430  -17.170  29.530 0.0000000000
63396  17.264  -17.975  29.640 0.0000000000
63290  18.404  -17.888  36.300 0.0000000000
62102  17.749  -17.031  35.554 0.0000000000
62104  15.934  -17.829  34.984 0.0000000000
62150  16.766  -17.542  33.415 0.0000000000
62174  16.377  -17.820  32.332 0.0000000000
59553  9.477  -21.026  38.799 0.0000000000
81542  43.598  -0.573  23.069 0.0000000000
81546  38.726  -2.159  23.999 0.0000000000
80348  38.153  -3.003  24.968 0.0000000000
80338  36.894  -4.154  25.074 0.0000000000
77894  36.493  -5.646  25.279 0.0000000000
79098  37.785  -5.576  26.897 0.0000000000
77883  36.594  -6.279  25.764 0.0000000000
76606  36.010  -7.519  24.428 0.0000000000
75343  36.429  -8.983  24.458 0.0000000000
72969  36.539  -10.910  23.017 0.0000000000
71871  37.209  -11.275  22.410 0.0000000000
71854  38.258  -11.771  24.433 0.0000000000
70754  37.914  -12.411  22.580 0.0000000000
70772  37.913  -12.293  21.645 0.0000000000
69691  37.167  -13.376  20.873 0.0000000000
68608  35.382  -14.263  19.991 0.0000000000
68443  40.323  -13.740  29.560 0.0000000000
65839  37.124  -15.507  34.104 0.0000000000
65853  37.380  -15.503  33.244 0.0000000000
65869  38.308  -15.892  32.250 0.0000000000
65905  35.859  -15.427  30.535 0.0000000000
65904  36.764  -15.849  30.462 0.0000000000
65883  39.089  -15.698  31.178 0.0000000000
65901  38.965  -15.361  30.275 0.0000000000
67240  39.991  -15.594  29.150 0.0000000000
67253  40.259  -15.062  27.624 0.0000000000
67271  39.444  -15.166  26.695 0.0000000000
67289  38.281  -15.780  25.040 0.0000000000
66030  37.409  -15.964  24.272 0.0000000000
66012  35.238  -15.824  24.836 0.0000000000
66032  35.777  -15.982  23.926 0.0000000000
67325  35.941  -15.671  23.094 0.0000000000
67373  35.293  -15.236  21.309 0.0000000000
81570  42.011  -1.339  21.739 0.0000000000
81616  40.638  -1.169  19.653 0.0000000000
80407  39.869  -1.472  18.746 0.0000000000
81619  37.257  -1.531  20.189 0.0000000000
80409  37.304  -1.353  19.110 0.0000000000
80449  38.012  -2.295  17.025 0.0000000000
86667  55.094  1.764  2.956 0.0000000000
81554  44.465  -0.778  21.855 0.0000000000
62252  24.166  -16.910  28.991 0.0000000000
63409  25.637  -17.235  29.960 0.0000000000
64611  25.692  -16.511  29.650 0.0000000000
63425  25.114  -16.679  29.455 0.0000000000
63426  24.471  -16.498  28.988 0.0000000000
85353  43.463  0.644  13.044 0.0000000000
60809  12.996  -19.191  38.139 0.0000000000
59572  12.627  -19.905  38.194 0.0000000000
70704  41.339  -12.455  28.289 0.0000000000
71835  40.993  -11.600  27.795 0.0000000000
65813  37.223  -15.406  37.339 0.0000000000
65822  37.028  -15.333  36.070 0.0000000000
68517  30.790  -13.001  24.929 0.0000000000
68534  31.223  -13.598  24.236 0.0000000000
77906  35.771  -6.035  24.273 0.0000000000
79136  35.278  -5.249  23.319 0.0000000000
86651  56.285  1.030  5.513 0.0000000000
86659  56.575  1.565  5.257 0.0000000000
82827  44.258  -0.801  17.606 0.0000000000
82841  43.615  -0.776  17.029 0.0000000000
82828  43.778  -1.151  17.612 0.0000000000
80425  40.184  -1.683  17.861 0.0000000000
79221  38.667  -2.546  16.182 0.0000000000
79222  38.074  -2.723  16.290 0.0000000000
82814  45.531  -0.321  18.957 0.0000000000
82813  46.142  -0.140  18.698 0.0000000000
82826  45.153  -0.428  17.593 0.0000000000
62256  21.187  -17.536  27.892 0.0000000000
62279  20.697  -18.333  26.871 0.0000000000
63446  19.904  -18.196  27.313 0.0000000000
63428  19.845  -17.351  28.162 0.0000000000
68373  31.092  -13.618  34.869 0.0000000000
69596  27.532  -12.230  27.300 0.0000000000
69608  25.962  -13.383  26.548 0.0000000000
71890  36.954  -11.317  21.066 0.0000000000
86603  51.931  -0.054  10.506 0.0000000000
62146  26.973  -18.683  33.734 0.0000000000
60880  27.324  -19.261  34.111 0.0000000000
62144  27.754  -17.971  34.375 0.0000000000
62169  27.613  -17.945  33.961 0.0000000000
86537  50.039  1.717  13.727 0.0000000000
86553  50.339  1.221  13.032 0.0000000000
86554  49.606  1.803  13.191 0.0000000000
63336  17.948  -16.684  33.206 0.0000000000
63359  17.983  -16.744  32.081 0.0000000000
63275  17.087  -17.221  38.162 0.0000000000
60905  14.572  -19.426  32.914 0.0000000000
74066  38.280  -8.963  27.293 0.0000000000
75280  38.412  -8.515  27.653 0.0000000000
74081  37.577  -9.876  25.757 0.0000000000
68547  38.090  -14.553  23.433 0.0000000000
69649  37.781  -13.559  23.124 0.0000000000
68567  37.577  -14.979  22.211 0.0000000000
67347  37.225  -15.332  22.900 0.0000000000
67198  34.062  -13.451  31.471 0.0000000000
67197  34.897  -14.326  31.369 0.0000000000
67214  34.296  -14.042  30.422 0.0000000000
64650  35.343  -15.575  27.145 0.0000000000
64627  36.014  -15.397  27.577 0.0000000000
64648  36.166  -15.893  27.212 0.0000000000
64669  36.321  -16.135  26.576 0.0000000000
82759  40.125  -0.937  22.783 0.0000000000
82771  40.299  -1.304  22.027 0.0000000000
81558  39.458  -1.346  22.265 0.0000000000
81611  44.297  -0.689  19.605 0.0000000000
81627  43.787  -0.843  18.917 0.0000000000
81612  43.999  -0.880  19.793 0.0000000000
81592  43.177  -1.236  20.373 0.0000000000
80405  41.653  -1.614  18.679 0.0000000000
81615  41.579  -0.966  19.677 0.0000000000
84009  48.730  0.418  21.516 0.0000000000
81566  45.213  -0.755  21.081 0.0000000000
82783  45.688  -0.643  20.884 0.0000000000
82784  45.219  -0.658  20.382 0.0000000000
82801  44.871  -0.567  19.621 0.0000000000
67181  27.721  -14.764  32.835 0.0000000000
68423  27.553  -13.679  32.265 0.0000000000
67200  26.889  -14.679  32.064 0.0000000000
67231  26.128  -15.075  29.436 0.0000000000
68450  25.794  -14.642  29.318 0.0000000000
68465  25.681  -13.456  28.599 0.0000000000
67275  24.970  -14.516  27.348 0.0000000000
67259  24.803  -15.074  27.738 0.0000000000
63462  24.583  -17.481  26.604 0.0000000000
64676  25.131  -16.886  26.811 0.0000000000
86521  46.831  1.203  16.451 0.0000000000
86530  46.621  1.458  15.693 0.0000000000
85332  46.087  1.459  14.173 0.0000000000
86556  47.325  1.900  13.462 0.0000000000
62099  22.093  -19.147  35.551 0.0000000000
62101  20.494  -18.323  35.721 0.0000000000
63302  19.703  -17.781  35.329 0.0000000000
62027  15.512  -17.454  38.584 0.0000000000
60824  13.735  -18.726  37.162 0.0000000000
60841  13.613  -18.659  36.130 0.0000000000
59629  12.091  -20.837  35.111 0.0000000000
59591  10.395  -21.267  36.990 0.0000000000
72923  40.240  -10.793  27.744 0.0000000000
74063  40.655  -10.151  28.006 0.0000000000
72924  39.537  -10.360  27.467 0.0000000000
72938  39.336  -11.312  26.532 0.0000000000
69615  39.597  -13.320  25.851 0.0000000000
68532  39.111  -14.256  24.598 0.0000000000
67305  39.225  -14.876  25.110 0.0000000000
68446  32.292  -12.916  28.882 0.0000000000
67229  33.138  -13.284  28.635 0.0000000000
67243  32.955  -13.380  27.863 0.0000000000
67274  32.809  -13.817  25.996 0.0000000000
67256  33.481  -13.932  27.208 0.0000000000
65976  33.951  -14.640  26.271 0.0000000000
65995  33.711  -15.235  25.821 0.0000000000
67290  33.191  -14.522  25.213 0.0000000000
67308  32.646  -14.882  24.245 0.0000000000
80375  36.780  -2.814  22.743 0.0000000000
80362  36.255  -3.806  22.994 0.0000000000
77937  35.217  -5.758  22.060 0.0000000000
79161  35.903  -4.031  21.811 0.0000000000
79162  35.191  -4.704  21.447 0.0000000000
89071  56.760  3.146  4.031 0.0000000000
90188  57.047  3.741  3.886 0.0000000000
89078  56.138  3.390  2.523 0.0000000000
84100  44.514  -0.450  15.309 0.0000000000
84120  43.684  -0.251  14.365 0.0000000000
84101  43.853  -0.686  15.162 0.0000000000
82856  42.277  -0.965  15.771 0.0000000000
82866  42.332  -0.755  15.164 0.0000000000
81692  41.532  -0.836  15.392 0.0000000000
81693  40.774  -1.320  15.119 0.0000000000
81639  42.688  -1.531  17.746 0.0000000000
81656  42.557  -1.205  17.047 0.0000000000
80445  41.943  -1.319  17.234 0.0000000000
80496  39.738  -1.928  15.361 0.0000000000
80495  41.109  -2.205  15.923 0.0000000000
80520  39.370  -1.782  14.619 0.0000000000
85252  48.344  0.630  20.647 0.0000000000
85263  47.689  0.711  20.151 0.0000000000
84063  46.786  0.513  18.706 0.0000000000
85278  47.251  0.750  19.181 0.0000000000
86495  47.580  1.351  18.490 0.0000000000
86507  47.129  1.411  17.247 0.0000000000
85292  46.698  0.602  17.328 0.0000000000
82853  45.078  -0.655  16.049 0.0000000000
84083  45.525  -0.604  16.016 0.0000000000
84084  44.927  -0.583  15.742 0.0000000000
85319  44.913  -0.332  15.375 0.0000000000
65825  34.683  -15.237  35.983 0.0000000000
67112  35.202  -15.140  35.404 0.0000000000
67126  34.084  -15.075  35.118 0.0000000000
67179  33.057  -13.767  33.317 0.0000000000
67158  33.604  -14.337  33.706 0.0000000000
69534  28.537  -13.080  32.213 0.0000000000
69533  29.425  -12.879  32.279 0.0000000000
69549  29.197  -12.447  31.447 0.0000000000
69565  30.076  -12.243  30.804 0.0000000000
68447  30.769  -12.322  29.600 0.0000000000
68464  30.189  -12.563  28.546 0.0000000000
68504  30.007  -12.672  25.854 0.0000000000
69605  28.929  -12.368  25.349 0.0000000000
67293  25.253  -15.458  25.800 0.0000000000
86550  53.233  0.778  12.859 0.0000000000
86601  53.975  0.058  10.502 0.0000000000
86614  54.006  -0.038  9.630 0.0000000000
85413  50.871  0.221  7.772 0.0000000000
85392  51.661  0.002  8.755 0.0000000000
85410  53.846  0.129  8.145 0.0000000000
85432  54.230  0.543  7.436 0.0000000000
85475  53.892  1.440  5.822 0.0000000000
62214  25.631  -16.996  31.871 0.0000000000
60919  25.244  -18.906  33.364 0.0000000000
60920  24.563  -18.771  33.388 0.0000000000
60860  26.678  -19.765  35.063 0.0000000000
60862  24.842  -19.702  35.214 0.0000000000
60884  24.089  -19.690  34.499 0.0000000000
60863  23.977  -19.847  35.422 0.0000000000
60864  23.095  -19.633  35.667 0.0000000000
67099  35.174  -15.266  37.336 0.0000000000
65841  29.205  -15.283  34.945 0.0000000000
67143  29.259  -14.461  35.114 0.0000000000
67144  29.221  -15.146  34.653 0.0000000000
67180  28.545  -14.838  33.427 0.0000000000
65855  28.833  -15.860  33.657 0.0000000000
63374  26.436  -16.814  32.533 0.0000000000
64562  26.748  -16.593  32.692 0.0000000000
63391  26.083  -16.684  31.724 0.0000000000
63392  25.908  -16.901  30.881 0.0000000000
84141  42.506  0.262  13.252 0.0000000000
86570  50.624  0.556  12.103 0.0000000000
85378  48.165  1.806  9.726 0.0000000000
85377  49.213  1.441  9.597 0.0000000000
60979  24.168  -17.585  31.024 0.0000000000
62238  24.106  -17.463  29.992 0.0000000000
60960  23.224  -17.270  31.091 0.0000000000
62148  21.520  -16.980  34.087 0.0000000000
62172  21.981  -17.488  33.264 0.0000000000
63375  19.966  -16.913  32.010 0.0000000000
63393  19.944  -16.469  30.872 0.0000000000
63394  18.757  -16.697  30.163 0.0000000000
63360  17.118  -17.385  31.696 0.0000000000
63395  17.846  -17.235  30.176 0.0000000000
63378  17.119  -17.697  30.689 0.0000000000
62220  16.406  -18.633  30.166 0.0000000000
63291  17.718  -17.659  36.722 0.0000000000
62077  17.812  -17.364  35.846 0.0000000000
62062  15.883  -17.445  37.009 0.0000000000
62079  15.992  -17.507  36.055 0.0000000000
60866  15.380  -18.731  34.218 0.0000000000
62127  16.786  -17.491  34.512 0.0000000000
62151  15.881  -18.582  32.990 0.0000000000
59531  9.644  -20.186  40.201 0.0000000000
59554  8.792  -21.555  38.935 0.0000000000
82743  41.373  -0.873  23.795 0.0000000000
81528  38.945  -2.474  25.276 0.0000000000
80320  37.941  -4.159  25.858 0.0000000000
80337  37.652  -4.027  25.357 0.0000000000
79125  36.790  -4.896  25.629 0.0000000000
79126  36.365  -5.061  24.928 0.0000000000
77856  38.396  -6.732  27.990 0.0000000000
79081  38.176  -5.709  27.559 0.0000000000
77871  36.888  -6.294  26.832 0.0000000000
77884  36.187  -6.939  25.363 0.0000000000
76605  36.290  -7.532  25.013 0.0000000000
75322  36.213  -8.237  24.665 0.0000000000
75321  36.660  -8.545  25.105 0.0000000000
72950  37.541  -10.440  24.454 0.0000000000
72959  37.177  -10.631  23.838 0.0000000000
71864  37.052  -11.194  23.227 0.0000000000
71847  38.739  -11.929  25.351 0.0000000000
72948  38.197  -11.416  25.311 0.0000000000
68587  36.291  -14.459  21.150 0.0000000000
68607  35.945  -14.112  20.418 0.0000000000
68588  35.510  -14.552  20.691 0.0000000000
65831  36.719  -15.322  34.965 0.0000000000
65840  36.336  -15.406  34.049 0.0000000000
65854  36.658  -15.357  33.226 0.0000000000
65871  36.900  -15.390  32.527 0.0000000000
65870  37.540  -15.554  32.349 0.0000000000
65925  34.950  -14.747  29.513 0.0000000000
67226  34.918  -14.847  29.758 0.0000000000
65924  35.260  -15.035  29.638 0.0000000000
65922  37.050  -15.947  29.577 0.0000000000
65903  37.647  -16.023  30.481 0.0000000000
65902  38.384  -15.819  30.398 0.0000000000
65920  38.416  -15.894  29.486 0.0000000000
65938  39.710  -16.167  28.343 0.0000000000
65937  40.120  -15.738  27.739 0.0000000000
65954  39.833  -15.412  27.476 0.0000000000
67254  39.633  -15.072  27.260 0.0000000000
65955  39.319  -15.710  27.282 0.0000000000
65989  38.765  -16.077  25.697 0.0000000000
66009  37.677  -16.026  24.805 0.0000000000
67307  37.942  -15.562  24.335 0.0000000000
66031  36.761  -16.183  24.056 0.0000000000
66013  34.423  -15.431  25.036 0.0000000000
64715  35.063  -15.789  25.551 0.0000000000
66051  34.467  -15.652  22.974 0.0000000000
66050  35.262  -15.751  23.295 0.0000000000
67349  35.492  -15.817  22.356 0.0000000000
81556  42.957  -0.938  22.358 0.0000000000
81595  40.233  -1.282  20.568 0.0000000000
81617  39.492  -1.368  19.700 0.0000000000
81575  36.767  -2.668  21.542 0.0000000000
81597  37.977  -1.675  20.888 0.0000000000
81598  36.995  -2.189  20.936 0.0000000000
80428  36.406  -1.940  18.188 0.0000000000
80427  37.691  -1.719  17.933 0.0000000000
80450  36.957  -2.558  17.189 0.0000000000
92491  59.639  5.581  1.970 0.0000000000
92490  60.023  5.937  1.447 0.0000000000
87827  55.000  1.978  3.654 0.0000000000
86668  54.610  1.283  3.245 0.0000000000
81567  44.597  -0.909  21.106 0.0000000000
82768  45.868  -0.734  21.557 0.0000000000
65889  26.491  -16.220  31.093 0.0000000000
65907  26.641  -15.381  30.742 0.0000000000
65908  26.502  -15.917  30.301 0.0000000000
65927  25.942  -15.780  29.361 0.0000000000
65945  24.904  -15.169  29.250 0.0000000000
64656  24.751  -15.890  28.246 0.0000000000
64634  24.610  -16.260  28.358 0.0000000000
63444  24.437  -16.754  27.776 0.0000000000
62075  21.100  -18.552  36.527 0.0000000000
60842  13.002  -19.118  36.655 0.0000000000
59573  11.777  -20.016  38.412 0.0000000000
71836  40.163  -11.784  27.386 0.0000000000
71840  39.750  -11.868  26.711 0.0000000000
70710  40.016  -12.605  27.003 0.0000000000
69604  39.805  -13.292  26.598 0.0000000000
68514  39.968  -13.880  26.223 0.0000000000
68484  31.587  -13.063  26.985 0.0000000000
68483  32.363  -13.398  26.716 0.0000000000
68502  32.107  -13.336  25.952 0.0000000000
67291  32.406  -14.085  25.077 0.0000000000
80351  35.758  -4.539  23.556 0.0000000000
80363  35.606  -4.541  22.858 0.0000000000
85456  56.540  -0.177  6.345 0.0000000000
85472  56.897  0.212  5.737 0.0000000000
87825  56.263  2.886  3.848 0.0000000000
82854  44.585  -0.809  16.079 0.0000000000
81677  42.428  -1.126  16.382 0.0000000000
80424  41.434  -1.763  18.113 0.0000000000
80446  41.265  -1.606  17.228 0.0000000000
84036  46.597  0.093  20.081 0.0000000000
85264  47.087  0.537  19.861 0.0000000000
84064  46.464  0.129  18.085 0.0000000000
84073  46.108  0.272  17.237 0.0000000000
84065  45.887  -0.150  17.549 0.0000000000
82839  45.075  -0.534  16.475 0.0000000000
62300  21.226  -18.993  25.899 0.0000000000
63414  18.293  -18.341  28.488 0.0000000000
67142  32.752  -14.410  34.832 0.0000000000
67141  33.455  -14.676  34.559 0.0000000000
68386  32.353  -13.330  33.627 0.0000000000
68406  31.610  -12.838  32.904 0.0000000000
69567  27.814  -12.462  29.865 0.0000000000
69619  26.923  -12.537  25.109 0.0000000000
74131  35.975  -10.541  22.976 0.0000000000
86585  52.408  0.388  11.278 0.0000000000
85373  52.330  0.034  9.679 0.0000000000
85435  50.844  1.290  6.955 0.0000000000
85476  52.724  1.498  5.388 0.0000000000
86655  52.348  1.508  4.310 0.0000000000
62192  26.452  -17.372  33.163 0.0000000000
62193  25.803  -17.486  33.049 0.0000000000
62171  26.380  -18.254  33.511 0.0000000000
60918  25.853  -18.888  33.330 0.0000000000
60899  25.921  -19.593  33.527 0.0000000000
64545  28.843  -16.896  33.875 0.0000000000
64560  28.358  -16.505  33.412 0.0000000000
64546  28.143  -17.028  33.553 0.0000000000
63356  27.013  -17.125  33.142 0.0000000000
86536  50.960  1.412  13.644 0.0000000000
60939  24.117  -17.794  32.846 0.0000000000
62195  22.517  -17.474  32.178 0.0000000000
62196  21.823  -17.351  32.094 0.0000000000
63282  17.525  -17.462  37.385 0.0000000000
62061  16.856  -17.733  36.807 0.0000000000
60840  14.458  -18.477  35.726 0.0000000000
60887  15.311  -18.947  33.542 0.0000000000
60904  15.285  -19.069  33.005 0.0000000000
81505  38.713  -2.672  26.279 0.0000000000
80319  38.151  -3.760  26.392 0.0000000000
79111  37.966  -4.442  26.171 0.0000000000
76560  38.661  -7.761  27.866 0.0000000000
76561  38.012  -7.591  27.570 0.0000000000
76574  37.289  -7.506  27.083 0.0000000000
75301  36.965  -8.552  25.808 0.0000000000
74082  37.140  -9.163  25.336 0.0000000000
70741  38.499  -12.500  23.913 0.0000000000
69648  38.202  -12.986  23.678 0.0000000000
69669  37.898  -14.064  21.918 0.0000000000
67372  36.182  -15.406  21.684 0.0000000000
67156  35.077  -15.016  33.184 0.0000000000
67155  35.896  -15.197  33.162 0.0000000000
67176  35.455  -14.732  32.291 0.0000000000
67195  36.153  -15.225  31.564 0.0000000000
65941  35.477  -14.637  28.454 0.0000000000
65940  35.849  -14.932  27.928 0.0000000000
64606  36.388  -15.112  28.201 0.0000000000
64604  37.398  -16.101  29.076 0.0000000000
64624  37.871  -16.372  28.872 0.0000000000
64625  37.216  -16.117  28.327 0.0000000000
64646  37.791  -16.678  28.089 0.0000000000
65957  37.782  -16.429  27.487 0.0000000000
65972  38.563  -16.166  26.575 0.0000000000
65973  37.767  -16.309  26.859 0.0000000000
64691  36.959  -16.199  25.900 0.0000000000
65991  36.737  -16.145  25.513 0.0000000000
66052  33.425  -15.927  22.380 0.0000000000
67351  33.648  -15.963  21.390 0.0000000000
82769  41.734  -1.214  22.606 0.0000000000
82770  41.055  -1.109  22.213 0.0000000000
81572  39.805  -1.393  21.434 0.0000000000
80410  36.152  -2.213  19.829 0.0000000000
90191  57.874  5.041  3.106 0.0000000000
82816  44.134  -1.212  18.146 0.0000000000
81613  43.377  -1.172  19.553 0.0000000000
81629  42.309  -1.643  18.279 0.0000000000
84020  48.496  0.429  21.055 0.0000000000
84021  47.667  0.372  20.938 0.0000000000
84011  46.894  -0.354  21.614 0.0000000000
82800  45.706  -0.383  20.081 0.0000000000
62299  22.178  -18.809  26.292 0.0000000000
68408  29.203  -13.735  33.606 0.0000000000
69519  29.653  -13.107  32.886 0.0000000000
67216  26.675  -14.755  31.032 0.0000000000
68434  27.023  -14.049  30.323 0.0000000000
69551  27.176  -13.107  30.581 0.0000000000
69568  26.791  -13.063  29.797 0.0000000000
69581  26.171  -12.977  29.002 0.0000000000
68486  25.685  -13.306  28.076 0.0000000000
68505  25.372  -13.935  26.831 0.0000000000
67276  25.114  -15.243  26.963 0.0000000000
66000  25.193  -16.499  26.009 0.0000000000
85394  50.045  0.618  8.665 0.0000000000
85393  50.763  0.092  8.708 0.0000000000
85414  50.089  0.549  7.837 0.0000000000
62122  28.076  -18.870  34.622 0.0000000000
62097  27.708  -18.508  35.160 0.0000000000
87726  47.213  2.646  16.848 0.0000000000
87736  47.918  2.927  15.544 0.0000000000
86528  48.599  2.281  14.623 0.0000000000
86555  48.667  2.031  13.198 0.0000000000
85350  46.479  1.937  12.033 0.0000000000
85359  46.746  2.093  10.980 0.0000000000
60903  22.674  -18.903  34.281 0.0000000000
63316  20.822  -16.918  34.754 0.0000000000
63317  19.707  -16.883  34.693 0.0000000000
59647  12.971  -20.749  33.898 0.0000000000
74054  39.959  -9.355  29.046 0.0000000000
75278  39.583  -8.894  28.644 0.0000000000
74065  38.828  -9.552  27.389 0.0000000000
74072  38.451  -10.155  26.438 0.0000000000
74080  38.087  -10.592  26.051 0.0000000000
70718  39.258  -12.615  25.521 0.0000000000
67322  38.261  -15.103  23.846 0.0000000000
68430  33.015  -12.933  29.886 0.0000000000
67228  33.666  -13.682  29.338 0.0000000000
67241  34.397  -14.054  28.506 0.0000000000
67255  34.167  -14.158  27.430 0.0000000000
65960  34.881  -14.471  27.791 0.0000000000
65974  34.823  -15.570  26.498 0.0000000000
64694  35.009  -15.884  26.183 0.0000000000
65994  34.414  -15.634  26.012 0.0000000000
81559  38.473  -1.692  22.700 0.0000000000
79146  35.930  -4.337  22.203 0.0000000000
80393  35.492  -3.517  20.617 0.0000000000
80394  34.803  -3.929  20.037 0.0000000000
90190  58.286  4.581  3.679 0.0000000000
153484  58.271  3.597  4.401 0.0000000000
90187  57.918  3.862  3.951 0.0000000000
90195  57.077  3.510  2.218 0.0000000000
85345  43.766  0.130  13.800 0.0000000000
84121  42.714  -0.503  14.156 0.0000000000
82865  43.270  -1.003  15.224 0.0000000000
82875  41.763  -0.709  14.451 0.0000000000
81655  43.240  -1.288  17.340 0.0000000000
80494  41.692  -1.560  16.224 0.0000000000
80468  41.428  -1.611  16.643 0.0000000000
81679  41.397  -1.671  15.613 0.0000000000
81694  39.959  -1.585  14.703 0.0000000000
85305  46.424  0.531  16.436 0.0000000000
85318  45.331  -0.064  15.484 0.0000000000
85334  44.751  -0.020  14.960 0.0000000000
65823  35.930  -15.009  35.695 0.0000000000
67124  35.417  -15.146  34.824 0.0000000000
67139  34.875  -15.106  34.105 0.0000000000
67140  34.172  -14.893  34.287 0.0000000000
67157  34.356  -14.549  33.398 0.0000000000
67199  33.515  -13.189  31.089 0.0000000000
69518  29.986  -12.994  32.847 0.0000000000
68422  30.828  -12.597  32.202 0.0000000000
68421  31.921  -12.635  31.701 0.0000000000
68420  32.941  -13.009  31.136 0.0000000000
68519  25.611  -14.225  25.800 0.0000000000
68520  25.233  -14.723  24.923 0.0000000000
76614  35.492  -7.506  23.935 0.0000000000
85388  55.517  -0.190  9.315 0.0000000000
85391  52.593  0.220  8.877 0.0000000000
85390  53.534  0.117  8.925 0.0000000000
85431  55.232  0.154  7.372 0.0000000000
85457  55.562  0.240  6.541 0.0000000000
86652  55.332  1.405  5.405 0.0000000000
62237  24.916  -17.368  30.222 0.0000000000
60958  24.507  -17.632  31.970 0.0000000000
62194  25.346  -17.410  32.515 0.0000000000
60957  24.979  -17.607  32.556 0.0000000000
60921  23.816  -18.422  33.410 0.0000000000
60902  23.487  -19.066  33.969 0.0000000000
60859  27.361  -19.261  34.766 0.0000000000
60882  25.876  -20.035  34.216 0.0000000000
60836  25.598  -19.381  35.887 0.0000000000
60883  24.954  -19.842  34.343 0.0000000000
60886  22.624  -19.239  35.058 0.0000000000
60865  22.604  -19.359  35.490 0.0000000000
62073  22.778  -19.540  36.367 0.0000000000
62074  21.868  -19.117  36.498 0.0000000000
65803  36.822  -15.434  38.057 0.0000000000
65804  36.287  -15.373  37.738 0.0000000000
65815  35.345  -15.245  36.671 0.0000000000
65816  34.745  -15.245  36.357 0.0000000000
67114  34.138  -15.204  35.996 0.0000000000
67115  33.094  -15.111  36.371 0.0000000000
68361  31.647  -13.932  35.107 0.0000000000
68374  30.372  -14.006  35.315 0.0000000000
67160  29.403  -14.221  34.462 0.0000000000
68389  29.433  -14.114  34.143 0.0000000000
65873  27.140  -15.619  32.658 0.0000000000
64574  26.699  -16.163  32.474 0.0000000000
64590  26.290  -16.524  30.947 0.0000000000
87764  52.772  0.953  13.460 0.0000000000
86586  51.428  0.326  11.245 0.0000000000
86605  50.449  0.602  10.179 0.0000000000
85356  49.850  0.939  10.413 0.0000000000
85395  49.270  1.131  8.596 0.0000000000
62239  23.369  -17.308  29.688 0.0000000000
60981  23.244  -17.251  30.341 0.0000000000
63427  20.638  -17.232  28.626 0.0000000000
62219  20.831  -16.715  30.277 0.0000000000
62242  20.785  -16.873  29.582 0.0000000000
63413  18.912  -17.270  28.866 0.0000000000
64613  18.248  -17.664  29.124 0.0000000000
64593  17.953  -17.434  29.590 0.0000000000
64594  17.819  -17.885  29.264 0.0000000000
62126  17.563  -16.800  35.012 0.0000000000
62103  17.097  -17.306  35.395 0.0000000000
62149  17.429  -16.939  34.120 0.0000000000
62175  15.980  -18.893  31.949 0.0000000000
59552  10.615  -19.858  39.295 0.0000000000
58329  9.063  -21.911  37.995 0.0000000000
81541  44.289  -0.546  22.734 0.0000000000
82745  39.638  -1.400  23.545 0.0000000000
81545  39.734  -1.607  24.029 0.0000000000
81547  37.694  -2.664  23.851 0.0000000000
80349  37.500  -3.269  24.498 0.0000000000
80350  36.433  -4.115  24.187 0.0000000000
79097  38.017  -4.674  26.621 0.0000000000
77895  36.102  -6.367  24.739 0.0000000000
77896  35.946  -6.951  24.112 0.0000000000
75344  35.825  -8.500  24.045 0.0000000000
74112  36.185  -9.878  23.744 0.0000000000
71889  37.570  -11.870  21.437 0.0000000000
72940  37.936  -10.900  25.675 0.0000000000
72949  37.737  -10.916  24.856 0.0000000000
71855  37.987  -11.204  24.172 0.0000000000
71862  38.150  -12.050  23.814 0.0000000000
71863  37.593  -11.601  23.479 0.0000000000
71870  38.060  -11.513  21.980 0.0000000000
70773  37.446  -12.257  21.047 0.0000000000
69711  36.725  -12.915  20.081 0.0000000000
69712  36.152  -13.466  19.798 0.0000000000
69692  36.359  -13.807  20.585 0.0000000000
69713  35.780  -14.103  19.507 0.0000000000
69578  41.099  -13.196  28.934 0.0000000000
65830  37.789  -15.431  35.059 0.0000000000
65838  37.830  -15.636  33.989 0.0000000000
65868  39.133  -16.025  32.086 0.0000000000
67213  34.949  -14.909  30.375 0.0000000000
67212  35.452  -15.151  30.593 0.0000000000
65885  37.547  -15.887  31.403 0.0000000000
65884  38.370  -16.011  31.304 0.0000000000
65919  39.338  -15.616  29.400 0.0000000000
67224  39.863  -14.774  29.674 0.0000000000
67239  40.476  -15.144  28.474 0.0000000000
67238  40.950  -14.904  28.264 0.0000000000
68480  40.491  -14.320  27.767 0.0000000000
68481  39.771  -14.416  27.262 0.0000000000
68501  39.582  -14.484  26.491 0.0000000000
67287  39.393  -15.143  25.857 0.0000000000
65988  39.163  -15.689  25.747 0.0000000000
67306  38.680  -15.113  24.531 0.0000000000
67323  37.530  -15.467  23.578 0.0000000000
64714  35.513  -15.924  25.338 0.0000000000
66011  36.112  -16.051  25.008 0.0000000000
67324  36.641  -15.762  23.307 0.0000000000
67348  36.619  -15.573  22.434 0.0000000000
67374  34.229  -15.463  20.963 0.0000000000
81555  43.662  -0.809  22.051 0.0000000000
81569  43.060  -1.268  21.382 0.0000000000
81594  41.293  -0.968  20.606 0.0000000000
80426  38.931  -1.622  17.781 0.0000000000
81618  38.294  -1.350  19.895 0.0000000000
80408  38.614  -1.386  18.823 0.0000000000
87820  55.279  2.218  4.161 0.0000000000
87826  55.417  2.515  3.280 0.0000000000
86674  55.077  1.730  2.386 0.0000000000
60897  27.146  -19.021  33.867 0.0000000000
60898  26.563  -19.105  33.662 0.0000000000
60917  26.156  -18.728  33.409 0.0000000000
60936  25.866  -18.313  33.393 0.0000000000
62071  27.491  -17.955  35.266 0.0000000000
63355  27.641  -17.406  33.539 0.0000000000
63411  20.740  -17.020  29.255 0.0000000000
63415  17.724  -18.486  29.068 0.0000000000
64592  18.251  -17.082  29.880 0.0000000000
64603  37.882  -16.214  29.315 0.0000000000
64605  36.819  -15.609  28.690 0.0000000000
64614  18.050  -18.091  29.015 0.0000000000
64649  35.595  -15.726  27.145 0.0000000000
64668  37.025  -16.239  26.395 0.0000000000
64671  35.207  -15.747  26.835 0.0000000000
64692  36.476  -16.216  25.976 0.0000000000
64695  34.562  -15.993  26.057 0.0000000000
65887  36.050  -15.347  31.239 0.0000000000
65906  35.368  -15.173  30.281 0.0000000000
65909  26.150  -16.313  29.852 0.0000000000
65926  26.302  -15.530  29.744 0.0000000000
65958  35.556  -15.387  27.382 0.0000000000
65964  24.733  -15.373  28.416 0.0000000000
65965  24.956  -15.652  27.639 0.0000000000
65971  39.216  -15.772  26.284 0.0000000000
65992  36.244  -16.132  25.600 0.0000000000
65993  34.695  -15.803  26.150 0.0000000000
67113  34.686  -15.163  35.576 0.0000000000
67217  26.774  -14.968  30.235 0.0000000000
67225  39.740  -15.337  29.517 0.0000000000
67244  25.527  -14.935  29.197 0.0000000000
67252  40.868  -14.893  27.885 0.0000000000
67288  38.960  -15.483  25.292 0.0000000000
68363  30.740  -14.175  35.774 0.0000000000
68407  30.313  -13.046  33.194 0.0000000000
68419  33.493  -13.083  31.370 0.0000000000
68444  40.313  -14.502  29.320 0.0000000000
68460  40.842  -14.342  28.377 0.0000000000
68461  40.495  -14.472  28.880 0.0000000000
68466  25.373  -14.211  28.968 0.0000000000
68482  39.512  -14.750  26.957 0.0000000000
68500  39.594  -13.869  26.824 0.0000000000
69532  30.041  -12.865  32.512 0.0000000000
69598  25.657  -13.411  27.229 0.0000000000
69632  38.249  -13.975  23.649 0.0000000000
69690  37.651  -12.739  21.364 0.0000000000
72970  36.242  -10.547  22.397 0.0000000000
79238  38.683  -2.576  15.964 0.0000000000
80493  41.875  -1.104  16.377 0.0000000000
81589  45.193  -0.725  20.730 0.0000000000
81691  41.751  -0.676  15.193 0.0000000000
81704  41.611  -0.648  15.001 0.0000000000
82742  42.008  -0.775  24.062 0.0000000000
82857  41.849  -0.835  15.687 0.0000000000
82867  41.985  -0.720  15.514 0.0000000000
84053  46.469  0.287  19.050 0.0000000000
86473  48.229  0.869  20.199 0.0000000000
87821  54.708  2.031  3.848 0.0000000000
91318  58.887  4.904  4.104 0.0000000000
