#!ascii label  , from subject 3200 vox2ras=TkReg
1042
66094  35.579  -16.580  19.675 0.0000000000
83023  47.817  -1.676  5.486 0.0000000000
76765  37.852  -7.694  13.375 0.0000000000
62245  16.445  -20.210  29.310 0.0000000000
68535  30.438  -13.240  23.780 0.0000000000
81707  39.708  -1.824  13.743 0.0000000000
59777  24.064  -20.667  24.437 0.0000000000
58524  22.103  -22.839  28.512 0.0000000000
64736  27.219  -17.873  23.674 0.0000000000
81775  53.133  -3.547  7.224 0.0000000000
71889  37.570  -11.870  21.437 0.0000000000
74198  35.952  -9.367  19.478 0.0000000000
68585  39.920  -14.476  21.500 0.0000000000
85477  51.368  1.284  4.483 0.0000000000
84257  54.904  -1.657  2.870 0.0000000000
85399  44.792  1.243  9.058 0.0000000000
82931  47.542  -3.539  10.334 0.0000000000
81738  42.115  -3.512  9.714 0.0000000000
79307  42.780  -6.693  13.007 0.0000000000
62325  34.612  -20.530  24.500 0.0000000000
58440  15.743  -23.623  33.119 0.0000000000
57227  11.549  -23.710  33.790 0.0000000000
58329  9.063  -21.911  37.995 0.0000000000
66053  32.447  -15.783  21.995 0.0000000000
64735  30.175  -17.465  23.699 0.0000000000
79207  34.086  -5.430  18.103 0.0000000000
77971  39.422  -7.706  19.826 0.0000000000
87832  56.683  2.641  1.734 0.0000000000
83021  49.546  -2.981  5.701 0.0000000000
82981  49.681  -3.172  7.958 0.0000000000
69731  35.980  -13.952  18.933 0.0000000000
70831  37.765  -12.611  17.994 0.0000000000
66091  37.519  -15.716  20.425 0.0000000000
85438  48.565  0.790  6.579 0.0000000000
85435  50.844  1.290  6.955 0.0000000000
85478  49.372  -0.149  5.163 0.0000000000
83038  51.535  -2.713  5.124 0.0000000000
53384  9.418  -26.990  38.854 0.0000000000
84201  43.062  -1.406  8.684 0.0000000000
84177  42.385  -0.067  10.973 0.0000000000
80536  37.709  -4.018  12.931 0.0000000000
79352  40.400  -4.833  11.343 0.0000000000
78050  41.023  -7.395  13.154 0.0000000000
76716  41.733  -8.065  15.707 0.0000000000
59710  19.264  -21.726  29.320 0.0000000000
58476  21.167  -23.077  31.227 0.0000000000
59683  18.920  -22.243  31.297 0.0000000000
59661  18.336  -22.968  33.493 0.0000000000
59686  16.086  -22.301  30.959 0.0000000000
59665  12.391  -21.351  33.291 0.0000000000
58395  10.120  -22.723  35.291 0.0000000000
67327  31.606  -14.770  23.023 0.0000000000
66071  30.915  -16.433  21.380 0.0000000000
68571  29.783  -14.466  21.602 0.0000000000
61027  28.160  -20.696  25.447 0.0000000000
64675  28.644  -18.504  26.399 0.0000000000
72987  40.027  -10.371  20.886 0.0000000000
75383  37.713  -8.363  20.233 0.0000000000
84122  41.780  -0.522  13.627 0.0000000000
80496  39.738  -1.928  15.361 0.0000000000
79254  37.485  -3.362  15.009 0.0000000000
59750  25.557  -22.161  25.576 0.0000000000
58507  24.724  -23.034  29.233 0.0000000000
59753  22.180  -21.552  26.110 0.0000000000
61019  20.177  -20.728  27.236 0.0000000000
63414  18.293  -18.341  28.488 0.0000000000
68552  27.306  -14.078  22.614 0.0000000000
68538  25.303  -14.703  23.976 0.0000000000
62341  25.606  -19.448  23.409 0.0000000000
74131  35.975  -10.541  22.976 0.0000000000
75375  34.173  -8.406  21.415 0.0000000000
71915  35.938  -11.044  20.027 0.0000000000
71932  38.721  -11.429  19.543 0.0000000000
86668  54.610  1.283  3.245 0.0000000000
85492  52.526  -0.315  3.460 0.0000000000
83036  53.918  -3.478  4.636 0.0000000000
85440  46.002  0.216  6.586 0.0000000000
82983  47.436  -3.527  7.830 0.0000000000
83008  45.185  -2.698  7.105 0.0000000000
81749  44.075  -4.010  8.989 0.0000000000
81725  45.000  -5.145  11.223 0.0000000000
84160  40.318  -1.968  11.560 0.0000000000
80550  42.079  -4.868  11.107 0.0000000000
63550  35.001  -18.406  21.528 0.0000000000
64733  37.153  -17.660  23.086 0.0000000000
85396  48.265  1.445  8.604 0.0000000000
62176  15.307  -19.652  31.507 0.0000000000
58463  13.945  -22.615  31.765 0.0000000000
57225  13.441  -24.044  34.000 0.0000000000
57187  13.605  -24.479  35.902 0.0000000000
55982  11.472  -25.449  36.320 0.0000000000
54706  9.446  -25.899  35.796 0.0000000000
55961  7.917  -24.724  37.163 0.0000000000
57153  7.380  -23.567  38.853 0.0000000000
66095  32.902  -16.782  20.043 0.0000000000
63552  32.987  -18.640  21.177 0.0000000000
63491  31.939  -19.290  24.374 0.0000000000
67311  28.242  -15.892  23.961 0.0000000000
76722  35.328  -6.418  15.478 0.0000000000
76657  33.757  -7.857  19.154 0.0000000000
76687  35.294  -7.964  16.880 0.0000000000
76700  38.587  -8.599  16.067 0.0000000000
66008  39.893  -16.552  23.790 0.0000000000
89090  58.471  2.710  0.391 0.0000000000
86681  55.264  0.378  1.608 0.0000000000
85498  57.374  -0.704  1.504 0.0000000000
83022  48.498  -2.492  5.578 0.0000000000
83004  50.094  -3.337  6.970 0.0000000000
83005  48.917  -3.251  6.638 0.0000000000
67421  35.540  -15.405  19.185 0.0000000000
67440  36.330  -14.992  18.317 0.0000000000
66113  36.424  -15.824  19.394 0.0000000000
84225  47.659  -0.698  5.541 0.0000000000
85480  48.667  0.156  5.682 0.0000000000
83041  48.499  -1.439  5.291 0.0000000000
83040  49.226  -1.767  5.274 0.0000000000
53385  8.543  -27.286  38.866 0.0000000000
85383  43.062  0.476  10.696 0.0000000000
85354  42.809  0.520  12.576 0.0000000000
78053  38.083  -6.750  13.159 0.0000000000
79310  39.253  -6.046  12.056 0.0000000000
76763  39.685  -7.584  13.268 0.0000000000
78034  41.497  -7.785  14.147 0.0000000000
76740  39.377  -8.089  13.794 0.0000000000
60983  18.028  -20.501  29.011 0.0000000000
59696  19.012  -22.240  30.306 0.0000000000
59712  17.683  -21.499  29.543 0.0000000000
59698  17.439  -22.054  30.354 0.0000000000
59699  16.388  -21.826  30.183 0.0000000000
68549  31.125  -14.016  23.371 0.0000000000
68570  30.562  -14.028  21.720 0.0000000000
69651  29.945  -13.401  21.998 0.0000000000
58533  27.713  -22.782  27.287 0.0000000000
77920  35.193  -5.954  22.807 0.0000000000
74129  40.477  -9.475  21.704 0.0000000000
79253  37.850  -2.833  15.310 0.0000000000
79222  38.074  -2.723  16.290 0.0000000000
59763  24.925  -21.750  24.733 0.0000000000
59751  24.385  -22.038  25.676 0.0000000000
59764  23.756  -21.215  24.910 0.0000000000
61028  20.939  -20.185  26.263 0.0000000000
62280  20.060  -19.307  26.907 0.0000000000
62257  19.043  -19.418  27.662 0.0000000000
69619  26.923  -12.537  25.109 0.0000000000
63497  24.537  -18.359  24.466 0.0000000000
63496  24.756  -18.025  23.820 0.0000000000
61062  24.632  -19.604  23.748 0.0000000000
59762  26.144  -21.816  24.551 0.0000000000
72989  36.072  -10.620  21.651 0.0000000000
71914  36.536  -11.581  19.768 0.0000000000
68622  38.915  -13.867  20.030 0.0000000000
70813  38.205  -12.389  19.147 0.0000000000
69710  39.601  -13.308  20.415 0.0000000000
70792  40.329  -12.430  20.903 0.0000000000
69667  40.853  -13.920  21.853 0.0000000000
85461  50.855  0.918  5.396 0.0000000000
86663  52.862  1.284  3.813 0.0000000000
85485  51.281  0.182  3.661 0.0000000000
81811  52.055  -3.647  5.791 0.0000000000
83037  52.850  -3.234  4.704 0.0000000000
81809  53.604  -3.502  5.557 0.0000000000
85418  46.135  0.787  7.871 0.0000000000
84211  45.535  -1.240  6.815 0.0000000000
85442  44.698  0.065  7.639 0.0000000000
82962  42.896  -2.033  9.214 0.0000000000
82961  43.341  -2.840  8.614 0.0000000000
81750  43.014  -3.230  9.220 0.0000000000
81736  44.631  -4.787  10.091 0.0000000000
81737  43.311  -4.387  9.654 0.0000000000
82877  40.337  -1.345  13.487 0.0000000000
84143  40.773  -0.795  12.317 0.0000000000
82891  39.740  -2.064  11.808 0.0000000000
79334  41.536  -6.182  11.841 0.0000000000
79351  41.323  -5.326  11.371 0.0000000000
79349  43.139  -6.073  11.890 0.0000000000
80543  43.902  -6.025  12.189 0.0000000000
63505  34.554  -19.420  23.077 0.0000000000
62335  36.106  -19.187  23.524 0.0000000000
85380  45.782  1.700  10.074 0.0000000000
85397  47.140  1.411  8.763 0.0000000000
85417  47.173  0.929  7.554 0.0000000000
58523  23.007  -22.866  28.221 0.0000000000
58494  22.329  -23.194  30.238 0.0000000000
58439  16.768  -23.289  33.321 0.0000000000
59645  17.707  -22.712  35.188 0.0000000000
58417  16.915  -23.005  34.651 0.0000000000
58393  15.791  -23.693  35.010 0.0000000000
60905  14.572  -19.426  32.914 0.0000000000
60943  14.110  -21.039  31.413 0.0000000000
60925  13.397  -20.607  32.642 0.0000000000
57245  11.508  -22.901  33.515 0.0000000000
57243  12.911  -23.618  33.074 0.0000000000
57226  12.479  -24.018  33.825 0.0000000000
57204  14.033  -24.171  35.068 0.0000000000
57188  12.714  -24.641  35.583 0.0000000000
55981  12.231  -24.923  36.068 0.0000000000
55998  11.541  -24.810  35.360 0.0000000000
58368  8.970  -23.155  36.237 0.0000000000
57209  9.249  -24.210  35.439 0.0000000000
55971  8.639  -24.522  36.137 0.0000000000
55972  8.231  -25.036  36.570 0.0000000000
57164  8.531  -23.214  37.794 0.0000000000
66052  33.425  -15.927  22.380 0.0000000000
67351  33.648  -15.963  21.390 0.0000000000
66069  32.771  -16.366  21.074 0.0000000000
64771  33.291  -17.671  20.789 0.0000000000
64772  32.370  -17.541  21.100 0.0000000000
64751  30.400  -17.433  22.624 0.0000000000
63531  30.854  -18.316  22.704 0.0000000000
63509  30.643  -18.172  23.504 0.0000000000
67331  26.892  -15.141  22.891 0.0000000000
67330  28.048  -14.969  22.880 0.0000000000
66018  27.793  -16.775  24.164 0.0000000000
65979  29.205  -17.634  26.812 0.0000000000
82958  47.446  -3.655  9.201 0.0000000000
82957  48.419  -3.433  9.045 0.0000000000
82930  48.258  -3.118  10.118 0.0000000000
80452  35.451  -3.539  17.800 0.0000000000
79257  35.591  -4.806  15.802 0.0000000000
78008  34.572  -5.548  16.086 0.0000000000
74175  34.717  -9.720  19.791 0.0000000000
75384  33.825  -8.585  20.186 0.0000000000
75400  34.546  -8.621  19.280 0.0000000000
76641  38.388  -7.812  20.231 0.0000000000
76655  36.260  -8.032  18.858 0.0000000000
76669  37.007  -7.787  18.165 0.0000000000
76685  37.761  -8.537  17.238 0.0000000000
76667  39.621  -8.137  18.367 0.0000000000
76683  40.336  -8.557  17.363 0.0000000000
64732  38.544  -17.368  23.330 0.0000000000
153485  58.063  2.372  0.934 0.0000000000
85490  53.686  0.272  2.951 0.0000000000
86675  54.738  0.789  1.848 0.0000000000
84268  54.399  -1.025  1.962 0.0000000000
84265  57.364  -1.155  1.960 0.0000000000
85489  58.526  -0.933  2.469 0.0000000000
62314  24.247  -18.980  25.180 0.0000000000
61039  23.134  -20.234  25.308 0.0000000000
81797  51.246  -3.618  6.714 0.0000000000
83001  52.840  -2.971  7.739 0.0000000000
83003  51.119  -3.431  7.356 0.0000000000
69711  36.725  -12.915  20.081 0.0000000000
70814  37.182  -12.241  19.188 0.0000000000
70833  36.403  -13.235  17.987 0.0000000000
68624  37.622  -14.287  18.802 0.0000000000
67395  38.650  -14.859  20.764 0.0000000000
85393  50.763  0.092  8.708 0.0000000000
85437  49.252  0.897  7.003 0.0000000000
85462  49.786  0.724  5.598 0.0000000000
84224  50.077  0.421  4.721 0.0000000000
84234  50.415  -0.394  4.021 0.0000000000
83039  50.150  -2.054  5.049 0.0000000000
83019  51.302  -3.249  5.826 0.0000000000
54681  10.172  -26.556  38.061 0.0000000000
85381  44.701  1.177  10.296 0.0000000000
85420  44.159  0.350  8.126 0.0000000000
85401  43.264  0.358  9.971 0.0000000000
84190  42.640  -0.401  9.464 0.0000000000
84178  42.146  -1.154  10.441 0.0000000000
81709  38.060  -3.261  13.077 0.0000000000
81718  38.854  -3.125  11.949 0.0000000000
79336  39.521  -4.949  11.499 0.0000000000
79309  40.700  -6.655  12.273 0.0000000000
79308  41.814  -6.813  12.620 0.0000000000
78033  42.475  -7.507  14.418 0.0000000000
78016  42.615  -7.636  15.556 0.0000000000
62309  34.126  -20.709  25.373 0.0000000000
59709  20.239  -22.218  29.377 0.0000000000
58495  21.409  -23.126  30.306 0.0000000000
59695  19.754  -22.568  30.277 0.0000000000
59682  19.588  -22.540  31.262 0.0000000000
59672  19.429  -22.599  32.094 0.0000000000
58478  16.844  -22.946  31.698 0.0000000000
58461  16.134  -23.240  32.236 0.0000000000
59647  12.971  -20.749  33.898 0.0000000000
59649  11.657  -21.405  34.399 0.0000000000
58394  10.698  -22.454  34.614 0.0000000000
57207  10.793  -23.813  34.637 0.0000000000
59631  10.504  -21.847  35.365 0.0000000000
59591  10.395  -21.267  36.990 0.0000000000
59575  9.896  -21.614  37.700 0.0000000000
67376  31.801  -15.610  21.832 0.0000000000
66070  31.819  -16.414  21.380 0.0000000000
67377  31.155  -15.509  21.533 0.0000000000
67378  30.475  -15.560  21.675 0.0000000000
66055  29.779  -15.814  22.433 0.0000000000
63494  27.540  -18.947  24.158 0.0000000000
64719  27.910  -17.888  24.763 0.0000000000
62295  28.427  -19.863  25.973 0.0000000000
82932  46.959  -3.915  10.604 0.0000000000
79180  34.036  -4.940  20.104 0.0000000000
73012  38.666  -10.224  20.232 0.0000000000
74174  37.390  -8.942  19.895 0.0000000000
74151  38.542  -9.029  20.924 0.0000000000
75372  38.816  -8.487  21.063 0.0000000000
89078  56.138  3.390  2.523 0.0000000000
54683  6.728  -26.183  37.971 0.0000000000
82875  41.763  -0.709  14.451 0.0000000000
81706  40.554  -1.435  14.316 0.0000000000
81695  39.171  -2.103  14.040 0.0000000000
80522  37.733  -3.293  13.813 0.0000000000
79282  37.322  -4.250  14.079 0.0000000000
79283  37.276  -5.634  13.835 0.0000000000
58534  26.673  -22.790  27.339 0.0000000000
58520  26.164  -23.121  28.201 0.0000000000
58535  25.623  -22.709  27.419 0.0000000000
58537  23.676  -22.763  27.507 0.0000000000
59723  22.059  -22.606  27.701 0.0000000000
59766  21.886  -20.761  25.700 0.0000000000
59754  21.452  -20.968  26.240 0.0000000000
59743  20.774  -21.714  27.644 0.0000000000
60999  19.767  -21.231  28.055 0.0000000000
61001  18.371  -19.951  28.552 0.0000000000
62244  16.981  -19.422  29.225 0.0000000000
69634  28.896  -12.822  23.067 0.0000000000
69618  27.937  -12.512  24.674 0.0000000000
68553  26.184  -14.097  23.367 0.0000000000
67332  25.970  -15.429  23.089 0.0000000000
67313  25.130  -15.567  24.521 0.0000000000
64738  25.195  -17.403  23.667 0.0000000000
63511  26.597  -18.933  23.487 0.0000000000
61047  26.941  -20.599  24.185 0.0000000000
59749  26.732  -22.232  25.526 0.0000000000
75345  34.923  -8.284  23.667 0.0000000000
76621  34.631  -7.361  22.545 0.0000000000
74133  34.698  -9.179  22.700 0.0000000000
72991  34.723  -10.093  20.707 0.0000000000
73033  36.111  -10.468  19.557 0.0000000000
71933  37.707  -11.354  19.294 0.0000000000
73031  38.181  -10.501  19.654 0.0000000000
71913  39.673  -11.423  20.234 0.0000000000
71887  40.551  -11.393  21.015 0.0000000000
86662  53.732  1.785  3.967 0.0000000000
85491  53.190  -0.111  3.295 0.0000000000
84259  52.883  -0.973  3.288 0.0000000000
84247  51.913  -1.393  3.618 0.0000000000
83066  52.476  -1.551  3.477 0.0000000000
84209  47.131  -1.261  5.634 0.0000000000
83006  47.482  -2.701  6.285 0.0000000000
83007  46.339  -2.632  6.952 0.0000000000
82984  46.207  -3.772  8.116 0.0000000000
82986  43.476  -2.071  7.926 0.0000000000
81778  44.542  -3.325  7.546 0.0000000000
81747  46.108  -4.188  9.395 0.0000000000
82933  46.433  -4.426  10.753 0.0000000000
82905  46.257  -4.339  11.643 0.0000000000
84142  41.459  -0.041  12.735 0.0000000000
84158  41.527  -0.577  11.524 0.0000000000
81739  41.311  -2.914  10.223 0.0000000000
80552  40.211  -4.051  11.250 0.0000000000
81728  41.574  -3.739  10.774 0.0000000000
81727  42.630  -4.693  10.377 0.0000000000
80548  44.333  -5.376  11.229 0.0000000000
64800  34.714  -17.548  20.121 0.0000000000
64768  36.475  -17.192  21.306 0.0000000000
63525  36.216  -17.989  22.848 0.0000000000
63489  37.605  -18.777  24.444 0.0000000000
85416  48.319  1.093  7.466 0.0000000000
85439  47.183  0.389  5.924 0.0000000000
62220  16.406  -18.633  30.166 0.0000000000
62199  15.889  -19.264  30.892 0.0000000000
62222  15.456  -20.502  30.150 0.0000000000
60962  15.232  -20.968  30.452 0.0000000000
58481  14.807  -22.557  31.301 0.0000000000
58462  15.135  -23.300  31.984 0.0000000000
58443  12.620  -22.344  32.663 0.0000000000
58442  13.472  -23.190  32.539 0.0000000000
58419  15.333  -23.848  34.121 0.0000000000
57203  15.051  -23.936  35.294 0.0000000000
57186  14.534  -24.167  36.206 0.0000000000
54692  11.091  -25.787  37.185 0.0000000000
55999  10.458  -25.073  35.323 0.0000000000
54705  10.356  -25.966  35.893 0.0000000000
53411  10.299  -26.390  37.356 0.0000000000
53413  8.935  -26.830  36.899 0.0000000000
54695  8.221  -26.132  36.796 0.0000000000
55962  7.446  -25.037  37.563 0.0000000000
57151  8.293  -23.164  38.113 0.0000000000
57166  7.706  -24.141  38.274 0.0000000000
55963  7.092  -25.417  38.054 0.0000000000
68626  34.908  -15.247  19.547 0.0000000000
67399  34.210  -15.511  20.036 0.0000000000
64820  34.083  -17.088  19.637 0.0000000000
64770  34.344  -18.025  20.754 0.0000000000
63551  34.036  -18.668  21.250 0.0000000000
63506  33.413  -19.594  22.931 0.0000000000
64773  31.409  -17.551  21.442 0.0000000000
63507  32.377  -19.415  23.266 0.0000000000
62339  33.196  -19.976  23.665 0.0000000000
69672  28.823  -13.372  21.840 0.0000000000
67356  28.411  -14.537  22.091 0.0000000000
66037  29.170  -16.295  24.341 0.0000000000
65999  28.191  -17.121  25.268 0.0000000000
66016  29.236  -16.571  25.097 0.0000000000
66015  30.046  -16.915  25.399 0.0000000000
82982  48.568  -3.304  7.799 0.0000000000
79241  36.537  -3.941  15.775 0.0000000000
78018  36.426  -6.020  14.826 0.0000000000
76743  36.891  -7.439  14.177 0.0000000000
76632  34.125  -7.261  21.447 0.0000000000
77958  33.591  -6.504  19.964 0.0000000000
77972  33.555  -6.566  18.874 0.0000000000
76656  34.998  -8.187  18.655 0.0000000000
76671  34.489  -7.902  17.825 0.0000000000
76688  34.523  -6.988  17.056 0.0000000000
76703  35.113  -7.414  15.863 0.0000000000
76720  36.884  -8.182  14.910 0.0000000000
76719  37.998  -8.597  14.902 0.0000000000
76699  39.944  -8.723  16.161 0.0000000000
64767  37.394  -16.656  21.300 0.0000000000
66049  38.533  -16.418  21.711 0.0000000000
67346  39.735  -15.313  22.226 0.0000000000
67304  40.859  -15.555  23.794 0.0000000000
67320  40.585  -15.067  23.205 0.0000000000
90206  59.603  3.051  -0.577 0.0000000000
87833  55.730  2.347  2.051 0.0000000000
87839  56.201  1.952  1.688 0.0000000000
84273  55.542  -0.779  1.564 0.0000000000
85503  56.682  -0.068  1.355 0.0000000000
153486  57.510  1.834  1.169 0.0000000000
89091  58.207  1.517  0.642 0.0000000000
86687  59.127  0.101  0.207 0.0000000000
66114  35.837  -16.032  19.339 0.0000000000
66093  36.232  -16.447  19.808 0.0000000000
83042  48.077  -1.014  5.365 0.0000000000
53400  7.817  -27.198  37.787 0.0000000000
78052  39.022  -6.695  13.019 0.0000000000
76764  38.773  -7.606  13.321 0.0000000000
60984  17.014  -20.674  29.241 0.0000000000
59713  16.902  -21.520  29.556 0.0000000000
60985  16.256  -20.890  29.475 0.0000000000
68550  30.491  -13.703  22.673 0.0000000000
69633  29.695  -13.257  22.902 0.0000000000
58518  28.145  -23.015  28.167 0.0000000000
58532  28.527  -22.434  27.446 0.0000000000
77908  35.035  -6.732  22.974 0.0000000000
61050  24.370  -20.052  24.102 0.0000000000
62330  24.370  -19.130  23.998 0.0000000000
59776  24.556  -21.030  24.229 0.0000000000
71890  36.954  -11.317  21.066 0.0000000000
68605  39.200  -14.269  20.816 0.0000000000
69689  39.769  -13.837  21.076 0.0000000000
69688  40.494  -13.442  21.262 0.0000000000
68584  40.558  -14.265  21.765 0.0000000000
85460  52.270  1.125  6.075 0.0000000000
81795  52.528  -3.685  6.455 0.0000000000
81810  52.663  -3.474  5.679 0.0000000000
81794  53.378  -3.608  6.439 0.0000000000
55959  11.542  -25.359  38.543 0.0000000000
85419  45.146  0.763  8.064 0.0000000000
81751  42.403  -2.636  9.412 0.0000000000
84124  40.299  -1.192  12.788 0.0000000000
82878  39.503  -1.788  12.664 0.0000000000
79333  42.525  -6.372  12.186 0.0000000000
79332  43.285  -6.163  12.653 0.0000000000
62337  34.890  -20.002  23.835 0.0000000000
62336  35.589  -19.629  23.605 0.0000000000
62324  35.577  -20.158  24.494 0.0000000000
85379  46.986  1.674  9.912 0.0000000000
85398  46.013  1.276  8.961 0.0000000000
58509  22.683  -22.992  29.306 0.0000000000
58418  16.239  -23.607  34.270 0.0000000000
58392  16.413  -23.380  35.363 0.0000000000
60924  13.967  -20.510  32.090 0.0000000000
57244  12.084  -23.221  33.215 0.0000000000
57205  13.054  -24.250  34.857 0.0000000000
57206  12.035  -24.409  34.703 0.0000000000
55997  12.154  -24.758  35.402 0.0000000000
58347  9.396  -22.407  37.202 0.0000000000
58348  8.983  -23.104  36.730 0.0000000000
58330  9.044  -22.926  37.665 0.0000000000
57178  8.708  -23.907  37.032 0.0000000000
63493  30.509  -18.025  24.145 0.0000000000
63492  31.044  -18.550  24.572 0.0000000000
64718  30.343  -17.770  24.860 0.0000000000
66038  26.718  -16.437  23.303 0.0000000000
67312  27.544  -15.844  23.366 0.0000000000
80431  34.656  -4.317  18.406 0.0000000000
80430  35.035  -3.638  18.489 0.0000000000
79205  34.979  -4.241  17.765 0.0000000000
79226  34.585  -5.018  17.069 0.0000000000
79227  34.282  -5.273  17.630 0.0000000000
73034  35.356  -9.904  19.611 0.0000000000
74200  34.414  -9.135  19.649 0.0000000000
76653  39.105  -7.855  19.543 0.0000000000
76654  37.639  -7.956  19.328 0.0000000000
76668  38.359  -7.977  18.366 0.0000000000
90199  57.856  3.478  1.378 0.0000000000
84258  53.874  -0.898  3.062 0.0000000000
62296  24.333  -18.205  26.198 0.0000000000
62315  23.411  -19.247  25.507 0.0000000000
62297  23.717  -18.415  26.320 0.0000000000
62313  24.414  -18.351  25.597 0.0000000000
81777  51.645  -3.628  7.107 0.0000000000
82980  50.695  -2.977  8.123 0.0000000000
69730  36.206  -13.434  19.003 0.0000000000
70815  36.494  -12.941  18.822 0.0000000000
69749  36.116  -13.823  18.114 0.0000000000
67419  36.963  -14.950  19.166 0.0000000000
67439  36.796  -14.664  18.221 0.0000000000
67418  37.734  -14.632  19.322 0.0000000000
67396  38.015  -15.130  20.094 0.0000000000
85415  49.304  0.806  7.718 0.0000000000
85414  50.089  0.549  7.837 0.0000000000
86631  48.957  0.815  6.672 0.0000000000
85479  49.016  0.097  5.390 0.0000000000
84235  49.635  -0.588  4.824 0.0000000000
83020  50.788  -3.256  6.075 0.0000000000
54666  10.081  -26.462  38.724 0.0000000000
85382  43.765  0.870  10.550 0.0000000000
80535  38.403  -4.192  12.187 0.0000000000
78051  40.054  -6.940  12.932 0.0000000000
78049  42.154  -7.315  13.458 0.0000000000
76717  40.818  -8.014  15.188 0.0000000000
78017  41.878  -7.899  14.981 0.0000000000
76697  42.035  -8.019  16.527 0.0000000000
85360  45.529  1.882  11.243 0.0000000000
59726  19.739  -21.510  28.660 0.0000000000
59697  18.282  -22.053  30.371 0.0000000000
59673  18.846  -22.595  32.120 0.0000000000
59684  18.168  -22.368  31.332 0.0000000000
59685  17.154  -22.726  31.405 0.0000000000
58460  16.842  -23.054  32.164 0.0000000000
58479  16.469  -22.900  31.606 0.0000000000
59630  11.223  -21.437  35.068 0.0000000000
58421  11.294  -22.120  34.013 0.0000000000
59606  10.771  -21.121  36.081 0.0000000000
59592  9.821  -21.985  36.832 0.0000000000
67326  32.082  -15.186  23.517 0.0000000000
67352  31.992  -15.427  22.649 0.0000000000
67353  31.485  -15.036  22.134 0.0000000000
69670  29.930  -13.815  21.674 0.0000000000
68590  30.493  -14.895  21.672 0.0000000000
67379  29.894  -15.373  21.724 0.0000000000
66073  29.758  -15.649  22.041 0.0000000000
62312  27.968  -19.885  24.942 0.0000000000
79179  34.843  -4.209  20.623 0.0000000000
79163  34.378  -5.375  21.063 0.0000000000
74172  38.778  -9.950  20.655 0.0000000000
74173  38.146  -9.447  20.261 0.0000000000
74150  39.326  -9.481  21.101 0.0000000000
74130  39.977  -9.011  21.470 0.0000000000
75371  39.677  -8.557  21.324 0.0000000000
53387  6.651  -27.328  38.304 0.0000000000
81705  41.123  -0.893  14.735 0.0000000000
80520  39.370  -1.782  14.619 0.0000000000
81696  38.400  -2.589  13.677 0.0000000000
80521  38.653  -2.140  14.426 0.0000000000
80498  37.538  -3.279  14.512 0.0000000000
59738  26.142  -22.355  26.524 0.0000000000
59739  25.031  -22.384  26.567 0.0000000000
59752  23.254  -21.838  25.902 0.0000000000
59740  23.949  -22.353  26.687 0.0000000000
59741  22.791  -22.271  27.017 0.0000000000
62316  22.648  -19.397  25.657 0.0000000000
61040  22.291  -20.174  25.476 0.0000000000
61029  20.366  -19.914  26.608 0.0000000000
61018  21.083  -20.829  26.767 0.0000000000
59742  21.480  -21.638  27.112 0.0000000000
59725  20.349  -21.822  28.254 0.0000000000
63430  18.603  -18.813  27.882 0.0000000000
62258  18.455  -19.424  28.163 0.0000000000
62243  17.919  -19.340  28.691 0.0000000000
63415  17.724  -18.486  29.068 0.0000000000
69617  28.877  -12.451  24.142 0.0000000000
68537  25.678  -13.921  24.604 0.0000000000
69637  26.278  -13.067  24.302 0.0000000000
68554  25.637  -14.925  23.442 0.0000000000
63512  25.377  -18.469  23.501 0.0000000000
64737  26.087  -17.595  23.362 0.0000000000
62340  26.178  -19.911  23.492 0.0000000000
59737  27.243  -22.405  26.456 0.0000000000
74113  35.166  -9.248  23.498 0.0000000000
74114  34.647  -8.782  23.283 0.0000000000
74132  35.623  -9.948  22.525 0.0000000000
71891  35.778  -11.111  20.817 0.0000000000
72990  35.304  -10.493  21.006 0.0000000000
71892  35.437  -10.768  20.494 0.0000000000
73014  35.167  -10.575  20.022 0.0000000000
73013  35.698  -10.738  19.812 0.0000000000
70812  39.350  -12.335  19.647 0.0000000000
73032  37.218  -10.520  19.434 0.0000000000
73030  38.937  -10.785  20.001 0.0000000000
70771  40.889  -12.455  21.228 0.0000000000
71886  41.193  -11.917  21.316 0.0000000000
85412  51.810  0.457  7.949 0.0000000000
86654  53.260  1.614  4.729 0.0000000000
86671  52.269  0.141  3.545 0.0000000000
86670  52.706  0.427  3.544 0.0000000000
83057  51.370  -1.651  3.874 0.0000000000
83056  52.322  -2.322  3.881 0.0000000000
83055  53.414  -2.960  3.769 0.0000000000
84210  46.376  -1.267  6.075 0.0000000000
82985  45.248  -3.727  7.569 0.0000000000
84200  43.240  -0.466  8.327 0.0000000000
81762  43.967  -3.314  8.084 0.0000000000
81761  45.058  -4.005  8.366 0.0000000000
81748  45.700  -4.410  9.632 0.0000000000
82960  46.506  -4.295  10.123 0.0000000000
81735  45.702  -4.766  10.855 0.0000000000
81724  45.816  -4.697  11.792 0.0000000000
84141  42.506  0.262  13.252 0.0000000000
84159  40.752  -1.389  11.478 0.0000000000
82906  41.526  -1.732  10.910 0.0000000000
82907  41.029  -2.516  11.117 0.0000000000
79353  39.833  -4.384  11.397 0.0000000000
81730  39.667  -3.284  11.437 0.0000000000
80551  41.042  -4.383  11.157 0.0000000000
80549  43.422  -5.522  11.230 0.0000000000
64769  35.454  -17.753  21.234 0.0000000000
63549  35.463  -18.117  21.755 0.0000000000
62323  36.552  -19.504  24.197 0.0000000000
63503  36.644  -18.551  23.401 0.0000000000
85395  49.270  1.131  8.596 0.0000000000
58506  25.750  -23.016  29.144 0.0000000000
58496  20.503  -23.083  30.303 0.0000000000
59644  18.433  -22.791  34.645 0.0000000000
62152  15.277  -19.219  32.410 0.0000000000
62175  15.980  -18.893  31.949 0.0000000000
62200  15.418  -20.176  30.664 0.0000000000
60942  14.696  -20.665  31.187 0.0000000000
59676  13.777  -21.450  31.572 0.0000000000
59688  14.341  -21.719  31.212 0.0000000000
59664  12.957  -20.866  33.007 0.0000000000
57242  13.754  -23.772  33.284 0.0000000000
58441  14.549  -23.624  32.932 0.0000000000
57224  14.379  -23.932  34.116 0.0000000000
55969  12.308  -24.924  37.151 0.0000000000
55970  11.677  -25.356  37.567 0.0000000000
57208  9.572  -23.742  35.243 0.0000000000
55984  9.062  -24.811  35.531 0.0000000000
54712  9.664  -25.224  35.386 0.0000000000
54711  9.983  -25.601  35.504 0.0000000000
54693  10.468  -26.192  36.857 0.0000000000
54694  9.965  -26.308  36.286 0.0000000000
53412  9.814  -26.597  36.905 0.0000000000
53426  9.286  -26.413  36.393 0.0000000000
57179  8.198  -24.339  37.085 0.0000000000
55973  7.887  -25.429  37.051 0.0000000000
54696  7.731  -26.199  37.243 0.0000000000
58309  8.568  -22.394  38.610 0.0000000000
58293  8.289  -22.058  39.343 0.0000000000
58310  7.861  -22.553  39.159 0.0000000000
55950  7.260  -24.586  38.269 0.0000000000
57139  7.177  -22.863  39.351 0.0000000000
68609  34.915  -14.894  19.847 0.0000000000
67375  33.445  -15.988  20.560 0.0000000000
67374  34.229  -15.463  20.963 0.0000000000
67400  33.413  -16.121  19.920 0.0000000000
67423  33.913  -16.110  19.728 0.0000000000
64821  33.459  -17.103  19.663 0.0000000000
64801  33.635  -17.644  19.991 0.0000000000
63528  33.744  -19.252  22.027 0.0000000000
63529  32.609  -19.284  22.027 0.0000000000
63508  31.364  -18.812  23.425 0.0000000000
63530  31.508  -18.727  22.202 0.0000000000
62327  32.730  -19.974  24.336 0.0000000000
69635  27.980  -12.692  23.495 0.0000000000
69653  28.088  -13.160  22.237 0.0000000000
67329  29.009  -15.874  23.553 0.0000000000
67310  28.806  -16.193  24.412 0.0000000000
64699  28.480  -17.990  25.934 0.0000000000
65978  29.553  -17.216  26.882 0.0000000000
65998  28.839  -17.026  26.055 0.0000000000
65997  29.640  -17.051  26.091 0.0000000000
79223  37.273  -3.153  16.437 0.0000000000
79224  36.408  -3.529  16.637 0.0000000000
78020  35.316  -5.428  15.579 0.0000000000
79256  35.947  -4.798  15.441 0.0000000000
78019  36.015  -5.783  15.182 0.0000000000
76721  36.206  -7.023  15.065 0.0000000000
75361  34.658  -8.064  22.163 0.0000000000
76622  34.558  -7.631  21.877 0.0000000000
76658  33.771  -8.347  19.787 0.0000000000
76642  33.625  -7.675  20.447 0.0000000000
75398  36.803  -8.633  19.479 0.0000000000
76670  35.722  -7.911  17.919 0.0000000000
76701  37.272  -8.493  15.973 0.0000000000
76718  39.404  -8.460  14.813 0.0000000000
76682  41.438  -8.391  17.419 0.0000000000
64798  36.611  -16.592  20.606 0.0000000000
64747  37.418  -17.453  22.125 0.0000000000
64731  39.450  -16.920  23.598 0.0000000000
66029  38.775  -16.633  22.386 0.0000000000
66028  39.206  -16.079  23.150 0.0000000000
66048  39.214  -16.076  21.928 0.0000000000
68546  41.012  -14.458  23.192 0.0000000000
90202  59.090  3.413  -0.245 0.0000000000
89099  59.212  2.256  -0.536 0.0000000000
86674  55.077  1.730  2.386 0.0000000000
86680  55.838  1.093  1.565 0.0000000000
86679  56.994  0.929  1.288 0.0000000000
85502  58.304  0.171  1.139 0.0000000000
68642  35.824  -14.672  18.393 0.0000000000
67441  35.893  -15.207  18.520 0.0000000000
66092  36.951  -15.959  20.088 0.0000000000
85465  48.039  0.068  5.830 0.0000000000
85464  48.542  0.463  6.027 0.0000000000
85481  48.356  -0.091  5.684 0.0000000000
84237  48.512  -0.533  5.380 0.0000000000
84236  49.034  -0.777  5.149 0.0000000000
53399  8.777  -27.168  37.862 0.0000000000
85362  43.769  0.717  11.711 0.0000000000
85363  42.982  0.490  11.834 0.0000000000
79311  37.935  -5.294  13.067 0.0000000000
76762  40.315  -7.560  13.241 0.0000000000
76739  40.362  -8.028  13.864 0.0000000000
60982  18.754  -21.038  29.112 0.0000000000
59711  18.480  -21.590  29.519 0.0000000000
68569  31.160  -14.284  22.373 0.0000000000
69671  29.391  -13.618  21.744 0.0000000000
59736  28.202  -21.896  26.681 0.0000000000
61017  28.384  -20.944  26.149 0.0000000000
77937  35.217  -5.758  22.060 0.0000000000
72986  40.662  -10.325  21.294 0.0000000000
74149  40.180  -9.839  21.135 0.0000000000
80497  38.194  -2.510  15.139 0.0000000000
80471  38.568  -2.551  15.744 0.0000000000
79239  38.097  -2.799  15.678 0.0000000000
79240  37.344  -3.466  15.656 0.0000000000
62300  21.226  -18.993  25.899 0.0000000000
62301  20.535  -19.312  26.323 0.0000000000
62281  19.614  -19.725  27.280 0.0000000000
64721  24.661  -17.910  25.063 0.0000000000
64720  24.778  -17.436  24.472 0.0000000000
63513  24.689  -18.635  23.752 0.0000000000
61061  24.998  -19.901  23.558 0.0000000000
61060  25.631  -20.182  23.522 0.0000000000
61049  25.158  -20.621  23.782 0.0000000000
59775  25.387  -21.313  24.113 0.0000000000
69729  38.191  -13.280  18.612 0.0000000000
69728  38.858  -13.218  19.424 0.0000000000
70793  39.879  -12.391  20.445 0.0000000000
69709  40.070  -12.900  20.784 0.0000000000
69666  41.256  -13.381  22.134 0.0000000000
85434  51.971  1.090  7.054 0.0000000000
86655  52.348  1.508  4.310 0.0000000000
86664  52.019  0.758  3.682 0.0000000000
85493  51.908  -0.276  3.550 0.0000000000
81808  54.549  -3.542  5.450 0.0000000000
85441  45.256  0.003  7.282 0.0000000000
84212  44.386  -1.025  7.421 0.0000000000
82987  43.227  -2.086  8.632 0.0000000000
81726  43.897  -5.010  10.606 0.0000000000
84123  40.861  -0.692  13.222 0.0000000000
84144  40.169  -1.470  12.106 0.0000000000
79335  40.445  -5.761  11.577 0.0000000000
79350  42.348  -5.767  11.512 0.0000000000
63527  34.786  -18.891  22.199 0.0000000000
63504  35.519  -18.924  23.093 0.0000000000
85359  46.746  2.093  10.980 0.0000000000
58522  24.134  -22.976  28.327 0.0000000000
58508  23.692  -23.001  29.269 0.0000000000
58493  23.295  -23.372  30.191 0.0000000000
59662  17.626  -22.939  34.020 0.0000000000
58366  15.809  -23.610  35.972 0.0000000000
60923  14.717  -19.827  31.996 0.0000000000
59677  13.206  -21.500  32.092 0.0000000000
58444  11.847  -22.150  33.441 0.0000000000
57177  13.044  -24.703  36.633 0.0000000000
58367  9.209  -22.721  36.020 0.0000000000
57190  9.044  -23.736  35.993 0.0000000000
55985  8.705  -25.315  35.915 0.0000000000
64774  30.725  -17.135  21.818 0.0000000000
64750  30.883  -17.908  22.039 0.0000000000
63443  29.025  -19.078  27.329 0.0000000000
64698  28.829  -17.684  26.423 0.0000000000
65963  29.225  -17.955  27.261 0.0000000000
80429  35.577  -2.777  18.483 0.0000000000
80451  36.094  -3.082  17.510 0.0000000000
79225  35.540  -4.061  16.987 0.0000000000
79243  35.227  -4.813  16.227 0.0000000000
76723  34.828  -5.996  15.632 0.0000000000
74154  34.272  -9.384  20.684 0.0000000000
74176  34.127  -9.338  19.979 0.0000000000
75401  33.944  -8.619  19.732 0.0000000000
76686  36.454  -8.352  17.016 0.0000000000
76684  39.100  -8.572  17.326 0.0000000000
63502  37.822  -18.061  23.715 0.0000000000
63501  38.298  -17.805  23.811 0.0000000000
64713  39.022  -17.628  24.162 0.0000000000
64712  39.750  -17.308  24.444 0.0000000000
89084  58.412  3.374  0.832 0.0000000000
85499  53.883  0.065  2.070 0.0000000000
85505  54.862  -0.251  1.640 0.0000000000
85497  57.993  -0.900  1.916 0.0000000000
85496  58.724  -0.767  1.765 0.0000000000
61038  23.855  -20.120  24.899 0.0000000000
64700  24.893  -17.384  25.655 0.0000000000
63479  24.516  -18.276  25.274 0.0000000000
81776  52.289  -3.595  7.170 0.0000000000
83002  52.001  -3.111  7.667 0.0000000000
82979  51.624  -2.852  8.305 0.0000000000
70794  37.036  -12.290  20.155 0.0000000000
70795  36.666  -12.701  19.574 0.0000000000
70832  36.836  -12.421  18.001 0.0000000000
70854  37.181  -12.910  17.530 0.0000000000
68641  36.562  -14.283  17.868 0.0000000000
68640  37.376  -14.307  17.901 0.0000000000
68639  38.154  -13.989  18.202 0.0000000000
68623  38.244  -14.072  19.331 0.0000000000
68606  38.639  -14.467  20.187 0.0000000000
85436  49.965  1.011  7.012 0.0000000000
85463  49.097  0.704  6.218 0.0000000000
84223  50.396  0.629  4.449 0.0000000000
81796  51.628  -3.635  6.261 0.0000000000
54680  10.660  -26.024  38.071 0.0000000000
85400  43.516  0.609  9.245 0.0000000000
84189  42.787  0.180  8.763 0.0000000000
84191  42.307  -1.578  9.605 0.0000000000
82934  41.791  -2.236  9.875 0.0000000000
81708  38.678  -2.523  12.960 0.0000000000
82879  38.993  -2.454  12.393 0.0000000000
80544  39.277  -4.013  11.548 0.0000000000
78048  42.979  -7.071  13.769 0.0000000000
62308  35.258  -20.793  25.609 0.0000000000
59708  20.905  -22.390  28.972 0.0000000000
58510  21.643  -22.883  29.297 0.0000000000
58511  20.890  -22.866  29.616 0.0000000000
58477  20.331  -22.872  31.261 0.0000000000
59674  18.190  -22.733  32.373 0.0000000000
59675  17.514  -22.970  32.797 0.0000000000
59648  12.158  -21.114  34.060 0.0000000000
58420  11.680  -21.658  33.905 0.0000000000
57246  11.346  -22.638  33.753 0.0000000000
57228  11.085  -22.974  33.944 0.0000000000
59607  10.040  -21.847  36.059 0.0000000000
68589  30.958  -14.743  21.847 0.0000000000
66072  30.221  -16.250  22.016 0.0000000000
66054  29.918  -16.494  23.034 0.0000000000
63477  28.199  -18.890  25.312 0.0000000000
63461  28.524  -18.907  26.142 0.0000000000
62274  28.597  -20.407  26.444 0.0000000000
62273  28.787  -19.923  26.852 0.0000000000
63460  28.685  -18.983  26.683 0.0000000000
80394  34.803  -3.929  20.037 0.0000000000
79193  34.194  -4.814  18.749 0.0000000000
74197  37.017  -9.603  19.562 0.0000000000
75382  38.289  -8.663  20.673 0.0000000000
75373  38.347  -8.180  20.656 0.0000000000
76630  38.787  -7.960  20.707 0.0000000000
76640  39.232  -7.656  20.408 0.0000000000
90195  57.077  3.510  2.218 0.0000000000
83063  55.551  -2.961  3.420 0.0000000000
53401  7.061  -27.212  37.851 0.0000000000
84121  42.714  -0.503  14.156 0.0000000000
82876  41.123  -1.055  13.974 0.0000000000
81694  39.959  -1.585  14.703 0.0000000000
79312  37.672  -6.160  13.388 0.0000000000
78054  37.257  -6.838  13.486 0.0000000000
58519  27.178  -23.321  28.097 0.0000000000
58521  25.159  -22.941  28.307 0.0000000000
58536  24.586  -22.746  27.461 0.0000000000
59765  22.705  -21.032  25.452 0.0000000000
61041  21.563  -20.025  25.676 0.0000000000
59724  21.229  -22.459  28.127 0.0000000000
61020  19.436  -20.142  27.571 0.0000000000
61000  19.062  -20.598  28.292 0.0000000000
68536  29.592  -12.781  23.694 0.0000000000
69654  27.211  -13.296  23.215 0.0000000000
69636  27.035  -12.511  23.961 0.0000000000
69655  26.606  -13.130  23.632 0.0000000000
66040  24.958  -16.472  23.987 0.0000000000
67333  25.331  -15.573  23.635 0.0000000000
66039  25.623  -16.476  23.371 0.0000000000
63510  27.120  -18.585  23.748 0.0000000000
62328  27.355  -19.978  24.247 0.0000000000
61036  27.589  -20.902  24.706 0.0000000000
61048  26.187  -20.837  23.767 0.0000000000
59761  27.147  -21.747  24.831 0.0000000000
59748  27.785  -21.684  25.624 0.0000000000
76615  34.793  -7.376  23.422 0.0000000000
75360  34.285  -8.267  22.928 0.0000000000
75374  34.696  -8.664  22.152 0.0000000000
74152  35.569  -10.051  21.632 0.0000000000
74153  34.871  -9.549  21.613 0.0000000000
73015  34.510  -9.906  20.200 0.0000000000
71935  36.313  -11.064  19.686 0.0000000000
71934  36.814  -11.194  19.425 0.0000000000
74196  37.618  -10.013  19.671 0.0000000000
71888  39.935  -10.884  20.612 0.0000000000
71912  40.126  -11.912  20.645 0.0000000000
86661  54.712  1.950  4.421 0.0000000000
86669  53.458  0.813  3.468 0.0000000000
84248  51.384  -0.765  3.626 0.0000000000
83065  53.168  -1.884  3.404 0.0000000000
83064  54.213  -2.321  3.334 0.0000000000
83009  44.269  -2.413  7.422 0.0000000000
81779  44.048  -2.814  7.717 0.0000000000
81760  45.926  -4.002  9.055 0.0000000000
82959  46.625  -4.093  9.546 0.0000000000
82904  46.925  -3.978  11.507 0.0000000000
84157  42.220  0.298  12.138 0.0000000000
82892  39.273  -2.484  11.911 0.0000000000
82909  39.662  -2.597  11.603 0.0000000000
82908  40.137  -2.619  11.408 0.0000000000
81729  40.597  -3.432  11.169 0.0000000000
81717  45.463  -4.984  12.069 0.0000000000
64819  34.932  -16.882  19.714 0.0000000000
64799  35.734  -17.072  20.284 0.0000000000
64748  36.296  -17.717  22.279 0.0000000000
63526  35.673  -18.276  22.410 0.0000000000
64734  36.519  -17.856  22.991 0.0000000000
58491  25.335  -22.988  30.104 0.0000000000
63396  17.264  -17.975  29.640 0.0000000000
62221  15.796  -19.921  29.745 0.0000000000
60961  15.602  -21.007  29.861 0.0000000000
59700  15.656  -21.612  30.411 0.0000000000
59687  15.126  -21.882  30.800 0.0000000000
58480  15.644  -22.774  31.411 0.0000000000
58464  13.253  -22.461  32.177 0.0000000000
57185  15.293  -23.873  36.508 0.0000000000
54679  11.258  -25.646  37.856 0.0000000000
56000  9.570  -24.619  35.261 0.0000000000
55983  10.841  -25.651  35.931 0.0000000000
54704  10.848  -25.825  36.431 0.0000000000
53397  10.140  -26.549  37.629 0.0000000000
53398  9.678  -26.940  37.815 0.0000000000
54707  8.693  -26.080  36.239 0.0000000000
53414  8.278  -26.775  37.278 0.0000000000
54682  7.210  -26.258  37.616 0.0000000000
58308  8.887  -21.672  38.571 0.0000000000
57165  8.192  -24.026  37.769 0.0000000000
57152  7.947  -23.251  38.425 0.0000000000
74112  36.185  -9.878  23.744 0.0000000000
68625  35.427  -14.639  19.297 0.0000000000
66115  35.130  -16.214  19.480 0.0000000000
66116  34.351  -16.445  19.642 0.0000000000
62338  34.038  -20.147  23.623 0.0000000000
63553  32.083  -18.452  21.402 0.0000000000
62326  33.587  -20.499  24.396 0.0000000000
69652  29.150  -12.973  22.106 0.0000000000
68572  28.724  -14.019  21.713 0.0000000000
68551  27.936  -14.133  22.012 0.0000000000
67355  29.171  -15.173  22.242 0.0000000000
67328  29.546  -16.191  23.437 0.0000000000
66036  29.688  -16.664  24.184 0.0000000000
66017  28.478  -16.504  24.897 0.0000000000
82956  49.417  -3.244  9.027 0.0000000000
79242  35.855  -4.268  16.093 0.0000000000
79255  36.591  -4.753  14.703 0.0000000000
78035  36.704  -6.315  14.271 0.0000000000
76766  37.308  -7.617  13.685 0.0000000000
77921  34.937  -6.512  22.305 0.0000000000
77938  34.537  -6.143  21.559 0.0000000000
77939  33.941  -6.712  20.859 0.0000000000
77957  34.104  -5.945  20.730 0.0000000000
79181  33.706  -5.901  19.452 0.0000000000
77983  33.928  -6.253  18.148 0.0000000000
75399  35.569  -8.587  19.237 0.0000000000
76672  33.908  -7.101  18.042 0.0000000000
76689  34.096  -6.629  17.647 0.0000000000
77998  34.121  -5.964  17.410 0.0000000000
77997  34.336  -6.043  16.703 0.0000000000
76704  34.542  -6.514  15.991 0.0000000000
76702  36.030  -8.235  15.802 0.0000000000
76742  37.479  -8.187  14.033 0.0000000000
76741  38.483  -8.362  13.885 0.0000000000
76698  41.105  -8.422  16.372 0.0000000000
64797  37.050  -16.312  20.734 0.0000000000
66068  37.348  -16.105  20.780 0.0000000000
64746  38.227  -17.022  21.964 0.0000000000
64766  38.063  -16.562  21.533 0.0000000000
66067  37.919  -15.907  21.189 0.0000000000
66066  38.645  -15.815  21.498 0.0000000000
67370  39.086  -15.154  21.451 0.0000000000
64711  40.464  -16.956  24.862 0.0000000000
66027  40.197  -15.856  23.546 0.0000000000
67345  40.245  -14.978  22.609 0.0000000000
68566  40.330  -14.766  22.059 0.0000000000
68565  40.746  -14.349  22.483 0.0000000000
68564  41.100  -13.829  23.008 0.0000000000
86667  55.094  1.764  2.956 0.0000000000
84267  55.320  -1.440  1.913 0.0000000000
84274  54.942  -0.964  1.599 0.0000000000
85504  55.695  -0.042  1.444 0.0000000000
84266  56.499  -1.119  1.797 0.0000000000
84272  56.100  -0.528  1.489 0.0000000000
87838  56.641  1.682  1.479 0.0000000000
87845  58.475  0.863  0.573 0.0000000000
87844  58.770  1.208  0.036 0.0000000000
53425  9.618  -26.329  36.331 0.0000000000
57189  9.177  -23.379  35.675 0.0000000000
58445  11.510  -22.476  33.660 0.0000000000
59663  13.408  -20.407  33.307 0.0000000000
59767  21.446  -20.503  25.919 0.0000000000
60907  13.386  -20.451  33.052 0.0000000000
61016  28.628  -20.936  26.820 0.0000000000
61037  26.851  -21.249  24.328 0.0000000000
62294  28.625  -19.397  26.415 0.0000000000
62329  26.740  -19.975  23.818 0.0000000000
62342  24.922  -19.213  23.598 0.0000000000
63495  27.054  -19.461  23.930 0.0000000000
64674  28.889  -18.240  26.835 0.0000000000
64701  24.686  -17.940  25.468 0.0000000000
64749  35.701  -17.938  21.932 0.0000000000
66096  33.083  -16.361  19.782 0.0000000000
66117  33.534  -16.530  19.652 0.0000000000
66118  33.262  -16.247  19.686 0.0000000000
67321  39.851  -15.348  23.048 0.0000000000
67354  29.563  -15.798  22.975 0.0000000000
67371  38.413  -15.342  21.081 0.0000000000
67397  37.423  -15.523  19.885 0.0000000000
67401  33.208  -16.076  19.786 0.0000000000
67420  36.131  -15.413  18.930 0.0000000000
67422  34.649  -15.824  19.575 0.0000000000
67424  33.457  -16.204  19.713 0.0000000000
68591  30.157  -15.063  21.582 0.0000000000
68657  37.158  -13.887  17.571 0.0000000000
68658  36.980  -14.032  17.659 0.0000000000
69687  41.089  -12.975  21.511 0.0000000000
69746  38.151  -13.347  17.845 0.0000000000
69747  37.873  -13.736  17.679 0.0000000000
69748  36.455  -13.724  17.829 0.0000000000
69767  37.789  -13.260  17.619 0.0000000000
69768  37.420  -13.531  17.535 0.0000000000
69769  36.841  -13.558  17.609 0.0000000000
70816  36.246  -13.469  18.479 0.0000000000
70834  36.255  -13.503  18.153 0.0000000000
70853  37.545  -13.058  17.569 0.0000000000
70855  36.751  -12.955  17.641 0.0000000000
71916  35.571  -10.859  20.292 0.0000000000
73011  39.362  -10.405  20.478 0.0000000000
74199  35.051  -9.223  19.502 0.0000000000
75385  33.600  -8.476  20.025 0.0000000000
75402  33.756  -8.439  19.915 0.0000000000
76631  34.621  -7.000  21.945 0.0000000000
76643  33.735  -8.264  19.879 0.0000000000
77956  39.468  -7.556  20.025 0.0000000000
79194  33.830  -5.613  18.884 0.0000000000
79206  34.618  -4.927  17.997 0.0000000000
80412  34.495  -4.011  19.204 0.0000000000
80553  39.746  -3.953  11.394 0.0000000000
82935  41.416  -2.357  10.533 0.0000000000
82963  42.356  -2.139  9.491 0.0000000000
84238  48.107  -0.490  5.551 0.0000000000
84260  52.241  -0.929  3.465 0.0000000000
84261  51.838  -0.877  3.550 0.0000000000
86630  49.209  0.834  6.822 0.0000000000
86641  49.049  0.786  6.641 0.0000000000
86642  48.844  0.722  6.448 0.0000000000
86688  58.691  0.586  0.517 0.0000000000
