#!ascii label  , from subject 3205 vox2ras=TkReg
1499
114211  -41.049  26.677  6.762 0.0000000000
113421  -53.577  26.009  -5.508 0.0000000000
121027  -44.440  34.012  12.194 0.0000000000
114235  -50.410  25.809  5.738 0.0000000000
116942  -46.498  29.377  15.534 0.0000000000
117078  -46.794  30.002  0.845 0.0000000000
122588  -45.802  36.403  1.796 0.0000000000
123308  -44.086  37.181  6.105 0.0000000000
107176  -43.046  19.715  15.433 0.0000000000
111438  -44.786  23.073  5.520 0.0000000000
113357  -48.055  25.553  1.475 0.0000000000
115199  -44.791  27.851  5.185 0.0000000000
119363  -49.087  33.550  14.042 0.0000000000
121070  -47.865  34.843  7.026 0.0000000000
123271  -50.926  36.778  7.627 0.0000000000
124057  -45.808  37.664  3.359 0.0000000000
123971  -48.685  37.624  9.693 0.0000000000
113432  -49.299  25.266  -6.557 0.0000000000
117838  -37.315  30.450  9.210 0.0000000000
117841  -42.719  30.699  9.673 0.0000000000
114193  -52.517  25.756  10.363 0.0000000000
113270  -49.028  24.815  11.169 0.0000000000
111378  -43.468  23.456  10.318 0.0000000000
116986  -42.180  27.973  12.768 0.0000000000
115286  -50.836  27.673  -1.773 0.0000000000
154042  -50.424  32.661  -3.541 0.0000000000
118594  -44.781  31.277  6.595 0.0000000000
120329  -43.934  33.385  0.786 0.0000000000
121949  -46.434  34.875  -5.336 0.0000000000
122637  -42.587  36.278  -3.284 0.0000000000
121882  -41.348  35.587  0.138 0.0000000000
112383  -43.296  24.278  6.041 0.0000000000
113320  -44.523  25.096  4.528 0.0000000000
114214  -43.972  26.659  6.849 0.0000000000
121001  -50.058  35.194  15.261 0.0000000000
120247  -50.348  35.043  10.899 0.0000000000
122507  -50.313  36.438  11.267 0.0000000000
123984  -49.766  37.408  7.993 0.0000000000
113434  -51.063  25.577  -6.504 0.0000000000
118553  -35.535  31.307  11.996 0.0000000000
119393  -38.083  32.624  11.300 0.0000000000
115118  -47.906  27.176  13.151 0.0000000000
112344  -45.631  23.614  11.056 0.0000000000
113232  -45.167  25.442  12.490 0.0000000000
112286  -43.571  24.176  16.073 0.0000000000
112322  -37.945  25.131  11.202 0.0000000000
113274  -35.213  25.957  9.742 0.0000000000
113228  -36.040  24.915  12.434 0.0000000000
116158  -51.671  26.832  3.510 0.0000000000
115249  -47.107  27.460  0.139 0.0000000000
115275  -49.781  27.063  -0.571 0.0000000000
116202  -48.847  28.868  -1.107 0.0000000000
117114  -49.710  29.946  -2.638 0.0000000000
154038  -48.336  31.417  -0.965 0.0000000000
119406  -43.421  32.145  10.896 0.0000000000
117845  -45.420  30.816  8.818 0.0000000000
120258  -44.605  33.361  9.278 0.0000000000
121109  -47.638  35.849  4.647 0.0000000000
121118  -44.155  34.667  3.577 0.0000000000
121871  -44.077  35.594  1.016 0.0000000000
121909  -46.136  34.692  -1.961 0.0000000000
122620  -44.514  35.194  -1.428 0.0000000000
122657  -44.791  35.416  -4.508 0.0000000000
123370  -43.936  35.600  -0.694 0.0000000000
124045  -44.847  37.665  4.518 0.0000000000
124083  -43.303  37.316  1.586 0.0000000000
123339  -42.601  37.547  3.039 0.0000000000
122586  -40.464  36.309  1.828 0.0000000000
123328  -41.736  37.580  4.099 0.0000000000
112385  -47.788  23.559  5.780 0.0000000000
113333  -49.643  25.361  3.420 0.0000000000
112430  -46.871  24.428  3.576 0.0000000000
114268  -45.449  26.285  2.226 0.0000000000
116168  -45.755  28.860  2.914 0.0000000000
120208  -46.465  34.341  13.515 0.0000000000
121043  -46.485  35.111  10.089 0.0000000000
120244  -48.931  34.337  10.223 0.0000000000
120281  -50.097  34.981  6.956 0.0000000000
123333  -49.229  37.052  3.858 0.0000000000
124068  -46.278  37.301  2.761 0.0000000000
124037  -48.848  38.108  5.191 0.0000000000
124020  -47.583  38.250  6.496 0.0000000000
123996  -46.504  38.056  7.871 0.0000000000
114361  -47.937  26.192  -6.320 0.0000000000
117016  -39.357  29.347  7.620 0.0000000000
117019  -42.018  28.904  7.971 0.0000000000
118582  -40.092  31.140  8.590 0.0000000000
119396  -41.370  32.708  11.498 0.0000000000
119388  -42.537  33.367  12.392 0.0000000000
120173  -41.109  33.072  15.774 0.0000000000
119357  -44.329  33.499  14.612 0.0000000000
116102  -51.261  26.144  8.091 0.0000000000
116082  -51.250  26.903  10.641 0.0000000000
113287  -49.911  24.812  8.707 0.0000000000
111408  -47.476  22.976  8.202 0.0000000000
110412  -44.107  22.591  8.460 0.0000000000
113185  -47.902  25.366  16.335 0.0000000000
108239  -45.629  19.806  16.250 0.0000000000
113198  -45.450  24.560  15.480 0.0000000000
116029  -44.612  27.314  14.297 0.0000000000
113250  -43.028  25.682  11.087 0.0000000000
113291  -39.321  25.689  7.334 0.0000000000
117137  -53.715  27.940  -2.919 0.0000000000
114282  -50.567  27.034  1.879 0.0000000000
116206  -52.557  27.894  -1.019 0.0000000000
115319  -52.058  28.042  -4.451 0.0000000000
114336  -50.521  26.860  -4.443 0.0000000000
116260  -49.179  28.418  -5.333 0.0000000000
117956  -48.576  30.130  -6.289 0.0000000000
116100  -44.759  28.998  7.963 0.0000000000
117027  -45.947  29.743  5.579 0.0000000000
118623  -45.752  31.075  3.642 0.0000000000
121078  -43.974  34.132  6.752 0.0000000000
119446  -43.409  32.408  3.895 0.0000000000
119468  -46.433  32.072  1.586 0.0000000000
120353  -47.886  33.144  -1.423 0.0000000000
121951  -47.681  33.532  -4.340 0.0000000000
154047  -47.156  32.000  -5.381 0.0000000000
124092  -43.669  36.730  -0.039 0.0000000000
121917  -42.338  35.689  -1.900 0.0000000000
121184  -39.078  34.220  -3.166 0.0000000000
121890  -38.032  34.907  -1.674 0.0000000000
121878  -37.563  34.623  0.486 0.0000000000
113301  -41.980  25.272  6.611 0.0000000000
114223  -43.449  26.059  6.632 0.0000000000
114222  -42.522  26.269  6.902 0.0000000000
121767  -50.336  36.023  13.434 0.0000000000
123248  -49.936  36.940  11.598 0.0000000000
113436  -52.371  25.954  -6.528 0.0000000000
116047  -46.908  28.024  14.211 0.0000000000
114151  -46.245  26.729  13.550 0.0000000000
114134  -45.727  26.960  13.981 0.0000000000
113230  -37.919  26.340  11.971 0.0000000000
112313  -36.920  25.380  11.843 0.0000000000
116122  -50.897  26.259  5.570 0.0000000000
115216  -50.651  26.162  4.623 0.0000000000
116188  -46.610  29.109  0.201 0.0000000000
115261  -47.380  28.177  -0.356 0.0000000000
116201  -47.583  29.546  -1.158 0.0000000000
116200  -48.182  30.559  -1.376 0.0000000000
117908  -47.555  31.091  0.135 0.0000000000
120231  -43.939  33.248  11.753 0.0000000000
119408  -44.155  32.921  10.380 0.0000000000
121041  -44.690  34.179  10.715 0.0000000000
121861  -46.354  36.181  3.004 0.0000000000
121130  -45.040  35.354  2.524 0.0000000000
121872  -45.139  35.747  1.261 0.0000000000
121885  -44.369  35.732  0.258 0.0000000000
122610  -44.418  35.831  -0.239 0.0000000000
123371  -44.337  35.351  -1.679 0.0000000000
122599  -45.175  36.241  0.783 0.0000000000
124033  -44.709  37.515  5.667 0.0000000000
124731  -43.856  37.921  3.620 0.0000000000
124043  -43.007  37.608  4.279 0.0000000000
123329  -42.255  37.692  3.542 0.0000000000
123321  -42.725  37.377  5.061 0.0000000000
111440  -46.691  23.468  5.401 0.0000000000
112400  -47.265  23.704  5.114 0.0000000000
111455  -46.208  23.611  4.840 0.0000000000
115214  -44.418  26.957  4.733 0.0000000000
113329  -44.580  25.566  3.875 0.0000000000
115224  -44.363  26.862  3.905 0.0000000000
116167  -45.420  27.957  2.512 0.0000000000
116155  -45.316  28.175  3.562 0.0000000000
119376  -47.777  34.049  13.710 0.0000000000
120223  -48.324  34.689  12.227 0.0000000000
120224  -49.090  34.202  12.309 0.0000000000
121801  -50.449  35.357  8.629 0.0000000000
120263  -50.331  34.935  8.958 0.0000000000
121812  -50.810  35.425  6.563 0.0000000000
121112  -49.529  35.855  5.382 0.0000000000
123312  -50.620  37.005  5.346 0.0000000000
124050  -49.334  37.428  4.254 0.0000000000
124023  -50.719  37.587  6.026 0.0000000000
123972  -49.470  37.296  9.184 0.0000000000
123999  -49.361  38.014  7.195 0.0000000000
123982  -48.156  38.164  8.630 0.0000000000
123997  -47.407  38.270  7.681 0.0000000000
114362  -48.713  26.083  -6.074 0.0000000000
117847  -37.877  30.170  8.670 0.0000000000
117849  -39.599  30.490  8.188 0.0000000000
118572  -38.522  31.269  9.165 0.0000000000
119384  -38.399  32.952  12.407 0.0000000000
119404  -39.995  32.687  10.575 0.0000000000
119386  -40.532  33.087  12.459 0.0000000000
119387  -41.462  33.173  12.415 0.0000000000
119372  -40.725  33.360  13.391 0.0000000000
120978  -40.523  34.044  16.274 0.0000000000
119335  -42.514  33.607  15.240 0.0000000000
119321  -43.144  32.972  16.004 0.0000000000
119323  -45.069  32.871  15.892 0.0000000000
120982  -44.406  34.405  16.419 0.0000000000
116118  -52.184  26.084  7.406 0.0000000000
116104  -52.089  26.066  8.855 0.0000000000
115134  -50.863  26.783  12.294 0.0000000000
114192  -50.033  25.916  10.803 0.0000000000
115151  -50.507  26.336  10.101 0.0000000000
113279  -49.385  24.523  9.988 0.0000000000
112366  -49.209  24.030  8.353 0.0000000000
113278  -48.638  24.092  10.434 0.0000000000
111380  -44.904  23.065  10.439 0.0000000000
111393  -45.303  22.630  9.475 0.0000000000
111404  -43.658  22.799  9.056 0.0000000000
107178  -44.423  19.644  15.589 0.0000000000
112295  -44.449  24.032  15.517 0.0000000000
114117  -43.907  26.548  15.152 0.0000000000
114118  -44.829  26.518  15.083 0.0000000000
116028  -43.307  27.447  13.837 0.0000000000
115129  -43.492  27.083  12.809 0.0000000000
115142  -42.307  27.468  11.831 0.0000000000
114204  -38.186  26.515  8.028 0.0000000000
113284  -37.014  25.885  8.691 0.0000000000
117117  -54.914  28.576  -1.719 0.0000000000
113344  -48.590  25.212  2.365 0.0000000000
114269  -50.162  25.970  2.927 0.0000000000
114281  -49.937  26.150  1.693 0.0000000000
116204  -50.590  27.412  -0.913 0.0000000000
116189  -50.408  27.195  -0.495 0.0000000000
115277  -51.637  27.492  -1.183 0.0000000000
116217  -52.619  27.866  -2.095 0.0000000000
115298  -51.934  27.604  -2.764 0.0000000000
114337  -51.238  27.074  -4.404 0.0000000000
115296  -50.236  27.964  -2.545 0.0000000000
117922  -49.676  30.929  -3.065 0.0000000000
117135  -49.505  29.493  -3.920 0.0000000000
117943  -49.352  30.570  -4.694 0.0000000000
117152  -48.972  29.383  -5.907 0.0000000000
118700  -49.179  31.380  -5.037 0.0000000000
117009  -42.445  29.698  8.527 0.0000000000
116099  -43.909  29.053  7.884 0.0000000000
117011  -44.302  29.426  8.630 0.0000000000
118586  -45.419  31.116  7.802 0.0000000000
117853  -45.650  30.625  8.127 0.0000000000
118595  -45.485  30.848  6.355 0.0000000000
117864  -45.953  30.302  5.041 0.0000000000
118613  -45.055  31.332  4.887 0.0000000000
121052  -47.385  34.984  8.614 0.0000000000
121060  -45.733  34.873  8.508 0.0000000000
121080  -46.341  35.297  6.875 0.0000000000
120312  -42.998  34.003  2.634 0.0000000000
120304  -43.463  33.627  3.772 0.0000000000
119466  -44.019  32.709  2.192 0.0000000000
119456  -44.290  32.149  2.987 0.0000000000
120320  -45.364  32.855  1.063 0.0000000000
120332  -46.638  32.839  -0.057 0.0000000000
120343  -46.230  33.569  -0.574 0.0000000000
121931  -46.793  34.931  -3.549 0.0000000000
121932  -46.952  34.321  -3.325 0.0000000000
121950  -47.184  34.252  -4.871 0.0000000000
121210  -47.439  33.096  -5.451 0.0000000000
121209  -46.689  33.705  -5.816 0.0000000000
119537  -46.034  32.517  -5.073 0.0000000000
121200  -45.847  34.038  -5.604 0.0000000000
123394  -43.887  37.054  -4.074 0.0000000000
121198  -43.895  34.187  -4.667 0.0000000000
124075  -44.799  37.772  1.653 0.0000000000
124743  -44.346  38.283  1.980 0.0000000000
123356  -42.620  36.767  1.301 0.0000000000
122598  -42.953  36.577  0.397 0.0000000000
122616  -41.641  35.662  -0.699 0.0000000000
121915  -40.518  35.323  -2.569 0.0000000000
121902  -39.694  35.468  -1.987 0.0000000000
121175  -38.453  34.435  -2.495 0.0000000000
122605  -39.136  35.986  -1.250 0.0000000000
122575  -39.555  36.293  2.629 0.0000000000
121868  -38.850  35.383  1.041 0.0000000000
122584  -38.427  35.663  1.744 0.0000000000
121866  -36.724  34.704  1.157 0.0000000000
112396  -43.617  23.621  5.755 0.0000000000
112398  -44.968  23.703  4.983 0.0000000000
112384  -43.853  24.684  5.783 0.0000000000
114224  -44.130  26.185  6.131 0.0000000000
115187  -44.506  27.154  6.630 0.0000000000
120225  -49.726  34.380  12.489 0.0000000000
120213  -50.141  35.249  12.978 0.0000000000
121791  -50.543  35.791  11.106 0.0000000000
122511  -50.512  36.143  9.274 0.0000000000
123985  -50.456  37.162  7.785 0.0000000000
123256  -50.190  36.641  9.550 0.0000000000
123962  -49.787  37.038  9.927 0.0000000000
113433  -50.171  25.352  -6.339 0.0000000000
118563  -36.750  31.016  10.299 0.0000000000
119402  -38.034  31.818  10.358 0.0000000000
119392  -37.119  31.867  11.224 0.0000000000
113235  -48.138  25.559  12.206 0.0000000000
112328  -47.367  24.529  11.454 0.0000000000
113234  -47.285  25.370  12.179 0.0000000000
113253  -45.451  24.781  12.162 0.0000000000
113268  -43.858  24.627  11.196 0.0000000000
110361  -43.491  22.036  14.922 0.0000000000
114116  -41.765  26.141  15.392 0.0000000000
112336  -37.376  24.744  10.554 0.0000000000
112352  -36.872  24.870  9.884 0.0000000000
112335  -36.402  24.944  10.616 0.0000000000
112334  -35.875  24.852  11.010 0.0000000000
114279  -47.418  26.418  0.567 0.0000000000
114291  -48.477  26.552  -0.093 0.0000000000
114290  -47.711  27.184  -0.280 0.0000000000
115274  -49.027  27.707  -0.825 0.0000000000
116215  -49.934  28.579  -1.851 0.0000000000
116226  -49.918  28.846  -2.545 0.0000000000
116214  -49.440  29.373  -1.509 0.0000000000
117113  -49.592  31.039  -2.208 0.0000000000
119514  -49.419  32.071  -2.479 0.0000000000
118568  -43.547  31.546  10.625 0.0000000000
117843  -44.693  30.689  9.952 0.0000000000
118577  -44.701  31.450  9.831 0.0000000000
119418  -44.736  32.404  8.810 0.0000000000
119422  -44.816  32.324  8.105 0.0000000000
121096  -47.429  35.517  5.599 0.0000000000
121820  -46.258  35.805  5.858 0.0000000000
121108  -46.449  35.754  4.473 0.0000000000
121129  -44.033  35.101  2.566 0.0000000000
121137  -42.846  34.341  1.064 0.0000000000
121156  -44.267  33.983  -0.727 0.0000000000
121896  -43.671  34.425  -0.375 0.0000000000
121920  -45.816  35.172  -2.387 0.0000000000
122641  -46.200  35.541  -3.334 0.0000000000
122658  -45.544  35.429  -4.786 0.0000000000
122640  -45.343  36.107  -3.427 0.0000000000
123386  -44.140  36.485  -3.256 0.0000000000
124103  -43.702  35.520  -1.419 0.0000000000
124056  -44.794  37.794  3.391 0.0000000000
124736  -44.337  38.185  2.587 0.0000000000
124735  -44.044  38.126  3.036 0.0000000000
124073  -43.272  37.541  2.415 0.0000000000
123355  -42.221  36.901  1.839 0.0000000000
121881  -40.725  35.424  0.228 0.0000000000
122587  -41.442  36.747  2.122 0.0000000000
122576  -40.788  36.664  3.026 0.0000000000
122565  -40.494  36.662  4.148 0.0000000000
112402  -49.156  24.366  5.463 0.0000000000
113322  -49.834  25.382  4.315 0.0000000000
112419  -48.621  24.117  4.411 0.0000000000
112431  -47.977  24.253  3.544 0.0000000000
113343  -47.607  25.019  2.220 0.0000000000
113321  -44.952  24.536  4.175 0.0000000000
113342  -46.440  25.040  2.598 0.0000000000
113355  -45.991  25.760  1.793 0.0000000000
115247  -45.726  27.314  1.436 0.0000000000
116178  -45.876  28.652  1.431 0.0000000000
117065  -46.251  29.639  2.460 0.0000000000
120221  -45.712  34.605  12.737 0.0000000000
121036  -45.267  34.635  11.339 0.0000000000
120222  -46.985  34.812  12.090 0.0000000000
120243  -48.143  34.517  9.943 0.0000000000
120260  -49.016  34.918  8.213 0.0000000000
120245  -49.557  34.554  10.253 0.0000000000
120261  -49.607  34.557  8.447 0.0000000000
120279  -48.657  35.060  6.762 0.0000000000
121098  -48.867  35.691  6.129 0.0000000000
121847  -47.948  36.144  3.967 0.0000000000
122566  -47.011  36.604  3.324 0.0000000000
123351  -46.120  36.782  2.014 0.0000000000
123331  -47.202  37.028  3.360 0.0000000000
124058  -46.757  37.303  3.381 0.0000000000
124047  -46.802  37.711  4.407 0.0000000000
124022  -49.744  38.196  6.094 0.0000000000
124021  -48.627  38.169  6.285 0.0000000000
124035  -46.655  37.989  5.573 0.0000000000
123289  -46.092  37.597  6.525 0.0000000000
123995  -45.560  37.799  7.996 0.0000000000
115173  -40.096  27.588  7.014 0.0000000000
116110  -41.617  28.243  7.343 0.0000000000
117017  -40.308  29.374  7.677 0.0000000000
117008  -41.485  29.680  8.202 0.0000000000
118584  -41.568  31.117  9.112 0.0000000000
119412  -39.717  32.289  9.730 0.0000000000
119413  -40.655  32.276  9.886 0.0000000000
118576  -42.348  31.113  9.972 0.0000000000
118560  -42.494  32.094  11.120 0.0000000000
119389  -43.128  33.315  11.952 0.0000000000
120218  -43.437  33.569  12.464 0.0000000000
119353  -40.178  33.147  14.410 0.0000000000
119354  -41.002  33.590  14.306 0.0000000000
119356  -43.302  33.890  14.288 0.0000000000
120206  -44.572  33.902  13.328 0.0000000000
120193  -45.746  33.709  14.011 0.0000000000
119339  -46.519  33.604  15.158 0.0000000000
120177  -47.081  33.500  15.761 0.0000000000
116116  -51.330  26.235  6.780 0.0000000000
115189  -50.741  25.993  6.882 0.0000000000
116068  -52.024  27.020  12.031 0.0000000000
116084  -52.008  26.561  10.896 0.0000000000
116091  -51.348  26.735  9.449 0.0000000000
115165  -50.572  25.900  8.461 0.0000000000
113294  -50.128  24.967  7.542 0.0000000000
112376  -48.934  23.706  7.057 0.0000000000
111417  -47.411  23.081  7.078 0.0000000000
110432  -46.250  22.814  7.035 0.0000000000
112356  -47.303  23.110  9.716 0.0000000000
110414  -45.811  22.459  8.110 0.0000000000
110430  -44.903  22.650  6.453 0.0000000000
111423  -43.375  23.262  6.363 0.0000000000
108240  -46.221  20.432  16.631 0.0000000000
110362  -44.411  22.020  14.902 0.0000000000
110373  -46.069  22.329  15.006 0.0000000000
109345  -47.228  22.104  16.040 0.0000000000
112288  -46.414  24.555  15.818 0.0000000000
115068  -45.553  27.271  15.763 0.0000000000
116940  -45.731  28.003  15.154 0.0000000000
115115  -44.581  27.179  13.478 0.0000000000
114181  -43.986  25.755  11.793 0.0000000000
113267  -43.151  24.817  10.925 0.0000000000
114219  -40.099  26.273  6.776 0.0000000000
115172  -39.182  27.582  7.403 0.0000000000
116106  -37.950  28.172  7.754 0.0000000000
116089  -37.213  29.069  8.825 0.0000000000
116997  -36.126  29.397  9.759 0.0000000000
115299  -54.782  27.145  -2.608 0.0000000000
116252  -54.356  27.482  -3.263 0.0000000000
115334  -53.672  27.320  -4.593 0.0000000000
114260  -50.544  26.393  3.403 0.0000000000
115238  -50.810  27.242  2.594 0.0000000000
115262  -50.432  27.004  0.315 0.0000000000
116190  -51.098  27.453  0.516 0.0000000000
117105  -52.552  28.027  -0.061 0.0000000000
116218  -53.023  28.446  -1.553 0.0000000000
116250  -53.433  28.497  -3.986 0.0000000000
115333  -53.085  27.534  -5.517 0.0000000000
115344  -51.740  27.394  -5.634 0.0000000000
114349  -50.490  26.653  -5.412 0.0000000000
114348  -49.754  26.335  -5.446 0.0000000000
116238  -49.759  28.623  -3.194 0.0000000000
115306  -49.438  27.823  -3.974 0.0000000000
115329  -48.672  26.767  -5.375 0.0000000000
115343  -48.565  27.946  -6.234 0.0000000000
116270  -48.202  28.375  -6.432 0.0000000000
117160  -47.588  29.272  -6.275 0.0000000000
115176  -43.083  27.445  7.389 0.0000000000
115177  -44.009  27.454  7.296 0.0000000000
115188  -44.821  28.079  6.250 0.0000000000
117012  -45.260  29.584  8.462 0.0000000000
117023  -45.590  29.364  6.983 0.0000000000
116128  -45.387  28.702  5.612 0.0000000000
117038  -45.919  29.701  4.552 0.0000000000
117050  -46.030  29.647  3.531 0.0000000000
117890  -46.599  30.561  2.123 0.0000000000
121050  -45.686  34.802  9.490 0.0000000000
121059  -44.931  34.256  8.871 0.0000000000
120276  -43.958  33.269  6.849 0.0000000000
121094  -45.179  35.283  5.534 0.0000000000
120288  -43.394  33.487  5.599 0.0000000000
119440  -43.553  31.986  5.127 0.0000000000
119447  -44.597  31.748  4.100 0.0000000000
118633  -46.237  31.384  2.637 0.0000000000
118644  -46.875  31.615  1.394 0.0000000000
119492  -47.735  31.638  -0.173 0.0000000000
120364  -48.446  33.085  -2.409 0.0000000000
121169  -47.181  33.822  -1.835 0.0000000000
121187  -47.579  33.565  -3.147 0.0000000000
121203  -49.156  33.143  -4.353 0.0000000000
121211  -48.630  32.409  -5.239 0.0000000000
154054  -47.540  31.199  -6.102 0.0000000000
121199  -45.048  34.027  -4.559 0.0000000000
124086  -44.832  37.162  0.739 0.0000000000
124093  -43.990  36.406  -0.384 0.0000000000
123376  -43.197  35.862  -1.814 0.0000000000
124084  -43.571  37.320  0.812 0.0000000000
123369  -43.189  36.294  -0.612 0.0000000000
122626  -42.186  35.849  -2.942 0.0000000000
121930  -41.183  35.579  -3.329 0.0000000000
120378  -39.910  33.726  -3.944 0.0000000000
120362  -40.444  33.420  -2.500 0.0000000000
121880  -39.600  35.351  0.371 0.0000000000
121153  -37.680  34.531  -1.039 0.0000000000
123994  -44.681  37.467  8.262 0.0000000000
123288  -43.675  37.116  6.874 0.0000000000
123306  -42.494  36.995  5.912 0.0000000000
123327  -41.212  36.903  4.602 0.0000000000
122556  -40.443  36.610  5.093 0.0000000000
114221  -41.527  26.154  6.657 0.0000000000
115186  -41.932  26.619  6.924 0.0000000000
113437  -53.005  25.988  -6.213 0.0000000000
117797  -47.106  30.059  15.998 0.0000000000
117808  -47.247  29.980  15.296 0.0000000000
116955  -46.892  28.949  14.556 0.0000000000
115102  -46.358  27.338  14.171 0.0000000000
116031  -46.258  27.816  14.573 0.0000000000
114146  -38.553  26.350  13.194 0.0000000000
114236  -50.570  25.858  5.900 0.0000000000
115201  -50.808  26.177  5.265 0.0000000000
115200  -50.471  25.928  4.925 0.0000000000
117089  -47.286  30.276  0.028 0.0000000000
121034  -44.282  33.678  11.852 0.0000000000
120241  -44.165  33.366  10.994 0.0000000000
121035  -44.480  34.078  11.557 0.0000000000
122578  -46.133  36.381  2.295 0.0000000000
121860  -45.769  35.904  2.427 0.0000000000
124044  -43.904  37.730  4.471 0.0000000000
124032  -43.873  37.412  5.364 0.0000000000
123322  -43.358  37.476  4.963 0.0000000000
111439  -45.717  23.308  5.301 0.0000000000
115215  -44.693  27.662  4.164 0.0000000000
119377  -48.469  33.733  13.746 0.0000000000
120210  -48.423  34.147  13.097 0.0000000000
120211  -49.127  33.926  13.447 0.0000000000
122519  -50.489  35.674  8.251 0.0000000000
121804  -50.476  35.351  7.966 0.0000000000
122530  -50.855  35.952  6.755 0.0000000000
122545  -50.994  36.050  6.168 0.0000000000
123292  -51.162  36.814  6.427 0.0000000000
124039  -50.418  37.424  5.501 0.0000000000
124024  -51.044  37.319  6.439 0.0000000000
123983  -49.018  37.776  8.334 0.0000000000
113431  -48.428  25.240  -6.442 0.0000000000
117848  -38.607  30.399  8.379 0.0000000000
118571  -37.794  31.108  9.314 0.0000000000
119385  -39.524  33.069  12.483 0.0000000000
119371  -39.847  33.155  13.469 0.0000000000
120157  -42.838  33.673  16.170 0.0000000000
120158  -43.829  33.501  16.407 0.0000000000
114200  -52.472  25.580  9.429 0.0000000000
115168  -52.299  25.827  9.181 0.0000000000
115160  -52.338  26.025  10.184 0.0000000000
114198  -49.700  25.247  10.689 0.0000000000
113269  -48.478  24.516  10.922 0.0000000000
111379  -43.961  23.283  10.426 0.0000000000
111392  -44.247  22.765  9.578 0.0000000000
111391  -43.324  23.102  9.820 0.0000000000
111403  -42.976  22.892  9.066 0.0000000000
107177  -43.738  19.664  15.489 0.0000000000
115084  -43.084  26.934  14.806 0.0000000000
116014  -42.904  27.333  14.130 0.0000000000
115100  -43.738  27.269  14.357 0.0000000000
116043  -42.680  27.554  13.037 0.0000000000
116063  -42.899  27.446  12.798 0.0000000000
116062  -42.295  27.909  12.432 0.0000000000
113277  -37.958  24.910  9.028 0.0000000000
113285  -38.002  25.569  8.487 0.0000000000
113276  -37.277  25.129  9.150 0.0000000000
117900  -53.559  29.005  0.611 0.0000000000
113358  -48.978  25.664  1.758 0.0000000000
116216  -50.797  27.526  -1.247 0.0000000000
115287  -51.824  27.489  -1.859 0.0000000000
115297  -51.058  27.566  -2.616 0.0000000000
118685  -50.270  31.803  -3.731 0.0000000000
118684  -49.727  31.069  -3.613 0.0000000000
118694  -50.021  31.338  -4.022 0.0000000000
118692  -49.424  31.132  -4.601 0.0000000000
154056  -49.864  31.609  -4.519 0.0000000000
116999  -42.945  30.014  9.005 0.0000000000
117010  -43.379  29.473  8.568 0.0000000000
117000  -43.637  29.915  9.264 0.0000000000
118589  -44.788  31.709  7.484 0.0000000000
118590  -45.320  31.076  7.093 0.0000000000
118603  -45.589  30.790  5.441 0.0000000000
118602  -44.917  31.135  5.755 0.0000000000
121062  -47.653  35.076  7.930 0.0000000000
121061  -46.763  34.890  8.181 0.0000000000
121069  -47.025  35.006  7.333 0.0000000000
120318  -43.444  33.350  1.717 0.0000000000
119465  -43.426  33.230  2.392 0.0000000000
120319  -44.523  32.953  1.366 0.0000000000
120330  -44.837  33.189  0.507 0.0000000000
120331  -45.830  32.986  0.347 0.0000000000
121941  -46.779  35.116  -4.329 0.0000000000
121957  -47.192  34.038  -5.565 0.0000000000
121956  -46.776  34.318  -5.811 0.0000000000
121208  -46.210  33.575  -5.905 0.0000000000
122646  -43.193  36.276  -4.293 0.0000000000
121940  -43.124  35.542  -4.497 0.0000000000
121939  -42.519  35.247  -4.489 0.0000000000
122645  -42.102  36.002  -4.038 0.0000000000
124066  -44.943  37.912  2.503 0.0000000000
122607  -41.735  35.731  -0.177 0.0000000000
121894  -41.205  35.511  -0.441 0.0000000000
121903  -40.451  35.304  -1.781 0.0000000000
121893  -40.217  35.354  -0.777 0.0000000000
122615  -39.637  35.636  -1.457 0.0000000000
113303  -43.682  25.259  6.160 0.0000000000
120212  -49.716  34.738  13.591 0.0000000000
121011  -49.936  35.394  14.276 0.0000000000
121786  -50.533  36.063  11.870 0.0000000000
121030  -50.454  35.824  12.434 0.0000000000
121790  -50.568  35.920  10.898 0.0000000000
121794  -50.595  35.958  9.996 0.0000000000
122509  -50.418  36.311  10.264 0.0000000000
123946  -49.605  37.469  11.898 0.0000000000
123961  -49.263  37.431  10.449 0.0000000000
112534  -51.733  24.906  -6.529 0.0000000000
114364  -50.361  26.182  -6.195 0.0000000000
118556  -35.883  31.004  11.383 0.0000000000
118557  -36.432  31.180  10.976 0.0000000000
118554  -36.133  31.399  11.636 0.0000000000
114168  -47.681  26.284  12.668 0.0000000000
114166  -45.592  26.054  12.971 0.0000000000
113233  -46.207  25.215  12.459 0.0000000000
112326  -45.250  24.298  11.641 0.0000000000
113252  -44.489  25.053  11.834 0.0000000000
113246  -38.602  26.009  11.567 0.0000000000
112321  -37.001  25.172  11.368 0.0000000000
112320  -36.253  24.822  11.499 0.0000000000
113243  -35.440  24.945  11.520 0.0000000000
115248  -46.461  27.531  0.757 0.0000000000
115273  -48.221  28.225  -0.743 0.0000000000
116203  -49.683  27.951  -1.190 0.0000000000
154030  -48.824  31.195  -1.304 0.0000000000
154027  -49.024  30.814  -1.270 0.0000000000
154029  -49.242  31.512  -1.699 0.0000000000
118569  -44.241  31.446  10.352 0.0000000000
119407  -43.878  32.421  10.667 0.0000000000
120249  -44.332  33.469  10.128 0.0000000000
119415  -44.414  32.409  9.775 0.0000000000
120266  -44.720  33.253  8.265 0.0000000000
121859  -44.669  35.448  1.888 0.0000000000
121858  -43.691  35.364  1.710 0.0000000000
121128  -42.803  34.842  1.892 0.0000000000
121870  -43.335  35.023  0.986 0.0000000000
121884  -43.677  35.151  0.082 0.0000000000
121897  -44.241  34.913  -0.948 0.0000000000
122630  -45.311  35.509  -2.424 0.0000000000
122631  -45.994  35.346  -2.666 0.0000000000
123365  -44.316  35.671  -0.430 0.0000000000
123377  -43.762  35.566  -1.924 0.0000000000
124055  -44.259  37.901  3.768 0.0000000000
124730  -43.470  37.761  3.790 0.0000000000
124734  -43.605  37.818  3.220 0.0000000000
123340  -43.020  37.422  2.771 0.0000000000
124072  -42.684  37.242  2.293 0.0000000000
123348  -42.828  37.427  2.650 0.0000000000
123347  -42.130  37.253  2.531 0.0000000000
123338  -41.735  37.305  3.240 0.0000000000
123337  -41.258  36.953  3.812 0.0000000000
112386  -48.582  23.806  6.077 0.0000000000
112401  -48.189  23.821  5.206 0.0000000000
112417  -46.585  23.932  4.482 0.0000000000
112418  -47.579  23.959  4.371 0.0000000000
112442  -47.425  24.667  2.945 0.0000000000
112415  -44.792  24.249  4.633 0.0000000000
114258  -45.103  26.223  2.778 0.0000000000
113330  -45.238  25.033  3.423 0.0000000000
113341  -45.622  25.715  2.455 0.0000000000
113354  -45.624  26.024  2.013 0.0000000000
114278  -46.288  26.450  1.188 0.0000000000
114277  -45.639  26.448  1.735 0.0000000000
116177  -45.517  27.758  1.866 0.0000000000
120234  -48.180  34.713  11.086 0.0000000000
120252  -49.019  34.452  9.249 0.0000000000
120237  -50.194  34.640  11.613 0.0000000000
120236  -49.690  34.357  11.407 0.0000000000
120246  -50.047  34.752  10.615 0.0000000000
120270  -50.041  34.679  7.687 0.0000000000
120262  -50.125  34.640  8.668 0.0000000000
120269  -49.390  34.955  7.615 0.0000000000
120280  -49.543  35.096  7.061 0.0000000000
120291  -48.563  35.070  6.171 0.0000000000
121084  -49.699  35.230  6.462 0.0000000000
122569  -49.413  36.341  4.236 0.0000000000
121834  -48.933  35.864  4.767 0.0000000000
121848  -48.884  35.742  4.011 0.0000000000
122567  -47.615  36.663  3.542 0.0000000000
122580  -47.023  36.828  3.263 0.0000000000
123332  -48.350  37.081  3.531 0.0000000000
124049  -49.007  37.999  4.184 0.0000000000
124048  -47.921  37.854  4.329 0.0000000000
123973  -49.965  36.912  8.770 0.0000000000
124000  -50.264  37.751  7.025 0.0000000000
123998  -48.393  38.221  7.432 0.0000000000
124036  -47.755  38.133  5.349 0.0000000000
124019  -46.655  38.042  6.706 0.0000000000
124018  -45.848  37.623  6.709 0.0000000000
113430  -47.659  25.285  -6.109 0.0000000000
115341  -47.410  27.022  -6.299 0.0000000000
116108  -39.670  28.518  7.292 0.0000000000
116109  -40.657  28.399  7.250 0.0000000000
117850  -40.607  30.210  8.211 0.0000000000
118583  -41.091  31.143  8.854 0.0000000000
117851  -41.850  30.655  8.876 0.0000000000
119411  -38.819  31.904  9.735 0.0000000000
119403  -38.932  32.501  10.464 0.0000000000
119405  -41.051  32.399  10.646 0.0000000000
118575  -41.711  31.445  9.690 0.0000000000
118566  -41.877  31.948  10.840 0.0000000000
118567  -42.677  31.359  10.412 0.0000000000
118559  -41.985  32.330  11.255 0.0000000000
119397  -42.146  32.766  11.596 0.0000000000
120217  -42.943  33.754  12.847 0.0000000000
120154  -40.339  33.218  16.202 0.0000000000
119332  -39.654  33.000  15.419 0.0000000000
119333  -40.585  33.085  15.273 0.0000000000
119334  -41.427  33.543  15.085 0.0000000000
119336  -43.671  33.087  15.249 0.0000000000
120190  -43.684  33.918  13.681 0.0000000000
120191  -44.148  33.886  13.884 0.0000000000
120192  -44.909  33.651  13.970 0.0000000000
120175  -45.463  33.199  15.895 0.0000000000
119338  -45.542  33.360  15.375 0.0000000000
120176  -45.999  33.509  15.810 0.0000000000
114217  -52.928  25.631  6.510 0.0000000000
116103  -51.701  26.181  8.501 0.0000000000
116117  -51.791  26.316  7.181 0.0000000000
115181  -50.996  25.974  7.380 0.0000000000
116115  -50.999  26.106  6.421 0.0000000000
115144  -50.788  26.648  11.337 0.0000000000
115135  -51.390  26.702  12.164 0.0000000000
116075  -51.709  26.698  11.674 0.0000000000
116076  -52.093  26.873  11.648 0.0000000000
116083  -51.780  26.679  10.707 0.0000000000
116090  -50.990  27.253  9.862 0.0000000000
114205  -50.299  25.571  8.967 0.0000000000
115157  -50.642  26.071  9.209 0.0000000000
114215  -50.351  25.565  8.054 0.0000000000
112377  -49.556  24.393  7.271 0.0000000000
112367  -49.736  24.543  7.975 0.0000000000
112357  -48.224  23.587  9.458 0.0000000000
112365  -48.276  23.367  7.800 0.0000000000
111416  -46.738  22.780  7.418 0.0000000000
112345  -46.976  23.469  10.635 0.0000000000
110404  -44.604  22.584  8.999 0.0000000000
111406  -45.858  22.583  8.785 0.0000000000
110413  -45.076  22.432  8.395 0.0000000000
110423  -45.353  22.536  7.444 0.0000000000
110422  -44.482  22.501  7.409 0.0000000000
110429  -43.987  22.559  6.417 0.0000000000
110421  -43.520  22.722  7.362 0.0000000000
114103  -47.557  26.341  16.565 0.0000000000
107158  -45.242  19.117  16.726 0.0000000000
108230  -45.958  19.772  16.874 0.0000000000
107159  -46.065  19.259  17.228 0.0000000000
108253  -45.953  20.441  15.872 0.0000000000
110353  -43.144  22.719  15.350 0.0000000000
110354  -43.933  22.557  15.389 0.0000000000
111338  -43.840  23.207  15.885 0.0000000000
113197  -45.054  24.612  15.314 0.0000000000
111345  -44.638  23.059  15.047 0.0000000000
111346  -45.738  23.151  15.128 0.0000000000
110374  -46.419  22.231  15.222 0.0000000000
112297  -46.099  23.899  15.446 0.0000000000
112298  -46.804  23.827  15.778 0.0000000000
113183  -45.685  25.171  15.728 0.0000000000
115086  -45.502  27.132  15.096 0.0000000000
114119  -45.411  26.780  15.342 0.0000000000
116015  -45.587  27.808  15.198 0.0000000000
115998  -45.423  28.565  15.635 0.0000000000
116953  -45.454  27.453  14.907 0.0000000000
116030  -45.306  27.259  14.397 0.0000000000
116045  -44.442  27.365  13.737 0.0000000000
114164  -43.113  26.706  12.131 0.0000000000
114180  -43.478  26.162  11.575 0.0000000000
113251  -43.682  25.383  11.365 0.0000000000
112372  -39.276  24.603  7.759 0.0000000000
112373  -40.189  24.014  7.820 0.0000000000
113292  -40.019  24.900  7.255 0.0000000000
113299  -40.090  25.658  6.840 0.0000000000
114209  -39.691  26.659  7.151 0.0000000000
114208  -38.879  26.640  7.615 0.0000000000
115163  -37.502  27.477  8.333 0.0000000000
115171  -38.205  27.479  7.790 0.0000000000
113275  -36.260  25.667  9.522 0.0000000000
114196  -35.578  26.716  9.432 0.0000000000
116996  -35.650  28.882  9.938 0.0000000000
116993  -35.293  29.318  10.372 0.0000000000
116994  -35.795  29.837  10.245 0.0000000000
114321  -54.442  26.220  -2.151 0.0000000000
115288  -54.795  27.315  -1.728 0.0000000000
117128  -54.233  28.331  -1.962 0.0000000000
116242  -54.696  27.642  -2.813 0.0000000000
115321  -54.090  27.080  -3.802 0.0000000000
116251  -53.892  27.817  -3.573 0.0000000000
112433  -49.538  24.955  3.903 0.0000000000
114259  -50.342  25.947  3.949 0.0000000000
114270  -50.522  26.640  2.659 0.0000000000
114303  -49.082  26.834  -0.602 0.0000000000
114292  -49.603  26.547  0.327 0.0000000000
116205  -51.603  27.523  -0.425 0.0000000000
116191  -51.651  27.567  0.412 0.0000000000
117104  -52.073  27.642  0.364 0.0000000000
117106  -52.951  28.912  -0.447 0.0000000000
116207  -52.923  28.644  -1.029 0.0000000000
116227  -52.545  28.170  -3.006 0.0000000000
116239  -52.567  28.480  -3.867 0.0000000000
116249  -52.756  28.188  -4.612 0.0000000000
115332  -52.338  27.802  -5.252 0.0000000000
115345  -52.309  27.392  -6.058 0.0000000000
115331  -51.694  27.483  -4.873 0.0000000000
114350  -51.152  27.088  -5.220 0.0000000000
114335  -49.814  26.671  -4.732 0.0000000000
117134  -49.451  28.937  -4.253 0.0000000000
116248  -49.349  28.358  -4.437 0.0000000000
115316  -49.042  27.193  -4.423 0.0000000000
115330  -48.802  27.678  -5.684 0.0000000000
116271  -48.801  28.511  -6.162 0.0000000000
117161  -48.413  29.320  -6.480 0.0000000000
117955  -47.913  30.272  -6.469 0.0000000000
116111  -42.570  28.212  7.494 0.0000000000
116112  -43.508  28.263  7.565 0.0000000000
116113  -44.325  28.434  7.438 0.0000000000
115178  -44.525  27.991  6.941 0.0000000000
116114  -45.114  28.694  7.244 0.0000000000
117002  -45.185  30.345  9.152 0.0000000000
117013  -45.550  30.310  8.593 0.0000000000
117024  -45.971  29.877  6.622 0.0000000000
117021  -45.816  29.912  7.711 0.0000000000
117026  -45.662  29.356  6.142 0.0000000000
116129  -45.681  29.297  5.581 0.0000000000
116144  -45.707  29.159  5.002 0.0000000000
118614  -45.623  30.831  4.538 0.0000000000
117872  -45.880  30.311  4.058 0.0000000000
117880  -46.246  30.439  3.108 0.0000000000
121037  -46.240  34.998  11.127 0.0000000000
121042  -45.537  34.718  10.447 0.0000000000
121067  -44.721  34.362  7.732 0.0000000000
120265  -44.394  33.339  7.464 0.0000000000
121066  -44.217  33.811  7.219 0.0000000000
121107  -45.180  35.368  4.448 0.0000000000
121106  -44.084  34.502  4.648 0.0000000000
120299  -43.328  33.345  4.852 0.0000000000
120298  -43.150  32.865  5.405 0.0000000000
119441  -44.400  31.607  4.832 0.0000000000
119467  -45.520  32.258  1.898 0.0000000000
119457  -45.313  31.704  3.179 0.0000000000
118643  -46.418  31.767  1.939 0.0000000000
118634  -46.618  31.269  1.936 0.0000000000
118655  -47.319  31.694  0.561 0.0000000000
120344  -47.193  33.117  -0.631 0.0000000000
119502  -47.735  32.698  -0.698 0.0000000000
121157  -45.357  34.238  -1.071 0.0000000000
121158  -46.264  34.152  -1.219 0.0000000000
121168  -46.587  34.320  -1.804 0.0000000000
121943  -47.335  33.730  -3.657 0.0000000000
121933  -47.161  33.857  -3.119 0.0000000000
121194  -48.268  33.347  -3.616 0.0000000000
154051  -47.336  32.140  -5.574 0.0000000000
154055  -47.653  32.242  -5.747 0.0000000000
154046  -47.481  31.655  -5.882 0.0000000000
118699  -46.857  32.029  -5.158 0.0000000000
121948  -45.350  34.747  -4.940 0.0000000000
121947  -44.421  34.760  -4.512 0.0000000000
120389  -43.412  33.660  -4.494 0.0000000000
123341  -46.064  37.228  2.093 0.0000000000
123350  -45.699  36.940  1.634 0.0000000000
124761  -44.196  37.711  1.097 0.0000000000
124085  -44.390  37.299  0.637 0.0000000000
124097  -43.533  36.075  -0.832 0.0000000000
124750  -43.789  38.070  1.848 0.0000000000
124751  -43.905  38.260  1.665 0.0000000000
124759  -43.701  37.783  1.489 0.0000000000
121905  -42.435  35.853  -1.409 0.0000000000
122609  -42.864  36.424  -0.137 0.0000000000
121906  -42.836  36.059  -1.568 0.0000000000
122628  -42.963  36.194  -1.962 0.0000000000
122636  -41.888  35.850  -3.342 0.0000000000
121916  -41.594  35.581  -2.477 0.0000000000
121928  -39.586  34.699  -3.351 0.0000000000
121185  -39.533  34.155  -3.758 0.0000000000
120370  -39.552  33.736  -3.185 0.0000000000
120369  -38.752  33.820  -2.693 0.0000000000
121164  -37.966  34.673  -2.069 0.0000000000
120360  -37.905  33.548  -2.313 0.0000000000
121174  -37.590  34.179  -2.174 0.0000000000
121173  -36.934  34.263  -2.180 0.0000000000
122595  -40.231  35.704  0.999 0.0000000000
121146  -37.902  34.526  -0.244 0.0000000000
121879  -38.555  34.919  0.072 0.0000000000
121152  -36.871  34.064  -0.664 0.0000000000
123269  -43.160  37.558  7.728 0.0000000000
123287  -42.870  37.321  6.755 0.0000000000
123305  -41.695  36.871  6.113 0.0000000000
123319  -41.118  36.816  5.514 0.0000000000
112382  -42.438  24.426  6.520 0.0000000000
113302  -42.923  25.251  6.521 0.0000000000
114213  -43.346  26.754  7.129 0.0000000000
121766  -50.236  35.983  14.021 0.0000000000
122496  -50.370  36.447  13.295 0.0000000000
122504  -50.213  37.183  12.770 0.0000000000
123243  -49.944  37.308  12.407 0.0000000000
123945  -49.627  38.074  12.630 0.0000000000
113435  -51.821  25.653  -6.632 0.0000000000
118552  -34.918  31.193  12.348 0.0000000000
116972  -47.746  28.354  14.144 0.0000000000
116048  -47.484  27.922  13.807 0.0000000000
114152  -47.105  26.766  13.173 0.0000000000
115117  -47.006  27.375  13.688 0.0000000000
114150  -45.115  26.775  13.530 0.0000000000
113245  -37.560  25.685  11.683 0.0000000000
116123  -50.982  26.530  5.911 0.0000000000
116131  -51.641  26.616  4.689 0.0000000000
116130  -50.944  26.381  4.460 0.0000000000
115217  -50.958  26.387  4.293 0.0000000000
116187  -46.429  28.366  0.667 0.0000000000
115260  -46.790  28.133  0.278 0.0000000000
116213  -48.889  30.308  -1.356 0.0000000000
117103  -47.904  30.989  -0.767 0.0000000000
119399  -43.729  32.857  11.220 0.0000000000
121120  -46.712  35.806  3.814 0.0000000000
121845  -46.212  35.941  3.218 0.0000000000
124054  -42.957  37.632  3.528 0.0000000000
124053  -42.291  37.872  4.215 0.0000000000
124042  -42.331  37.598  4.476 0.0000000000
111441  -47.266  23.488  5.594 0.0000000000
111456  -46.542  23.704  4.927 0.0000000000
114234  -44.227  26.109  5.146 0.0000000000
114249  -44.340  26.119  4.253 0.0000000000
114257  -44.586  26.147  3.479 0.0000000000
115225  -44.828  27.202  3.161 0.0000000000
115237  -45.314  27.038  2.210 0.0000000000
119375  -47.204  34.252  13.690 0.0000000000
120209  -47.568  34.484  13.111 0.0000000000
120235  -48.987  34.370  11.240 0.0000000000
121047  -50.411  35.382  10.244 0.0000000000
120255  -50.083  34.963  10.080 0.0000000000
121063  -50.369  34.855  8.288 0.0000000000
121072  -50.446  35.082  7.782 0.0000000000
121071  -50.427  35.066  7.222 0.0000000000
121099  -49.818  35.506  5.751 0.0000000000
121823  -50.826  35.534  5.895 0.0000000000
122558  -50.191  36.259  5.142 0.0000000000
123323  -49.831  36.987  4.678 0.0000000000
124061  -49.218  37.379  3.925 0.0000000000
123311  -50.122  37.224  5.041 0.0000000000
124038  -49.865  37.591  5.133 0.0000000000
123981  -47.170  38.558  8.993 0.0000000000
117015  -38.621  29.538  7.870 0.0000000000
117855  -39.205  29.946  7.964 0.0000000000
118581  -39.240  31.045  8.623 0.0000000000
118573  -39.472  31.617  9.140 0.0000000000
119394  -39.191  32.892  11.449 0.0000000000
119395  -40.299  32.806  11.541 0.0000000000
119373  -41.707  33.470  13.371 0.0000000000
120155  -41.239  33.622  16.019 0.0000000000
120174  -41.685  33.515  15.547 0.0000000000
120156  -42.108  33.933  15.588 0.0000000000
119320  -42.599  33.441  15.816 0.0000000000
119337  -44.695  32.985  15.295 0.0000000000
119322  -44.243  32.767  16.053 0.0000000000
114216  -52.676  25.518  7.351 0.0000000000
115182  -52.273  25.711  8.027 0.0000000000
115143  -50.300  26.450  11.076 0.0000000000
115152  -50.644  26.949  10.345 0.0000000000
114199  -50.237  25.529  9.940 0.0000000000
113280  -50.072  25.087  9.444 0.0000000000
113286  -49.397  24.376  9.105 0.0000000000
112358  -49.088  24.082  9.270 0.0000000000
111381  -45.900  22.915  10.355 0.0000000000
110411  -43.224  22.752  8.349 0.0000000000
113181  -43.172  25.226  16.173 0.0000000000
114099  -43.093  26.329  15.779 0.0000000000
113182  -44.391  25.098  15.460 0.0000000000
114101  -45.356  26.300  15.573 0.0000000000
115085  -44.505  26.970  14.658 0.0000000000
115114  -44.023  27.296  13.243 0.0000000000
116044  -43.433  27.415  13.280 0.0000000000
115128  -42.679  27.267  12.391 0.0000000000
114179  -42.361  26.512  11.326 0.0000000000
111399  -39.118  23.753  8.956 0.0000000000
112362  -38.581  24.476  8.676 0.0000000000
112371  -38.729  25.230  7.986 0.0000000000
113290  -38.575  25.910  7.819 0.0000000000
114203  -37.595  26.516  8.392 0.0000000000
114202  -37.003  26.715  8.740 0.0000000000
116219  -55.047  28.113  -1.304 0.0000000000
117116  -54.606  29.046  -1.363 0.0000000000
117933  -54.057  29.067  -1.616 0.0000000000
113332  -49.098  25.116  2.923 0.0000000000
113345  -49.423  25.566  2.503 0.0000000000
115309  -51.962  27.907  -3.612 0.0000000000
115308  -51.299  27.322  -3.440 0.0000000000
114326  -50.897  26.991  -3.874 0.0000000000
115307  -50.108  27.461  -3.552 0.0000000000
117932  -49.649  30.442  -3.203 0.0000000000
117126  -49.666  29.652  -3.160 0.0000000000
117938  -49.572  30.385  -3.669 0.0000000000
117944  -49.490  30.335  -4.153 0.0000000000
117142  -49.368  29.456  -4.865 0.0000000000
117949  -48.971  30.391  -5.569 0.0000000000
116098  -42.981  28.977  7.944 0.0000000000
118579  -45.388  31.125  8.472 0.0000000000
117858  -45.746  30.527  7.126 0.0000000000
117860  -46.011  30.392  6.043 0.0000000000
121051  -46.716  34.995  9.088 0.0000000000
121068  -45.924  35.024  7.576 0.0000000000
119455  -43.437  32.933  2.968 0.0000000000
119479  -45.902  32.718  1.106 0.0000000000
119480  -46.580  32.394  0.893 0.0000000000
121921  -46.422  34.807  -2.599 0.0000000000
121942  -47.051  34.316  -4.083 0.0000000000
121202  -47.824  33.371  -5.015 0.0000000000
120400  -46.866  32.739  -5.417 0.0000000000
119538  -46.709  32.326  -5.281 0.0000000000
119543  -46.289  32.941  -5.548 0.0000000000
120398  -45.965  33.255  -5.632 0.0000000000
122647  -44.328  36.338  -4.296 0.0000000000
122655  -43.418  35.608  -4.549 0.0000000000
121946  -43.354  34.987  -4.613 0.0000000000
124067  -45.819  37.496  2.284 0.0000000000
124752  -44.244  37.910  1.395 0.0000000000
123357  -43.089  36.802  0.860 0.0000000000
122597  -42.577  36.457  0.544 0.0000000000
122617  -42.119  35.844  -0.833 0.0000000000
121904  -41.497  35.604  -1.299 0.0000000000
121165  -39.818  35.047  -2.132 0.0000000000
121927  -38.992  34.635  -2.974 0.0000000000
122625  -39.150  35.717  -2.308 0.0000000000
122613  -38.638  35.974  -1.995 0.0000000000
121891  -38.492  35.408  -1.232 0.0000000000
122585  -39.366  35.785  1.587 0.0000000000
121869  -39.353  35.488  1.007 0.0000000000
121877  -37.011  34.384  0.489 0.0000000000
121867  -37.826  35.232  1.396 0.0000000000
122583  -37.975  35.697  1.881 0.0000000000
112397  -44.160  24.069  5.307 0.0000000000
113309  -44.150  25.216  5.545 0.0000000000
115198  -44.605  27.006  5.711 0.0000000000
120226  -50.168  34.855  12.491 0.0000000000
120238  -50.390  35.146  11.736 0.0000000000
121023  -50.290  35.686  13.025 0.0000000000
120227  -50.333  35.306  12.405 0.0000000000
121055  -50.485  35.601  9.878 0.0000000000
122512  -50.551  36.171  9.071 0.0000000000
122515  -50.524  36.195  8.332 0.0000000000
123261  -50.350  36.628  8.486 0.0000000000
123252  -50.057  36.768  10.601 0.0000000000
114363  -49.548  25.958  -6.121 0.0000000000
118564  -37.366  31.232  9.953 0.0000000000
118558  -37.025  31.362  10.608 0.0000000000
119401  -37.398  31.571  10.544 0.0000000000
119382  -36.268  31.967  12.232 0.0000000000
114169  -48.548  26.150  12.474 0.0000000000
113256  -48.747  25.297  11.787 0.0000000000
113255  -47.985  25.040  11.490 0.0000000000
112315  -47.262  24.936  11.863 0.0000000000
112327  -46.273  24.309  11.732 0.0000000000
114167  -46.657  26.159  12.737 0.0000000000
112343  -44.485  23.926  11.130 0.0000000000
112342  -43.506  23.939  10.681 0.0000000000
108250  -43.385  20.343  15.029 0.0000000000
110360  -42.707  22.131  15.013 0.0000000000
153876  -42.750  23.357  15.835 0.0000000000
112285  -42.517  24.166  16.192 0.0000000000
113175  -42.056  24.825  16.277 0.0000000000
113180  -42.224  25.653  16.111 0.0000000000
115066  -42.367  26.566  15.242 0.0000000000
112353  -37.869  24.420  9.655 0.0000000000
112351  -36.346  25.046  9.998 0.0000000000
113263  -36.081  25.162  10.130 0.0000000000
113262  -35.510  25.320  10.493 0.0000000000
114280  -48.769  26.053  0.893 0.0000000000
114301  -47.911  27.702  -0.553 0.0000000000
114302  -48.397  27.315  -0.605 0.0000000000
115285  -50.222  28.250  -2.131 0.0000000000
154028  -49.220  30.879  -1.437 0.0000000000
154037  -50.057  31.998  -3.151 0.0000000000
154041  -49.847  32.355  -2.993 0.0000000000
117834  -43.289  30.880  10.348 0.0000000000
117842  -43.849  30.318  10.031 0.0000000000
117835  -44.022  30.850  10.543 0.0000000000
117844  -45.185  30.891  9.379 0.0000000000
119414  -44.263  31.891  10.124 0.0000000000
118578  -44.958  31.477  9.069 0.0000000000
118585  -45.049  31.667  8.320 0.0000000000
118588  -44.433  32.185  7.242 0.0000000000
120289  -47.748  34.603  6.068 0.0000000000
121081  -47.472  35.064  6.474 0.0000000000
121821  -46.804  35.804  5.645 0.0000000000
121095  -46.220  35.822  5.208 0.0000000000
121119  -45.421  35.526  3.371 0.0000000000
120311  -42.674  34.347  1.819 0.0000000000
120316  -42.565  34.225  2.013 0.0000000000
120328  -43.152  33.691  0.939 0.0000000000
120341  -44.198  33.578  -0.007 0.0000000000
121155  -43.579  33.874  -0.262 0.0000000000
121167  -45.990  34.537  -1.564 0.0000000000
121908  -45.447  34.869  -1.866 0.0000000000
122649  -46.005  35.733  -4.339 0.0000000000
122648  -45.158  36.000  -4.258 0.0000000000
122639  -44.788  36.445  -3.755 0.0000000000
123387  -44.753  36.376  -3.240 0.0000000000
123393  -43.454  36.899  -3.583 0.0000000000
123385  -43.308  36.314  -2.846 0.0000000000
124742  -43.904  38.486  2.305 0.0000000000
124741  -43.708  37.960  2.616 0.0000000000
124082  -42.867  37.098  1.931 0.0000000000
122596  -41.607  36.074  0.911 0.0000000000
122577  -41.543  36.978  2.735 0.0000000000
113304  -49.954  24.920  6.334 0.0000000000
113310  -49.858  25.210  5.215 0.0000000000
112420  -49.397  24.711  4.475 0.0000000000
112432  -49.010  24.607  3.490 0.0000000000
112443  -48.241  24.706  2.867 0.0000000000
112416  -45.507  23.966  4.346 0.0000000000
112429  -46.020  24.287  3.728 0.0000000000
113331  -46.113  24.649  3.282 0.0000000000
113356  -46.922  25.570  1.513 0.0000000000
116179  -46.439  29.405  1.001 0.0000000000
117077  -46.524  29.774  1.558 0.0000000000
120220  -44.834  34.201  12.788 0.0000000000
121028  -45.001  34.540  12.143 0.0000000000
121029  -45.822  34.855  11.933 0.0000000000
120233  -47.320  35.041  10.686 0.0000000000
120242  -47.428  34.994  9.622 0.0000000000
120251  -48.140  34.962  8.799 0.0000000000
120259  -48.410  35.091  7.690 0.0000000000
120254  -50.037  34.785  9.595 0.0000000000
120253  -49.657  34.530  9.357 0.0000000000
121053  -49.363  34.334  9.579 0.0000000000
120268  -48.876  35.111  7.410 0.0000000000
120267  -48.383  34.918  6.993 0.0000000000
120290  -48.168  34.626  5.921 0.0000000000
121097  -48.193  35.345  5.621 0.0000000000
121111  -49.115  36.106  5.513 0.0000000000
121110  -48.514  35.775  5.180 0.0000000000
121121  -47.364  35.935  3.924 0.0000000000
121846  -46.944  36.278  3.510 0.0000000000
122579  -46.484  36.557  2.871 0.0000000000
122589  -46.221  36.651  2.278 0.0000000000
123343  -46.781  36.932  3.026 0.0000000000
123342  -46.373  37.049  2.599 0.0000000000
123330  -46.765  37.087  3.103 0.0000000000
124060  -48.957  37.493  3.773 0.0000000000
124059  -48.087  37.490  3.731 0.0000000000
124001  -50.915  37.355  6.913 0.0000000000
124046  -45.781  37.658  4.441 0.0000000000
124034  -45.782  37.562  5.597 0.0000000000
123310  -46.341  37.753  6.124 0.0000000000
124017  -44.678  37.361  7.051 0.0000000000
115174  -41.079  27.406  7.014 0.0000000000
117018  -41.164  29.056  7.677 0.0000000000
117857  -40.255  29.807  7.951 0.0000000000
117007  -40.878  29.571  7.948 0.0000000000
117852  -42.507  30.292  8.994 0.0000000000
119410  -38.353  31.604  9.747 0.0000000000
118574  -40.482  31.740  9.244 0.0000000000
117833  -42.900  30.938  10.189 0.0000000000
118561  -43.083  31.924  10.935 0.0000000000
119398  -43.163  32.752  11.391 0.0000000000
120230  -43.430  33.262  11.839 0.0000000000
120219  -44.211  33.726  12.564 0.0000000000
119355  -42.068  33.690  14.289 0.0000000000
119374  -42.610  33.749  13.413 0.0000000000
120204  -43.316  33.867  13.310 0.0000000000
120205  -43.912  33.815  13.207 0.0000000000
120207  -45.380  34.029  13.406 0.0000000000
120194  -46.299  33.904  14.118 0.0000000000
119358  -45.213  33.468  14.672 0.0000000000
119359  -46.048  33.646  14.607 0.0000000000
119360  -46.963  34.014  14.307 0.0000000000
119340  -47.488  33.743  14.933 0.0000000000
119341  -48.180  33.788  14.683 0.0000000000
120161  -47.498  34.179  16.200 0.0000000000
116119  -52.430  26.073  6.993 0.0000000000
116125  -52.356  26.336  6.205 0.0000000000
116124  -51.821  26.771  6.239 0.0000000000
115190  -50.855  26.100  6.194 0.0000000000
114226  -50.687  25.963  6.319 0.0000000000
115159  -51.030  26.507  8.790 0.0000000000
115158  -50.802  26.664  9.295 0.0000000000
115167  -50.941  26.162  8.267 0.0000000000
115179  -50.660  25.918  7.676 0.0000000000
114225  -50.439  25.698  6.933 0.0000000000
112387  -49.262  24.214  6.417 0.0000000000
112375  -48.050  23.451  6.639 0.0000000000
111427  -47.296  23.274  6.122 0.0000000000
111426  -46.423  23.004  6.383 0.0000000000
111425  -45.453  22.847  6.021 0.0000000000
112346  -48.024  24.059  10.813 0.0000000000
111395  -47.262  22.958  9.070 0.0000000000
111394  -46.497  22.785  9.526 0.0000000000
111407  -46.579  22.630  8.383 0.0000000000
110424  -46.092  22.630  7.523 0.0000000000
110431  -45.741  22.765  6.808 0.0000000000
111424  -44.999  22.771  5.926 0.0000000000
110437  -44.444  22.700  5.890 0.0000000000
111422  -42.743  23.678  6.596 0.0000000000
114220  -40.673  26.116  6.658 0.0000000000
116925  -46.411  29.257  16.320 0.0000000000
107151  -46.393  19.438  17.946 0.0000000000
108231  -46.398  20.271  17.499 0.0000000000
109319  -46.794  20.836  17.624 0.0000000000
109341  -43.864  21.129  14.642 0.0000000000
108251  -44.268  20.185  14.974 0.0000000000
109342  -44.952  21.014  14.750 0.0000000000
111357  -44.869  22.399  14.794 0.0000000000
109343  -45.719  20.928  15.321 0.0000000000
109344  -46.622  21.294  15.884 0.0000000000
109332  -47.272  21.768  16.767 0.0000000000
110355  -47.556  22.599  16.495 0.0000000000
111339  -47.531  23.495  16.220 0.0000000000
113184  -46.857  25.401  16.149 0.0000000000
114102  -46.311  26.268  16.279 0.0000000000
115069  -45.956  27.309  16.379 0.0000000000
116924  -45.543  29.125  15.735 0.0000000000
116941  -45.829  28.884  15.101 0.0000000000
116954  -45.966  28.091  14.888 0.0000000000
115116  -45.120  27.271  13.868 0.0000000000
114149  -44.510  26.852  13.154 0.0000000000
115130  -44.188  27.022  13.012 0.0000000000
114165  -44.303  26.318  12.520 0.0000000000
115141  -41.769  27.471  11.571 0.0000000000
114189  -41.596  26.061  11.141 0.0000000000
114190  -41.880  25.821  10.994 0.0000000000
113265  -41.269  25.349  10.930 0.0000000000
113266  -42.255  25.218  10.895 0.0000000000
112341  -42.575  24.027  10.273 0.0000000000
112354  -42.851  23.427  9.980 0.0000000000
113300  -40.933  25.156  7.001 0.0000000000
114210  -40.450  26.787  6.905 0.0000000000
116107  -38.552  28.571  7.615 0.0000000000
117005  -37.484  29.588  8.715 0.0000000000
113283  -36.616  26.225  8.945 0.0000000000
116088  -36.743  28.522  9.050 0.0000000000
116998  -36.889  29.550  9.153 0.0000000000
117837  -36.642  30.134  9.602 0.0000000000
117831  -36.232  30.412  10.258 0.0000000000
117827  -35.897  30.658  10.917 0.0000000000
117826  -35.295  30.643  11.255 0.0000000000
117829  -34.893  30.066  10.772 0.0000000000
117825  -34.458  30.321  11.373 0.0000000000
117822  -34.906  30.844  11.835 0.0000000000
114328  -54.660  26.342  -3.162 0.0000000000
116230  -55.045  27.959  -2.196 0.0000000000
115310  -54.804  27.156  -3.388 0.0000000000
114338  -54.830  26.528  -3.907 0.0000000000
114353  -54.291  26.478  -4.307 0.0000000000
115335  -53.898  26.819  -4.283 0.0000000000
114351  -53.524  26.862  -5.316 0.0000000000
114250  -50.322  25.835  4.860 0.0000000000
115226  -50.728  26.347  3.955 0.0000000000
115227  -50.882  26.712  3.389 0.0000000000
116157  -51.026  27.021  3.061 0.0000000000
114293  -50.359  26.788  1.066 0.0000000000
117091  -51.879  27.551  1.050 0.0000000000
117093  -53.104  28.608  0.344 0.0000000000
117115  -53.249  29.083  -1.131 0.0000000000
117127  -53.580  28.681  -1.733 0.0000000000
116228  -53.059  28.372  -2.379 0.0000000000
117144  -53.466  28.313  -3.266 0.0000000000
116263  -53.747  27.944  -4.258 0.0000000000
116262  -53.305  28.014  -4.763 0.0000000000
114367  -53.227  26.771  -5.993 0.0000000000
115346  -52.824  27.170  -6.104 0.0000000000
114366  -52.541  26.686  -6.307 0.0000000000
114365  -51.462  26.663  -6.312 0.0000000000
114347  -49.110  26.282  -5.411 0.0000000000
116237  -49.494  28.429  -3.811 0.0000000000
115317  -49.893  27.080  -4.299 0.0000000000
114334  -49.308  26.557  -4.920 0.0000000000
115342  -48.262  27.254  -6.240 0.0000000000
116269  -47.504  28.005  -6.259 0.0000000000
115175  -42.142  27.237  7.168 0.0000000000
114212  -42.786  26.908  7.200 0.0000000000
117001  -44.566  29.980  9.325 0.0000000000
116101  -45.229  29.109  7.871 0.0000000000
117020  -45.459  29.328  7.668 0.0000000000
116121  -45.360  28.838  6.461 0.0000000000
116143  -45.318  28.407  4.600 0.0000000000
116156  -45.801  28.948  4.037 0.0000000000
117898  -46.783  30.451  1.397 0.0000000000
121049  -44.956  34.164  9.837 0.0000000000
119421  -44.573  32.574  7.613 0.0000000000
119426  -44.240  32.632  7.072 0.0000000000
121810  -46.500  35.558  6.374 0.0000000000
121809  -45.926  35.460  6.574 0.0000000000
121079  -45.111  35.119  6.681 0.0000000000
121093  -43.911  34.369  5.742 0.0000000000
121077  -43.611  33.445  6.427 0.0000000000
120275  -43.551  32.917  6.408 0.0000000000
118600  -43.702  31.848  6.235 0.0000000000
118612  -44.398  31.476  5.298 0.0000000000
119448  -45.310  31.506  3.785 0.0000000000
117891  -46.812  30.968  1.550 0.0000000000
117899  -47.157  30.870  0.891 0.0000000000
119491  -47.368  32.346  -0.125 0.0000000000
120365  -49.232  32.753  -2.832 0.0000000000
154044  -49.852  32.985  -3.200 0.0000000000
120342  -45.104  33.502  -0.360 0.0000000000
120352  -46.973  33.789  -1.189 0.0000000000
121178  -46.916  34.141  -2.305 0.0000000000
121179  -47.487  33.622  -2.508 0.0000000000
121186  -48.131  33.309  -3.001 0.0000000000
120374  -49.094  33.190  -3.201 0.0000000000
154053  -50.026  33.272  -4.226 0.0000000000
154059  -49.459  31.993  -4.933 0.0000000000
118707  -48.239  31.281  -6.159 0.0000000000
120390  -44.407  33.537  -4.670 0.0000000000
123359  -44.885  36.738  0.419 0.0000000000
123364  -44.453  36.565  -0.142 0.0000000000
124076  -45.083  37.271  1.224 0.0000000000
123358  -44.647  36.968  0.246 0.0000000000
124098  -43.708  35.725  -1.031 0.0000000000
124102  -43.539  35.666  -1.372 0.0000000000
123384  -42.889  36.113  -2.547 0.0000000000
124760  -43.978  37.809  1.176 0.0000000000
123363  -43.246  36.674  0.237 0.0000000000
123375  -42.906  35.985  -2.227 0.0000000000
121938  -41.299  35.260  -4.138 0.0000000000
121190  -40.929  34.374  -4.247 0.0000000000
121929  -40.331  35.313  -3.446 0.0000000000
121937  -40.185  34.881  -4.131 0.0000000000
121189  -40.074  34.205  -4.152 0.0000000000
120371  -40.459  33.436  -3.613 0.0000000000
119510  -38.435  32.677  -1.682 0.0000000000
122606  -39.527  35.677  -1.058 0.0000000000
121892  -39.235  35.532  -0.649 0.0000000000
121154  -38.230  34.769  -0.653 0.0000000000
121144  -36.516  34.145  0.325 0.0000000000
123251  -48.549  37.807  10.289 0.0000000000
123980  -46.147  38.473  8.951 0.0000000000
123260  -44.123  37.377  8.427 0.0000000000
123270  -43.980  37.006  7.855 0.0000000000
123307  -43.312  37.169  5.819 0.0000000000
123320  -41.905  37.196  5.089 0.0000000000
109331  -46.734  21.009  17.098 0.0000000000
109356  -45.493  21.329  14.984 0.0000000000
109357  -46.018  21.547  15.065 0.0000000000
109358  -46.464  21.934  15.221 0.0000000000
110363  -46.249  22.794  15.242 0.0000000000
110364  -46.721  22.423  15.442 0.0000000000
110365  -47.238  22.756  15.969 0.0000000000
110372  -45.302  21.880  14.811 0.0000000000
110403  -44.282  22.662  9.024 0.0000000000
110438  -44.763  22.739  5.894 0.0000000000
111347  -46.447  23.228  15.436 0.0000000000
111348  -46.996  23.164  15.715 0.0000000000
111358  -45.317  22.596  14.830 0.0000000000
111405  -44.065  22.720  9.034 0.0000000000
111437  -43.904  23.047  5.638 0.0000000000
112287  -45.780  24.442  15.575 0.0000000000
112289  -47.344  24.528  16.007 0.0000000000
112296  -45.308  23.989  15.285 0.0000000000
112314  -46.901  24.841  11.996 0.0000000000
112329  -47.932  24.623  11.128 0.0000000000
112355  -43.152  23.604  10.200 0.0000000000
112399  -46.778  23.730  4.990 0.0000000000
112444  -48.744  24.893  2.896 0.0000000000
113196  -41.852  25.784  15.760 0.0000000000
113236  -48.655  25.656  12.177 0.0000000000
113244  -37.097  25.524  11.783 0.0000000000
113254  -47.487  24.976  11.764 0.0000000000
113298  -39.738  26.067  6.906 0.0000000000
114098  -42.318  26.240  15.710 0.0000000000
114100  -44.099  26.018  15.566 0.0000000000
114133  -45.366  27.145  13.914 0.0000000000
114163  -42.567  27.009  11.938 0.0000000000
114170  -49.225  26.356  12.312 0.0000000000
114206  -52.493  25.471  8.354 0.0000000000
114327  -51.317  27.090  -3.919 0.0000000000
114352  -53.826  26.532  -4.758 0.0000000000
115070  -46.784  26.996  16.499 0.0000000000
115099  -43.250  27.323  14.289 0.0000000000
115101  -45.665  27.226  14.288 0.0000000000
115145  -51.280  26.615  11.726 0.0000000000
115164  -37.913  27.006  8.187 0.0000000000
115166  -50.770  26.115  8.424 0.0000000000
115170  -37.733  27.934  7.929 0.0000000000
115180  -50.763  25.986  7.308 0.0000000000
115183  -52.589  25.880  6.993 0.0000000000
115185  -41.543  26.821  6.905 0.0000000000
115276  -51.223  27.498  -1.106 0.0000000000
115315  -48.941  26.551  -4.895 0.0000000000
115318  -51.645  27.431  -4.110 0.0000000000
115320  -53.865  27.568  -4.052 0.0000000000
115999  -45.506  28.259  16.074 0.0000000000
116016  -45.523  27.675  15.573 0.0000000000
116027  -42.555  27.316  13.488 0.0000000000
116046  -44.838  27.350  13.838 0.0000000000
116073  -42.074  27.967  11.752 0.0000000000
116074  -51.318  26.698  11.282 0.0000000000
116092  -51.888  26.464  9.784 0.0000000000
116229  -54.633  27.999  -2.357 0.0000000000
116240  -53.099  28.571  -3.203 0.0000000000
116241  -54.229  27.709  -2.749 0.0000000000
116261  -52.870  27.946  -5.092 0.0000000000
116923  -45.501  28.586  15.391 0.0000000000
116970  -42.273  27.639  13.015 0.0000000000
116971  -47.229  28.405  14.155 0.0000000000
117003  -45.371  30.593  9.004 0.0000000000
117129  -54.786  28.354  -2.163 0.0000000000
117136  -53.441  28.187  -2.558 0.0000000000
117143  -49.444  29.990  -4.410 0.0000000000
117145  -53.659  28.194  -3.464 0.0000000000
117830  -35.548  30.184  10.606 0.0000000000
117832  -36.832  30.689  9.832 0.0000000000
117839  -38.006  30.713  8.914 0.0000000000
117840  -42.105  30.946  9.405 0.0000000000
117856  -39.883  29.874  7.911 0.0000000000
117909  -53.448  29.507  0.149 0.0000000000
117923  -53.808  29.399  -1.207 0.0000000000
117924  -54.269  29.429  -1.218 0.0000000000
117934  -54.324  29.022  -1.577 0.0000000000
118565  -38.003  31.441  9.691 0.0000000000
118592  -43.699  32.104  6.438 0.0000000000
118593  -44.125  31.901  6.755 0.0000000000
118601  -44.061  31.470  5.958 0.0000000000
118622  -45.326  31.324  4.191 0.0000000000
118677  -50.345  32.842  -4.222 0.0000000000
118693  -49.560  31.047  -4.173 0.0000000000
118701  -49.551  31.350  -4.563 0.0000000000
119361  -47.935  33.804  14.273 0.0000000000
119362  -48.628  33.599  14.266 0.0000000000
119378  -48.864  33.533  13.836 0.0000000000
119391  -36.485  31.611  11.520 0.0000000000
119425  -43.797  32.509  6.614 0.0000000000
119431  -43.431  32.306  6.057 0.0000000000
119432  -43.595  31.830  5.842 0.0000000000
119439  -43.278  32.529  5.630 0.0000000000
120172  -40.604  32.862  15.885 0.0000000000
120195  -48.561  33.775  14.692 0.0000000000
120214  -50.278  35.466  12.740 0.0000000000
120232  -44.229  33.575  11.555 0.0000000000
120240  -43.926  32.963  11.153 0.0000000000
120250  -47.453  34.958  9.041 0.0000000000
120271  -50.376  34.873  8.100 0.0000000000
120277  -47.724  34.488  6.327 0.0000000000
120278  -47.998  34.296  6.513 0.0000000000
120287  -43.242  33.061  5.983 0.0000000000
120310  -42.646  34.321  2.066 0.0000000000
120317  -42.679  33.945  1.704 0.0000000000
120340  -43.554  33.661  0.299 0.0000000000
120359  -37.021  33.677  -2.435 0.0000000000
120373  -48.690  33.158  -3.011 0.0000000000
120383  -48.740  33.282  -3.345 0.0000000000
120384  -49.186  33.393  -3.614 0.0000000000
120399  -46.401  33.263  -5.719 0.0000000000
121012  -50.150  35.720  13.671 0.0000000000
121022  -50.022  35.393  13.523 0.0000000000
121024  -50.369  35.586  12.513 0.0000000000
121026  -44.221  33.634  12.108 0.0000000000
121031  -50.486  35.605  11.914 0.0000000000
121038  -50.529  35.721  10.780 0.0000000000
121039  -50.501  35.563  11.037 0.0000000000
121044  -49.141  34.266  9.732 0.0000000000
121045  -49.325  34.359  9.927 0.0000000000
121046  -50.528  35.694  10.459 0.0000000000
121054  -49.500  34.450  9.772 0.0000000000
121056  -50.401  35.302  9.299 0.0000000000
121082  -47.756  34.626  6.625 0.0000000000
121083  -48.994  35.379  6.635 0.0000000000
121085  -50.468  35.050  6.277 0.0000000000
121092  -43.557  33.738  6.100 0.0000000000
121100  -50.450  35.387  5.816 0.0000000000
121127  -42.598  34.513  1.945 0.0000000000
121136  -42.625  34.361  1.712 0.0000000000
121145  -37.299  34.211  -0.090 0.0000000000
121147  -43.110  33.971  0.265 0.0000000000
121163  -37.493  34.617  -1.855 0.0000000000
121166  -39.995  34.822  -1.783 0.0000000000
121176  -40.098  34.908  -2.264 0.0000000000
121177  -40.309  35.042  -2.073 0.0000000000
121180  -47.330  33.714  -2.902 0.0000000000
121193  -48.451  33.290  -3.253 0.0000000000
121201  -46.460  34.294  -5.790 0.0000000000
121778  -50.419  36.123  12.759 0.0000000000
121787  -50.538  35.787  11.360 0.0000000000
121797  -50.505  35.701  9.450 0.0000000000
121798  -50.470  35.535  9.068 0.0000000000
121803  -50.587  35.420  7.276 0.0000000000
121811  -47.007  35.706  6.031 0.0000000000
121819  -45.776  35.552  6.225 0.0000000000
121822  -50.357  35.757  5.562 0.0000000000
121833  -48.396  35.870  4.488 0.0000000000
121835  -49.514  35.996  4.921 0.0000000000
121836  -49.875  35.815  5.279 0.0000000000
121849  -49.260  35.883  4.441 0.0000000000
121883  -43.331  34.499  0.297 0.0000000000
121895  -43.354  34.181  -0.102 0.0000000000
121900  -37.968  34.873  -1.919 0.0000000000
121901  -38.244  35.288  -2.153 0.0000000000
121907  -43.029  36.117  -1.863 0.0000000000
121913  -38.931  35.175  -2.697 0.0000000000
121914  -39.735  35.091  -2.578 0.0000000000
121918  -42.738  35.896  -1.730 0.0000000000
121919  -42.958  36.019  -1.774 0.0000000000
121922  -46.976  34.098  -2.784 0.0000000000
121923  -47.177  33.838  -2.812 0.0000000000
121936  -39.730  34.511  -3.967 0.0000000000
122516  -50.493  35.744  8.801 0.0000000000
122518  -50.657  36.016  7.508 0.0000000000
122544  -50.696  36.195  5.656 0.0000000000
122557  -49.818  36.449  4.767 0.0000000000
122568  -48.632  36.492  3.725 0.0000000000
122594  -39.629  35.554  0.996 0.0000000000
122604  -38.824  36.015  -1.583 0.0000000000
122608  -42.338  36.097  -0.147 0.0000000000
122614  -39.219  36.067  -1.822 0.0000000000
122618  -42.848  36.566  -1.307 0.0000000000
122619  -42.915  36.137  -1.801 0.0000000000
122624  -38.705  35.629  -2.327 0.0000000000
122627  -42.529  35.875  -2.508 0.0000000000
122629  -42.807  36.084  -1.600 0.0000000000
122638  -43.015  36.727  -3.544 0.0000000000
122644  -41.596  35.745  -3.763 0.0000000000
122656  -43.942  35.557  -4.574 0.0000000000
123290  -46.298  37.730  6.477 0.0000000000
123291  -51.020  37.234  5.854 0.0000000000
123309  -46.103  37.586  6.278 0.0000000000
123313  -51.030  36.521  5.820 0.0000000000
123324  -50.137  36.676  4.947 0.0000000000
123349  -43.143  37.515  2.634 0.0000000000
123378  -44.608  35.901  -2.664 0.0000000000
124064  -43.269  37.663  2.956 0.0000000000
124065  -43.297  37.637  2.787 0.0000000000
124074  -43.358  37.617  2.563 0.0000000000
154043  -50.170  32.910  -3.338 0.0000000000
154048  -50.112  33.382  -3.726 0.0000000000
154049  -50.627  33.118  -3.904 0.0000000000
154050  -49.540  33.205  -3.299 0.0000000000
154057  -50.415  32.351  -4.311 0.0000000000
154058  -49.894  32.383  -4.636 0.0000000000
