#!ascii label  , from subject 3205 vox2ras=TkReg
1208
48959  -11.736  -30.203  45.040 0.0000000000
64583  -36.029  -17.692  35.206 0.0000000000
74259  -34.210  -9.967  31.560 0.0000000000
57884  -28.406  -20.723  35.493 0.0000000000
82818  -39.020  -2.163  21.794 0.0000000000
79116  -34.268  -3.339  25.103 0.0000000000
64499  -36.234  -17.715  40.389 0.0000000000
57890  -33.983  -23.046  34.889 0.0000000000
87117  -44.008  2.061  24.990 0.0000000000
89455  -48.184  3.820  21.015 0.0000000000
89510  -53.429  3.231  18.147 0.0000000000
78939  -32.086  -4.935  36.418 0.0000000000
77902  -30.463  -6.019  28.848 0.0000000000
80238  -36.165  -2.439  32.257 0.0000000000
79050  -39.900  -3.663  27.952 0.0000000000
56823  -20.705  -23.547  34.519 0.0000000000
46538  -10.251  -31.606  48.601 0.0000000000
68171  -31.888  -14.358  36.897 0.0000000000
76585  -36.406  -8.221  36.811 0.0000000000
57936  -22.952  -22.557  31.414 0.0000000000
59027  -28.852  -21.291  29.419 0.0000000000
87272  -52.012  0.937  13.838 0.0000000000
92748  -54.611  6.322  13.962 0.0000000000
78006  -37.986  -6.318  22.976 0.0000000000
81536  -43.336  -2.883  26.350 0.0000000000
50080  -12.591  -29.325  40.685 0.0000000000
43198  -7.186  -35.875  45.469 0.0000000000
88304  -45.996  2.677  22.786 0.0000000000
80203  -33.820  -4.214  33.942 0.0000000000
54722  -18.276  -25.721  33.495 0.0000000000
47756  -10.629  -31.386  47.266 0.0000000000
66908  -33.469  -15.658  32.904 0.0000000000
66869  -33.893  -15.146  36.019 0.0000000000
58954  -25.519  -21.192  33.323 0.0000000000
59024  -25.117  -21.608  29.293 0.0000000000
58971  -28.934  -20.814  32.928 0.0000000000
60015  -35.571  -21.006  34.699 0.0000000000
58993  -32.569  -21.111  31.109 0.0000000000
61104  -34.121  -20.064  30.882 0.0000000000
57869  -26.739  -22.471  36.480 0.0000000000
56847  -24.520  -22.211  35.023 0.0000000000
88370  -44.305  2.917  17.122 0.0000000000
88429  -50.316  1.989  14.173 0.0000000000
88396  -56.191  3.232  15.924 0.0000000000
79072  -31.620  -3.883  27.577 0.0000000000
77963  -36.522  -4.172  24.171 0.0000000000
77929  -41.721  -5.067  27.121 0.0000000000
53510  -15.426  -25.791  37.383 0.0000000000
53440  -15.013  -26.179  40.310 0.0000000000
52262  -14.372  -27.291  42.361 0.0000000000
51193  -13.585  -28.385  38.815 0.0000000000
43220  -7.952  -36.110  43.869 0.0000000000
63403  -34.321  -18.426  37.793 0.0000000000
66840  -34.065  -15.918  37.876 0.0000000000
66793  -35.122  -15.483  41.338 0.0000000000
56776  -31.727  -22.897  36.961 0.0000000000
57887  -31.675  -21.295  34.674 0.0000000000
57858  -33.681  -22.401  37.313 0.0000000000
59996  -34.070  -19.872  38.045 0.0000000000
85966  -40.483  0.408  24.249 0.0000000000
87161  -43.046  2.064  21.671 0.0000000000
88327  -44.924  2.582  19.844 0.0000000000
89488  -47.329  3.878  18.489 0.0000000000
89522  -50.164  3.397  16.381 0.0000000000
89479  -51.060  4.678  19.428 0.0000000000
77851  -33.036  -6.824  32.753 0.0000000000
76682  -32.125  -7.603  30.265 0.0000000000
78983  -31.009  -5.195  32.943 0.0000000000
80261  -32.900  -2.924  30.764 0.0000000000
80303  -35.424  -2.858  29.119 0.0000000000
79077  -37.006  -2.994  26.826 0.0000000000
80266  -38.168  -2.493  30.763 0.0000000000
55711  -19.098  -24.048  36.019 0.0000000000
54680  -16.868  -25.104  35.550 0.0000000000
91727  -49.761  4.986  12.329 0.0000000000
47740  -8.904  -31.750  48.677 0.0000000000
66891  -30.141  -15.398  33.233 0.0000000000
69509  -33.434  -13.054  33.785 0.0000000000
69450  -33.676  -13.062  38.256 0.0000000000
70771  -35.142  -11.598  36.142 0.0000000000
75449  -35.249  -9.073  33.566 0.0000000000
77793  -33.744  -6.314  36.997 0.0000000000
57939  -31.288  -21.590  32.227 0.0000000000
55743  -23.252  -23.090  36.290 0.0000000000
56859  -21.863  -23.332  32.777 0.0000000000
88412  -52.450  1.917  15.630 0.0000000000
87258  -55.421  2.527  14.640 0.0000000000
90636  -53.393  4.902  12.674 0.0000000000
93771  -50.673  7.648  13.594 0.0000000000
47834  -10.654  -31.526  42.061 0.0000000000
46601  -10.303  -32.426  44.308 0.0000000000
79175  -38.779  -5.236  21.408 0.0000000000
77949  -39.167  -4.193  25.337 0.0000000000
79148  -40.957  -5.338  24.130 0.0000000000
81564  -41.179  -3.024  23.406 0.0000000000
84837  -42.753  -0.238  25.408 0.0000000000
50052  -12.475  -29.705  43.098 0.0000000000
45460  -9.036  -32.888  45.003 0.0000000000
45421  -8.402  -32.650  47.247 0.0000000000
45419  -7.283  -33.004  47.100 0.0000000000
47773  -10.915  -30.257  45.830 0.0000000000
64605  -36.002  -17.832  32.866 0.0000000000
65732  -35.130  -16.391  33.395 0.0000000000
65712  -35.139  -16.196  35.834 0.0000000000
58943  -26.596  -20.735  34.821 0.0000000000
58969  -26.106  -20.475  32.580 0.0000000000
58957  -28.532  -20.712  34.111 0.0000000000
62198  -35.902  -19.503  34.401 0.0000000000
61084  -35.294  -20.517  33.164 0.0000000000
62206  -35.835  -19.380  33.223 0.0000000000
62234  -34.753  -18.986  31.245 0.0000000000
57841  -29.661  -22.150  38.065 0.0000000000
57840  -28.505  -22.305  38.443 0.0000000000
57870  -27.857  -21.418  36.580 0.0000000000
57902  -25.886  -21.449  34.272 0.0000000000
89541  -49.106  2.975  14.405 0.0000000000
70820  -32.678  -11.919  30.999 0.0000000000
73156  -32.680  -10.633  30.499 0.0000000000
79098  -32.694  -3.358  26.414 0.0000000000
79130  -32.172  -4.231  24.833 0.0000000000
79132  -34.554  -3.714  24.049 0.0000000000
52364  -14.703  -26.996  37.292 0.0000000000
53485  -14.938  -25.983  38.487 0.0000000000
52345  -14.357  -27.134  38.513 0.0000000000
52323  -13.997  -27.684  39.205 0.0000000000
52343  -13.998  -29.034  37.557 0.0000000000
64538  -34.729  -18.261  39.359 0.0000000000
65644  -34.917  -17.007  39.626 0.0000000000
65618  -35.678  -16.507  41.148 0.0000000000
56744  -32.698  -22.423  39.567 0.0000000000
56778  -33.131  -22.990  37.736 0.0000000000
57821  -33.634  -21.306  40.060 0.0000000000
62145  -36.934  -19.283  40.680 0.0000000000
59980  -34.592  -19.957  39.753 0.0000000000
62165  -34.938  -19.021  39.700 0.0000000000
62179  -34.341  -19.221  37.937 0.0000000000
85968  -41.940  1.358  23.996 0.0000000000
85981  -40.977  1.805  23.511 0.0000000000
87146  -42.701  2.010  23.061 0.0000000000
88314  -47.576  2.913  22.260 0.0000000000
88312  -45.875  2.703  21.882 0.0000000000
88330  -47.205  3.270  20.468 0.0000000000
88344  -46.520  3.138  19.383 0.0000000000
89477  -48.485  4.350  19.597 0.0000000000
89490  -49.264  4.595  18.529 0.0000000000
89478  -49.777  4.613  19.859 0.0000000000
77836  -32.153  -5.983  34.383 0.0000000000
77850  -31.632  -6.127  33.266 0.0000000000
78959  -31.312  -5.053  34.121 0.0000000000
80219  -34.763  -4.003  33.137 0.0000000000
80235  -33.531  -4.101  32.087 0.0000000000
80249  -34.344  -3.741  31.367 0.0000000000
80279  -33.731  -2.810  29.856 0.0000000000
80263  -35.124  -3.113  30.657 0.0000000000
80282  -36.792  -2.592  29.760 0.0000000000
80265  -36.828  -2.369  30.617 0.0000000000
55725  -22.142  -23.705  36.726 0.0000000000
54682  -21.637  -23.932  37.044 0.0000000000
55723  -19.743  -23.787  35.429 0.0000000000
54702  -17.370  -25.792  34.608 0.0000000000
92754  -48.010  6.400  12.313 0.0000000000
93787  -46.863  7.578  10.745 0.0000000000
46532  -9.758  -31.502  48.862 0.0000000000
66879  -31.850  -15.866  34.801 0.0000000000
66893  -31.654  -16.237  33.577 0.0000000000
68180  -30.234  -15.284  35.463 0.0000000000
69488  -30.666  -12.824  34.487 0.0000000000
69476  -31.624  -13.019  35.484 0.0000000000
68131  -33.041  -14.278  40.129 0.0000000000
68147  -33.055  -14.485  39.037 0.0000000000
69432  -33.675  -11.802  39.908 0.0000000000
74204  -36.264  -9.263  37.131 0.0000000000
70743  -34.580  -10.865  37.286 0.0000000000
73104  -35.437  -10.026  36.066 0.0000000000
73130  -35.367  -10.311  34.439 0.0000000000
76616  -35.743  -8.525  34.997 0.0000000000
77826  -34.753  -7.269  34.760 0.0000000000
77795  -35.480  -7.236  36.934 0.0000000000
60071  -27.195  -20.649  29.134 0.0000000000
56831  -33.007  -22.032  34.651 0.0000000000
57923  -31.114  -20.900  32.946 0.0000000000
57925  -32.516  -21.999  32.479 0.0000000000
59011  -31.715  -20.974  29.914 0.0000000000
55728  -24.564  -23.506  36.751 0.0000000000
57919  -23.736  -21.990  32.742 0.0000000000
56845  -23.086  -23.002  34.117 0.0000000000
57935  -22.173  -23.169  31.962 0.0000000000
55780  -21.097  -24.936  30.861 0.0000000000
89508  -51.188  3.583  17.799 0.0000000000
88390  -50.700  2.628  16.010 0.0000000000
88375  -53.037  2.750  17.325 0.0000000000
90624  -55.837  4.431  15.017 0.0000000000
88415  -55.694  2.713  15.212 0.0000000000
89542  -55.402  3.833  14.324 0.0000000000
89549  -54.980  3.873  13.481 0.0000000000
91719  -54.301  5.546  13.493 0.0000000000
92758  -52.175  5.752  13.010 0.0000000000
93772  -51.826  7.449  13.585 0.0000000000
77893  -31.405  -7.143  30.030 0.0000000000
75499  -31.740  -8.894  29.598 0.0000000000
78036  -37.694  -5.406  20.903 0.0000000000
78024  -39.119  -6.086  22.370 0.0000000000
79049  -38.718  -2.887  27.859 0.0000000000
79102  -37.589  -3.684  25.774 0.0000000000
79080  -39.877  -3.729  27.153 0.0000000000
80334  -42.865  -4.366  26.065 0.0000000000
77969  -41.180  -4.647  25.660 0.0000000000
79136  -42.122  -4.268  24.951 0.0000000000
80371  -41.290  -3.922  23.605 0.0000000000
81551  -42.137  -2.924  24.733 0.0000000000
83863  -41.841  -1.215  24.725 0.0000000000
82755  -43.039  -2.038  25.828 0.0000000000
51169  -13.676  -27.904  41.839 0.0000000000
51155  -13.271  -28.601  42.291 0.0000000000
50053  -12.901  -28.954  43.650 0.0000000000
50058  -12.440  -29.970  42.129 0.0000000000
49005  -11.804  -30.738  41.509 0.0000000000
49016  -11.783  -30.755  40.379 0.0000000000
45475  -8.974  -34.447  42.943 0.0000000000
45468  -9.419  -32.828  44.630 0.0000000000
44392  -8.554  -34.675  43.891 0.0000000000
43199  -7.520  -35.956  45.158 0.0000000000
44354  -7.938  -33.571  45.896 0.0000000000
44353  -7.425  -33.788  45.775 0.0000000000
45420  -7.879  -32.960  47.062 0.0000000000
44352  -7.144  -34.023  45.692 0.0000000000
58897  -35.576  -21.831  40.501 0.0000000000
87109  -46.143  2.913  25.411 0.0000000000
87118  -45.250  2.611  24.501 0.0000000000
88282  -47.068  2.702  24.762 0.0000000000
81433  -32.605  -4.076  34.772 0.0000000000
55756  -19.567  -24.814  32.734 0.0000000000
55739  -18.823  -24.007  34.164 0.0000000000
47743  -11.660  -30.692  48.310 0.0000000000
47748  -11.003  -31.387  47.935 0.0000000000
65742  -34.492  -16.180  31.862 0.0000000000
66895  -33.661  -15.363  33.934 0.0000000000
68182  -32.438  -14.690  36.585 0.0000000000
77758  -35.347  -6.527  38.544 0.0000000000
58967  -24.395  -21.610  31.955 0.0000000000
59004  -23.623  -21.847  30.193 0.0000000000
60043  -25.479  -20.850  31.403 0.0000000000
60045  -27.161  -20.154  30.994 0.0000000000
59007  -28.659  -20.793  30.532 0.0000000000
58947  -35.052  -22.198  34.471 0.0000000000
57926  -33.179  -22.260  32.398 0.0000000000
60022  -34.587  -21.638  33.000 0.0000000000
60046  -33.323  -20.926  31.074 0.0000000000
61114  -33.454  -19.549  29.933 0.0000000000
56789  -26.792  -23.215  36.986 0.0000000000
56806  -25.332  -22.764  36.289 0.0000000000
56829  -25.519  -22.449  36.030 0.0000000000
57901  -24.737  -21.839  34.331 0.0000000000
88355  -43.432  2.975  18.139 0.0000000000
87271  -51.060  1.433  13.512 0.0000000000
89495  -55.049  3.971  18.371 0.0000000000
88377  -55.110  2.866  17.339 0.0000000000
77903  -30.680  -5.269  28.210 0.0000000000
78003  -35.414  -4.514  22.306 0.0000000000
77983  -36.926  -4.970  23.556 0.0000000000
79025  -42.019  -5.108  29.818 0.0000000000
77905  -41.106  -4.559  27.762 0.0000000000
79053  -42.801  -5.120  28.837 0.0000000000
54640  -17.117  -24.928  37.895 0.0000000000
54612  -16.526  -24.874  39.555 0.0000000000
53421  -16.622  -25.398  41.379 0.0000000000
52304  -14.648  -26.700  40.739 0.0000000000
52303  -14.101  -27.434  40.264 0.0000000000
51176  -12.958  -28.595  40.223 0.0000000000
50087  -12.408  -30.250  38.850 0.0000000000
50094  -13.027  -30.377  37.808 0.0000000000
63418  -35.709  -18.447  35.964 0.0000000000
65701  -35.398  -16.724  36.387 0.0000000000
65674  -34.277  -17.198  38.009 0.0000000000
66816  -33.941  -15.896  39.782 0.0000000000
57856  -30.030  -21.512  37.174 0.0000000000
57885  -29.619  -20.678  35.305 0.0000000000
56791  -32.079  -22.192  36.120 0.0000000000
56811  -33.285  -22.801  35.934 0.0000000000
57874  -34.024  -22.903  36.347 0.0000000000
58907  -33.976  -20.546  39.728 0.0000000000
58921  -34.027  -21.593  37.180 0.0000000000
58937  -34.792  -21.641  36.123 0.0000000000
61066  -35.017  -20.396  36.552 0.0000000000
63419  -34.973  -18.983  36.410 0.0000000000
56759  -31.451  -23.283  38.323 0.0000000000
83878  -39.614  -1.239  23.072 0.0000000000
84879  -38.414  -0.164  22.062 0.0000000000
85993  -39.568  1.070  22.950 0.0000000000
86012  -41.102  2.407  21.747 0.0000000000
87180  -42.137  2.730  21.115 0.0000000000
87147  -44.031  2.218  22.259 0.0000000000
87162  -44.154  2.259  21.146 0.0000000000
87205  -43.507  2.654  19.648 0.0000000000
88356  -44.493  2.778  18.158 0.0000000000
88372  -45.937  3.194  17.689 0.0000000000
89519  -47.175  3.982  16.889 0.0000000000
89521  -49.226  3.888  16.223 0.0000000000
89506  -48.717  4.540  17.396 0.0000000000
89491  -50.508  4.365  18.554 0.0000000000
89492  -51.638  4.068  18.633 0.0000000000
90598  -51.675  4.882  20.156 0.0000000000
89494  -53.916  4.183  18.623 0.0000000000
76665  -34.070  -8.298  31.527 0.0000000000
76684  -33.281  -8.532  31.144 0.0000000000
77868  -32.724  -7.080  31.573 0.0000000000
77881  -31.632  -6.993  30.946 0.0000000000
79004  -30.526  -4.984  30.630 0.0000000000
81476  -31.698  -3.912  33.139 0.0000000000
80246  -31.332  -4.288  31.039 0.0000000000
80259  -31.057  -4.220  29.998 0.0000000000
80300  -32.235  -2.942  28.790 0.0000000000
79044  -32.907  -2.859  28.067 0.0000000000
79075  -34.695  -2.731  27.079 0.0000000000
79100  -35.191  -3.070  26.014 0.0000000000
79047  -36.457  -2.693  27.884 0.0000000000
79021  -37.914  -2.417  28.967 0.0000000000
79022  -39.247  -2.819  28.991 0.0000000000
78996  -39.634  -3.693  31.184 0.0000000000
79007  -40.416  -3.927  30.364 0.0000000000
54642  -19.518  -24.342  38.004 0.0000000000
55722  -18.578  -24.354  34.930 0.0000000000
54681  -17.952  -24.722  35.345 0.0000000000
54658  -17.033  -24.665  36.880 0.0000000000
54679  -16.271  -25.290  36.264 0.0000000000
69525  -32.099  -12.593  32.678 0.0000000000
71978  -34.228  -11.810  31.953 0.0000000000
66856  -34.246  -15.837  37.128 0.0000000000
68173  -33.207  -14.744  37.441 0.0000000000
69463  -32.720  -13.687  37.059 0.0000000000
69465  -34.080  -12.366  37.568 0.0000000000
69478  -33.641  -13.208  36.252 0.0000000000
70769  -34.580  -12.709  34.591 0.0000000000
71970  -34.948  -11.781  32.991 0.0000000000
75462  -34.813  -9.223  32.667 0.0000000000
76630  -34.455  -7.581  33.142 0.0000000000
77825  -33.955  -6.666  34.832 0.0000000000
77808  -32.649  -5.947  36.162 0.0000000000
77757  -34.297  -6.096  38.822 0.0000000000
78932  -33.008  -6.067  38.541 0.0000000000
57922  -30.031  -20.836  33.186 0.0000000000
58989  -29.578  -21.505  32.020 0.0000000000
59008  -29.517  -21.547  30.750 0.0000000000
57941  -32.235  -21.665  31.745 0.0000000000
59009  -30.389  -22.100  30.433 0.0000000000
54704  -22.924  -23.848  37.061 0.0000000000
56824  -21.826  -23.349  34.905 0.0000000000
56826  -23.507  -22.716  35.411 0.0000000000
56825  -22.742  -23.157  35.190 0.0000000000
56843  -21.206  -23.516  33.540 0.0000000000
56857  -20.297  -24.694  32.235 0.0000000000
88389  -49.844  2.966  15.644 0.0000000000
88410  -50.506  2.287  15.087 0.0000000000
87254  -52.214  1.469  14.755 0.0000000000
88393  -53.796  2.240  16.604 0.0000000000
87256  -54.264  1.600  15.046 0.0000000000
87274  -54.061  1.499  14.203 0.0000000000
87293  -55.295  2.029  13.648 0.0000000000
89548  -54.435  3.788  12.808 0.0000000000
90647  -53.115  4.306  12.225 0.0000000000
91728  -51.020  5.029  12.661 0.0000000000
92755  -49.219  5.961  12.885 0.0000000000
48981  -11.662  -30.944  43.234 0.0000000000
47802  -10.852  -31.680  44.355 0.0000000000
46610  -10.242  -32.564  42.825 0.0000000000
74281  -32.326  -9.741  29.934 0.0000000000
81602  -38.551  -3.229  21.334 0.0000000000
79101  -36.387  -3.470  25.980 0.0000000000
79119  -37.653  -4.538  25.057 0.0000000000
77985  -38.470  -6.205  24.380 0.0000000000
77951  -41.052  -4.169  26.195 0.0000000000
77967  -39.778  -4.856  25.145 0.0000000000
78007  -39.219  -6.316  23.632 0.0000000000
79162  -40.209  -5.360  23.063 0.0000000000
81581  -39.941  -3.713  22.390 0.0000000000
82819  -39.722  -2.334  22.469 0.0000000000
83873  -40.520  -1.142  23.846 0.0000000000
84845  -41.796  -0.299  24.642 0.0000000000
87106  -43.335  1.235  25.803 0.0000000000
48961  -12.739  -28.831  45.625 0.0000000000
50039  -13.092  -28.723  44.768 0.0000000000
48982  -12.225  -30.216  43.597 0.0000000000
48994  -11.308  -31.024  42.173 0.0000000000
47878  -11.114  -32.123  40.138 0.0000000000
47789  -10.492  -31.452  45.160 0.0000000000
46581  -9.697  -31.833  46.702 0.0000000000
46562  -9.248  -32.270  47.003 0.0000000000
44383  -8.617  -33.985  44.858 0.0000000000
45452  -8.410  -33.168  45.999 0.0000000000
45422  -8.962  -32.489  47.163 0.0000000000
46545  -8.614  -32.545  47.693 0.0000000000
46535  -7.871  -32.347  48.074 0.0000000000
44367  -6.662  -34.856  45.484 0.0000000000
44351  -6.688  -33.993  45.636 0.0000000000
48950  -11.679  -29.789  45.685 0.0000000000
64596  -36.068  -17.815  34.004 0.0000000000
65723  -35.614  -17.078  34.354 0.0000000000
65713  -35.647  -16.877  35.503 0.0000000000
58944  -27.790  -20.465  34.897 0.0000000000
58945  -28.442  -20.693  34.752 0.0000000000
63429  -36.056  -18.572  34.799 0.0000000000
63443  -36.077  -18.642  33.593 0.0000000000
63457  -36.021  -18.691  32.369 0.0000000000
57871  -29.167  -20.848  36.473 0.0000000000
57855  -28.720  -21.423  37.599 0.0000000000
57883  -27.035  -21.074  35.887 0.0000000000
89540  -48.427  3.429  14.589 0.0000000000
71989  -33.046  -11.386  31.156 0.0000000000
73157  -33.271  -10.638  31.214 0.0000000000
79115  -32.970  -3.460  25.367 0.0000000000
79131  -33.177  -3.868  24.274 0.0000000000
52376  -14.874  -28.041  36.480 0.0000000000
52363  -14.451  -28.247  37.223 0.0000000000
52344  -13.972  -28.335  38.064 0.0000000000
64519  -35.779  -17.996  39.451 0.0000000000
64518  -35.567  -17.370  39.936 0.0000000000
64498  -35.880  -17.062  40.710 0.0000000000
56714  -33.726  -22.127  40.865 0.0000000000
56745  -33.080  -21.774  39.621 0.0000000000
57812  -34.178  -21.852  40.696 0.0000000000
63374  -36.471  -18.542  39.994 0.0000000000
62155  -36.027  -19.266  39.901 0.0000000000
63389  -35.492  -18.649  39.558 0.0000000000
63398  -34.487  -18.681  39.269 0.0000000000
56731  -32.973  -21.823  40.522 0.0000000000
87132  -43.011  1.740  24.345 0.0000000000
88321  -47.628  3.298  21.358 0.0000000000
89466  -47.925  3.802  20.435 0.0000000000
89467  -48.729  4.191  20.604 0.0000000000
78947  -31.942  -5.357  35.654 0.0000000000
78960  -31.680  -5.500  34.728 0.0000000000
78946  -31.609  -4.799  34.862 0.0000000000
80237  -35.113  -3.093  32.185 0.0000000000
80236  -34.554  -3.992  32.182 0.0000000000
80250  -35.144  -3.181  31.421 0.0000000000
80264  -35.971  -2.914  30.566 0.0000000000
80251  -35.902  -2.634  31.313 0.0000000000
55740  -21.023  -23.578  35.486 0.0000000000
55724  -21.178  -23.629  36.293 0.0000000000
56805  -20.504  -23.645  35.284 0.0000000000
92753  -47.137  7.155  12.394 0.0000000000
92763  -46.925  6.748  11.588 0.0000000000
93781  -46.904  7.758  11.636 0.0000000000
46539  -10.706  -31.405  48.482 0.0000000000
46533  -10.197  -31.253  49.024 0.0000000000
66867  -32.011  -15.151  36.029 0.0000000000
66866  -30.829  -15.557  35.674 0.0000000000
66851  -30.384  -14.794  36.282 0.0000000000
69460  -30.523  -13.324  35.809 0.0000000000
69462  -31.775  -13.565  36.477 0.0000000000
69414  -33.126  -13.520  40.111 0.0000000000
69433  -34.089  -11.497  40.283 0.0000000000
75415  -36.312  -8.836  36.642 0.0000000000
74215  -35.859  -9.366  36.432 0.0000000000
75425  -36.160  -8.934  36.210 0.0000000000
75424  -36.024  -8.970  35.640 0.0000000000
75414  -36.220  -8.432  36.201 0.0000000000
76599  -35.908  -8.090  35.568 0.0000000000
76584  -35.807  -7.590  36.606 0.0000000000
57950  -22.316  -23.616  30.693 0.0000000000
57951  -22.987  -23.140  29.969 0.0000000000
57889  -33.361  -22.415  34.342 0.0000000000
57907  -32.940  -21.709  33.748 0.0000000000
57908  -33.475  -22.290  33.471 0.0000000000
57918  -22.724  -22.767  32.969 0.0000000000
87290  -52.979  1.072  13.003 0.0000000000
89509  -52.289  3.275  18.063 0.0000000000
88374  -51.956  2.911  17.144 0.0000000000
91720  -55.064  5.420  14.050 0.0000000000
90630  -55.387  4.611  14.493 0.0000000000
90638  -54.967  4.713  13.735 0.0000000000
92747  -53.513  6.303  13.713 0.0000000000
76710  -30.964  -7.063  29.340 0.0000000000
76808  -36.998  -5.560  22.103 0.0000000000
76823  -36.612  -5.547  21.187 0.0000000000
76824  -37.367  -5.975  21.969 0.0000000000
78023  -37.990  -6.151  21.753 0.0000000000
79079  -39.242  -3.444  26.899 0.0000000000
80335  -43.207  -3.747  26.654 0.0000000000
79121  -42.186  -4.651  25.588 0.0000000000
80345  -42.632  -3.934  25.336 0.0000000000
80358  -42.227  -3.553  24.767 0.0000000000
81544  -42.640  -2.895  25.260 0.0000000000
82754  -42.399  -2.091  25.365 0.0000000000
51168  -13.111  -28.592  41.281 0.0000000000
50069  -12.740  -29.300  41.715 0.0000000000
50068  -12.314  -30.071  41.095 0.0000000000
50079  -12.246  -30.123  39.992 0.0000000000
44369  -7.589  -34.823  45.313 0.0000000000
44368  -7.086  -34.866  45.574 0.0000000000
80159  -33.547  -2.491  36.243 0.0000000000
55766  -19.395  -25.511  32.583 0.0000000000
47757  -11.075  -30.629  47.007 0.0000000000
47744  -12.218  -30.339  48.097 0.0000000000
47749  -11.442  -30.848  47.725 0.0000000000
64604  -35.523  -16.956  32.320 0.0000000000
66882  -34.533  -15.695  35.340 0.0000000000
66896  -34.516  -15.682  34.223 0.0000000000
66881  -33.833  -15.173  35.012 0.0000000000
66868  -33.053  -14.886  35.855 0.0000000000
57920  -24.672  -21.456  32.937 0.0000000000
58968  -25.252  -21.002  32.151 0.0000000000
58970  -27.548  -20.136  32.378 0.0000000000
60032  -26.519  -20.248  31.794 0.0000000000
58987  -28.145  -20.311  31.239 0.0000000000
58988  -28.816  -20.869  31.665 0.0000000000
58959  -34.423  -22.036  33.199 0.0000000000
60023  -35.129  -21.511  33.525 0.0000000000
61094  -35.168  -20.111  32.248 0.0000000000
60035  -34.905  -20.834  32.568 0.0000000000
60047  -34.013  -20.687  31.207 0.0000000000
61103  -33.468  -20.221  30.367 0.0000000000
57854  -27.551  -22.402  37.418 0.0000000000
56790  -27.255  -22.962  37.509 0.0000000000
57853  -27.060  -22.791  36.893 0.0000000000
56807  -25.926  -22.883  36.524 0.0000000000
57868  -26.112  -22.417  36.268 0.0000000000
77925  -30.937  -4.815  27.328 0.0000000000
77981  -34.926  -4.227  23.197 0.0000000000
77982  -36.079  -4.258  23.215 0.0000000000
78004  -36.544  -4.855  22.406 0.0000000000
81506  -43.416  -3.496  28.139 0.0000000000
54639  -16.250  -25.083  37.962 0.0000000000
54625  -16.889  -24.930  38.759 0.0000000000
54624  -15.788  -25.097  38.617 0.0000000000
53462  -14.893  -26.175  39.503 0.0000000000
54611  -15.459  -25.269  39.522 0.0000000000
54594  -15.371  -25.573  40.200 0.0000000000
53420  -15.357  -25.893  41.090 0.0000000000
51184  -13.460  -28.025  39.732 0.0000000000
51183  -13.117  -28.831  39.158 0.0000000000
50095  -12.868  -29.584  38.657 0.0000000000
63409  -34.846  -18.340  36.801 0.0000000000
64560  -34.489  -17.729  37.338 0.0000000000
65629  -34.561  -16.409  40.138 0.0000000000
65643  -34.420  -16.574  39.258 0.0000000000
66804  -34.116  -15.546  40.779 0.0000000000
57857  -31.123  -21.918  36.628 0.0000000000
56779  -33.379  -22.532  37.952 0.0000000000
56793  -33.169  -22.780  36.779 0.0000000000
56794  -33.487  -22.721  36.975 0.0000000000
56812  -33.637  -23.007  36.062 0.0000000000
59973  -35.593  -21.012  40.444 0.0000000000
58902  -34.746  -21.082  40.185 0.0000000000
59987  -34.095  -19.855  38.884 0.0000000000
59986  -34.031  -20.224  39.282 0.0000000000
58922  -33.893  -20.928  37.553 0.0000000000
58929  -34.585  -21.968  36.404 0.0000000000
60003  -34.432  -20.712  36.992 0.0000000000
60009  -34.990  -21.169  35.822 0.0000000000
61060  -34.430  -20.144  37.340 0.0000000000
63410  -34.610  -18.886  37.382 0.0000000000
62185  -34.745  -19.392  37.079 0.0000000000
56743  -32.212  -23.128  39.568 0.0000000000
57842  -30.641  -22.635  37.443 0.0000000000
84868  -39.715  -0.291  23.631 0.0000000000
84881  -39.309  0.098  23.165 0.0000000000
85980  -40.281  0.631  23.846 0.0000000000
87160  -41.794  2.178  22.363 0.0000000000
85994  -40.602  2.164  22.551 0.0000000000
87179  -40.993  2.589  20.991 0.0000000000
88293  -46.117  2.662  23.684 0.0000000000
87134  -45.329  2.513  23.436 0.0000000000
88303  -45.062  2.493  22.593 0.0000000000
88319  -45.800  2.691  20.966 0.0000000000
88311  -44.981  2.494  21.587 0.0000000000
87182  -44.343  2.377  20.353 0.0000000000
87181  -43.431  2.276  20.440 0.0000000000
88326  -44.145  2.497  19.709 0.0000000000
88341  -43.910  2.709  18.969 0.0000000000
88342  -44.728  2.702  19.042 0.0000000000
89487  -46.652  3.601  18.556 0.0000000000
88358  -46.118  3.094  18.511 0.0000000000
89504  -46.973  3.782  17.788 0.0000000000
89518  -46.432  3.751  17.266 0.0000000000
89505  -47.619  4.370  17.592 0.0000000000
89520  -48.066  4.184  16.538 0.0000000000
89481  -53.130  4.609  19.163 0.0000000000
77852  -34.003  -7.356  32.810 0.0000000000
76644  -33.697  -7.432  31.996 0.0000000000
77849  -31.155  -5.717  32.910 0.0000000000
77867  -31.764  -6.567  32.079 0.0000000000
77866  -31.067  -5.801  32.414 0.0000000000
77880  -30.912  -5.969  31.346 0.0000000000
78995  -30.701  -4.935  31.832 0.0000000000
81452  -33.020  -4.116  34.345 0.0000000000
81451  -32.328  -3.888  34.172 0.0000000000
80202  -32.950  -4.115  33.606 0.0000000000
80248  -33.248  -3.778  31.284 0.0000000000
80234  -32.538  -3.851  32.097 0.0000000000
80247  -32.188  -3.667  31.328 0.0000000000
80260  -31.925  -3.590  30.346 0.0000000000
80277  -31.681  -3.823  29.299 0.0000000000
80278  -32.451  -2.683  29.754 0.0000000000
80302  -34.512  -2.800  29.002 0.0000000000
80301  -33.338  -2.652  28.941 0.0000000000
79045  -34.089  -2.516  28.065 0.0000000000
79046  -35.361  -2.683  28.145 0.0000000000
80283  -37.641  -2.273  29.971 0.0000000000
79020  -36.766  -2.572  28.817 0.0000000000
79005  -38.563  -2.407  29.794 0.0000000000
78985  -39.635  -4.285  32.041 0.0000000000
78997  -40.475  -4.223  31.296 0.0000000000
79008  -41.260  -4.486  30.524 0.0000000000
55712  -20.400  -23.790  36.527 0.0000000000
54660  -19.909  -24.006  37.110 0.0000000000
55754  -18.584  -24.851  33.764 0.0000000000
55738  -18.409  -24.836  34.171 0.0000000000
54659  -18.297  -24.323  36.682 0.0000000000
47739  -8.399  -31.658  48.701 0.0000000000
66924  -32.128  -15.968  31.448 0.0000000000
68209  -29.597  -14.699  32.306 0.0000000000
69508  -32.383  -12.769  33.676 0.0000000000
69507  -31.315  -12.619  33.416 0.0000000000
69526  -33.003  -12.722  33.008 0.0000000000
69539  -32.856  -12.431  32.316 0.0000000000
70793  -34.028  -12.604  32.706 0.0000000000
65687  -34.567  -16.287  37.382 0.0000000000
65700  -34.980  -16.180  36.765 0.0000000000
68146  -32.932  -13.896  38.513 0.0000000000
68162  -33.138  -14.669  38.185 0.0000000000
68161  -32.776  -14.149  37.817 0.0000000000
69449  -33.184  -13.605  37.947 0.0000000000
70755  -34.855  -11.132  36.441 0.0000000000
70754  -34.600  -11.744  36.748 0.0000000000
69479  -34.372  -12.740  36.537 0.0000000000
69492  -34.353  -13.029  35.788 0.0000000000
69491  -33.918  -13.147  35.010 0.0000000000
70770  -35.015  -12.324  35.421 0.0000000000
74237  -35.487  -9.708  34.336 0.0000000000
73129  -35.247  -10.556  33.783 0.0000000000
74236  -35.191  -9.793  33.721 0.0000000000
73142  -34.815  -10.649  32.744 0.0000000000
74248  -34.932  -9.867  33.124 0.0000000000
76646  -34.906  -8.524  32.863 0.0000000000
76631  -35.104  -7.888  33.515 0.0000000000
77810  -34.726  -6.938  35.630 0.0000000000
77809  -33.824  -6.509  35.903 0.0000000000
77824  -32.924  -6.303  35.114 0.0000000000
77738  -35.139  -5.956  39.228 0.0000000000
78904  -34.542  -5.740  39.771 0.0000000000
78917  -32.218  -4.971  38.498 0.0000000000
59005  -24.448  -21.424  30.163 0.0000000000
59023  -24.094  -22.111  29.200 0.0000000000
57886  -30.694  -20.954  34.973 0.0000000000
57904  -29.951  -20.562  34.239 0.0000000000
57905  -30.914  -21.002  33.956 0.0000000000
57938  -30.316  -21.335  32.365 0.0000000000
58990  -30.357  -21.972  31.590 0.0000000000
58973  -32.596  -21.986  31.651 0.0000000000
54705  -23.181  -23.597  36.895 0.0000000000
55742  -22.523  -23.410  36.314 0.0000000000
56828  -25.065  -22.432  35.478 0.0000000000
55745  -24.795  -22.856  36.274 0.0000000000
56827  -24.299  -22.470  35.576 0.0000000000
56860  -22.369  -22.932  33.498 0.0000000000
56844  -22.079  -22.957  34.041 0.0000000000
56858  -20.835  -24.311  32.117 0.0000000000
89532  -49.152  3.386  15.138 0.0000000000
88391  -51.692  2.517  16.244 0.0000000000
88411  -51.409  1.960  15.438 0.0000000000
88395  -55.850  2.945  16.435 0.0000000000
88394  -54.894  2.418  16.520 0.0000000000
88414  -54.614  1.916  15.785 0.0000000000
87257  -55.080  2.069  14.913 0.0000000000
87275  -54.926  1.671  14.336 0.0000000000
87276  -55.353  2.343  14.193 0.0000000000
90637  -54.192  4.718  12.818 0.0000000000
90648  -54.003  4.179  12.425 0.0000000000
91730  -52.994  4.936  12.727 0.0000000000
90646  -51.661  4.391  12.095 0.0000000000
91729  -52.271  5.150  12.769 0.0000000000
92745  -51.155  6.695  13.210 0.0000000000
92756  -50.466  5.941  12.772 0.0000000000
92744  -49.949  6.882  13.201 0.0000000000
92743  -48.716  6.931  13.297 0.0000000000
93770  -49.404  7.871  13.910 0.0000000000
47816  -10.880  -31.579  42.929 0.0000000000
46611  -10.435  -31.940  42.399 0.0000000000
76683  -32.647  -8.285  30.670 0.0000000000
75485  -32.889  -9.186  30.794 0.0000000000
75500  -32.338  -8.885  30.236 0.0000000000
80399  -38.508  -4.312  21.121 0.0000000000
80400  -39.313  -4.230  21.773 0.0000000000
79076  -35.892  -2.897  26.984 0.0000000000
79103  -38.652  -3.596  25.885 0.0000000000
77948  -38.291  -4.483  25.247 0.0000000000
77965  -37.936  -5.400  24.863 0.0000000000
77966  -38.859  -5.283  25.012 0.0000000000
77906  -41.553  -5.016  27.620 0.0000000000
77927  -40.557  -3.960  27.073 0.0000000000
77928  -41.305  -4.713  26.986 0.0000000000
79134  -41.002  -5.216  24.628 0.0000000000
77988  -40.916  -4.953  25.305 0.0000000000
77987  -40.571  -5.277  24.799 0.0000000000
77986  -39.599  -5.983  24.716 0.0000000000
78008  -40.235  -6.067  23.969 0.0000000000
78025  -39.730  -6.056  23.258 0.0000000000
80384  -40.525  -4.141  23.010 0.0000000000
81583  -40.818  -3.036  23.137 0.0000000000
81604  -39.951  -3.058  22.333 0.0000000000
81563  -40.737  -2.600  23.231 0.0000000000
83872  -40.271  -1.729  23.573 0.0000000000
82785  -41.098  -2.100  23.623 0.0000000000
83852  -42.324  -1.194  25.256 0.0000000000
84836  -42.309  -0.468  25.062 0.0000000000
85952  -42.502  0.640  24.851 0.0000000000
85939  -43.197  0.721  25.818 0.0000000000
50038  -12.581  -29.458  43.919 0.0000000000
48995  -12.068  -30.496  42.629 0.0000000000
47879  -11.407  -31.298  40.713 0.0000000000
45461  -9.244  -32.614  45.162 0.0000000000
46592  -9.656  -32.162  45.479 0.0000000000
46580  -9.052  -32.320  45.998 0.0000000000
44391  -8.306  -35.611  43.580 0.0000000000
44382  -8.003  -35.119  44.567 0.0000000000
44355  -8.105  -33.399  46.123 0.0000000000
45441  -8.402  -32.883  46.501 0.0000000000
45442  -8.821  -32.471  46.901 0.0000000000
46546  -8.978  -32.484  47.785 0.0000000000
45410  -7.977  -32.778  47.718 0.0000000000
46544  -7.534  -32.722  47.547 0.0000000000
46534  -7.342  -32.428  47.907 0.0000000000
43196  -6.437  -35.476  45.275 0.0000000000
65733  -35.670  -17.237  33.369 0.0000000000
65722  -35.151  -16.295  34.751 0.0000000000
58955  -26.467  -20.596  33.595 0.0000000000
58956  -27.681  -20.212  33.852 0.0000000000
61078  -35.734  -20.314  34.424 0.0000000000
60024  -35.670  -20.751  33.846 0.0000000000
61085  -35.710  -20.073  33.660 0.0000000000
61095  -35.445  -19.873  32.969 0.0000000000
62221  -35.513  -19.415  32.405 0.0000000000
62220  -35.197  -19.490  31.780 0.0000000000
62235  -35.505  -19.049  31.799 0.0000000000
88387  -45.141  3.383  16.308 0.0000000000
70803  -32.304  -12.216  30.926 0.0000000000
79097  -31.569  -3.754  26.726 0.0000000000
77947  -30.935  -4.531  26.219 0.0000000000
79114  -31.793  -3.861  25.709 0.0000000000
77962  -31.220  -5.061  25.258 0.0000000000
79133  -35.589  -3.907  23.906 0.0000000000
52324  -14.501  -26.895  39.773 0.0000000000
51192  -13.424  -29.198  37.935 0.0000000000
51191  -13.577  -30.034  37.260 0.0000000000
64552  -34.198  -17.896  38.542 0.0000000000
65657  -34.478  -17.212  38.890 0.0000000000
64537  -34.811  -17.692  39.483 0.0000000000
65630  -35.260  -16.803  40.400 0.0000000000
66805  -35.021  -16.075  40.682 0.0000000000
56760  -32.609  -23.132  38.574 0.0000000000
56777  -32.507  -23.074  37.465 0.0000000000
56761  -33.036  -22.544  38.688 0.0000000000
56762  -33.200  -22.083  38.728 0.0000000000
57843  -33.434  -21.967  38.293 0.0000000000
59974  -35.449  -20.293  40.292 0.0000000000
61039  -35.266  -19.628  39.991 0.0000000000
61045  -34.400  -19.435  39.422 0.0000000000
61052  -34.173  -19.503  38.476 0.0000000000
61061  -34.386  -19.672  37.596 0.0000000000
62172  -34.333  -19.086  38.899 0.0000000000
64553  -34.299  -18.481  38.677 0.0000000000
85967  -40.984  0.666  24.432 0.0000000000
85982  -41.864  1.799  23.359 0.0000000000
88313  -46.768  2.882  22.085 0.0000000000
88320  -46.670  2.873  21.195 0.0000000000
88328  -45.747  2.667  20.065 0.0000000000
88343  -45.576  2.803  19.201 0.0000000000
88345  -46.990  3.135  19.907 0.0000000000
89476  -47.397  3.765  19.501 0.0000000000
89489  -47.934  4.776  18.579 0.0000000000
77837  -32.920  -6.628  34.041 0.0000000000
78971  -31.498  -5.622  33.918 0.0000000000
78970  -31.185  -5.188  33.569 0.0000000000
80218  -33.732  -4.215  32.960 0.0000000000
80262  -34.067  -3.441  30.550 0.0000000000
80280  -34.869  -3.090  29.826 0.0000000000
80281  -35.936  -3.009  29.661 0.0000000000
54683  -22.122  -24.110  37.088 0.0000000000
54721  -17.668  -26.090  33.894 0.0000000000
53557  -16.738  -26.638  34.722 0.0000000000
91726  -48.698  5.523  12.048 0.0000000000
91735  -48.160  5.430  11.266 0.0000000000
92764  -47.549  6.074  11.355 0.0000000000
92770  -46.836  6.567  10.607 0.0000000000
93793  -46.863  7.443  9.798 0.0000000000
46531  -9.220  -31.783  48.629 0.0000000000
66894  -32.728  -15.887  33.816 0.0000000000
66907  -32.470  -15.965  32.639 0.0000000000
66878  -30.856  -16.063  34.436 0.0000000000
66877  -30.387  -15.614  34.003 0.0000000000
69487  -29.878  -13.874  34.041 0.0000000000
69474  -30.209  -13.463  35.257 0.0000000000
70767  -30.907  -12.754  35.064 0.0000000000
69490  -32.633  -13.092  34.706 0.0000000000
66815  -33.304  -15.318  39.429 0.0000000000
66827  -33.471  -15.345  38.489 0.0000000000
69431  -33.248  -13.274  39.328 0.0000000000
69430  -33.236  -13.442  38.526 0.0000000000
71922  -35.078  -10.327  37.666 0.0000000000
73090  -35.354  -10.062  36.988 0.0000000000
71937  -35.050  -10.574  36.659 0.0000000000
71952  -35.314  -11.115  35.569 0.0000000000
73118  -35.364  -10.234  35.043 0.0000000000
75437  -35.812  -9.076  34.761 0.0000000000
75436  -35.580  -8.565  34.260 0.0000000000
76615  -35.383  -7.878  34.673 0.0000000000
76598  -35.278  -7.543  35.575 0.0000000000
77794  -34.936  -6.877  36.667 0.0000000000
78887  -34.218  -5.358  40.609 0.0000000000
60069  -25.811  -21.033  29.422 0.0000000000
56830  -32.451  -21.558  34.449 0.0000000000
57906  -32.023  -21.189  33.791 0.0000000000
57924  -32.178  -20.972  32.676 0.0000000000
55727  -23.795  -23.560  36.887 0.0000000000
57900  -23.479  -22.367  33.776 0.0000000000
56846  -23.844  -22.199  34.749 0.0000000000
57899  -23.125  -22.775  33.614 0.0000000000
56870  -20.963  -24.645  31.324 0.0000000000
56871  -21.610  -24.208  31.333 0.0000000000
88373  -50.965  3.230  16.798 0.0000000000
88392  -52.729  2.376  16.455 0.0000000000
88416  -56.121  2.990  15.692 0.0000000000
89533  -55.749  3.838  14.840 0.0000000000
88431  -55.482  3.046  14.141 0.0000000000
91718  -53.197  5.459  13.069 0.0000000000
91717  -52.498  5.671  13.057 0.0000000000
92746  -52.357  6.309  13.309 0.0000000000
46632  -10.694  -32.640  40.534 0.0000000000
46621  -10.380  -32.355  41.621 0.0000000000
76712  -32.204  -8.280  29.974 0.0000000000
76711  -31.593  -7.839  29.570 0.0000000000
75529  -31.229  -8.316  28.939 0.0000000000
78022  -37.160  -5.590  21.194 0.0000000000
78037  -38.461  -5.881  21.532 0.0000000000
79078  -38.160  -2.978  26.730 0.0000000000
79104  -39.396  -3.725  26.110 0.0000000000
79106  -42.143  -5.055  26.582 0.0000000000
79105  -41.721  -5.001  26.271 0.0000000000
79135  -41.372  -4.817  24.933 0.0000000000
79149  -41.345  -4.651  24.074 0.0000000000
80357  -41.845  -4.126  24.306 0.0000000000
81550  -41.796  -2.996  24.070 0.0000000000
82766  -41.531  -2.136  24.174 0.0000000000
82767  -41.893  -2.123  24.805 0.0000000000
83853  -43.007  -0.997  25.822 0.0000000000
51156  -13.770  -27.899  42.892 0.0000000000
51148  -13.359  -28.539  43.253 0.0000000000
50059  -12.787  -29.148  42.690 0.0000000000
47901  -11.414  -31.609  39.635 0.0000000000
45476  -9.567  -33.265  43.547 0.0000000000
45467  -8.996  -33.690  44.196 0.0000000000
44381  -7.695  -35.633  44.957 0.0000000000
45440  -8.111  -33.229  46.476 0.0000000000
45439  -7.343  -33.284  46.532 0.0000000000
45438  -7.063  -33.302  46.403 0.0000000000
57804  -35.070  -22.317  40.816 0.0000000000
87108  -44.844  2.665  25.934 0.0000000000
87119  -46.294  2.769  24.457 0.0000000000
88294  -46.970  2.835  23.862 0.0000000000
88315  -48.401  3.110  22.379 0.0000000000
89456  -48.589  3.764  21.570 0.0000000000
89468  -49.595  4.326  21.060 0.0000000000
80158  -32.703  -3.960  36.550 0.0000000000
80181  -32.202  -4.379  35.391 0.0000000000
80182  -33.530  -3.922  35.170 0.0000000000
80204  -34.708  -3.492  34.153 0.0000000000
56822  -19.546  -23.827  33.626 0.0000000000
56804  -19.823  -23.650  34.608 0.0000000000
56841  -19.526  -24.370  33.072 0.0000000000
55755  -18.984  -24.850  33.197 0.0000000000
47742  -11.082  -30.973  48.450 0.0000000000
46548  -10.557  -31.742  48.168 0.0000000000
66909  -34.307  -15.723  33.083 0.0000000000
66880  -32.866  -15.339  34.895 0.0000000000
68181  -32.003  -14.758  36.617 0.0000000000
76567  -36.052  -7.465  37.220 0.0000000000
57937  -23.745  -22.035  31.621 0.0000000000
59003  -23.243  -22.395  30.433 0.0000000000
58985  -24.060  -21.682  31.014 0.0000000000
58986  -24.855  -21.286  31.181 0.0000000000
60055  -25.449  -20.986  30.348 0.0000000000
60044  -26.114  -20.483  31.054 0.0000000000
60056  -26.459  -20.495  29.940 0.0000000000
60057  -27.379  -20.335  30.008 0.0000000000
59026  -27.982  -20.802  29.648 0.0000000000
58946  -34.527  -22.491  34.155 0.0000000000
57909  -34.065  -22.568  33.668 0.0000000000
58958  -33.753  -22.164  32.855 0.0000000000
58975  -33.971  -21.905  32.521 0.0000000000
58974  -33.487  -21.865  31.805 0.0000000000
60034  -34.251  -21.394  32.204 0.0000000000
60033  -33.723  -21.454  31.640 0.0000000000
61115  -34.103  -19.435  30.816 0.0000000000
55730  -25.936  -23.776  36.554 0.0000000000
56788  -26.284  -23.535  36.636 0.0000000000
57882  -25.826  -21.970  35.563 0.0000000000
57881  -25.215  -22.168  35.083 0.0000000000
87221  -42.452  3.503  18.933 0.0000000000
88359  -54.539  3.199  18.146 0.0000000000
88378  -55.564  3.376  17.206 0.0000000000
93774  -53.897  7.130  13.859 0.0000000000
79041  -30.634  -5.096  28.697 0.0000000000
77924  -30.333  -6.099  27.769 0.0000000000
78005  -37.137  -5.763  22.975 0.0000000000
79024  -41.044  -4.542  29.513 0.0000000000
79051  -40.780  -4.305  28.483 0.0000000000
79052  -41.593  -5.051  28.546 0.0000000000
79081  -42.123  -5.226  27.716 0.0000000000
79082  -42.907  -4.884  27.639 0.0000000000
80321  -43.156  -3.991  27.539 0.0000000000
81523  -43.396  -2.955  27.427 0.0000000000
82742  -43.240  -2.119  26.870 0.0000000000
52284  -14.831  -26.546  41.743 0.0000000000
52283  -14.255  -27.347  41.290 0.0000000000
51177  -13.521  -27.890  40.790 0.0000000000
50088  -12.612  -29.407  39.599 0.0000000000
64571  -35.585  -17.554  36.494 0.0000000000
65688  -34.910  -16.908  37.218 0.0000000000
65673  -34.280  -16.575  37.896 0.0000000000
65656  -34.371  -16.740  38.527 0.0000000000
66828  -34.058  -16.024  38.741 0.0000000000
66803  -33.340  -15.297  40.273 0.0000000000
65605  -35.984  -15.900  41.669 0.0000000000
57872  -30.405  -21.088  36.079 0.0000000000
57873  -31.415  -21.524  35.618 0.0000000000
56792  -32.654  -22.708  36.492 0.0000000000
56809  -32.309  -21.805  35.210 0.0000000000
56832  -33.369  -22.730  35.144 0.0000000000
57813  -34.534  -21.523  40.450 0.0000000000
57822  -33.835  -20.904  39.999 0.0000000000
57832  -33.536  -21.331  38.956 0.0000000000
59979  -34.717  -20.510  40.031 0.0000000000
57833  -33.712  -20.886  39.132 0.0000000000
57844  -33.689  -21.799  37.745 0.0000000000
57859  -34.142  -22.279  36.810 0.0000000000
57875  -34.511  -22.588  35.848 0.0000000000
57891  -34.607  -22.483  34.978 0.0000000000
58936  -34.998  -22.000  35.538 0.0000000000
60014  -35.221  -21.625  34.923 0.0000000000
61067  -34.905  -19.888  36.907 0.0000000000
61073  -35.238  -20.024  36.358 0.0000000000
61072  -35.435  -20.160  35.518 0.0000000000
62191  -35.545  -19.210  35.547 0.0000000000
57830  -30.233  -23.033  38.158 0.0000000000
83890  -39.262  -1.379  22.289 0.0000000000
83889  -38.487  -0.970  21.879 0.0000000000
84880  -38.884  -0.107  22.671 0.0000000000
85992  -38.924  0.756  22.602 0.0000000000
86011  -39.903  2.260  21.652 0.0000000000
87133  -44.228  2.126  23.582 0.0000000000
87204  -42.907  3.247  20.082 0.0000000000
87222  -43.277  3.081  19.174 0.0000000000
88357  -45.362  2.844  18.325 0.0000000000
88371  -45.221  2.966  17.372 0.0000000000
88388  -45.887  3.522  16.753 0.0000000000
89529  -46.570  3.873  16.394 0.0000000000
89530  -47.323  3.922  15.786 0.0000000000
89531  -48.331  3.832  15.511 0.0000000000
89507  -50.055  4.098  17.319 0.0000000000
89493  -52.746  4.019  18.609 0.0000000000
90587  -49.997  4.458  21.020 0.0000000000
90597  -50.693  4.692  20.425 0.0000000000
89480  -52.146  4.658  19.235 0.0000000000
75475  -34.260  -9.295  31.638 0.0000000000
74268  -33.472  -9.906  31.202 0.0000000000
75486  -33.619  -9.034  31.262 0.0000000000
76664  -33.205  -7.836  31.259 0.0000000000
77882  -32.462  -7.588  30.958 0.0000000000
77892  -30.648  -6.231  30.106 0.0000000000
80180  -31.832  -4.264  34.718 0.0000000000
80201  -31.472  -4.349  34.261 0.0000000000
80216  -31.268  -4.454  33.448 0.0000000000
80217  -32.789  -4.055  32.804 0.0000000000
80233  -31.541  -4.181  32.319 0.0000000000
79017  -30.627  -4.868  29.376 0.0000000000
79018  -31.065  -4.289  29.106 0.0000000000
79042  -31.223  -4.340  28.472 0.0000000000
79043  -31.937  -3.355  28.126 0.0000000000
79073  -32.333  -3.250  27.327 0.0000000000
79074  -33.451  -2.842  27.167 0.0000000000
79099  -33.901  -3.044  26.174 0.0000000000
79048  -37.515  -2.566  27.791 0.0000000000
79023  -40.200  -3.682  29.267 0.0000000000
80252  -37.105  -2.293  31.521 0.0000000000
80253  -38.166  -2.745  31.788 0.0000000000
80254  -38.920  -3.491  31.922 0.0000000000
80267  -39.060  -2.815  31.297 0.0000000000
79006  -39.525  -2.876  30.281 0.0000000000
79009  -42.134  -4.469  30.753 0.0000000000
54703  -18.029  -25.277  34.433 0.0000000000
54657  -16.218  -25.143  37.125 0.0000000000
53556  -16.129  -26.269  35.607 0.0000000000
53536  -15.867  -25.932  36.479 0.0000000000
94941  -47.329  8.632  10.876 0.0000000000
94949  -47.285  8.336  10.053 0.0000000000
69524  -31.050  -13.020  32.198 0.0000000000
69538  -31.874  -12.507  31.521 0.0000000000
70804  -33.074  -12.156  31.621 0.0000000000
73150  -34.078  -10.692  31.642 0.0000000000
66870  -34.458  -15.734  36.315 0.0000000000
66839  -33.619  -15.343  37.666 0.0000000000
66855  -33.771  -15.287  36.886 0.0000000000
66854  -33.202  -14.761  36.680 0.0000000000
68172  -32.695  -14.331  37.122 0.0000000000
69451  -33.750  -12.125  38.693 0.0000000000
69464  -33.684  -13.180  37.281 0.0000000000
69477  -32.727  -13.322  35.859 0.0000000000
70783  -34.313  -12.803  33.897 0.0000000000
71960  -35.263  -11.537  34.492 0.0000000000
70784  -34.906  -12.345  34.091 0.0000000000
70794  -34.537  -12.352  33.420 0.0000000000
71969  -34.456  -12.090  32.530 0.0000000000
73151  -34.588  -10.615  32.161 0.0000000000
74260  -34.643  -9.953  32.147 0.0000000000
75461  -34.611  -8.722  32.181 0.0000000000
76645  -34.518  -7.890  32.516 0.0000000000
77839  -34.902  -7.498  34.154 0.0000000000
77838  -34.199  -7.123  33.719 0.0000000000
77807  -32.157  -5.778  35.740 0.0000000000
78948  -32.141  -5.496  36.328 0.0000000000
77776  -35.750  -7.079  37.475 0.0000000000
77775  -34.580  -6.547  37.785 0.0000000000
78920  -34.022  -5.935  39.406 0.0000000000
77756  -33.772  -6.074  38.659 0.0000000000
77774  -33.495  -6.111  38.119 0.0000000000
77792  -32.947  -5.996  37.347 0.0000000000
78940  -32.350  -5.555  36.963 0.0000000000
78930  -32.189  -4.860  37.416 0.0000000000
57903  -29.043  -20.826  34.590 0.0000000000
57921  -29.301  -20.843  33.788 0.0000000000
58972  -29.714  -21.196  32.583 0.0000000000
57940  -31.997  -21.004  31.756 0.0000000000
58992  -31.819  -21.039  31.225 0.0000000000
58991  -31.235  -21.815  31.238 0.0000000000
59028  -29.640  -21.991  29.423 0.0000000000
54684  -22.755  -24.276  37.239 0.0000000000
55741  -21.590  -23.502  35.745 0.0000000000
55729  -25.349  -23.497  36.599 0.0000000000
55744  -24.025  -22.912  36.324 0.0000000000
56842  -20.143  -24.154  32.905 0.0000000000
88409  -49.753  2.704  14.705 0.0000000000
88430  -51.206  1.633  14.478 0.0000000000
88376  -54.129  2.661  17.420 0.0000000000
88413  -53.499  1.788  15.817 0.0000000000
87255  -53.254  1.569  14.921 0.0000000000
87273  -53.095  1.254  14.009 0.0000000000
87292  -54.866  1.501  13.602 0.0000000000
87305  -55.231  1.827  13.248 0.0000000000
88443  -54.928  2.919  13.318 0.0000000000
88442  -54.495  3.286  12.656 0.0000000000
92757  -51.593  5.855  12.869 0.0000000000
92742  -47.647  7.170  13.113 0.0000000000
93768  -47.537  8.100  13.010 0.0000000000
48967  -11.859  -30.680  44.185 0.0000000000
47790  -11.169  -30.939  44.713 0.0000000000
47803  -11.291  -31.381  43.860 0.0000000000
47815  -10.802  -31.994  43.672 0.0000000000
46620  -10.027  -33.269  41.665 0.0000000000
45484  -9.456  -33.693  42.207 0.0000000000
74267  -32.809  -9.868  30.662 0.0000000000
76741  -30.728  -7.412  28.403 0.0000000000
79117  -35.697  -3.542  24.879 0.0000000000
79118  -36.969  -3.940  24.996 0.0000000000
77964  -37.295  -4.889  24.471 0.0000000000
77984  -37.376  -5.962  24.051 0.0000000000
77926  -39.816  -3.776  26.647 0.0000000000
77950  -40.042  -4.060  25.955 0.0000000000
79161  -39.587  -5.193  22.117 0.0000000000
80370  -40.982  -4.771  23.508 0.0000000000
80383  -39.957  -4.565  22.442 0.0000000000
81603  -39.448  -3.131  21.993 0.0000000000
83879  -39.896  -1.158  23.713 0.0000000000
84856  -40.580  -0.235  24.284 0.0000000000
83862  -41.377  -1.215  24.224 0.0000000000
84844  -41.233  -0.489  24.393 0.0000000000
84857  -41.098  -0.111  24.526 0.0000000000
85951  -41.789  0.597  24.458 0.0000000000
87116  -43.255  1.351  25.340 0.0000000000
83841  -43.133  -1.237  26.572 0.0000000000
48960  -12.213  -29.524  45.324 0.0000000000
48969  -12.562  -29.125  45.015 0.0000000000
48968  -12.340  -29.725  44.527 0.0000000000
49004  -11.382  -31.071  41.535 0.0000000000
47854  -11.021  -31.594  41.240 0.0000000000
49024  -11.892  -31.000  39.183 0.0000000000
47772  -10.280  -31.233  46.310 0.0000000000
46563  -10.156  -31.913  47.532 0.0000000000
46547  -9.661  -32.299  47.801 0.0000000000
44371  -8.555  -33.339  45.383 0.0000000000
44370  -8.230  -33.745  45.480 0.0000000000
45453  -8.633  -32.804  46.053 0.0000000000
45423  -9.159  -32.392  47.327 0.0000000000
46537  -9.431  -32.087  48.331 0.0000000000
46536  -8.650  -32.330  48.177 0.0000000000
45411  -8.299  -32.623  47.581 0.0000000000
43217  -6.737  -36.637  45.043 0.0000000000
43197  -6.681  -35.713  45.414 0.0000000000
46591  -9.145  -32.503  45.440 0.0000000000
47730  -8.831  -31.174  49.098 0.0000000000
47741  -10.783  -31.035  48.702 0.0000000000
47855  -11.414  -31.137  41.260 0.0000000000
48951  -12.152  -29.412  46.197 0.0000000000
55713  -21.163  -23.726  36.840 0.0000000000
55726  -22.608  -23.788  36.955 0.0000000000
55768  -20.348  -25.041  31.830 0.0000000000
56732  -33.454  -21.532  40.444 0.0000000000
56746  -33.362  -21.461  40.016 0.0000000000
56808  -26.399  -23.117  36.690 0.0000000000
56810  -32.797  -22.466  35.576 0.0000000000
56833  -33.626  -22.965  35.514 0.0000000000
56848  -32.618  -21.473  34.067 0.0000000000
56849  -32.830  -21.651  34.248 0.0000000000
57820  -33.344  -21.488  39.760 0.0000000000
57831  -33.326  -21.609  39.236 0.0000000000
57839  -27.799  -22.328  38.073 0.0000000000
57888  -33.222  -22.047  34.256 0.0000000000
57917  -22.188  -23.051  32.592 0.0000000000
58913  -33.693  -21.182  38.184 0.0000000000
58914  -33.785  -20.642  38.671 0.0000000000
58930  -34.473  -21.348  36.686 0.0000000000
58960  -34.916  -22.210  33.768 0.0000000000
58984  -23.504  -22.095  30.936 0.0000000000
59006  -27.929  -20.388  30.480 0.0000000000
59040  -24.875  -22.329  28.729 0.0000000000
59995  -33.942  -20.301  38.079 0.0000000000
60008  -35.096  -21.615  35.439 0.0000000000
60030  -25.492  -20.809  31.802 0.0000000000
60031  -25.775  -20.569  31.816 0.0000000000
60083  -27.042  -20.949  28.520 0.0000000000
61093  -34.612  -20.540  31.702 0.0000000000
61105  -34.788  -19.825  31.350 0.0000000000
62192  -35.200  -19.608  36.317 0.0000000000
63404  -34.361  -18.825  38.325 0.0000000000
66852  -31.259  -14.915  36.591 0.0000000000
66853  -31.758  -14.784  36.600 0.0000000000
66865  -30.222  -15.166  35.793 0.0000000000
66904  -29.810  -15.195  32.468 0.0000000000
66926  -34.006  -15.770  32.363 0.0000000000
68169  -30.286  -13.851  36.108 0.0000000000
68170  -31.001  -14.086  36.654 0.0000000000
68179  -29.948  -14.624  35.323 0.0000000000
68187  -29.944  -14.985  34.124 0.0000000000
68188  -30.306  -15.422  34.866 0.0000000000
68197  -29.749  -14.703  33.153 0.0000000000
69461  -30.935  -13.281  36.192 0.0000000000
69475  -30.835  -12.901  35.441 0.0000000000
69489  -31.647  -12.657  34.498 0.0000000000
70752  -31.045  -12.761  35.271 0.0000000000
70753  -31.233  -12.821  35.377 0.0000000000
70768  -31.184  -12.730  35.049 0.0000000000
71923  -35.549  -9.954  37.610 0.0000000000
71951  -35.239  -11.671  35.143 0.0000000000
71961  -35.433  -10.764  34.645 0.0000000000
71979  -34.571  -11.118  32.275 0.0000000000
73091  -35.716  -9.644  37.152 0.0000000000
73105  -35.531  -9.776  36.676 0.0000000000
74214  -35.692  -9.472  35.869 0.0000000000
74226  -35.607  -9.561  35.287 0.0000000000
75450  -35.712  -9.105  34.167 0.0000000000
75476  -34.629  -9.286  32.124 0.0000000000
76583  -35.199  -7.247  36.124 0.0000000000
76742  -31.147  -7.661  29.060 0.0000000000
76809  -37.322  -6.081  22.530 0.0000000000
77773  -32.974  -6.055  37.836 0.0000000000
77823  -32.192  -5.857  35.304 0.0000000000
77904  -40.618  -4.132  27.833 0.0000000000
77952  -41.463  -4.889  26.335 0.0000000000
77953  -41.603  -5.026  26.749 0.0000000000
77968  -40.580  -4.559  25.448 0.0000000000
78021  -35.808  -4.831  21.562 0.0000000000
78903  -33.745  -5.808  39.940 0.0000000000
78918  -32.663  -5.724  38.926 0.0000000000
78919  -33.491  -6.010  39.043 0.0000000000
78931  -32.633  -5.757  37.984 0.0000000000
78984  -31.255  -5.559  33.444 0.0000000000
79019  -36.045  -2.751  28.759 0.0000000000
79107  -42.945  -4.497  26.857 0.0000000000
79120  -41.659  -4.906  25.891 0.0000000000
80276  -31.022  -4.262  29.413 0.0000000000
80299  -31.828  -3.625  28.646 0.0000000000
80346  -43.175  -3.506  25.798 0.0000000000
80385  -40.852  -3.449  23.197 0.0000000000
81431  -31.891  -4.044  34.619 0.0000000000
81432  -32.101  -4.090  34.704 0.0000000000
81450  -31.805  -3.949  34.409 0.0000000000
81467  -31.667  -3.851  33.829 0.0000000000
81468  -32.231  -3.763  33.389 0.0000000000
81477  -32.073  -3.687  32.726 0.0000000000
81545  -43.192  -2.828  25.712 0.0000000000
81582  -40.400  -3.064  22.802 0.0000000000
82784  -40.589  -2.170  23.401 0.0000000000
82801  -40.193  -2.216  23.129 0.0000000000
84846  -42.336  -0.096  24.988 0.0000000000
84867  -39.373  -0.404  23.127 0.0000000000
84892  -38.540  0.289  22.016 0.0000000000
87145  -41.842  1.952  23.025 0.0000000000
88305  -46.847  2.827  22.974 0.0000000000
88318  -44.993  2.514  20.664 0.0000000000
88322  -48.074  3.160  21.828 0.0000000000
88329  -46.539  2.844  20.334 0.0000000000
88360  -55.353  3.416  17.819 0.0000000000
89475  -46.951  3.627  19.001 0.0000000000
89503  -46.365  3.558  17.985 0.0000000000
90596  -50.068  4.560  20.731 0.0000000000
91725  -48.228  5.958  11.671 0.0000000000
92741  -47.342  7.563  12.740 0.0000000000
93777  -47.163  7.950  12.348 0.0000000000
