#!ascii label  , from subject 3205 vox2ras=TkReg
841
76277  -25.640  -8.759  -28.013 0.4285714328
77480  -26.367  -7.498  -28.506 0.2857142985
76293  -26.332  -8.252  -28.024 0.4285714328
76294  -27.213  -8.252  -28.125 0.4285714328
77481  -27.447  -7.392  -28.532 0.4285714328
78620  -26.817  -6.757  -28.936 0.2857142985
78621  -27.723  -6.397  -28.845 0.4285714328
79838  -26.983  -5.620  -29.333 0.4285714328
79814  -27.798  -5.613  -29.113 0.4285714328
82311  -27.199  -4.271  -30.036 0.4285714328
82336  -26.519  -2.953  -31.384 0.5714285970
82325  -26.741  -3.734  -30.701 0.5714285970
82326  -27.747  -3.243  -30.592 0.4285714328
83440  -28.034  -2.542  -30.649 0.2857142985
83453  -26.746  -2.126  -31.281 0.7142857313
83454  -27.564  -1.992  -30.853 0.7142857313
84449  -28.044  -1.306  -30.708 0.7142857313
85534  -28.637  -0.822  -30.592 0.4285714328
83455  -28.244  -1.910  -30.670 0.5714285970
85556  -28.694  -0.306  -30.580 0.5714285970
85554  -27.131  -0.367  -31.823 0.5714285970
86689  -27.842  0.469  -31.204 0.5714285970
87787  -28.417  1.301  -31.093 0.5714285970
86690  -29.021  0.422  -30.529 0.4285714328
88936  -28.052  1.714  -31.737 0.5714285970
88937  -28.832  2.249  -31.366 0.5714285970
87808  -27.419  1.309  -32.358 0.7142857313
88960  -28.821  2.845  -31.873 0.7142857313
90047  -29.459  3.068  -31.494 0.5714285970
87807  -26.789  1.102  -33.008 0.5714285970
88959  -28.022  2.509  -32.300 0.8571428657
90069  -28.916  3.582  -32.230 0.7142857313
90070  -29.644  3.856  -31.496 0.5714285970
88970  -27.483  2.832  -33.162 0.7142857313
88958  -27.044  1.992  -33.030 0.5714285970
91195  -28.958  4.618  -32.552 0.7142857313
91171  -30.067  4.371  -31.201 0.5714285970
90068  -28.012  3.350  -32.839 0.7142857313
92251  -29.618  5.370  -32.345 0.5714285970
90083  -28.323  4.017  -32.901 0.7142857313
92252  -30.312  5.602  -31.779 0.5714285970
91215  -28.224  4.814  -33.083 0.7142857313
92250  -28.897  5.375  -32.733 0.7142857313
93279  -29.544  6.780  -33.083 0.7142857313
92268  -30.194  5.998  -32.315 0.7142857313
92265  -27.975  5.651  -33.884 0.7142857313
92266  -28.419  5.941  -33.234 0.7142857313
94342  -29.657  7.637  -33.492 0.7142857313
94343  -30.343  7.581  -32.718 0.5714285970
91214  -27.731  5.053  -33.760 0.5714285970
95461  -30.469  8.439  -32.922 0.5714285970
93295  -28.506  6.759  -34.457 0.8571428657
92283  -28.200  6.123  -34.101 0.8571428657
95460  -29.834  8.585  -33.606 0.7142857313
94341  -28.994  7.363  -34.087 0.8571428657
94358  -29.333  7.934  -34.069 0.7142857313
97706  -30.038  10.124  -34.135 0.8571428657
97707  -30.647  10.164  -33.712 0.5714285970
95480  -29.272  8.559  -34.343 0.8571428657
95493  -28.842  8.819  -34.751 0.8571428657
94357  -28.784  7.540  -34.666 0.8571428657
98894  -29.670  11.254  -35.211 0.8571428657
98913  -29.920  12.042  -35.273 0.8571428657
99998  -30.093  12.917  -35.786 0.8571428657
96590  -29.444  9.493  -34.460 0.8571428657
98912  -29.111  11.641  -35.743 0.8571428657
98921  -28.822  11.858  -36.395 1.0000000000
97747  -28.895  10.538  -35.276 0.8571428657
99997  -29.397  12.298  -36.296 1.0000000000
101143  -29.644  13.362  -37.120 1.0000000000
101155  -28.694  13.938  -38.677 0.7142857313
100023  -29.474  12.795  -37.054 1.0000000000
100007  -28.440  12.246  -37.363 1.0000000000
101142  -29.183  13.738  -37.881 1.0000000000
104499  -28.951  16.477  -39.499 1.0000000000
105624  -28.351  17.671  -40.524 0.8571428657
105614  -28.905  17.512  -40.047 1.0000000000
109918  -29.010  20.884  -40.538 0.8571428657
107767  -28.512  19.172  -40.494 0.8571428657
107757  -28.751  18.794  -40.218 1.0000000000
109941  -29.665  22.145  -40.987 0.8571428657
110980  -28.944  22.968  -41.666 0.7142857313
110979  -27.856  22.564  -41.732 0.5714285970
111964  -28.377  23.845  -42.590 0.7142857313
111965  -29.386  24.201  -42.204 0.5714285970
111963  -26.984  24.236  -43.041 0.5714285970
110996  -27.373  23.319  -42.459 0.5714285970
111962  -26.090  24.292  -43.000 0.4285714328
113716  -27.421  25.567  -42.899 0.4285714328
113717  -28.228  25.644  -42.583 0.4285714328
114639  -26.445  25.826  -42.125 0.2857142985
114632  -26.954  26.133  -41.438 0.2857142985
114650  -25.879  24.987  -42.617 0.2857142985
91196  -29.709  4.617  -31.879 0.5714285970
96565  -30.575  9.358  -33.232 0.5714285970
96564  -29.871  9.440  -33.806 0.8571428657
97730  -29.729  10.496  -34.728 0.8571428657
102281  -29.001  14.793  -38.382 0.8571428657
113689  -28.463  25.837  -39.211 0.1428571492
78619  -25.889  -6.703  -29.084 0.2857142985
78640  -26.382  -6.162  -29.342 0.2857142985
78641  -26.983  -6.242  -29.114 0.2857142985
81080  -27.696  -4.854  -29.428 0.4285714328
79837  -26.035  -5.528  -29.858 0.2857142985
81093  -26.052  -4.229  -30.643 0.5714285970
83439  -27.243  -2.793  -30.961 0.5714285970
84448  -27.259  -1.248  -31.158 0.7142857313
85555  -27.988  -0.417  -30.797 0.4285714328
86691  -30.030  0.924  -30.590 0.4285714328
86709  -26.856  0.315  -32.574 0.7142857313
86688  -27.388  0.554  -31.939 0.7142857313
87788  -29.482  1.485  -30.800 0.4285714328
93263  -30.609  6.449  -31.847 0.5714285970
91197  -30.180  5.032  -31.283 0.5714285970
93280  -30.368  6.758  -32.443 0.5714285970
90082  -27.433  3.821  -33.591 0.8571428657
93278  -28.814  6.820  -33.713 0.7142857313
96605  -28.846  9.552  -34.966 1.0000000000
100009  -29.753  12.859  -36.645 1.0000000000
98911  -28.404  11.323  -36.271 1.0000000000
101141  -28.360  13.278  -38.303 0.8571428657
102293  -28.391  14.677  -39.030 0.7142857313
103400  -28.260  15.717  -39.414 0.7142857313
103388  -29.494  15.750  -38.356 1.0000000000
102292  -27.743  14.811  -39.636 0.7142857313
108835  -28.519  20.297  -40.465 0.8571428657
106728  -28.881  18.446  -39.971 1.0000000000
106729  -29.335  18.389  -39.398 1.0000000000
112838  -26.886  25.112  -43.191 0.7142857313
110995  -26.062  23.640  -42.801 0.4285714328
114651  -27.640  26.292  -42.423 0.4285714328
112840  -28.820  24.851  -42.621 0.4285714328
114640  -27.710  26.585  -41.876 0.2857142985
85553  -26.441  -0.725  -32.266 0.4285714328
85575  -26.639  -0.322  -32.422 0.4285714328
153982  -26.698  25.346  -43.084 0.4285714328
153984  -26.544  25.429  -42.866 0.2857142985
77479  -25.179  -7.369  -28.907 0.2857142985
77465  -25.662  -7.998  -28.345 0.2857142985
76295  -28.022  -7.965  -28.049 0.4285714328
81079  -26.431  -4.714  -30.110 0.2857142985
87786  -27.760  1.094  -31.635 0.5714285970
88938  -29.959  2.459  -30.827 0.5714285970
92267  -29.454  6.078  -32.612 0.7142857313
95479  -28.698  8.117  -34.909 0.8571428657
100021  -28.514  12.782  -37.825 1.0000000000
101164  -28.345  13.984  -39.034 0.8571428657
109940  -28.581  21.588  -40.960 0.8571428657
111944  -29.115  23.692  -42.010 0.7142857313
110997  -28.182  23.072  -42.291 0.5714285970
111982  -25.567  24.329  -43.606 0.4285714328
112853  -26.225  24.920  -42.913 0.4285714328
112839  -27.752  24.905  -42.855 0.4285714328
113704  -26.459  25.488  -41.359 0.2857142985
153981  -25.691  24.747  -43.122 0.2857142985
114633  -27.931  26.336  -41.003 0.2857142985
114628  -28.356  26.239  -40.052 0.1428571492
84447  -26.439  -1.378  -31.846 0.2857142985
103401  -28.881  15.651  -38.892 1.0000000000
117413  -29.357  29.671  -42.629 0.2857142985
118167  -28.686  30.302  -42.672 0.1428571492
115577  -28.482  27.898  -42.445 0.2857142985
116518  -29.554  28.897  -42.736 0.2857142985
117411  -28.178  29.494  -42.489 0.1428571492
118178  -28.885  30.825  -42.948 0.1428571492
115576  -28.025  27.934  -42.131 0.1428571492
116505  -27.797  28.924  -42.434 0.1428571492
115579  -30.180  27.350  -42.282 0.2857142985
116506  -29.127  28.265  -42.766 0.2857142985
112825  -32.173  24.376  -41.492 0.2857142985
113720  -31.357  25.512  -42.082 0.2857142985
118161  -28.342  29.698  -42.265 0.1428571492
114652  -28.749  26.596  -42.457 0.2857142985
111966  -30.338  24.114  -42.089 0.2857142985
114653  -29.747  26.508  -42.408 0.2857142985
115578  -29.310  27.477  -42.514 0.2857142985
110984  -31.732  22.997  -40.799 0.1428571492
112842  -30.809  24.705  -42.310 0.2857142985
113719  -30.332  25.597  -42.495 0.2857142985
117403  -27.792  29.387  -42.250 0.1428571492
113718  -29.292  25.669  -42.608 0.2857142985
110944  -33.639  22.405  -39.388 0.1428571492
110942  -31.957  22.539  -39.901 0.1428571492
111947  -31.356  23.246  -41.690 0.4285714328
112841  -29.862  24.837  -42.485 0.2857142985
108826  -31.104  21.123  -39.365 0.2857142985
109942  -30.307  22.348  -41.010 0.4285714328
111946  -30.661  23.345  -41.803 0.2857142985
107748  -31.898  19.846  -38.202 0.1428571492
109899  -31.001  21.383  -39.883 0.2857142985
108837  -29.957  20.948  -40.266 0.5714285970
110981  -30.078  22.887  -41.343 0.7142857313
107737  -31.473  18.857  -37.823 0.1428571492
107747  -31.190  19.350  -38.231 0.1428571492
111945  -29.787  23.628  -41.715 0.4285714328
108825  -30.348  20.525  -39.538 0.4285714328
106703  -31.648  18.306  -36.942 0.2857142985
106721  -31.188  18.337  -38.081 0.7142857313
109919  -29.534  21.264  -40.602 0.7142857313
106730  -30.000  18.706  -39.050 0.8571428657
108824  -29.646  19.885  -39.806 0.5714285970
105585  -31.841  17.105  -35.835 0.2857142985
105584  -31.508  17.531  -36.574 0.2857142985
107759  -29.737  19.396  -39.369 0.7142857313
107780  -27.623  19.556  -40.817 0.5714285970
107758  -29.067  19.298  -39.931 0.8571428657
105604  -30.493  17.528  -37.927 0.7142857313
104465  -31.940  16.119  -35.892 0.1428571492
96625  -27.073  9.496  -37.442 0.5714285970
100006  -28.094  12.248  -37.732 0.8571428657
98919  -28.130  11.411  -37.912 0.4285714328
104500  -29.327  16.383  -38.869 0.8571428657
102270  -30.112  15.011  -37.232 0.8571428657
103366  -31.491  15.261  -35.768 0.2857142985
104487  -30.087  16.632  -37.770 0.8571428657
104486  -29.720  16.798  -38.324 0.8571428657
102229  -32.040  15.148  -34.591 0.4285714328
103364  -30.930  16.075  -36.993 0.7142857313
104475  -30.487  16.795  -37.259 0.7142857313
97757  -28.193  10.743  -36.633 0.5714285970
97756  -27.867  10.366  -37.302 0.5714285970
100008  -29.061  12.339  -36.870 0.8571428657
101126  -29.763  14.314  -37.118 0.8571428657
102269  -29.511  14.822  -37.700 0.8571428657
103377  -29.717  15.610  -38.078 0.8571428657
103389  -29.862  16.125  -38.012 0.8571428657
102258  -31.378  14.786  -35.612 0.4285714328
102256  -30.452  15.007  -36.876 0.8571428657
103378  -30.107  15.827  -37.440 0.8571428657
102228  -31.513  14.595  -35.029 0.4285714328
92295  -26.993  5.313  -35.616 0.7142857313
93318  -27.452  6.320  -36.347 0.4285714328
92296  -27.388  5.261  -35.178 0.7142857313
94368  -28.355  7.366  -35.368 0.8571428657
94379  -27.284  7.225  -36.532 0.5714285970
95502  -27.307  8.370  -36.672 0.5714285970
95501  -26.683  8.201  -37.049 0.4285714328
95492  -28.147  8.390  -35.321 0.8571428657
96614  -27.484  9.427  -36.930 0.5714285970
96603  -27.774  9.457  -36.276 0.7142857313
99982  -30.383  12.634  -35.012 0.7142857313
101127  -30.327  13.786  -36.520 0.7142857313
99984  -31.968  12.912  -33.918 0.2857142985
99983  -31.070  12.969  -34.528 0.4285714328
101105  -31.341  13.984  -35.025 0.5714285970
90081  -26.895  3.321  -34.237 0.4285714328
91228  -26.748  4.389  -34.888 0.4285714328
93307  -28.330  6.648  -35.181 0.7142857313
98895  -30.410  11.738  -34.751 0.7142857313
98896  -31.088  11.989  -34.200 0.2857142985
88969  -26.882  2.600  -33.858 0.4285714328
88977  -26.551  2.857  -34.441 0.5714285970
91229  -27.205  4.492  -34.522 0.5714285970
91241  -26.949  4.687  -35.008 0.5714285970
92297  -28.136  5.952  -34.853 0.7142857313
97732  -31.159  10.742  -33.646 0.4285714328
98897  -31.961  11.850  -32.959 0.4285714328
86708  -26.304  0.585  -33.122 0.5714285970
92229  -30.352  5.893  -31.130 0.4285714328
95462  -30.847  8.299  -32.133 0.4285714328
96566  -31.310  9.066  -32.299 0.4285714328
81081  -28.603  -4.366  -29.173 0.1428571492
93281  -30.701  7.104  -31.788 0.4285714328
94321  -30.725  7.606  -31.414 0.4285714328
95439  -30.875  8.106  -31.455 0.4285714328
83426  -28.568  -3.029  -30.265 0.1428571492
83441  -28.767  -2.181  -30.398 0.1428571492
86669  -29.578  -0.066  -29.987 0.2857142985
88940  -31.562  3.794  -29.312 0.2857142985
92212  -31.265  5.454  -30.187 0.2857142985
91152  -31.220  4.286  -30.228 0.2857142985
92231  -31.749  5.979  -30.181 0.2857142985
91173  -31.142  5.110  -30.028 0.2857142985
90049  -31.074  3.875  -29.906 0.2857142985
93244  -31.335  7.012  -30.477 0.2857142985
93243  -30.653  6.956  -31.258 0.4285714328
82313  -28.919  -3.444  -29.442 0.1428571492
84411  -29.386  -1.576  -30.192 0.2857142985
85518  -29.175  -1.006  -30.433 0.2857142985
86671  -30.595  1.076  -29.229 0.2857142985
88915  -31.837  2.807  -28.802 0.2857142985
88914  -30.437  2.293  -29.068 0.2857142985
87789  -30.396  1.677  -30.131 0.2857142985
88939  -30.710  2.929  -29.789 0.2857142985
83427  -29.424  -2.413  -29.685 0.1428571492
85520  -29.959  -0.592  -29.040 0.2857142985
83428  -30.167  -2.007  -29.033 0.2857142985
86652  -29.691  0.009  -29.426 0.2857142985
85519  -29.595  -0.686  -29.858 0.2857142985
84427  -28.729  -1.475  -30.543 0.2857142985
86670  -30.284  0.623  -29.830 0.2857142985
77482  -28.375  -7.208  -28.286 0.2857142985
81057  -28.613  -5.150  -28.935 0.1428571492
81056  -28.135  -5.357  -29.079 0.2857142985
76278  -26.917  -9.082  -27.617 0.2857142985
75092  -26.030  -9.571  -27.247 0.2857142985
79815  -28.421  -5.786  -28.845 0.2857142985
75094  -27.805  -9.423  -26.819 0.1428571492
73881  -25.267  -10.207  -26.822 0.1428571492
84412  -29.863  -1.464  -29.409 0.2857142985
86653  -30.485  0.789  -28.887 0.2857142985
87769  -30.476  1.486  -29.229 0.2857142985
90022  -31.238  3.903  -29.241 0.2857142985
90048  -30.244  3.600  -30.779 0.4285714328
92230  -30.540  5.745  -30.319 0.2857142985
94304  -31.228  7.032  -30.260 0.2857142985
94322  -31.087  7.865  -30.884 0.4285714328
97733  -31.941  11.383  -32.407 0.2857142985
106739  -28.565  18.302  -40.372 0.7142857313
101118  -30.878  13.833  -35.657 0.7142857313
105615  -29.396  17.334  -39.079 0.8571428657
108850  -27.740  20.777  -40.621 0.5714285970
108836  -29.401  20.337  -40.253 0.7142857313
101106  -31.559  14.027  -34.718 0.2857142985
105603  -29.982  17.658  -38.581 0.8571428657
107768  -28.888  19.761  -40.336 0.8571428657
105583  -31.223  17.443  -36.985 0.5714285970
108810  -30.806  20.002  -38.769 0.4285714328
117401  -28.605  29.462  -41.363 0.1428571492
110983  -31.436  22.821  -41.091 0.2857142985
110958  -31.611  22.466  -40.434 0.1428571492
114654  -30.732  26.459  -42.335 0.2857142985
76279  -28.060  -8.790  -27.207 0.1428571492
82314  -29.713  -2.754  -28.543 0.1428571492
83411  -30.805  -2.173  -28.836 0.1428571492
85535  -29.159  -0.417  -30.402 0.2857142985
86651  -29.600  -0.263  -29.753 0.2857142985
90050  -31.241  3.782  -29.176 0.2857142985
91240  -26.469  4.643  -35.347 0.2857142985
94305  -31.921  6.943  -29.902 0.2857142985
92306  -27.579  5.635  -35.923 0.7142857313
92307  -28.086  5.874  -35.505 0.5714285970
94378  -26.505  7.345  -36.960 0.4285714328
96624  -26.357  9.492  -37.608 0.2857142985
95515  -27.064  8.777  -37.196 0.5714285970
95440  -31.522  8.194  -31.152 0.2857142985
94344  -30.681  7.599  -31.983 0.4285714328
95503  -27.689  7.965  -36.113 0.7142857313
97771  -27.135  10.344  -38.138 0.2857142985
96546  -31.958  8.925  -31.242 0.1428571492
97709  -32.043  10.695  -32.211 0.4285714328
97708  -31.233  10.313  -32.991 0.4285714328
102244  -31.335  14.430  -35.423 0.5714285970
103365  -31.340  15.527  -36.433 0.7142857313
106719  -29.929  18.061  -39.019 0.8571428657
103341  -32.965  16.156  -34.842 0.2857142985
104441  -33.202  16.835  -34.573 0.1428571492
104464  -31.487  16.530  -36.462 0.4285714328
103354  -32.046  15.775  -35.178 0.4285714328
105574  -32.272  17.878  -35.318 0.1428571492
106720  -30.517  18.398  -38.595 0.5714285970
106690  -32.305  18.402  -36.028 0.1428571492
106712  -31.513  18.485  -37.517 0.1428571492
107738  -32.173  19.253  -37.653 0.1428571492
116501  -27.598  28.800  -41.950 0.1428571492
108811  -31.501  20.546  -38.750 0.1428571492
110957  -31.226  22.152  -40.884 0.2857142985
109884  -32.465  21.038  -38.874 0.1428571492
109901  -32.943  21.769  -39.066 0.1428571492
110943  -32.592  22.518  -39.607 0.1428571492
111968  -31.721  23.807  -41.883 0.2857142985
112811  -32.199  23.955  -41.072 0.2857142985
111925  -32.297  23.743  -40.722 0.1428571492
111926  -32.938  23.755  -40.376 0.1428571492
77466  -28.733  -7.785  -27.596 0.1428571492
81058  -29.488  -4.825  -28.687 0.1428571492
90023  -32.123  3.716  -28.609 0.2857142985
99959  -32.752  12.611  -32.693 0.2857142985
110960  -33.265  23.130  -39.903 0.1428571492
112826  -32.960  24.865  -40.982 0.2857142985
78622  -28.841  -6.424  -28.437 0.1428571492
82312  -28.036  -3.987  -30.132 0.1428571492
92282  -27.739  5.431  -34.405 0.5714285970
101117  -30.536  13.632  -36.041 0.7142857313
98920  -28.366  11.490  -36.950 0.8571428657
97746  -28.196  10.540  -35.960 0.8571428657
97731  -30.675  10.843  -34.287 0.4285714328
93242  -30.516  6.342  -31.355 0.4285714328
97745  -27.857  10.120  -36.615 0.5714285970
116517  -28.719  28.888  -42.892 0.2857142985
117412  -28.667  29.626  -42.576 0.1428571492
115587  -28.270  28.638  -42.693 0.2857142985
116507  -29.810  28.158  -42.590 0.2857142985
116516  -28.159  29.065  -42.726 0.1428571492
115586  -28.051  28.537  -42.559 0.1428571492
112843  -31.537  24.491  -42.043 0.2857142985
117402  -27.999  29.559  -41.798 0.1428571492
111967  -31.153  23.856  -42.199 0.2857142985
110982  -30.852  22.578  -41.288 0.2857142985
110959  -32.180  23.176  -40.285 0.1428571492
111948  -31.912  23.464  -41.216 0.1428571492
109920  -30.481  21.685  -40.545 0.5714285970
108812  -32.660  20.271  -38.153 0.1428571492
109921  -31.298  21.783  -40.363 0.2857142985
109900  -31.812  21.707  -39.572 0.2857142985
107746  -30.392  19.406  -38.865 0.5714285970
105605  -31.218  17.841  -37.694 0.5714285970
104463  -30.975  17.004  -36.784 0.5714285970
102245  -31.573  14.977  -35.162 0.5714285970
102257  -31.099  14.519  -36.110 0.7142857313
93319  -28.186  6.431  -35.909 0.7142857313
94380  -27.918  7.250  -36.003 0.7142857313
95491  -27.788  8.737  -35.974 0.7142857313
96604  -28.156  9.559  -35.529 0.8571428657
99999  -30.701  13.329  -35.104 0.5714285970
90092  -27.006  3.809  -34.295 0.5714285970
90091  -26.507  3.699  -34.717 0.5714285970
91172  -30.571  4.774  -30.521 0.2857142985
96545  -31.281  8.659  -31.630 0.4285714328
93264  -30.637  7.084  -31.210 0.4285714328
93265  -30.821  7.020  -30.470 0.4285714328
81082  -29.034  -3.981  -28.606 0.1428571492
87770  -31.123  2.055  -28.219 0.2857142985
85521  -30.849  -0.412  -28.240 0.2857142985
75093  -27.152  -9.609  -26.930 0.1428571492
116499  -28.068  28.826  -41.344 0.1428571492
115569  -28.088  27.780  -41.690 0.1428571492
106752  -27.072  18.464  -41.080 0.5714285970
104510  -27.533  16.611  -40.374 0.4285714328
105638  -27.417  17.505  -40.755 0.4285714328
106753  -27.985  18.313  -40.813 0.5714285970
105639  -27.990  17.648  -40.727 0.5714285970
101162  -27.171  13.808  -40.090 0.4285714328
102291  -27.252  14.991  -40.221 0.4285714328
103399  -27.556  15.833  -39.789 0.5714285970
104498  -28.350  16.575  -40.159 0.5714285970
105613  -28.486  17.201  -40.422 0.5714285970
101140  -27.840  13.162  -38.490 0.5714285970
92214  -33.747  5.909  -28.940 0.1428571492
92232  -33.280  6.077  -29.389 0.1428571492
82335  -25.682  -3.496  -31.532 0.2857142985
91153  -32.047  4.745  -29.510 0.1428571492
90026  -34.667  4.719  -25.650 0.1428571492
91155  -34.036  4.990  -26.968 0.1428571492
91157  -35.077  5.307  -25.830 0.1428571492
92192  -34.361  4.754  -27.109 0.1428571492
91139  -35.970  5.116  -26.882 0.1428571492
88916  -32.160  2.976  -27.807 0.1428571492
88917  -33.251  3.727  -26.208 0.1428571492
90025  -34.016  4.521  -26.143 0.1428571492
90010  -36.402  4.085  -26.975 0.1428571492
88918  -34.178  4.056  -25.778 0.1428571492
88919  -37.084  2.731  -30.019 0.1428571492
88904  -37.269  2.761  -28.211 0.1428571492
88905  -37.394  3.464  -29.196 0.1428571492
82324  -25.915  -4.009  -30.961 0.2857142985
81101  -25.018  -3.867  -31.398 0.2857142985
86654  -31.400  0.561  -28.087 0.1428571492
87754  -32.085  2.010  -27.936 0.1428571492
87753  -30.944  1.196  -27.779 0.1428571492
87771  -32.064  2.401  -28.333 0.1428571492
88902  -34.114  2.979  -26.077 0.1428571492
88891  -33.385  2.751  -27.240 0.1428571492
90009  -35.028  4.201  -26.037 0.1428571492
88901  -33.358  3.519  -26.833 0.1428571492
88903  -36.185  2.484  -27.189 0.1428571492
87772  -36.883  1.553  -29.328 0.1428571492
87791  -36.485  1.685  -30.893 0.1428571492
79846  -24.981  -5.192  -30.679 0.2857142985
79836  -25.185  -5.475  -30.368 0.2857142985
85522  -32.078  -0.340  -28.273 0.1428571492
86655  -32.672  0.596  -27.957 0.1428571492
87756  -34.053  1.789  -27.351 0.1428571492
87742  -33.501  2.437  -27.313 0.1428571492
87744  -36.878  1.355  -28.075 0.1428571492
87758  -37.335  1.207  -28.135 0.1428571492
87790  -36.065  1.335  -31.715 0.1428571492
84413  -30.560  -1.384  -28.628 0.1428571492
84414  -31.549  -1.148  -28.378 0.1428571492
84403  -32.104  -1.757  -28.499 0.1428571492
85523  -33.237  -0.685  -27.940 0.1428571492
84415  -32.541  -1.103  -28.151 0.1428571492
86657  -35.428  0.283  -27.019 0.1428571492
86656  -34.094  0.261  -27.595 0.1428571492
87757  -35.667  1.688  -28.077 0.1428571492
86693  -36.768  0.453  -30.376 0.1428571492
86692  -36.296  0.766  -31.343 0.1428571492
84405  -33.794  -1.472  -27.932 0.1428571492
84416  -33.288  -1.068  -27.973 0.1428571492
85509  -33.863  -0.805  -27.674 0.1428571492
84418  -36.544  -1.487  -27.533 0.1428571492
84429  -35.806  -0.590  -27.415 0.1428571492
85512  -37.487  0.018  -27.966 0.1428571492
85538  -37.072  -0.535  -29.614 0.1428571492
85511  -36.947  -0.174  -27.571 0.1428571492
82298  -35.028  -3.188  -27.780 0.1428571492
83414  -33.502  -2.316  -27.779 0.1428571492
83416  -35.555  -2.058  -28.034 0.1428571492
84406  -34.691  -1.465  -27.836 0.1428571492
83430  -35.839  -1.871  -27.739 0.1428571492
84419  -36.885  -1.703  -29.032 0.1428571492
85524  -34.821  -0.605  -27.722 0.1428571492
88941  -36.256  2.099  -31.974 0.1428571492
91154  -33.900  5.075  -28.007 0.1428571492
92233  -34.211  6.109  -29.100 0.1428571492
85558  -36.713  -0.628  -30.670 0.1428571492
87809  -36.089  1.488  -32.365 0.1428571492
101163  -27.919  13.938  -39.345 0.4285714328
88942  -36.815  2.787  -31.565 0.1428571492
91140  -36.730  5.008  -27.722 0.1428571492
88920  -37.488  3.589  -30.066 0.1428571492
93245  -32.189  7.084  -30.034 0.1428571492
112813  -33.498  24.258  -40.718 0.1428571492
81078  -25.716  -5.081  -30.305 0.2857142985
92213  -32.243  5.071  -29.928 0.1428571492
84402  -31.298  -1.758  -28.554 0.1428571492
83429  -30.868  -1.925  -28.716 0.1428571492
94323  -31.847  8.234  -30.914 0.1428571492
90024  -33.378  3.658  -27.055 0.1428571492
91137  -34.495  5.260  -26.360 0.1428571492
90027  -35.501  4.734  -25.984 0.1428571492
92215  -34.738  5.529  -28.314 0.1428571492
92194  -36.002  5.832  -27.228 0.1428571492
88900  -33.018  2.875  -27.520 0.1428571492
90011  -37.138  4.136  -28.359 0.1428571492
88892  -33.862  2.951  -26.775 0.1428571492
87743  -33.580  2.228  -27.340 0.1428571492
87755  -33.463  1.677  -27.801 0.1428571492
86658  -37.369  0.551  -28.167 0.1428571492
86672  -37.219  0.501  -28.944 0.1428571492
83413  -32.558  -2.442  -28.161 0.1428571492
84404  -32.976  -1.748  -28.093 0.1428571492
85525  -35.852  -0.304  -27.172 0.1428571492
85537  -35.595  -0.748  -27.367 0.1428571492
83415  -34.389  -2.154  -27.728 0.1428571492
86659  -37.382  0.106  -28.156 0.1428571492
84417  -35.466  -0.963  -27.913 0.1428571492
73880  -24.252  -10.238  -27.170 0.1428571492
75091  -24.892  -9.431  -27.416 0.1428571492
75089  -23.014  -9.665  -28.448 0.1428571492
75090  -23.939  -9.623  -27.901 0.1428571492
76276  -24.551  -8.994  -28.251 0.1428571492
77464  -24.909  -8.281  -28.595 0.1428571492
77495  -24.395  -6.960  -29.724 0.1428571492
77496  -25.093  -6.578  -29.454 0.1428571492
78639  -25.550  -6.097  -29.732 0.1428571492
77494  -23.370  -7.294  -29.763 0.1428571492
78638  -24.689  -6.073  -30.206 0.1428571492
79835  -24.786  -5.675  -30.442 0.1428571492
79844  -23.581  -5.353  -30.822 0.1428571492
81091  -24.096  -4.750  -31.282 0.1428571492
81100  -24.440  -4.024  -31.429 0.1428571492
81092  -25.252  -4.569  -30.855 0.1428571492
83452  -26.042  -2.386  -32.001 0.1428571492
82334  -24.728  -3.356  -31.742 0.2857142985
84446  -25.887  -1.692  -32.244 0.2857142985
87819  -26.301  1.426  -33.762 0.4285714328
87829  -26.346  2.214  -34.358 0.4285714328
100020  -27.744  12.434  -38.203 0.2857142985
101153  -27.260  13.150  -38.935 0.2857142985
101154  -28.096  13.574  -38.809 0.2857142985
104525  -26.049  16.675  -41.127 0.2857142985
105637  -26.473  17.586  -41.046 0.2857142985
83451  -25.072  -2.553  -32.331 0.2857142985
77463  -24.168  -8.523  -28.682 0.1428571492
78647  -24.031  -5.791  -30.687 0.1428571492
84445  -24.483  -2.141  -32.213 0.2857142985
83469  -25.524  -2.016  -32.344 0.2857142985
83468  -25.177  -1.909  -32.438 0.2857142985
84471  -26.005  -1.109  -32.304 0.2857142985
85574  -26.016  -0.392  -32.825 0.4285714328
86722  -25.562  0.466  -33.388 0.4285714328
87818  -25.271  1.201  -33.932 0.2857142985
98930  -27.433  11.360  -38.491 0.2857142985
100033  -26.930  11.938  -38.717 0.2857142985
101152  -26.671  13.198  -39.485 0.2857142985
102322  -26.117  15.370  -40.762 0.2857142985
103409  -25.516  15.231  -40.836 0.2857142985
104526  -26.735  16.710  -40.643 0.2857142985
84470  -25.453  -1.349  -32.436 0.2857142985
100032  -26.176  12.546  -39.086 0.2857142985
98941  -26.081  11.442  -38.661 0.2857142985
101161  -26.093  13.261  -39.847 0.2857142985
102303  -25.596  14.546  -40.675 0.2857142985
102304  -26.444  14.770  -40.578 0.2857142985
103410  -26.870  15.821  -40.197 0.2857142985
100039  -25.157  12.665  -39.763 0.2857142985
101160  -25.586  13.297  -40.155 0.2857142985
101181  -25.910  13.824  -40.441 0.2857142985
103425  -26.324  15.850  -40.717 0.2857142985
79845  -24.534  -5.461  -30.708 0.1428571492
77478  -24.163  -7.889  -29.179 0.1428571492
78648  -24.246  -5.911  -30.533 0.1428571492
78637  -23.741  -6.251  -30.394 0.1428571492
83450  -24.298  -2.550  -31.785 0.2857142985
103424  -25.770  15.794  -40.935 0.2857142985
85590  -25.388  -0.167  -33.092 0.4285714328
101180  -25.139  13.602  -40.354 0.2857142985
88976  -26.074  2.661  -34.784 0.2857142985
90101  -26.043  3.944  -34.971 0.2857142985
116510  -32.664  28.327  -41.889 0.1428571492
116503  -32.996  27.720  -41.792 0.1428571492
115570  -31.840  27.240  -41.595 0.1428571492
113705  -31.689  26.020  -41.659 0.1428571492
113706  -32.210  25.556  -41.332 0.1428571492
116511  -33.554  27.978  -42.415 0.1428571492
114655  -31.479  26.498  -41.925 0.1428571492
116508  -30.636  28.239  -42.179 0.1428571492
118170  -31.036  30.707  -42.442 0.1428571492
90090  -25.768  3.310  -35.022 0.2857142985
90100  -25.612  4.036  -35.197 0.2857142985
113707  -33.438  25.716  -41.086 0.1428571492
115572  -33.383  27.289  -41.510 0.1428571492
113721  -31.828  24.953  -41.808 0.1428571492
114641  -32.016  26.540  -41.392 0.1428571492
114642  -32.866  26.553  -41.023 0.1428571492
115580  -31.065  27.305  -41.933 0.1428571492
116509  -31.637  28.206  -41.416 0.1428571492
117415  -31.569  29.968  -42.181 0.1428571492
117404  -30.576  28.893  -42.350 0.1428571492
116519  -30.160  28.755  -42.491 0.1428571492
116502  -32.398  27.805  -41.364 0.1428571492
115571  -32.543  27.283  -41.246 0.1428571492
117407  -32.970  28.992  -42.549 0.1428571492
98940  -25.283  11.895  -38.854 0.1428571492
100031  -25.541  12.489  -39.260 0.1428571492
101179  -24.660  14.074  -40.337 0.1428571492
103383  -22.760  14.913  -38.114 0.1428571492
104497  -22.987  15.482  -39.378 0.1428571492
98942  -26.733  10.949  -38.663 0.1428571492
102301  -24.722  14.655  -40.550 0.1428571492
104496  -23.071  16.197  -39.521 0.1428571492
105620  -23.859  17.269  -39.958 0.1428571492
93317  -26.583  6.321  -36.637 0.2857142985
93316  -25.724  6.445  -36.735 0.1428571492
96623  -25.637  9.443  -37.606 0.1428571492
97770  -26.204  10.009  -38.150 0.1428571492
97783  -26.060  10.567  -38.544 0.1428571492
98949  -24.798  12.149  -39.171 0.1428571492
103423  -25.192  15.711  -40.977 0.1428571492
105636  -25.619  17.598  -41.548 0.1428571492
105621  -24.327  17.239  -40.695 0.1428571492
105611  -24.761  17.948  -40.588 0.2857142985
107778  -25.989  19.314  -41.182 0.2857142985
110977  -25.736  22.606  -41.849 0.2857142985
109917  -24.884  20.963  -40.707 0.2857142985
110994  -25.197  23.296  -43.088 0.2857142985
112810  -27.438  24.898  -39.970 0.1428571492
106751  -26.230  18.456  -41.238 0.2857142985
106749  -25.267  18.278  -41.123 0.2857142985
109939  -27.296  21.748  -40.969 0.2857142985
108848  -26.188  20.326  -41.152 0.2857142985
109937  -25.649  21.121  -41.082 0.2857142985
110978  -26.766  22.627  -41.823 0.2857142985
114649  -25.260  24.857  -43.201 0.1428571492
111943  -25.171  22.970  -41.596 0.2857142985
114634  -28.658  26.898  -40.490 0.1428571492
109896  -24.023  20.032  -40.392 0.1428571492
106735  -24.873  18.053  -39.358 0.2857142985
110956  -25.614  21.870  -40.928 0.2857142985
113715  -24.660  24.761  -43.081 0.1428571492
111942  -24.299  23.362  -41.913 0.2857142985
113703  -25.830  24.887  -41.694 0.1428571492
112807  -24.870  24.197  -41.109 0.1428571492
105598  -22.634  17.122  -38.599 0.2857142985
110941  -25.463  21.729  -40.105 0.1428571492
112800  -26.857  24.055  -39.274 0.1428571492
111924  -26.334  23.393  -40.298 0.1428571492
104429  -20.805  16.111  -34.708 0.1428571492
102230  -33.065  14.921  -34.274 0.1428571492
98869  -32.782  12.096  -32.697 0.1428571492
95513  -25.743  8.766  -37.369 0.1428571492
97769  -25.483  10.152  -38.017 0.1428571492
97782  -25.373  10.819  -38.625 0.1428571492
98938  -24.145  12.236  -39.194 0.1428571492
100030  -23.880  12.668  -38.731 0.1428571492
100037  -23.665  12.767  -39.974 0.1428571492
103398  -23.194  14.715  -38.994 0.1428571492
103421  -23.918  15.273  -40.379 0.1428571492
104468  -22.817  15.878  -37.569 0.1428571492
104523  -24.783  16.344  -41.089 0.1428571492
107776  -25.298  19.216  -40.507 0.1428571492
108847  -25.654  20.080  -40.910 0.2857142985
109935  -24.761  20.260  -40.388 0.1428571492
111923  -25.708  23.004  -40.926 0.1428571492
112808  -26.004  24.111  -41.191 0.1428571492
114638  -25.711  25.055  -42.216 0.1428571492
112809  -26.945  24.423  -40.354 0.1428571492
112824  -26.648  25.129  -40.944 0.1428571492
101107  -33.277  13.389  -33.972 0.1428571492
113696  -26.973  25.557  -40.904 0.1428571492
111007  -24.510  23.583  -43.723 0.2857142985
153983  -25.259  24.767  -43.847 0.2857142985
112823  -26.350  24.860  -41.104 0.1428571492
95514  -26.395  8.667  -37.281 0.1428571492
94389  -26.167  7.902  -37.113 0.1428571492
98898  -32.236  12.004  -32.534 0.1428571492
107779  -26.657  19.435  -41.158 0.2857142985
104524  -25.366  16.582  -41.282 0.1428571492
100038  -24.357  12.572  -40.114 0.1428571492
100055  -23.899  13.364  -40.210 0.1428571492
98939  -24.559  11.610  -38.656 0.1428571492
97781  -24.864  11.045  -38.741 0.1428571492
102319  -23.789  14.326  -40.106 0.1428571492
103406  -23.288  14.993  -39.905 0.1428571492
104522  -24.236  16.202  -40.732 0.1428571492
97784  -26.532  10.448  -38.416 0.1428571492
105610  -23.566  16.996  -39.166 0.1428571492
104509  -23.381  16.187  -40.278 0.1428571492
105634  -24.518  16.810  -41.037 0.1428571492
106764  -25.204  17.966  -41.581 0.2857142985
107754  -24.968  18.348  -39.735 0.2857142985
107777  -25.614  19.192  -40.859 0.2857142985
106750  -25.660  18.428  -41.244 0.2857142985
110976  -24.807  23.123  -42.452 0.2857142985
108849  -26.920  20.554  -40.950 0.2857142985
109938  -26.377  21.526  -41.223 0.2857142985
109916  -24.509  20.427  -40.444 0.1428571492
113702  -25.062  24.869  -41.930 0.1428571492
111922  -24.621  23.629  -41.343 0.2857142985
115567  -28.622  27.771  -41.114 0.1428571492
112806  -24.034  24.030  -40.922 0.2857142985
107764  -25.023  18.930  -39.696 0.1428571492
108845  -24.891  19.939  -40.154 0.2857142985
84444  -23.848  -1.894  -32.161 0.1428571492
84469  -24.642  -1.552  -32.541 0.1428571492
84467  -23.170  -0.756  -32.559 0.1428571492
85571  -23.666  -0.071  -32.970 0.1428571492
85572  -24.343  -0.594  -33.038 0.1428571492
86719  -23.644  0.835  -33.614 0.1428571492
85573  -25.094  -0.656  -32.796 0.1428571492
86729  -23.829  1.145  -34.287 0.1428571492
86721  -24.786  0.630  -33.668 0.1428571492
87817  -24.706  1.059  -34.021 0.1428571492
87806  -23.280  1.381  -33.344 0.1428571492
87826  -24.030  1.698  -34.570 0.1428571492
87827  -24.714  1.570  -34.428 0.1428571492
88975  -25.291  2.478  -34.850 0.1428571492
91239  -25.646  4.784  -35.730 0.1428571492
91250  -26.206  4.958  -35.879 0.1428571492
106724  -24.207  17.788  -38.539 0.1428571492
83449  -23.400  -2.426  -31.626 0.1428571492
84443  -22.699  -1.436  -31.950 0.1428571492
84468  -23.648  -1.147  -32.713 0.1428571492
109898  -24.833  21.180  -40.233 0.1428571492
92305  -26.639  5.471  -36.052 0.1428571492
87828  -25.701  1.824  -34.503 0.1428571492
85570  -22.942  -0.214  -32.291 0.1428571492
85587  -23.933  0.394  -33.571 0.1428571492
86720  -24.221  0.764  -34.081 0.1428571492
85588  -24.286  0.183  -33.435 0.1428571492
85589  -24.888  -0.024  -33.237 0.1428571492
86730  -24.163  1.218  -34.462 0.1428571492
87816  -23.524  1.676  -34.052 0.1428571492
83438  -22.688  -2.414  -31.287 0.1428571492
76258  -28.401  -9.053  -26.759 0.1428571492
84407  -36.501  -2.009  -28.305 0.1428571492
84428  -35.941  -0.395  -27.471 0.1428571492
85510  -34.491  -1.319  -27.922 0.1428571492
85513  -37.614  -0.208  -28.166 0.1428571492
85526  -37.120  -0.348  -28.141 0.1428571492
85527  -37.368  -0.122  -28.073 0.1428571492
85536  -35.368  -0.367  -27.583 0.1428571492
86640  -36.763  1.096  -27.713 0.1428571492
86641  -37.362  0.704  -27.996 0.1428571492
86642  -37.401  -0.124  -28.078 0.1428571492
87741  -32.988  2.566  -27.685 0.1428571492
87745  -36.902  1.220  -28.376 0.1428571492
88890  -33.320  2.632  -27.425 0.1428571492
91156  -34.398  5.285  -25.919 0.1428571492
94388  -25.677  8.084  -37.183 0.1428571492
98947  -24.007  12.248  -39.897 0.1428571492
98948  -24.435  12.229  -39.521 0.1428571492
100022  -29.129  12.820  -37.408 1.0000000000
100040  -25.721  12.754  -39.478 0.2857142985
100056  -24.349  13.275  -40.273 0.1428571492
100057  -24.747  12.958  -40.231 0.1428571492
100071  -24.014  13.597  -40.207 0.1428571492
100072  -24.167  13.438  -40.241 0.1428571492
101128  -30.753  13.934  -36.106 0.7142857313
101178  -23.587  13.611  -40.007 0.1428571492
101182  -26.437  13.845  -40.366 0.2857142985
101196  -23.854  13.755  -40.125 0.1428571492
101197  -24.185  13.860  -40.204 0.1428571492
102255  -29.910  14.888  -37.176 0.8571428657
102300  -23.496  14.202  -39.568 0.1428571492
102302  -25.028  14.438  -40.605 0.1428571492
102320  -24.331  14.595  -40.366 0.1428571492
102321  -25.903  15.123  -40.790 0.2857142985
103384  -23.005  14.744  -38.371 0.1428571492
103407  -24.888  14.847  -40.696 0.1428571492
103408  -25.138  15.001  -40.796 0.2857142985
103422  -24.639  15.325  -40.727 0.1428571492
104428  -20.239  16.042  -34.207 0.1428571492
104439  -20.752  15.828  -34.938 0.1428571492
104481  -22.791  15.082  -38.729 0.1428571492
104508  -23.209  16.730  -39.902 0.1428571492
105573  -31.815  17.870  -35.961 0.1428571492
105594  -30.962  17.424  -37.312 0.5714285970
105595  -31.376  17.820  -37.207 0.2857142985
105612  -24.893  18.097  -41.125 0.2857142985
105622  -24.826  17.934  -40.984 0.2857142985
105623  -28.072  17.171  -40.584 0.5714285970
105635  -24.866  17.435  -41.451 0.1428571492
105648  -24.773  17.807  -41.906 0.2857142985
105649  -25.072  17.735  -41.613 0.1428571492
106725  -24.845  18.225  -40.282 0.2857142985
106726  -24.987  18.418  -40.508 0.2857142985
106727  -25.124  18.621  -40.464 0.2857142985
106736  -24.710  17.923  -40.056 0.2857142985
106737  -25.178  18.512  -40.690 0.2857142985
106738  -25.255  18.786  -40.570 0.2857142985
106763  -25.015  17.920  -41.745 0.2857142985
107755  -24.951  18.546  -40.133 0.2857142985
107756  -25.066  18.681  -40.261 0.2857142985
107765  -25.158  19.053  -40.251 0.1428571492
107766  -25.171  18.826  -40.355 0.2857142985
108846  -25.287  19.933  -40.492 0.2857142985
109915  -24.426  20.108  -40.402 0.1428571492
109936  -25.104  20.517  -40.618 0.1428571492
110975  -24.216  23.535  -42.706 0.2857142985
110992  -24.205  23.668  -43.153 0.2857142985
110993  -24.509  23.506  -43.313 0.2857142985
111008  -24.789  23.508  -43.814 0.2857142985
111009  -25.338  23.626  -43.736 0.4285714328
111921  -23.979  23.807  -41.507 0.2857142985
111941  -23.902  23.913  -42.236 0.2857142985
111960  -23.956  23.914  -43.163 0.2857142985
111961  -24.211  23.705  -43.404 0.2857142985
111979  -24.029  23.996  -43.633 0.1428571492
111980  -24.316  23.772  -43.880 0.2857142985
111981  -25.000  23.745  -44.443 0.2857142985
111983  -26.274  24.617  -42.994 0.4285714328
112821  -24.295  24.471  -41.702 0.2857142985
112822  -24.755  24.647  -41.489 0.1428571492
112837  -24.231  24.444  -42.653 0.1428571492
112851  -24.259  24.411  -43.375 0.1428571492
112852  -24.301  24.380  -43.942 0.1428571492
113694  -25.112  24.658  -41.483 0.1428571492
113695  -25.369  24.501  -41.334 0.1428571492
113701  -24.747  24.826  -42.461 0.1428571492
113727  -24.636  24.735  -43.631 0.1428571492
114636  -24.996  24.960  -42.952 0.1428571492
114637  -25.269  24.959  -42.561 0.1428571492
114648  -25.015  24.982  -43.388 0.1428571492
114660  -24.823  24.937  -43.761 0.1428571492
114661  -26.992  25.685  -43.128 0.4285714328
153977  -24.623  24.223  -44.340 0.2857142985
153978  -24.790  24.743  -44.098 0.2857142985
153979  -25.118  24.431  -44.468 0.2857142985
153980  -25.046  24.914  -43.718 0.2857142985
