#!ascii label  , from subject 3203 vox2ras=TkReg
1121
95817  -17.736  -3.831  -35.112 0.5555555820
95833  -18.450  -3.785  -35.451 0.6666666865
97115  -18.513  -2.844  -35.448 0.7777777910
95834  -19.197  -3.631  -35.587 0.7777777910
98372  -18.947  -1.768  -36.159 0.8888888955
97132  -21.030  -2.467  -36.202 0.8888888955
95816  -17.027  -3.819  -34.447 0.5555555820
97091  -17.273  -2.912  -34.762 0.5555555820
98357  -17.747  -2.040  -35.113 0.6666666865
95856  -19.481  -3.061  -35.590 0.8888888955
97131  -20.284  -2.449  -35.921 0.8888888955
98374  -20.437  -1.528  -36.452 1.0000000000
97133  -21.908  -2.440  -36.242 0.8888888955
98375  -21.259  -1.546  -36.515 1.0000000000
99510  -16.476  -0.891  -34.161 0.7777777910
100703  -17.283  0.148  -35.049 1.0000000000
101993  -17.259  0.811  -35.349 1.0000000000
99536  -18.074  -0.379  -36.172 1.0000000000
100730  -19.093  0.782  -36.921 1.0000000000
100729  -18.216  0.524  -36.323 1.0000000000
100731  -19.837  0.437  -37.172 1.0000000000
99556  -21.714  0.173  -37.041 1.0000000000
100743  -19.724  1.120  -37.336 1.0000000000
100744  -20.380  0.858  -37.327 1.0000000000
99557  -22.290  0.346  -36.984 1.0000000000
102034  -21.627  1.707  -37.308 1.0000000000
102035  -22.244  1.516  -36.996 0.7777777910
103314  -16.672  2.581  -35.115 0.8888888955
102009  -17.478  1.467  -35.809 1.0000000000
102021  -18.799  1.885  -36.970 1.0000000000
103332  -17.668  2.545  -36.558 1.0000000000
103333  -18.286  2.333  -36.965 1.0000000000
103351  -19.572  2.681  -37.702 1.0000000000
102033  -20.804  1.749  -37.494 1.0000000000
103353  -21.265  2.642  -37.480 1.0000000000
102022  -23.084  1.523  -36.689 0.8888888955
103354  -22.245  2.580  -36.987 1.0000000000
103335  -23.657  2.521  -36.648 0.7777777910
102024  -24.590  1.857  -37.124 0.7777777910
105867  -16.312  4.078  -35.165 0.5555555820
105891  -17.164  4.762  -36.993 0.7777777910
104610  -16.805  4.122  -36.401 0.8888888955
104630  -18.029  3.530  -38.021 1.0000000000
103350  -18.723  2.678  -37.470 1.0000000000
104631  -19.053  3.535  -38.086 1.0000000000
104632  -19.957  3.580  -37.952 1.0000000000
104634  -21.650  3.589  -37.321 1.0000000000
104635  -22.321  3.733  -37.101 0.8888888955
105910  -22.043  4.372  -37.444 1.0000000000
104612  -23.025  3.446  -36.641 0.8888888955
104614  -25.068  3.483  -36.417 0.7777777910
103356  -25.338  2.528  -37.740 0.6666666865
104615  -25.587  3.500  -37.158 0.6666666865
108453  -15.223  6.214  -34.675 0.4444444478
105890  -16.704  4.967  -36.409 0.7777777910
108470  -16.186  6.450  -35.941 0.6666666865
107203  -18.223  5.654  -38.111 0.7777777910
105906  -18.681  4.661  -38.289 0.8888888955
104633  -20.789  3.626  -37.568 1.0000000000
105927  -19.399  5.075  -38.370 1.0000000000
107205  -20.598  5.398  -38.059 1.0000000000
107207  -22.036  5.416  -37.636 0.8888888955
105893  -23.566  4.470  -36.725 0.7777777910
105894  -24.535  4.439  -36.493 0.7777777910
104636  -25.796  3.497  -38.203 0.5555555820
107195  -24.939  5.389  -36.480 0.7777777910
105911  -25.878  4.452  -37.631 0.6666666865
109722  -15.942  7.442  -35.987 0.6666666865
109723  -16.375  6.926  -36.264 0.6666666865
108484  -17.263  6.513  -36.981 0.7777777910
109742  -16.780  7.391  -36.616 0.7777777910
107204  -18.750  5.973  -38.446 0.8888888955
107215  -19.251  5.724  -38.474 0.8888888955
108497  -18.590  6.724  -38.313 1.0000000000
108511  -19.721  6.471  -38.424 1.0000000000
108512  -20.647  6.492  -38.297 1.0000000000
107206  -21.120  5.414  -37.854 0.8888888955
108486  -22.460  6.346  -37.403 0.8888888955
108487  -23.207  6.200  -36.632 0.8888888955
107194  -23.930  5.368  -36.517 0.7777777910
108485  -22.124  6.724  -37.940 0.8888888955
109729  -22.861  6.578  -36.472 0.7777777910
108488  -24.256  6.282  -36.293 0.7777777910
107208  -25.630  5.416  -37.224 0.7777777910
107217  -26.166  5.352  -38.048 0.6666666865
111000  -15.412  8.364  -35.555 0.6666666865
109721  -15.221  7.506  -35.173 0.5555555820
109741  -16.394  7.955  -36.375 0.7777777910
109743  -17.419  7.393  -37.320 0.8888888955
109758  -18.091  7.500  -37.906 0.8888888955
111057  -18.890  7.744  -38.300 1.0000000000
109775  -19.576  7.195  -38.398 1.0000000000
109762  -21.256  7.195  -38.316 1.0000000000
108500  -21.576  6.406  -37.979 0.8888888955
109746  -23.321  7.124  -36.169 0.7777777910
109747  -24.723  7.297  -36.331 0.7777777910
108502  -26.264  6.438  -37.636 0.6666666865
108515  -26.527  6.432  -38.919 0.5555555820
107218  -26.353  5.420  -38.842 0.5555555820
111018  -15.985  8.465  -36.233 0.7777777910
112267  -15.396  9.202  -35.948 0.6666666865
111019  -16.718  8.458  -36.818 0.8888888955
111040  -18.608  8.316  -38.106 1.0000000000
109760  -20.018  7.616  -37.952 1.0000000000
111043  -21.160  7.950  -38.088 0.8888888955
109744  -21.863  7.348  -37.744 0.8888888955
111022  -22.053  8.350  -36.779 0.8888888955
109745  -22.429  7.331  -36.790 0.8888888955
111024  -24.162  8.272  -36.361 0.7777777910
111044  -25.893  8.405  -37.170 0.7777777910
109763  -26.187  7.624  -37.660 0.7777777910
108503  -26.414  7.169  -38.244 0.5555555820
112274  -23.789  9.281  -36.510 0.7777777910
111045  -26.183  8.467  -37.928 0.5555555820
109784  -26.423  7.286  -39.644 0.5555555820
112294  -26.067  9.304  -37.511 0.6666666865
113488  -14.152  10.519  -34.421 0.4444444478
113504  -14.763  10.108  -35.371 0.5555555820
112269  -16.577  9.749  -36.967 0.7777777910
112287  -17.999  9.418  -37.784 1.0000000000
112286  -17.189  9.481  -37.288 0.8888888955
112288  -19.023  9.460  -37.940 1.0000000000
112290  -20.866  8.718  -37.792 0.8888888955
112271  -20.919  9.355  -37.261 0.8888888955
111021  -21.380  8.464  -37.409 0.8888888955
112272  -21.693  9.444  -36.867 0.8888888955
112293  -25.580  9.264  -36.763 0.6666666865
111059  -26.336  8.368  -38.679 0.5555555820
114814  -16.966  11.551  -36.427 0.6666666865
113506  -16.387  10.862  -36.232 0.6666666865
114829  -17.395  11.075  -36.818 0.7777777910
113531  -19.426  10.519  -37.734 0.8888888955
113532  -20.489  10.470  -37.374 0.7777777910
112270  -20.556  9.758  -37.299 0.8888888955
113533  -21.311  10.859  -37.140 0.7777777910
113534  -22.105  10.925  -36.847 0.7777777910
112291  -22.141  10.138  -36.749 0.7777777910
113521  -23.598  10.199  -36.441 0.6666666865
114842  -22.582  11.721  -37.425 0.6666666865
114844  -24.738  11.067  -37.400 0.6666666865
114832  -24.466  10.637  -36.875 0.6666666865
113523  -24.960  9.762  -36.924 0.5555555820
116085  -25.308  11.709  -38.102 0.6666666865
116086  -25.931  11.528  -38.108 0.5555555820
114846  -26.349  11.109  -38.292 0.5555555820
112306  -26.280  9.274  -38.376 0.4444444478
117289  -16.577  13.824  -34.689 0.3333333433
116041  -16.389  13.413  -35.353 0.3333333433
116058  -16.505  12.752  -36.089 0.5555555820
116059  -17.116  12.160  -36.388 0.6666666865
116071  -17.241  13.060  -36.870 0.5555555820
114838  -18.707  11.647  -37.748 0.7777777910
114839  -19.813  11.614  -37.766 0.7777777910
116080  -20.265  12.478  -37.993 0.6666666865
114840  -20.752  11.676  -37.397 0.6666666865
114841  -21.651  11.727  -37.417 0.6666666865
116083  -23.079  12.547  -38.178 0.6666666865
116096  -24.963  12.599  -38.452 0.6666666865
116097  -26.149  12.226  -38.416 0.5555555820
116098  -26.799  12.353  -39.211 0.5555555820
118533  -16.325  14.609  -33.563 0.4444444478
117302  -17.028  13.676  -35.539 0.4444444478
118545  -17.571  14.387  -35.640 0.5555555820
117313  -17.183  13.475  -36.328 0.5555555820
116077  -17.664  13.284  -37.051 0.6666666865
116078  -18.003  12.805  -37.361 0.6666666865
116079  -19.190  12.890  -38.000 0.6666666865
116081  -21.140  12.471  -37.811 0.6666666865
116082  -21.927  12.478  -38.228 0.6666666865
116095  -23.966  12.887  -38.505 0.6666666865
117334  -25.511  13.339  -38.679 0.6666666865
118571  -26.708  13.914  -38.975 0.5555555820
117339  -27.119  13.233  -39.332 0.6666666865
116090  -19.430  13.567  -38.268 0.6666666865
116091  -19.925  13.316  -38.297 0.6666666865
116092  -20.761  13.017  -38.324 0.6666666865
117333  -24.532  13.525  -38.753 0.6666666865
98358  -18.443  -1.867  -35.669 0.8888888955
99511  -17.149  -0.894  -34.797 1.0000000000
99537  -18.828  -0.608  -36.534 1.0000000000
99539  -20.676  -0.720  -36.869 1.0000000000
108469  -15.591  6.536  -35.303 0.5555555820
108501  -22.023  6.084  -37.671 0.8888888955
114812  -15.413  10.846  -35.202 0.5555555820
111038  -17.019  8.899  -37.188 0.7777777910
111041  -19.601  8.466  -37.957 1.0000000000
111023  -23.098  8.340  -36.542 0.8888888955
114797  -13.743  11.099  -33.832 0.2222222239
113547  -26.689  10.256  -38.852 0.4444444478
117320  -18.012  13.715  -36.950 0.6666666865
117327  -19.018  13.943  -38.233 0.6666666865
110999  -14.721  8.323  -34.937 0.4444444478
116102  -27.273  12.411  -39.877 0.5555555820
118544  -17.187  14.412  -34.812 0.3333333433
117342  -27.767  13.296  -40.033 0.5555555820
93259  -17.516  -5.708  -34.698 0.5555555820
93267  -18.194  -5.301  -35.012 0.5555555820
94545  -18.944  -4.604  -35.751 0.5555555820
95858  -20.855  -3.432  -35.864 0.7777777910
94531  -16.762  -4.822  -34.202 0.5555555820
94546  -19.407  -4.397  -35.664 0.6666666865
95835  -19.615  -4.070  -35.623 0.6666666865
95857  -19.962  -3.535  -35.681 0.8888888955
95859  -21.647  -3.300  -35.896 0.7777777910
98376  -22.183  -1.489  -36.558 0.8888888955
97089  -15.866  -3.389  -33.647 0.4444444478
98337  -16.299  -1.780  -33.766 0.5555555820
99540  -21.507  -0.674  -36.806 1.0000000000
100687  -16.258  -0.012  -33.734 0.2222222239
100702  -16.730  0.067  -34.410 0.6666666865
99542  -23.428  -0.598  -37.184 0.8888888955
100732  -22.966  0.305  -36.803 0.6666666865
102023  -24.142  1.620  -36.733 0.7777777910
100734  -24.512  1.209  -37.289 0.6666666865
101992  -16.657  1.310  -34.766 0.5555555820
102036  -24.888  1.656  -37.638 0.6666666865
104583  -16.333  3.471  -34.788 0.4444444478
103379  -26.035  2.577  -39.740 0.5555555820
107173  -15.216  5.508  -34.149 0.2222222239
104652  -25.905  3.544  -39.280 0.5555555820
108468  -15.026  6.849  -34.801 0.4444444478
105945  -26.096  4.878  -39.415 0.5555555820
110981  -14.117  8.363  -34.091 0.3333333433
107227  -25.951  5.070  -40.096 0.5555555820
113503  -14.044  9.859  -34.532 0.4444444478
108534  -25.599  6.660  -40.474 0.4444444478
114796  -13.277  10.810  -33.269 0.3333333433
111078  -26.055  8.104  -40.185 0.5555555820
112316  -26.288  9.059  -39.384 0.4444444478
117288  -15.973  14.105  -33.971 0.3333333433
116040  -15.779  13.175  -34.754 0.3333333433
116057  -16.046  12.410  -35.172 0.4444444478
114854  -26.998  11.709  -40.444 0.4444444478
116105  -27.409  12.387  -40.764 0.2222222239
118534  -16.647  14.694  -34.072 0.3333333433
118552  -18.089  14.580  -36.362 0.6666666865
117329  -20.374  13.857  -38.550 0.6666666865
117330  -21.496  13.315  -38.730 0.6666666865
117331  -22.631  13.472  -38.811 0.6666666865
118568  -24.017  14.417  -38.988 0.6666666865
119819  -25.471  15.029  -38.969 0.6666666865
118570  -25.964  14.194  -38.707 0.6666666865
118576  -26.552  14.623  -38.989 0.6666666865
118588  -27.658  14.376  -40.399 0.4444444478
117352  -27.908  13.301  -41.225 0.3333333433
118557  -18.972  14.713  -37.441 0.5555555820
94532  -17.639  -4.680  -34.782 0.6666666865
94544  -18.319  -4.633  -35.307 0.6666666865
97114  -17.939  -3.090  -35.242 0.6666666865
97129  -19.053  -2.617  -35.718 0.8888888955
98373  -19.637  -1.554  -36.314 1.0000000000
99526  -18.414  -1.099  -36.050 1.0000000000
97130  -19.583  -2.475  -35.825 0.8888888955
95815  -16.233  -3.896  -33.894 0.4444444478
97090  -16.324  -2.842  -34.039 0.5555555820
98338  -16.846  -1.881  -34.480 0.6666666865
99538  -19.793  -0.494  -36.880 1.0000000000
99525  -17.773  -0.850  -35.574 1.0000000000
100718  -17.646  0.287  -35.750 1.0000000000
99554  -20.298  0.039  -37.009 1.0000000000
102020  -18.272  1.601  -36.574 1.0000000000
99555  -20.939  0.099  -36.997 1.0000000000
99541  -22.445  -0.506  -36.909 0.8888888955
102032  -19.995  1.762  -37.732 1.0000000000
102031  -19.333  1.826  -37.340 1.0000000000
100745  -21.217  0.916  -37.223 1.0000000000
100746  -21.933  0.915  -37.157 1.0000000000
100747  -22.474  0.904  -36.894 0.8888888955
103315  -17.207  2.615  -35.722 1.0000000000
102008  -16.932  1.988  -35.408 0.6666666865
104597  -17.273  3.349  -36.218 0.8888888955
103349  -17.927  2.866  -37.341 1.0000000000
103352  -20.392  2.665  -37.693 1.0000000000
103336  -24.559  2.548  -36.721 0.7777777910
103355  -24.938  2.252  -37.194 0.6666666865
105866  -15.909  4.562  -34.636 0.5555555820
104596  -16.721  3.572  -35.571 0.7777777910
107191  -16.970  5.649  -36.722 0.6666666865
107202  -17.549  5.623  -37.368 0.8888888955
105905  -17.784  4.635  -37.714 0.8888888955
104611  -17.442  3.658  -37.097 1.0000000000
105907  -19.551  4.392  -38.233 1.0000000000
105909  -21.325  4.540  -37.558 1.0000000000
105892  -22.667  4.635  -37.126 0.8888888955
104613  -24.086  3.486  -36.645 0.7777777910
103337  -25.214  2.801  -36.917 0.7777777910
105895  -25.415  4.445  -36.731 0.6666666865
103364  -25.655  2.518  -38.792 0.5555555820
107190  -16.492  5.650  -36.112 0.5555555820
107184  -15.658  5.614  -34.904 0.3333333433
107185  -16.096  5.706  -35.480 0.4444444478
105883  -16.402  4.733  -35.607 0.6666666865
108483  -16.674  6.428  -36.440 0.7777777910
107214  -18.762  5.439  -38.394 0.8888888955
105908  -20.403  4.682  -37.989 1.0000000000
107216  -20.090  5.577  -38.299 1.0000000000
107193  -23.092  5.426  -36.993 0.7777777910
105929  -26.077  4.574  -38.808 0.5555555820
108496  -17.815  6.568  -37.725 0.8888888955
108513  -21.096  6.836  -38.324 1.0000000000
108489  -25.339  6.369  -36.701 0.7777777910
109759  -18.675  7.527  -38.213 0.8888888955
109748  -25.681  7.410  -36.935 0.6666666865
108520  -26.310  6.442  -40.076 0.5555555820
107244  -25.707  6.017  -40.327 0.5555555820
112255  -14.863  9.035  -35.377 0.5555555820
112268  -16.143  9.312  -36.558 0.6666666865
111039  -17.476  8.431  -37.522 0.8888888955
111042  -20.472  8.238  -37.892 1.0000000000
112275  -24.717  9.181  -36.523 0.8888888955
109764  -26.329  7.826  -38.260 0.6666666865
112273  -22.736  9.631  -36.594 0.8888888955
111069  -26.382  8.067  -39.351 0.5555555820
113514  -15.604  9.880  -36.104 0.5555555820
113529  -17.632  10.132  -37.356 0.7777777910
113515  -16.180  10.168  -36.519 0.7777777910
112289  -20.147  9.354  -37.598 0.8888888955
114799  -15.373  12.289  -34.934 0.5555555820
114813  -16.086  11.516  -35.367 0.5555555820
114830  -17.776  11.581  -37.011 0.6666666865
113516  -16.976  10.488  -36.900 0.7777777910
113505  -15.775  10.535  -35.778 0.7777777910
113530  -18.327  10.505  -37.554 0.7777777910
113519  -21.103  10.049  -36.950 0.7777777910
113535  -23.019  10.836  -36.754 0.6666666865
114843  -23.625  11.531  -37.432 0.6666666865
116084  -24.241  11.867  -38.267 0.6666666865
114845  -25.714  10.972  -37.826 0.5555555820
113538  -26.209  10.183  -37.964 0.5555555820
113548  -26.910  10.830  -39.511 0.4444444478
113559  -26.380  10.117  -39.898 0.4444444478
114850  -27.015  11.609  -39.694 0.5555555820
116072  -17.392  12.393  -36.683 0.6666666865
117335  -26.405  13.207  -38.864 0.6666666865
117303  -17.355  13.856  -35.992 0.5555555820
117323  -22.220  12.803  -38.719 0.6666666865
116094  -23.325  13.163  -38.539 0.6666666865
118569  -25.025  14.195  -39.090 0.6666666865
112254  -14.309  9.164  -34.779 0.4444444478
114798  -14.783  11.378  -34.577 0.3333333433
109701  -14.628  7.489  -34.530 0.4444444478
114858  -26.833  11.716  -41.210 0.3333333433
94563  -21.700  -4.324  -35.764 0.6666666865
94530  -16.017  -4.586  -33.680 0.4444444478
93258  -16.607  -5.853  -34.157 0.5555555820
98377  -23.093  -1.505  -36.964 0.7777777910
97072  -16.028  -2.327  -33.528 0.4444444478
100733  -24.035  0.424  -37.091 0.6666666865
105882  -16.060  5.170  -35.126 0.3333333433
107155  -15.092  5.303  -33.464 0.1111111119
107172  -14.866  5.920  -33.664 0.1111111119
110966  -14.103  7.944  -33.594 0.4444444478
110980  -13.725  8.865  -33.701 0.3333333433
114782  -14.847  12.573  -34.012 0.3333333433
119820  -26.134  14.946  -38.833 0.6666666865
119833  -27.269  15.017  -39.898 0.4444444478
90692  -20.870  -7.558  -35.614 0.4444444478
89238  -22.398  -9.359  -34.679 0.2222222239
91986  -18.081  -6.634  -34.674 0.4444444478
90690  -19.282  -7.122  -35.080 0.4444444478
93268  -18.822  -5.591  -35.490 0.4444444478
91994  -19.406  -6.522  -35.436 0.4444444478
90693  -21.863  -7.675  -35.847 0.4444444478
90694  -22.784  -7.844  -35.876 0.2222222239
93282  -19.286  -5.256  -35.787 0.4444444478
93270  -20.191  -5.990  -35.866 0.4444444478
91996  -21.078  -6.605  -35.911 0.4444444478
90695  -23.616  -7.702  -35.834 0.1111111119
90696  -24.479  -7.242  -36.059 0.1111111119
92010  -21.246  -5.994  -36.037 0.4444444478
92011  -22.037  -6.470  -36.207 0.3333333433
93283  -19.788  -5.348  -35.772 0.4444444478
93284  -20.580  -5.495  -35.886 0.4444444478
92012  -23.168  -6.461  -36.616 0.3333333433
90708  -23.937  -7.371  -36.791 0.2222222239
93285  -21.404  -5.385  -36.036 0.4444444478
94561  -19.898  -4.622  -35.717 0.5555555820
93301  -24.186  -5.302  -37.168 0.2222222239
92029  -24.717  -5.802  -37.307 0.1111111119
93303  -25.702  -5.371  -37.577 0.1111111119
93287  -23.343  -5.467  -36.694 0.3333333433
94565  -23.370  -4.436  -36.838 0.3333333433
95860  -22.534  -3.549  -36.244 0.4444444478
95861  -23.518  -3.394  -36.890 0.5555555820
97147  -23.693  -2.420  -37.104 0.6666666865
95881  -24.884  -3.360  -37.628 0.4444444478
97168  -25.787  -1.753  -37.844 0.3333333433
98389  -23.907  -1.535  -37.434 0.6666666865
98390  -24.640  -1.516  -37.880 0.5555555820
99558  -24.194  -0.673  -37.623 0.5555555820
99559  -24.827  -0.614  -38.013 0.5555555820
98391  -25.342  -1.342  -38.121 0.4444444478
99560  -25.564  -0.436  -38.146 0.3333333433
100750  -25.853  0.495  -38.494 0.4444444478
102037  -25.385  1.521  -38.358 0.5555555820
100749  -24.971  0.503  -37.815 0.4444444478
102056  -26.193  1.456  -39.217 0.4444444478
118567  -22.876  14.497  -39.093 0.5555555820
119818  -24.522  15.033  -39.319 0.5555555820
121008  -25.418  16.063  -40.125 0.5555555820
89244  -19.939  -8.229  -35.019 0.4444444478
89247  -22.564  -8.540  -35.503 0.2222222239
90707  -22.997  -7.261  -36.276 0.2222222239
92013  -24.335  -6.327  -37.077 0.2222222239
92014  -25.283  -6.501  -37.100 0.1111111119
94581  -24.348  -4.216  -37.316 0.4444444478
94582  -25.308  -4.390  -37.527 0.3333333433
97148  -24.448  -2.407  -37.555 0.4444444478
119817  -23.415  15.084  -39.582 0.5555555820
119829  -23.077  15.238  -40.478 0.5555555820
95882  -25.724  -3.425  -37.487 0.2222222239
119832  -26.406  15.529  -39.521 0.5555555820
89234  -18.443  -8.478  -34.339 0.4444444478
89235  -19.383  -8.614  -34.658 0.4444444478
89236  -20.321  -8.996  -34.814 0.4444444478
87926  -22.070  -9.880  -34.385 0.2222222239
89226  -22.619  -9.288  -33.564 0.1111111119
91985  -17.171  -6.668  -34.445 0.4444444478
89248  -23.195  -8.241  -35.462 0.1111111119
89227  -23.118  -8.717  -33.674 0.1111111119
90685  -24.134  -7.328  -35.086 0.1111111119
90709  -24.658  -6.791  -36.663 0.1111111119
91999  -26.032  -6.183  -36.391 0.1111111119
93304  -26.397  -5.342  -37.141 0.1111111119
94583  -26.083  -4.458  -37.375 0.1111111119
95883  -26.532  -3.545  -37.292 0.2222222239
97169  -26.142  -1.601  -37.776 0.1111111119
97150  -26.247  -2.330  -37.491 0.2222222239
99580  -26.299  -0.395  -38.420 0.2222222239
99581  -27.120  -0.384  -38.890 0.2222222239
100769  -26.540  0.394  -39.034 0.3333333433
103414  -26.233  3.072  -41.131 0.3333333433
104665  -25.800  3.580  -40.239 0.4444444478
104678  -25.685  3.563  -41.064 0.3333333433
109793  -25.984  7.171  -40.305 0.4444444478
118553  -18.546  14.957  -36.750 0.4444444478
119851  -27.402  15.620  -40.568 0.5555555820
118564  -19.772  14.866  -38.425 0.5555555820
118565  -20.679  14.657  -38.767 0.5555555820
121007  -24.733  15.715  -40.603 0.5555555820
119815  -20.714  15.628  -39.187 0.5555555820
93260  -18.268  -5.958  -35.060 0.4444444478
91987  -18.798  -6.519  -35.048 0.4444444478
94562  -20.697  -4.480  -35.839 0.5555555820
95836  -22.065  -3.794  -35.552 0.6666666865
97134  -22.857  -2.457  -36.586 0.6666666865
100748  -24.542  -0.129  -37.602 0.5555555820
105944  -25.953  4.580  -39.885 0.4444444478
113560  -26.770  10.910  -40.292 0.3333333433
94564  -22.487  -4.507  -36.234 0.3333333433
93286  -22.354  -5.468  -36.260 0.3333333433
90691  -19.944  -7.448  -35.321 0.4444444478
89246  -21.618  -8.543  -35.416 0.4444444478
89245  -20.661  -8.325  -35.177 0.4444444478
89239  -23.128  -8.595  -34.789 0.1111111119
90682  -18.810  -7.471  -34.583 0.4444444478
90683  -19.489  -7.746  -34.903 0.4444444478
93269  -19.589  -5.869  -35.683 0.4444444478
91995  -20.165  -6.638  -35.629 0.4444444478
91997  -21.801  -7.049  -36.104 0.4444444478
90706  -22.306  -7.305  -36.105 0.4444444478
93302  -24.953  -5.239  -37.413 0.1111111119
92031  -25.926  -6.209  -37.590 0.1111111119
92032  -26.177  -6.081  -37.201 0.1111111119
95880  -24.196  -3.179  -37.310 0.4444444478
97149  -25.299  -2.331  -37.781 0.3333333433
98392  -26.878  -2.022  -37.461 0.1111111119
98415  -25.974  -1.156  -38.089 0.3333333433
118566  -21.703  14.515  -39.080 0.5555555820
119831  -25.096  15.548  -39.718 0.5555555820
92015  -26.010  -6.569  -37.038 0.1111111119
119816  -21.809  15.535  -39.746 0.5555555820
87923  -19.857  -9.812  -34.714 0.4444444478
87924  -20.801  -9.858  -34.626 0.4444444478
87925  -21.624  -9.871  -34.605 0.2222222239
89237  -21.247  -9.181  -34.901 0.4444444478
90681  -17.740  -7.607  -34.392 0.4444444478
90680  -16.897  -7.388  -34.205 0.4444444478
90684  -23.506  -7.892  -34.896 0.1111111119
91988  -24.744  -6.552  -35.230 0.1111111119
81845  -18.645  -14.005  -29.100 0.1111111119
84195  -16.538  -12.761  -32.314 0.3333333433
83006  -17.781  -13.430  -31.161 0.2222222239
82970  -18.375  -13.788  -29.865 0.2222222239
82971  -19.252  -13.475  -29.699 0.1111111119
86648  -15.484  -10.309  -33.126 0.3333333433
85399  -15.457  -11.396  -32.638 0.3333333433
85378  -15.680  -12.023  -32.250 0.3333333433
85401  -17.869  -12.089  -33.055 0.3333333433
84197  -18.489  -12.496  -32.529 0.3333333433
84177  -18.172  -13.082  -31.501 0.2222222239
84158  -19.010  -13.043  -30.614 0.2222222239
84138  -19.352  -13.174  -30.134 0.1111111119
90657  -14.925  -7.969  -32.644 0.2222222239
89223  -15.189  -8.779  -33.108 0.2222222239
87910  -15.108  -9.627  -33.030 0.2222222239
86630  -15.748  -11.009  -33.066 0.3333333433
85400  -16.546  -11.779  -32.864 0.3333333433
84178  -19.188  -12.487  -31.648 0.1111111119
91978  -15.404  -6.944  -33.223 0.2222222239
90672  -16.324  -7.791  -33.679 0.3333333433
89224  -16.106  -8.723  -33.320 0.3333333433
89225  -17.002  -8.674  -33.609 0.3333333433
87912  -16.727  -9.568  -33.334 0.3333333433
87913  -17.828  -9.539  -33.669 0.3333333433
85420  -18.756  -11.613  -33.739 0.3333333433
86651  -18.160  -10.570  -33.554 0.3333333433
84211  -19.551  -12.151  -33.412 0.3333333433
85434  -19.627  -11.280  -34.227 0.3333333433
84212  -20.116  -11.889  -33.529 0.3333333433
84179  -20.148  -12.145  -31.952 0.1111111119
84199  -20.166  -12.028  -32.871 0.2222222239
93247  -15.866  -5.926  -33.498 0.2222222239
90673  -17.117  -8.019  -34.045 0.3333333433
89233  -17.714  -8.564  -34.055 0.3333333433
87922  -18.783  -9.617  -34.274 0.3333333433
86661  -19.446  -10.597  -34.409 0.3333333433
85422  -20.394  -11.583  -33.952 0.3333333433
85403  -20.536  -11.518  -33.228 0.1111111119
94514  -15.435  -5.019  -33.329 0.3333333433
86662  -20.519  -10.941  -34.588 0.3333333433
86663  -21.226  -10.328  -34.399 0.3333333433
102057  -26.730  0.945  -39.414 0.2222222239
103380  -26.396  2.192  -40.222 0.2222222239
102077  -26.969  1.418  -40.008 0.2222222239
107243  -25.722  5.316  -40.480 0.2222222239
83023  -17.020  -13.338  -32.057 0.3333333433
84176  -17.646  -13.182  -31.875 0.3333333433
82989  -18.711  -13.445  -30.210 0.2222222239
84139  -19.767  -12.936  -30.054 0.1111111119
91959  -15.204  -7.513  -32.807 0.3333333433
87911  -15.781  -9.599  -33.284 0.3333333433
85419  -17.600  -11.246  -33.270 0.3333333433
85402  -18.499  -12.169  -33.188 0.3333333433
84198  -19.421  -12.302  -32.619 0.3333333433
91979  -16.292  -6.777  -34.015 0.3333333433
81844  -17.755  -14.562  -29.437 0.1111111119
81824  -18.426  -14.699  -28.834 0.1111111119
84174  -15.127  -12.560  -31.924 0.3333333433
84175  -15.946  -12.654  -31.933 0.3333333433
83004  -16.452  -13.379  -31.745 0.3333333433
82986  -16.885  -13.825  -31.281 0.3333333433
82987  -17.435  -13.793  -30.853 0.3333333433
80640  -18.925  -15.248  -28.425 0.1111111119
81846  -19.249  -13.825  -28.974 0.1111111119
86629  -15.159  -10.805  -32.874 0.3333333433
89206  -14.670  -8.512  -32.571 0.2222222239
91958  -14.698  -7.212  -32.559 0.2222222239
85380  -20.690  -11.302  -32.300 0.1111111119
86609  -20.931  -10.981  -32.489 0.1111111119
86652  -21.011  -11.248  -33.703 0.1111111119
87915  -21.745  -10.144  -34.142 0.1111111119
95802  -15.149  -4.733  -33.155 0.1111111119
103400  -26.696  2.349  -40.816 0.2222222239
108533  -25.155  6.349  -40.925 0.2222222239
107258  -25.433  5.390  -41.303 0.2222222239
97071  -15.639  -2.878  -33.144 0.2222222239
101971  -16.358  0.620  -34.138 0.5555555820
94515  -16.175  -5.226  -33.721 0.3333333433
104693  -26.077  3.555  -41.743 0.2222222239
81825  -19.332  -14.448  -28.633 0.1111111119
82969  -17.802  -13.963  -30.210 0.1111111119
85379  -16.185  -12.302  -32.330 0.3333333433
83005  -17.355  -13.429  -31.645 0.3333333433
86647  -15.013  -10.210  -32.840 0.2222222239
85398  -14.955  -11.125  -32.564 0.2222222239
84196  -17.397  -12.952  -32.375 0.3333333433
85418  -16.921  -11.011  -33.234 0.3333333433
86649  -16.325  -10.545  -33.264 0.3333333433
84159  -20.109  -12.384  -30.836 0.1111111119
90671  -15.559  -7.955  -33.083 0.3333333433
91977  -14.401  -6.479  -32.863 0.2222222239
86650  -17.272  -10.405  -33.316 0.3333333433
86660  -18.807  -10.605  -33.997 0.3333333433
84210  -18.939  -12.235  -33.165 0.3333333433
87914  -18.428  -10.079  -33.833 0.3333333433
85435  -20.085  -11.451  -34.241 0.3333333433
93246  -15.073  -5.768  -32.682 0.2222222239
87921  -18.201  -9.044  -34.084 0.3333333433
86653  -21.371  -10.677  -33.967 0.1111111119
80660  -17.411  -15.032  -28.970 0.1111111119
81862  -17.278  -14.237  -30.262 0.2222222239
83003  -15.480  -13.237  -31.665 0.3333333433
81881  -15.714  -13.848  -31.289 0.3333333433
81882  -16.357  -13.931  -31.155 0.3333333433
81861  -16.766  -14.159  -30.729 0.3333333433
86628  -14.705  -10.576  -32.375 0.2222222239
102091  -27.223  1.837  -40.694 0.1111111119
102092  -27.775  1.347  -40.437 0.1111111119
103382  -28.447  2.613  -39.874 0.1111111119
103401  -27.524  2.620  -40.705 0.1111111119
104679  -27.259  3.701  -41.067 0.1111111119
105946  -27.561  4.357  -40.003 0.1111111119
105966  -25.721  4.410  -41.557 0.1111111119
105968  -27.223  4.397  -41.613 0.1111111119
105978  -26.205  4.478  -42.012 0.1111111119
111077  -25.445  8.490  -40.895 0.2222222239
107259  -25.649  5.145  -41.694 0.1111111119
107272  -26.942  5.179  -42.159 0.1111111119
113571  -24.912  9.849  -41.550 0.1111111119
112330  -25.834  9.240  -40.426 0.2222222239
113573  -26.548  11.173  -40.912 0.1111111119
112329  -25.161  9.296  -41.232 0.1111111119
113585  -24.575  10.207  -42.160 0.1111111119
118563  -19.351  14.527  -38.132 0.4444444478
119808  -19.872  15.782  -37.465 0.4444444478
118558  -19.478  15.062  -37.770 0.4444444478
114862  -26.581  11.661  -41.757 0.1111111119
119830  -24.099  15.491  -40.151 0.4444444478
118603  -27.944  14.581  -41.378 0.2222222239
117353  -28.197  13.777  -42.011 0.1111111119
116108  -27.042  12.210  -41.889 0.1111111119
116115  -26.724  12.468  -42.748 0.1111111119
119848  -23.113  15.394  -41.268 0.4444444478
121025  -22.884  15.850  -41.807 0.4444444478
121006  -24.207  15.544  -40.836 0.4444444478
121039  -24.875  16.134  -41.665 0.4444444478
121027  -25.183  16.196  -41.037 0.4444444478
174086  -26.025  17.304  -41.090 0.4444444478
122163  -27.369  17.362  -41.690 0.4444444478
121040  -27.562  16.680  -41.309 0.2222222239
121041  -28.150  17.084  -42.584 0.2222222239
119863  -28.105  15.722  -41.791 0.2222222239
119864  -28.555  15.583  -42.908 0.2222222239
118616  -28.449  14.544  -43.362 0.2222222239
124522  -25.779  19.208  -47.888 0.1111111119
122190  -27.306  18.037  -46.710 0.1111111119
174069  -27.234  14.178  -44.987 0.1111111119
120986  -20.328  16.625  -38.356 0.4444444478
120987  -20.588  16.545  -39.192 0.4444444478
120977  -20.711  15.987  -39.454 0.4444444478
121005  -21.359  16.231  -40.577 0.3333333433
119847  -22.578  15.742  -41.329 0.4444444478
122162  -24.052  17.008  -41.693 0.4444444478
123297  -25.104  18.160  -41.734 0.4444444478
174087  -25.783  17.675  -41.328 0.4444444478
174081  -26.762  17.764  -41.597 0.4444444478
123307  -24.062  18.459  -42.876 0.3333333433
123318  -26.942  18.685  -42.935 0.3333333433
123326  -27.739  18.261  -43.905 0.1111111119
174076  -28.255  17.563  -44.522 0.1111111119
122186  -28.315  17.569  -44.948 0.1111111119
174077  -28.489  16.106  -43.795 0.2222222239
174074  -28.417  16.735  -44.603 0.1111111119
121063  -28.218  16.653  -45.828 0.1111111119
121024  -22.060  16.334  -41.296 0.3333333433
122149  -22.466  16.742  -41.959 0.3333333433
123308  -24.346  18.425  -42.480 0.3333333433
124461  -25.327  18.839  -42.262 0.4444444478
124486  -25.438  19.328  -43.648 0.2222222239
123325  -26.818  18.853  -43.543 0.2222222239
124500  -27.568  18.880  -44.708 0.1111111119
124498  -25.165  20.043  -44.753 0.1111111119
124507  -26.297  19.951  -45.748 0.1111111119
123339  -27.493  18.535  -46.212 0.1111111119
124506  -25.514  20.342  -45.590 0.1111111119
124515  -27.030  19.306  -46.353 0.1111111119
120988  -20.883  16.481  -39.834 0.3333333433
122138  -21.316  17.100  -40.842 0.3333333433
122147  -21.310  17.973  -41.006 0.3333333433
122159  -21.698  18.098  -41.590 0.3333333433
122161  -23.007  17.328  -42.327 0.3333333433
123296  -23.698  18.128  -42.502 0.3333333433
124472  -23.480  18.910  -43.117 0.2222222239
124485  -24.288  19.446  -43.796 0.2222222239
125660  -24.190  20.460  -45.106 0.1111111119
125668  -24.837  20.702  -45.826 0.1111111119
124514  -26.189  19.565  -47.055 0.1111111119
125686  -24.097  20.253  -48.958 0.1111111119
124415  -21.659  19.665  -38.732 0.1111111119
124435  -21.620  19.602  -39.622 0.1111111119
123285  -21.491  18.814  -41.188 0.2222222239
124458  -21.431  19.644  -41.469 0.2222222239
123294  -21.819  18.840  -42.080 0.3333333433
123305  -21.861  19.248  -42.565 0.2222222239
124460  -23.122  18.601  -42.748 0.3333333433
123306  -22.052  19.016  -42.616 0.3333333433
124471  -22.253  19.494  -43.097 0.2222222239
124496  -23.019  20.306  -44.285 0.1111111119
125658  -22.691  20.690  -44.644 0.1111111119
125659  -23.336  20.473  -44.946 0.1111111119
125672  -24.058  21.190  -46.758 0.1111111119
125673  -25.257  20.518  -47.006 0.1111111119
124521  -25.315  19.409  -48.440 0.1111111119
123352  -25.680  17.836  -48.556 0.1111111119
125617  -22.268  20.679  -40.122 0.1111111119
124450  -21.517  19.621  -40.549 0.1111111119
125628  -22.234  20.844  -41.290 0.1111111119
126777  -22.347  20.964  -41.984 0.1111111119
125637  -21.932  20.545  -42.370 0.1111111119
125647  -22.432  20.655  -43.214 0.2222222239
126807  -21.831  21.913  -44.588 0.1111111119
125665  -22.370  21.239  -44.895 0.1111111119
126811  -21.919  21.574  -45.644 0.1111111119
126812  -22.546  21.099  -46.233 0.1111111119
125618  -23.080  20.930  -40.506 0.1111111119
126767  -23.134  21.001  -41.138 0.1111111119
126778  -22.971  21.237  -41.712 0.1111111119
126788  -23.280  21.833  -42.684 0.1111111119
126787  -22.531  21.132  -42.579 0.1111111119
126798  -23.136  22.236  -43.495 0.1111111119
126797  -22.592  21.603  -43.560 0.1111111119
126768  -23.687  21.284  -41.087 0.1111111119
126769  -24.755  21.629  -40.997 0.1111111119
126779  -23.968  22.056  -41.732 0.1111111119
102079  -28.716  1.599  -40.002 0.1111111119
103381  -27.857  2.883  -40.228 0.1111111119
104667  -28.475  3.639  -39.465 0.1111111119
108566  -25.444  6.496  -42.308 0.1111111119
107271  -25.916  5.393  -42.118 0.1111111119
108551  -25.107  6.524  -41.760 0.1111111119
113586  -25.400  10.878  -42.189 0.1111111119
119814  -20.135  15.754  -38.344 0.4444444478
119850  -26.717  16.100  -40.198 0.4444444478
118604  -28.397  14.636  -42.351 0.2222222239
117368  -28.020  13.727  -42.916 0.1111111119
116107  -26.473  12.060  -42.524 0.1111111119
121026  -24.156  15.791  -41.568 0.4444444478
174073  -28.242  15.369  -44.568 0.2222222239
123333  -27.979  18.299  -45.260 0.1111111119
122191  -27.766  17.516  -46.327 0.1111111119
119896  -27.227  15.707  -46.824 0.1111111119
124470  -21.564  19.696  -42.329 0.2222222239
124483  -22.640  20.306  -43.761 0.1111111119
125629  -22.818  20.960  -41.171 0.1111111119
126806  -21.484  22.535  -45.066 0.1111111119
126789  -23.981  22.427  -42.520 0.1111111119
104653  -29.562  3.556  -38.714 0.1111111119
103383  -29.105  3.274  -39.466 0.1111111119
109792  -25.320  7.482  -40.861 0.2222222239
114857  -26.235  11.200  -41.589 0.1111111119
119807  -19.445  15.418  -37.155 0.4444444478
121038  -24.605  16.333  -41.732 0.4444444478
122150  -23.315  16.442  -42.017 0.4444444478
174080  -26.468  18.507  -41.949 0.4444444478
123317  -26.487  18.868  -43.129 0.2222222239
124437  -23.356  20.297  -38.759 0.1111111119
125619  -24.318  20.979  -40.374 0.1111111119
103366  -29.267  2.591  -39.265 0.1111111119
102078  -27.527  0.923  -40.154 0.1111111119
100789  -28.415  0.775  -40.192 0.1111111119
103365  -28.937  2.386  -39.642 0.1111111119
105912  -29.437  4.500  -38.035 0.1111111119
104654  -29.894  3.332  -38.129 0.1111111119
105931  -28.800  4.882  -39.097 0.1111111119
105961  -27.706  4.761  -40.071 0.1111111119
108535  -27.699  5.887  -41.049 0.1111111119
108552  -27.739  5.789  -41.936 0.1111111119
108567  -26.358  6.231  -42.586 0.1111111119
108568  -27.301  6.201  -42.476 0.1111111119
109822  -24.491  7.760  -42.581 0.1111111119
111119  -23.281  9.206  -43.029 0.1111111119
113598  -23.430  10.466  -42.740 0.1111111119
113599  -24.405  10.838  -42.950 0.1111111119
113600  -25.225  11.323  -42.768 0.1111111119
117383  -26.913  12.999  -43.461 0.1111111119
116113  -25.285  12.143  -43.476 0.1111111119
119803  -19.641  15.995  -36.666 0.4444444478
174065  -26.158  12.733  -45.253 0.1111111119
174068  -26.879  14.318  -45.602 0.1111111119
122117  -20.586  17.381  -38.331 0.2222222239
122119  -20.926  17.068  -40.174 0.2222222239
119905  -26.733  15.823  -47.348 0.1111111119
123256  -21.295  18.777  -39.378 0.1111111119
123274  -21.400  18.768  -40.316 0.2222222239
122207  -26.020  17.299  -48.209 0.1111111119
122206  -24.868  17.262  -48.608 0.1111111119
123238  -21.331  19.025  -38.299 0.1111111119
124398  -21.747  19.862  -37.974 0.1111111119
125585  -22.435  20.672  -38.615 0.1111111119
124436  -22.809  20.668  -38.701 0.1111111119
124541  -24.567  19.264  -49.917 0.1111111119
124438  -24.560  19.801  -38.923 0.1111111119
126810  -21.381  22.436  -45.467 0.1111111119
126821  -21.589  22.080  -47.488 0.1111111119
125684  -22.583  20.688  -48.776 0.1111111119
125694  -22.680  20.759  -49.691 0.1111111119
125603  -23.808  20.395  -39.658 0.1111111119
127866  -23.467  22.870  -43.692 0.1111111119
128793  -22.298  23.395  -45.165 0.1111111119
127844  -24.681  22.609  -42.250 0.1111111119
117367  -27.519  13.046  -42.375 0.1111111119
121029  -26.848  16.589  -40.646 0.4444444478
103415  -26.733  3.111  -41.268 0.1111111119
113572  -25.688  10.382  -41.060 0.2222222239
119810  -20.934  15.751  -39.544 0.4444444478
104711  -26.848  3.774  -42.063 0.1111111119
105947  -28.137  4.542  -39.599 0.1111111119
107260  -27.403  5.200  -41.387 0.1111111119
111091  -24.713  8.438  -41.570 0.1111111119
113584  -23.831  9.831  -42.369 0.1111111119
111101  -23.470  9.005  -42.573 0.1111111119
114861  -26.115  11.551  -42.397 0.1111111119
116123  -25.883  12.512  -43.684 0.1111111119
122180  -27.410  18.153  -42.634 0.2222222239
174078  -28.388  17.026  -44.139 0.1111111119
118626  -28.238  14.577  -44.227 0.2222222239
117399  -27.671  14.131  -44.505 0.1111111119
123345  -26.161  18.442  -47.966 0.1111111119
124513  -25.474  19.760  -47.672 0.1111111119
122198  -27.367  16.974  -46.815 0.1111111119
123338  -26.947  18.599  -46.991 0.1111111119
122197  -26.918  17.478  -47.262 0.1111111119
121076  -26.397  16.442  -47.705 0.1111111119
174066  -26.458  13.490  -45.833 0.1111111119
117398  -26.976  13.488  -44.480 0.1111111119
119889  -27.618  15.410  -45.755 0.2222222239
124473  -24.688  18.842  -42.840 0.3333333433
119890  -28.272  16.277  -45.362 0.2222222239
122148  -21.711  17.270  -41.563 0.3333333433
124499  -26.634  19.292  -44.357 0.2222222239
124508  -27.360  19.211  -45.444 0.1111111119
125674  -25.876  20.168  -46.474 0.1111111119
122137  -21.026  17.909  -40.185 0.1111111119
122160  -22.134  17.739  -42.097 0.3333333433
124497  -23.879  20.168  -44.365 0.1111111119
125679  -24.385  20.895  -47.875 0.1111111119
125680  -24.927  20.166  -48.125 0.1111111119
126824  -23.742  20.776  -48.354 0.1111111119
125687  -24.809  19.830  -48.713 0.1111111119
125685  -23.091  20.209  -49.048 0.1111111119
124459  -22.851  18.941  -42.755 0.3333333433
124484  -23.219  19.771  -43.745 0.2222222239
125657  -22.517  21.022  -44.099 0.1111111119
125666  -22.703  20.771  -45.489 0.1111111119
125671  -23.168  20.788  -46.278 0.1111111119
126823  -23.084  20.615  -48.016 0.1111111119
126817  -22.948  20.870  -47.096 0.1111111119
125616  -21.866  20.274  -39.857 0.1111111119
125600  -21.892  20.266  -38.990 0.1111111119
125601  -22.176  20.673  -39.169 0.1111111119
125627  -21.644  20.373  -40.819 0.1111111119
127874  -21.787  22.666  -44.897 0.1111111119
126815  -21.418  22.277  -46.379 0.1111111119
126816  -22.145  21.601  -46.784 0.1111111119
125602  -22.782  20.805  -39.290 0.1111111119
127854  -23.682  22.553  -43.100 0.1111111119
127865  -22.642  22.635  -44.308 0.1111111119
102080  -29.060  1.393  -39.520 0.1111111119
105948  -28.755  4.259  -39.245 0.1111111119
109807  -24.717  7.430  -41.643 0.1111111119
117384  -27.865  13.806  -43.872 0.1111111119
119895  -26.706  15.223  -47.114 0.1111111119
127873  -21.238  23.033  -45.305 0.1111111119
127855  -24.388  23.046  -42.894 0.1111111119
105932  -29.159  4.409  -38.841 0.1111111119
109821  -23.871  8.371  -42.556 0.1111111119
113614  -22.902  10.347  -43.196 0.1111111119
118654  -26.346  14.194  -46.776 0.1111111119
122104  -21.160  18.365  -37.451 0.1111111119
125583  -21.913  20.217  -38.312 0.1111111119
127879  -21.176  22.741  -47.085 0.1111111119
126822  -22.331  21.218  -48.017 0.1111111119
128784  -22.763  23.347  -44.555 0.1111111119
128794  -22.941  23.846  -44.688 0.1111111119
103291  -16.045  2.400  -33.591 0.2222222239
104582  -15.975  3.463  -33.950 0.2222222239
99495  -16.018  -0.954  -33.409 0.3333333433
101991  -16.172  1.835  -34.094 0.3333333433
103292  -16.281  2.511  -34.388 0.4444444478
119801  -18.427  15.296  -36.169 0.3333333433
119786  -17.668  15.458  -34.666 0.2222222239
122083  -18.528  16.682  -35.029 0.1111111119
120970  -19.763  16.737  -36.633 0.1111111119
114781  -14.010  11.981  -33.528 0.1111111119
101970  -15.986  1.101  -33.541 0.2222222239
116025  -14.151  12.879  -32.954 0.1111111119
117277  -15.929  14.219  -33.205 0.1111111119
118524  -16.448  14.937  -33.154 0.1111111119
120943  -16.736  16.368  -32.999 0.1111111119
122076  -18.473  16.749  -34.540 0.1111111119
122084  -19.127  16.964  -35.242 0.1111111119
122092  -19.566  17.243  -35.888 0.1111111119
119793  -17.538  14.981  -34.973 0.2222222239
118525  -16.504  15.113  -33.551 0.1111111119
99494  -15.667  -1.163  -32.589 0.2222222239
108452  -14.715  6.541  -34.200 0.2222222239
119778  -16.669  15.524  -33.769 0.1111111119
108433  -14.537  6.622  -33.431 0.1111111119
109686  -14.336  7.415  -33.854 0.3333333433
119795  -18.577  15.764  -35.723 0.3333333433
120962  -18.404  16.124  -35.105 0.3333333433
120963  -18.868  16.337  -35.546 0.1111111119
120949  -16.570  16.118  -33.345 0.1111111119
120955  -17.451  15.781  -34.228 0.1111111119
122070  -18.068  16.455  -34.216 0.1111111119
118512  -16.619  15.013  -32.755 0.1111111119
120956  -17.979  15.911  -34.502 0.1111111119
120932  -16.366  16.827  -31.868 0.1111111119
120920  -17.069  16.622  -30.959 0.1111111119
174050  -16.982  16.375  -33.042 0.1111111119
119767  -16.223  15.677  -33.092 0.1111111119
94584  -26.779  -4.361  -37.226 0.1111111119
81859  -15.142  -14.470  -31.129 0.1111111119
81860  -15.987  -14.368  -30.701 0.1111111119
81843  -16.621  -14.567  -30.009 0.1111111119
81858  -14.075  -14.191  -31.316 0.1111111119
81879  -14.462  -13.607  -31.443 0.1111111119
83002  -14.742  -13.158  -31.575 0.1111111119
85377  -14.733  -11.590  -32.058 0.1111111119
99480  -15.305  -1.444  -31.771 0.1111111119
104568  -15.695  3.292  -33.082 0.1111111119
112235  -13.515  9.379  -33.427 0.2222222239
113487  -13.496  10.169  -33.865 0.2222222239
113486  -13.237  10.144  -32.987 0.2222222239
113473  -13.589  10.254  -32.294 0.2222222239
105850  -15.372  4.440  -33.437 0.1111111119
80671  -13.602  -15.003  -30.569 0.1111111119
80673  -15.478  -14.998  -30.504 0.1111111119
82985  -13.478  -13.299  -30.925 0.1111111119
83001  -14.119  -13.229  -31.351 0.1111111119
85376  -13.712  -11.678  -31.174 0.1111111119
86608  -14.170  -10.739  -31.609 0.1111111119
87872  -14.350  -9.825  -31.907 0.1111111119
89222  -14.763  -9.108  -32.777 0.1111111119
90656  -13.915  -7.661  -32.274 0.1111111119
98326  -15.471  -2.061  -32.416 0.1111111119
100673  -15.412  -0.573  -31.928 0.1111111119
104558  -15.458  3.279  -32.270 0.1111111119
112223  -13.587  9.388  -32.765 0.2222222239
114766  -13.563  10.847  -31.645 0.2222222239
116008  -13.614  11.600  -31.900 0.1111111119
80672  -14.575  -15.141  -30.776 0.1111111119
114780  -13.388  11.506  -33.057 0.2222222239
100686  -15.739  -0.146  -32.919 0.1111111119
98327  -15.847  -1.849  -33.149 0.1111111119
90670  -13.883  -6.993  -32.745 0.1111111119
93245  -13.900  -5.813  -33.021 0.1111111119
87892  -14.727  -9.703  -32.553 0.1111111119
84173  -14.363  -12.467  -31.518 0.1111111119
81880  -14.929  -13.773  -31.437 0.1111111119
81842  -15.974  -14.742  -30.208 0.1111111119
103266  -15.779  2.102  -32.738 0.1111111119
100658  -15.006  -1.052  -31.328 0.1111111119
112212  -13.910  9.622  -32.303 0.1111111119
84172  -13.687  -12.567  -31.113 0.1111111119
86607  -13.434  -10.722  -30.991 0.1111111119
98316  -15.183  -2.134  -31.750 0.1111111119
99467  -14.680  -1.459  -31.306 0.1111111119
115990  -14.651  11.162  -31.302 0.1111111119
116009  -14.037  12.440  -31.890 0.1111111119
116026  -15.197  13.500  -33.358 0.1111111119
110965  -13.811  8.433  -33.265 0.1111111119
116010  -14.645  13.292  -32.247 0.1111111119
116011  -15.448  13.868  -32.480 0.1111111119
82988  -18.211  -13.459  -30.663 0.2222222239
83022  -16.837  -13.168  -32.189 0.3333333433
84157  -18.455  -13.178  -30.919 0.2222222239
85421  -19.761  -11.752  -33.937 0.3333333433
85433  -19.196  -11.039  -34.081 0.3333333433
86631  -20.952  -11.058  -32.872 0.1111111119
90669  -13.017  -7.408  -33.311 0.1111111119
92000  -26.229  -5.820  -36.442 0.1111111119
92016  -26.288  -5.994  -36.855 0.1111111119
92030  -25.200  -6.016  -37.463 0.1111111119
94547  -21.929  -4.108  -35.480 0.6666666865
94548  -22.130  -4.184  -35.650 0.6666666865
94560  -19.432  -4.866  -35.779 0.5555555820
95837  -22.291  -4.020  -35.870 0.6666666865
100780  -27.443  0.749  -39.779 0.1111111119
100781  -28.030  0.592  -39.888 0.1111111119
100782  -28.852  0.751  -39.767 0.1111111119
100788  -28.185  0.880  -40.383 0.1111111119
102058  -28.926  2.033  -39.524 0.1111111119
102076  -26.379  1.893  -39.813 0.2222222239
102093  -28.444  1.158  -40.354 0.1111111119
103334  -22.986  2.516  -36.655 1.0000000000
103399  -26.082  2.862  -40.568 0.3333333433
103402  -28.153  1.812  -40.255 0.1111111119
103416  -27.072  3.364  -41.354 0.1111111119
104637  -29.759  3.783  -37.968 0.1111111119
104666  -27.640  3.557  -40.071 0.1111111119
104668  -29.088  3.850  -39.222 0.1111111119
104694  -26.739  3.557  -41.768 0.1111111119
104695  -27.107  3.762  -41.794 0.1111111119
104709  -26.061  3.936  -42.131 0.1111111119
104710  -26.468  3.852  -42.115 0.1111111119
105913  -29.749  4.133  -37.455 0.1111111119
105926  -19.007  5.213  -38.447 0.8888888955
105928  -19.863  4.921  -38.284 1.0000000000
105930  -26.187  5.051  -39.208 0.5555555820
105959  -25.650  4.449  -40.773 0.1111111119
105960  -27.419  4.591  -40.645 0.1111111119
105967  -25.886  4.861  -41.766 0.1111111119
105977  -25.821  4.073  -41.988 0.1111111119
105979  -26.885  4.195  -42.143 0.1111111119
107192  -22.574  5.482  -37.296 0.7777777910
107219  -28.976  5.229  -39.075 0.1111111119
107228  -26.221  5.420  -39.762 0.5555555820
107245  -27.530  5.315  -40.786 0.1111111119
107246  -28.015  5.420  -40.213 0.1111111119
107270  -25.367  5.717  -41.880 0.2222222239
108473  -22.556  6.490  -37.096 0.7777777910
108474  -22.699  6.428  -36.891 0.7777777910
108498  -19.075  6.345  -38.567 1.0000000000
108499  -20.814  5.871  -38.117 1.0000000000
108510  -19.177  6.831  -38.589 1.0000000000
108514  -26.401  5.897  -38.344 0.5555555820
109728  -22.611  6.698  -36.750 0.7777777910
109761  -20.731  7.506  -38.248 1.0000000000
109774  -18.995  7.349  -38.552 1.0000000000
109776  -20.284  7.060  -38.335 1.0000000000
109777  -20.845  7.035  -38.456 1.0000000000
109778  -26.460  7.523  -38.842 0.5555555820
109806  -24.119  8.283  -42.157 0.1111111119
111020  -17.084  7.922  -37.097 0.8888888955
111025  -25.225  8.317  -36.523 0.7777777910
111058  -19.273  7.779  -38.230 1.0000000000
111090  -23.870  8.842  -41.919 0.1111111119
111100  -23.187  9.505  -42.825 0.1111111119
111102  -23.634  8.505  -42.835 0.1111111119
111118  -23.085  9.509  -43.034 0.1111111119
111120  -23.843  8.680  -43.269 0.1111111119
112236  -13.778  9.299  -34.090 0.2222222239
112285  -16.709  9.187  -37.011 0.8888888955
112292  -22.505  10.396  -36.707 0.7777777910
112345  -23.701  9.352  -42.269 0.1111111119
112346  -24.327  9.413  -41.815 0.1111111119
112357  -23.058  9.782  -42.853 0.1111111119
112358  -23.309  9.726  -42.704 0.1111111119
112373  -22.909  9.820  -43.075 0.1111111119
112374  -23.327  9.706  -43.302 0.1111111119
113517  -17.637  10.756  -37.141 0.7777777910
113518  -20.744  9.893  -37.129 0.8888888955
113520  -21.681  10.282  -36.894 0.7777777910
113522  -24.356  10.034  -36.569 0.6666666865
113536  -24.804  10.313  -37.087 0.6666666865
113537  -25.445  10.125  -37.358 0.5555555820
113597  -22.906  10.123  -42.877 0.1111111119
114779  -13.304  10.989  -32.466 0.2222222239
114815  -17.424  11.910  -36.515 0.6666666865
114831  -23.989  10.925  -36.702 0.6666666865
114849  -26.813  11.417  -38.927 0.4444444478
114869  -25.419  11.736  -42.809 0.1111111119
116023  -13.416  11.587  -32.468 0.1111111119
116093  -21.326  12.767  -38.345 0.6666666865
116114  -25.829  12.149  -42.967 0.1111111119
116124  -26.344  12.525  -43.204 0.1111111119
117314  -17.668  13.872  -36.339 0.5555555820
117319  -17.537  13.479  -36.754 0.5555555820
117321  -18.539  13.761  -37.618 0.6666666865
117322  -21.877  12.766  -38.708 0.6666666865
117328  -19.592  14.019  -38.453 0.6666666865
117332  -23.573  13.710  -38.688 0.6666666865
117382  -26.400  12.706  -43.767 0.1111111119
118556  -18.405  14.369  -37.081 0.6666666865
118577  -27.219  14.327  -39.464 0.4444444478
118655  -26.919  15.163  -46.600 0.1111111119
119742  -16.938  16.265  -31.862 0.1111111119
119754  -16.796  16.247  -31.962 0.1111111119
119777  -16.488  15.713  -33.219 0.1111111119
119785  -17.172  15.277  -34.336 0.1111111119
119794  -18.031  15.339  -35.405 0.3333333433
119802  -18.991  15.646  -36.440 0.3333333433
119809  -20.754  15.770  -39.396 0.4444444478
119828  -22.323  15.698  -40.792 0.4444444478
119849  -23.750  15.395  -40.910 0.4444444478
120918  -15.766  17.109  -30.432 0.1111111119
120919  -16.378  16.687  -30.861 0.1111111119
120921  -17.403  15.968  -32.060 0.1111111119
120931  -15.674  16.872  -30.994 0.1111111119
120942  -16.300  16.692  -32.592 0.1111111119
120950  -17.028  16.004  -33.901 0.1111111119
120951  -17.475  16.141  -33.728 0.1111111119
120969  -19.378  16.545  -36.013 0.2222222239
120976  -20.051  16.726  -37.446 0.2222222239
120978  -20.851  16.000  -39.669 0.4444444478
121028  -26.051  16.486  -40.325 0.4444444478
121064  -28.383  16.947  -44.955 0.1111111119
121069  -27.625  16.439  -46.496 0.1111111119
121077  -27.112  16.467  -47.143 0.1111111119
122037  -15.360  17.716  -30.589 0.1111111119
122038  -16.030  17.303  -29.832 0.1111111119
122039  -16.790  17.003  -29.974 0.1111111119
122051  -15.644  17.137  -31.729 0.1111111119
122052  -15.998  16.934  -31.973 0.1111111119
122069  -17.938  16.250  -34.247 0.1111111119
122075  -18.230  16.433  -34.598 0.1111111119
122151  -25.022  16.804  -41.511 0.4444444478
122152  -25.670  16.842  -41.016 0.4444444478
122153  -26.268  16.909  -40.843 0.4444444478
122185  -28.276  17.505  -45.447 0.1111111119
123239  -21.620  19.557  -37.288 0.1111111119
123286  -25.786  18.513  -41.873 0.4444444478
123287  -26.021  18.486  -41.790 0.4444444478
123295  -22.554  18.469  -42.593 0.3333333433
123309  -26.008  18.926  -42.711 0.4444444478
123310  -26.335  18.831  -42.667 0.2222222239
123327  -28.165  17.940  -44.735 0.1111111119
123334  -28.239  17.855  -45.105 0.1111111119
123344  -25.674  18.880  -48.314 0.1111111119
123351  -25.300  18.439  -48.859 0.1111111119
124451  -25.563  18.642  -41.997 0.4444444478
124452  -25.812  18.672  -42.060 0.4444444478
124462  -25.900  18.788  -42.293 0.4444444478
124474  -25.665  19.013  -42.870 0.4444444478
124475  -26.150  18.993  -43.228 0.2222222239
124487  -26.208  19.075  -43.426 0.2222222239
124495  -22.669  20.572  -44.190 0.1111111119
124530  -24.811  19.389  -49.263 0.1111111119
125636  -21.585  20.315  -41.678 0.1111111119
125667  -23.714  20.688  -45.746 0.1111111119
125669  -25.629  20.468  -46.113 0.1111111119
125677  -22.714  20.686  -48.331 0.1111111119
125678  -22.925  20.413  -48.530 0.1111111119
126818  -23.658  21.056  -47.655 0.1111111119
126830  -23.411  20.513  -48.624 0.1111111119
126831  -23.752  20.536  -48.659 0.1111111119
174054  -16.079  17.035  -32.325 0.1111111119
174062  -25.588  12.597  -45.645 0.1111111119
174067  -26.747  13.646  -45.228 0.1111111119
174070  -27.337  14.695  -45.278 0.1111111119
174071  -27.740  14.734  -44.880 0.1111111119
174072  -28.353  16.247  -44.759 0.1111111119
174075  -28.496  15.232  -43.796 0.2222222239
174079  -27.298  17.826  -42.043 0.2222222239
174082  -26.142  17.943  -41.449 0.4444444478
174083  -26.714  17.245  -41.204 0.4444444478
174084  -26.469  17.622  -41.377 0.4444444478
174085  -26.235  17.560  -41.263 0.4444444478
174088  -25.508  17.345  -41.332 0.4444444478
