#!ascii label  , from subject 3203 vox2ras=TkReg
390
105909  -21.325  4.540  -37.558 0.0000000000
102009  -17.478  1.467  -35.809 0.0000000000
98389  -23.907  -1.535  -37.434 0.0000000000
94561  -19.898  -4.622  -35.717 0.0000000000
119829  -23.077  15.238  -40.478 0.0000000000
116096  -24.963  12.599  -38.452 0.0000000000
112287  -17.999  9.418  -37.784 0.0000000000
89234  -18.443  -8.478  -34.339 0.0000000000
98372  -18.947  -1.768  -36.159 0.0000000000
97114  -17.939  -3.090  -35.242 0.0000000000
118568  -24.017  14.417  -38.988 0.0000000000
116079  -19.190  12.890  -38.000 0.0000000000
107202  -17.549  5.623  -37.368 0.0000000000
111000  -15.412  8.364  -35.555 0.0000000000
109775  -19.576  7.195  -38.398 0.0000000000
111022  -22.053  8.350  -36.779 0.0000000000
108487  -23.207  6.200  -36.632 0.0000000000
103337  -25.214  2.801  -36.917 0.0000000000
105867  -16.312  4.078  -35.165 0.0000000000
103350  -18.723  2.678  -37.470 0.0000000000
102035  -22.244  1.516  -36.996 0.0000000000
99554  -20.298  0.039  -37.009 0.0000000000
95859  -21.647  -3.300  -35.896 0.0000000000
92012  -23.168  -6.461  -36.616 0.0000000000
114814  -16.966  11.551  -36.427 0.0000000000
113533  -21.311  10.859  -37.140 0.0000000000
113538  -26.209  10.183  -37.964 0.0000000000
94531  -16.762  -4.822  -34.202 0.0000000000
91994  -19.406  -6.522  -35.436 0.0000000000
99511  -17.149  -0.894  -34.797 0.0000000000
98338  -16.846  -1.881  -34.480 0.0000000000
116090  -19.430  13.567  -38.268 0.0000000000
117313  -17.183  13.475  -36.328 0.0000000000
105906  -18.681  4.661  -38.289 0.0000000000
107204  -18.750  5.973  -38.446 0.0000000000
107216  -20.090  5.577  -38.299 0.0000000000
108500  -21.576  6.406  -37.979 0.0000000000
107207  -22.036  5.416  -37.636 0.0000000000
105894  -24.535  4.439  -36.493 0.0000000000
104612  -23.025  3.446  -36.641 0.0000000000
103315  -17.207  2.615  -35.722 0.0000000000
103349  -17.927  2.866  -37.341 0.0000000000
102021  -18.799  1.885  -36.970 0.0000000000
100743  -19.724  1.120  -37.336 0.0000000000
100730  -19.093  0.782  -36.921 0.0000000000
95856  -19.481  -3.061  -35.590 0.0000000000
97131  -20.284  -2.449  -35.921 0.0000000000
95858  -20.855  -3.432  -35.864 0.0000000000
94564  -22.487  -4.507  -36.234 0.0000000000
93285  -21.404  -5.385  -36.036 0.0000000000
119815  -20.714  15.628  -39.187 0.0000000000
120987  -20.588  16.545  -39.192 0.0000000000
119847  -22.578  15.742  -41.329 0.0000000000
122161  -23.007  17.328  -42.327 0.0000000000
121027  -25.183  16.196  -41.037 0.0000000000
117333  -24.532  13.525  -38.753 0.0000000000
111038  -17.019  8.899  -37.188 0.0000000000
113514  -15.604  9.880  -36.104 0.0000000000
113516  -16.976  10.488  -36.900 0.0000000000
114830  -17.776  11.581  -37.011 0.0000000000
113531  -19.426  10.519  -37.734 0.0000000000
111024  -24.162  8.272  -36.361 0.0000000000
112274  -23.789  9.281  -36.510 0.0000000000
112294  -26.067  9.304  -37.511 0.0000000000
99542  -23.428  -0.598  -37.184 0.0000000000
100733  -24.035  0.424  -37.091 0.0000000000
90680  -16.897  -7.388  -34.205 0.0000000000
91986  -18.081  -6.634  -34.674 0.0000000000
93267  -18.194  -5.301  -35.012 0.0000000000
90690  -19.282  -7.122  -35.080 0.0000000000
101993  -17.259  0.811  -35.349 0.0000000000
99536  -18.074  -0.379  -36.172 0.0000000000
99525  -17.773  -0.850  -35.574 0.0000000000
97115  -18.513  -2.844  -35.448 0.0000000000
95834  -19.197  -3.631  -35.587 0.0000000000
118565  -20.679  14.657  -38.767 0.0000000000
119817  -23.415  15.084  -39.582 0.0000000000
117329  -20.374  13.857  -38.550 0.0000000000
117330  -21.496  13.315  -38.730 0.0000000000
116082  -21.927  12.478  -38.228 0.0000000000
107190  -16.492  5.650  -36.112 0.0000000000
109723  -16.375  6.926  -36.264 0.0000000000
109743  -17.419  7.393  -37.320 0.0000000000
111040  -18.608  8.316  -38.106 0.0000000000
112290  -20.866  8.718  -37.792 0.0000000000
111043  -21.160  7.950  -38.088 0.0000000000
109745  -22.429  7.331  -36.790 0.0000000000
108489  -25.339  6.369  -36.701 0.0000000000
107208  -25.630  5.416  -37.224 0.0000000000
86661  -19.446  -10.597  -34.409 0.0000000000
89235  -19.383  -8.614  -34.658 0.0000000000
105890  -16.704  4.967  -36.409 0.0000000000
104630  -18.029  3.530  -38.021 0.0000000000
104632  -19.957  3.580  -37.952 0.0000000000
103354  -22.245  2.580  -36.987 0.0000000000
102033  -20.804  1.749  -37.494 0.0000000000
99556  -21.714  0.173  -37.041 0.0000000000
99540  -21.507  -0.674  -36.806 0.0000000000
98374  -20.437  -1.528  -36.452 0.0000000000
98375  -21.259  -1.546  -36.515 0.0000000000
97134  -22.857  -2.457  -36.586 0.0000000000
94565  -23.370  -4.436  -36.838 0.0000000000
93301  -24.186  -5.302  -37.168 0.0000000000
121008  -25.418  16.063  -40.125 0.0000000000
116072  -17.392  12.393  -36.683 0.0000000000
114840  -20.752  11.676  -37.397 0.0000000000
114842  -22.582  11.721  -37.425 0.0000000000
112272  -21.693  9.444  -36.867 0.0000000000
113535  -23.019  10.836  -36.754 0.0000000000
116086  -25.931  11.528  -38.108 0.0000000000
103335  -23.657  2.521  -36.648 0.0000000000
102036  -24.888  1.656  -37.638 0.0000000000
97090  -16.324  -2.842  -34.039 0.0000000000
95817  -17.736  -3.831  -35.112 0.0000000000
94544  -18.319  -4.633  -35.307 0.0000000000
93282  -19.286  -5.256  -35.787 0.0000000000
89244  -19.939  -8.229  -35.019 0.0000000000
90692  -20.870  -7.558  -35.614 0.0000000000
91996  -21.078  -6.605  -35.911 0.0000000000
117302  -17.028  13.676  -35.539 0.0000000000
105908  -20.403  4.682  -37.989 0.0000000000
105927  -19.399  5.075  -38.370 0.0000000000
107205  -20.598  5.398  -38.059 0.0000000000
107206  -21.120  5.414  -37.854 0.0000000000
105910  -22.043  4.372  -37.444 0.0000000000
105892  -22.667  4.635  -37.126 0.0000000000
103314  -16.672  2.581  -35.115 0.0000000000
103332  -17.668  2.545  -36.558 0.0000000000
102020  -18.272  1.601  -36.574 0.0000000000
100729  -18.216  0.524  -36.323 0.0000000000
95835  -19.615  -4.070  -35.623 0.0000000000
95857  -19.962  -3.535  -35.681 0.0000000000
94562  -20.697  -4.480  -35.839 0.0000000000
93284  -20.580  -5.495  -35.886 0.0000000000
119816  -21.809  15.535  -39.746 0.0000000000
119810  -20.934  15.751  -39.544 0.0000000000
119848  -23.113  15.394  -41.268 0.0000000000
121025  -22.884  15.850  -41.807 0.0000000000
121039  -24.875  16.134  -41.665 0.0000000000
121006  -24.207  15.544  -40.836 0.0000000000
116095  -23.966  12.887  -38.505 0.0000000000
117334  -25.511  13.339  -38.679 0.0000000000
117335  -26.405  13.207  -38.864 0.0000000000
116097  -26.149  12.226  -38.416 0.0000000000
112286  -17.189  9.481  -37.288 0.0000000000
112268  -16.143  9.312  -36.558 0.0000000000
112269  -16.577  9.749  -36.967 0.0000000000
113515  -16.180  10.168  -36.519 0.0000000000
113529  -17.632  10.132  -37.356 0.0000000000
113530  -18.327  10.505  -37.554 0.0000000000
112288  -19.023  9.460  -37.940 0.0000000000
109763  -26.187  7.624  -37.660 0.0000000000
111044  -25.893  8.405  -37.170 0.0000000000
99558  -24.194  -0.673  -37.623 0.0000000000
89233  -17.714  -8.564  -34.055 0.0000000000
90681  -17.740  -7.607  -34.392 0.0000000000
91985  -17.171  -6.668  -34.445 0.0000000000
90682  -18.810  -7.471  -34.583 0.0000000000
100703  -17.283  0.148  -35.049 0.0000000000
98357  -17.747  -2.040  -35.113 0.0000000000
95833  -18.450  -3.785  -35.451 0.0000000000
118564  -19.772  14.866  -38.425 0.0000000000
118566  -21.703  14.515  -39.080 0.0000000000
118563  -19.351  14.527  -38.132 0.0000000000
116091  -19.925  13.316  -38.297 0.0000000000
116092  -20.761  13.017  -38.324 0.0000000000
117323  -22.220  12.803  -38.719 0.0000000000
116081  -21.140  12.471  -37.811 0.0000000000
107191  -16.970  5.649  -36.722 0.0000000000
108483  -16.674  6.428  -36.440 0.0000000000
108497  -18.590  6.724  -38.313 0.0000000000
108496  -17.815  6.568  -37.725 0.0000000000
109758  -18.091  7.500  -37.906 0.0000000000
109759  -18.675  7.527  -38.213 0.0000000000
111057  -18.890  7.744  -38.300 0.0000000000
109760  -20.018  7.616  -37.952 0.0000000000
108486  -22.460  6.346  -37.403 0.0000000000
108485  -22.124  6.724  -37.940 0.0000000000
109729  -22.861  6.578  -36.472 0.0000000000
109746  -23.321  7.124  -36.169 0.0000000000
108488  -24.256  6.282  -36.293 0.0000000000
107195  -24.939  5.389  -36.480 0.0000000000
104614  -25.068  3.483  -36.417 0.0000000000
105895  -25.415  4.445  -36.731 0.0000000000
103356  -25.338  2.528  -37.740 0.0000000000
85435  -20.085  -11.451  -34.241 0.0000000000
105866  -15.909  4.562  -34.636 0.0000000000
105883  -16.402  4.733  -35.607 0.0000000000
104610  -16.805  4.122  -36.401 0.0000000000
104611  -17.442  3.658  -37.097 0.0000000000
104631  -19.053  3.535  -38.086 0.0000000000
103351  -19.572  2.681  -37.702 0.0000000000
103352  -20.392  2.665  -37.693 0.0000000000
100731  -19.837  0.437  -37.172 0.0000000000
100744  -20.380  0.858  -37.327 0.0000000000
99555  -20.939  0.099  -36.997 0.0000000000
99526  -18.414  -1.099  -36.050 0.0000000000
99537  -18.828  -0.608  -36.534 0.0000000000
98373  -19.637  -1.554  -36.314 0.0000000000
97132  -21.030  -2.467  -36.202 0.0000000000
97133  -21.908  -2.440  -36.242 0.0000000000
95861  -23.518  -3.394  -36.890 0.0000000000
95860  -22.534  -3.549  -36.244 0.0000000000
93286  -22.354  -5.468  -36.260 0.0000000000
93287  -23.343  -5.467  -36.694 0.0000000000
92013  -24.335  -6.327  -37.077 0.0000000000
119818  -24.522  15.033  -39.319 0.0000000000
119831  -25.096  15.548  -39.718 0.0000000000
109721  -15.221  7.506  -35.173 0.0000000000
114799  -15.373  12.289  -34.934 0.0000000000
116057  -16.046  12.410  -35.172 0.0000000000
116058  -16.505  12.752  -36.089 0.0000000000
116059  -17.116  12.160  -36.388 0.0000000000
113532  -20.489  10.470  -37.374 0.0000000000
114839  -19.813  11.614  -37.766 0.0000000000
114841  -21.651  11.727  -37.417 0.0000000000
113534  -22.105  10.925  -36.847 0.0000000000
111021  -21.380  8.464  -37.409 0.0000000000
112271  -20.919  9.355  -37.261 0.0000000000
113523  -24.960  9.762  -36.924 0.0000000000
113521  -23.598  10.199  -36.441 0.0000000000
114832  -24.466  10.637  -36.875 0.0000000000
114844  -24.738  11.067  -37.400 0.0000000000
114845  -25.714  10.972  -37.826 0.0000000000
114846  -26.349  11.109  -38.292 0.0000000000
102022  -23.084  1.523  -36.689 0.0000000000
100734  -24.512  1.209  -37.289 0.0000000000
95815  -16.233  -3.896  -33.894 0.0000000000
95816  -17.027  -3.819  -34.447 0.0000000000
93268  -18.822  -5.591  -35.490 0.0000000000
93269  -19.589  -5.869  -35.683 0.0000000000
99510  -16.476  -0.891  -34.161 0.0000000000
97091  -17.273  -2.912  -34.762 0.0000000000
117327  -19.018  13.943  -38.233 0.0000000000
117320  -18.012  13.715  -36.950 0.0000000000
116077  -17.664  13.284  -37.051 0.0000000000
107203  -18.223  5.654  -38.111 0.0000000000
107214  -18.762  5.439  -38.394 0.0000000000
107215  -19.251  5.724  -38.474 0.0000000000
108511  -19.721  6.471  -38.424 0.0000000000
108513  -21.096  6.836  -38.324 0.0000000000
108512  -20.647  6.492  -38.297 0.0000000000
108501  -22.023  6.084  -37.671 0.0000000000
107193  -23.092  5.426  -36.993 0.0000000000
107194  -23.930  5.368  -36.517 0.0000000000
105893  -23.566  4.470  -36.725 0.0000000000
104613  -24.086  3.486  -36.645 0.0000000000
104596  -16.721  3.572  -35.571 0.0000000000
104597  -17.273  3.349  -36.218 0.0000000000
103333  -18.286  2.333  -36.965 0.0000000000
102031  -19.333  1.826  -37.340 0.0000000000
97130  -19.583  -2.475  -35.825 0.0000000000
95836  -22.065  -3.794  -35.552 0.0000000000
94563  -21.700  -4.324  -35.764 0.0000000000
119814  -20.135  15.754  -38.344 0.0000000000
121005  -21.359  16.231  -40.577 0.0000000000
122150  -23.315  16.442  -42.017 0.0000000000
174087  -25.783  17.675  -41.328 0.0000000000
118569  -25.025  14.195  -39.090 0.0000000000
119819  -25.471  15.029  -38.969 0.0000000000
118570  -25.964  14.194  -38.707 0.0000000000
113504  -14.763  10.108  -35.371 0.0000000000
113505  -15.775  10.535  -35.778 0.0000000000
113506  -16.387  10.862  -36.232 0.0000000000
114829  -17.395  11.075  -36.818 0.0000000000
111023  -23.098  8.340  -36.542 0.0000000000
112275  -24.717  9.181  -36.523 0.0000000000
112293  -25.580  9.264  -36.763 0.0000000000
100747  -22.474  0.904  -36.894 0.0000000000
100732  -22.966  0.305  -36.803 0.0000000000
100748  -24.542  -0.129  -37.602 0.0000000000
93259  -17.516  -5.708  -34.698 0.0000000000
94532  -17.639  -4.680  -34.782 0.0000000000
93260  -18.268  -5.958  -35.060 0.0000000000
91987  -18.798  -6.519  -35.048 0.0000000000
100718  -17.646  0.287  -35.750 0.0000000000
98358  -18.443  -1.867  -35.669 0.0000000000
97129  -19.053  -2.617  -35.718 0.0000000000
94546  -19.407  -4.397  -35.664 0.0000000000
119808  -19.872  15.782  -37.465 0.0000000000
119830  -24.099  15.491  -40.151 0.0000000000
118567  -22.876  14.497  -39.093 0.0000000000
117331  -22.631  13.472  -38.811 0.0000000000
116094  -23.325  13.163  -38.539 0.0000000000
116083  -23.079  12.547  -38.178 0.0000000000
109722  -15.942  7.442  -35.987 0.0000000000
108484  -17.263  6.513  -36.981 0.0000000000
109742  -16.780  7.391  -36.616 0.0000000000
109741  -16.394  7.955  -36.375 0.0000000000
111019  -16.718  8.458  -36.818 0.0000000000
111039  -17.476  8.431  -37.522 0.0000000000
111041  -19.601  8.466  -37.957 0.0000000000
111042  -20.472  8.238  -37.892 0.0000000000
109762  -21.256  7.195  -38.316 0.0000000000
109744  -21.863  7.348  -37.744 0.0000000000
109747  -24.723  7.297  -36.331 0.0000000000
109748  -25.681  7.410  -36.935 0.0000000000
108502  -26.264  6.438  -37.636 0.0000000000
107217  -26.166  5.352  -38.048 0.0000000000
97147  -23.693  -2.420  -37.104 0.0000000000
87922  -18.783  -9.617  -34.274 0.0000000000
105891  -17.164  4.762  -36.993 0.0000000000
105905  -17.784  4.635  -37.714 0.0000000000
105907  -19.551  4.392  -38.233 0.0000000000
104633  -20.789  3.626  -37.568 0.0000000000
104634  -21.650  3.589  -37.321 0.0000000000
103353  -21.265  2.642  -37.480 0.0000000000
102034  -21.627  1.707  -37.308 0.0000000000
102032  -19.995  1.762  -37.732 0.0000000000
100745  -21.217  0.916  -37.223 0.0000000000
100746  -21.933  0.915  -37.157 0.0000000000
99557  -22.290  0.346  -36.984 0.0000000000
99541  -22.445  -0.506  -36.909 0.0000000000
98377  -23.093  -1.505  -36.964 0.0000000000
99538  -19.793  -0.494  -36.880 0.0000000000
99539  -20.676  -0.720  -36.869 0.0000000000
98376  -22.183  -1.489  -36.558 0.0000000000
121007  -24.733  15.715  -40.603 0.0000000000
119832  -26.406  15.529  -39.521 0.0000000000
116041  -16.389  13.413  -35.353 0.0000000000
116071  -17.241  13.060  -36.870 0.0000000000
116078  -18.003  12.805  -37.361 0.0000000000
114838  -18.707  11.647  -37.748 0.0000000000
116080  -20.265  12.478  -37.993 0.0000000000
116084  -24.241  11.867  -38.267 0.0000000000
112289  -20.147  9.354  -37.598 0.0000000000
112270  -20.556  9.758  -37.299 0.0000000000
113519  -21.103  10.049  -36.950 0.0000000000
112273  -22.736  9.631  -36.594 0.0000000000
112291  -22.141  10.138  -36.749 0.0000000000
114843  -23.625  11.531  -37.432 0.0000000000
116085  -25.308  11.709  -38.102 0.0000000000
104635  -22.321  3.733  -37.101 0.0000000000
103336  -24.559  2.548  -36.721 0.0000000000
102023  -24.142  1.620  -36.733 0.0000000000
102024  -24.590  1.857  -37.124 0.0000000000
103355  -24.938  2.252  -37.194 0.0000000000
98337  -16.299  -1.780  -33.766 0.0000000000
94545  -18.944  -4.604  -35.751 0.0000000000
93283  -19.788  -5.348  -35.772 0.0000000000
90683  -19.489  -7.746  -34.903 0.0000000000
90691  -19.944  -7.448  -35.321 0.0000000000
91995  -20.165  -6.638  -35.629 0.0000000000
93270  -20.191  -5.990  -35.866 0.0000000000
92010  -21.246  -5.994  -36.037 0.0000000000
94547  -21.929  -4.108  -35.480 0.0000000000
94548  -22.130  -4.184  -35.650 0.0000000000
94560  -19.432  -4.866  -35.779 0.0000000000
95837  -22.291  -4.020  -35.870 0.0000000000
102008  -16.932  1.988  -35.408 0.0000000000
103334  -22.986  2.516  -36.655 0.0000000000
105926  -19.007  5.213  -38.447 0.0000000000
105928  -19.863  4.921  -38.284 0.0000000000
107192  -22.574  5.482  -37.296 0.0000000000
108473  -22.556  6.490  -37.096 0.0000000000
108474  -22.699  6.428  -36.891 0.0000000000
108498  -19.075  6.345  -38.567 0.0000000000
108499  -20.814  5.871  -38.117 0.0000000000
108510  -19.177  6.831  -38.589 0.0000000000
109728  -22.611  6.698  -36.750 0.0000000000
109761  -20.731  7.506  -38.248 0.0000000000
109774  -18.995  7.349  -38.552 0.0000000000
109776  -20.284  7.060  -38.335 0.0000000000
109777  -20.845  7.035  -38.456 0.0000000000
111020  -17.084  7.922  -37.097 0.0000000000
111025  -25.225  8.317  -36.523 0.0000000000
111058  -19.273  7.779  -38.230 0.0000000000
112285  -16.709  9.187  -37.011 0.0000000000
112292  -22.505  10.396  -36.707 0.0000000000
113517  -17.637  10.756  -37.141 0.0000000000
113518  -20.744  9.893  -37.129 0.0000000000
113520  -21.681  10.282  -36.894 0.0000000000
113522  -24.356  10.034  -36.569 0.0000000000
113536  -24.804  10.313  -37.087 0.0000000000
113537  -25.445  10.125  -37.358 0.0000000000
114812  -15.413  10.846  -35.202 0.0000000000
114815  -17.424  11.910  -36.515 0.0000000000
114831  -23.989  10.925  -36.702 0.0000000000
116093  -21.326  12.767  -38.345 0.0000000000
117319  -17.537  13.479  -36.754 0.0000000000
117321  -18.539  13.761  -37.618 0.0000000000
117322  -21.877  12.766  -38.708 0.0000000000
117328  -19.592  14.019  -38.453 0.0000000000
117332  -23.573  13.710  -38.688 0.0000000000
119828  -22.323  15.698  -40.792 0.0000000000
119849  -23.750  15.395  -40.910 0.0000000000
122151  -25.022  16.804  -41.511 0.0000000000
122152  -25.670  16.842  -41.016 0.0000000000
174082  -26.142  17.943  -41.449 0.0000000000
174088  -25.508  17.345  -41.332 0.0000000000
