#!ascii label  , from subject 3203 vox2ras=TkReg
779
11700  -42.092  -65.839  -13.783 0.0000000000
20514  -42.096  -61.177  -24.340 0.0000000000
17795  -39.679  -62.101  -16.353 0.0000000000
14125  -42.538  -64.426  -19.949 0.0000000000
21681  -43.984  -58.746  -17.806 0.0000000000
18993  -40.811  -62.818  -7.975 0.0000000000
20316  -34.463  -60.890  -11.335 0.0000000000
25329  -30.591  -56.710  -5.312 0.0000000000
21673  -36.455  -59.985  -17.882 0.0000000000
19144  -40.814  -61.161  -19.522 0.0000000000
21657  -39.651  -59.013  -16.719 0.0000000000
19002  -37.998  -61.769  -9.567 0.0000000000
20274  -35.324  -60.725  -7.319 0.0000000000
28161  -29.129  -54.232  -3.605 0.0000000000
26767  -28.653  -55.413  -7.901 0.0000000000
10557  -39.748  -68.273  -16.134 0.0000000000
16652  -42.617  -62.966  -23.124 0.0000000000
13045  -40.583  -66.122  -23.939 0.0000000000
16675  -39.165  -63.490  -24.097 0.0000000000
16543  -42.681  -63.601  -14.306 0.0000000000
12936  -41.818  -65.710  -17.306 0.0000000000
17833  -44.354  -61.717  -19.332 0.0000000000
20460  -44.794  -59.968  -20.898 0.0000000000
17735  -40.206  -63.114  -12.410 0.0000000000
19036  -37.014  -62.255  -13.673 0.0000000000
20359  -33.547  -59.779  -14.742 0.0000000000
21529  -33.505  -59.380  -5.546 0.0000000000
22833  -31.999  -58.802  -8.418 0.0000000000
22876  -30.574  -58.076  -11.989 0.0000000000
25465  -32.977  -56.470  -12.432 0.0000000000
9524  -39.698  -66.411  -20.335 0.0000000000
25622  -42.419  -56.998  -22.310 0.0000000000
23005  -40.140  -58.233  -22.835 0.0000000000
20551  -38.407  -60.041  -26.523 0.0000000000
22915  -36.027  -58.910  -16.844 0.0000000000
22930  -37.913  -58.862  -17.590 0.0000000000
10539  -40.488  -66.995  -15.428 0.0000000000
19221  -43.142  -62.461  -25.147 0.0000000000
16696  -41.486  -63.861  -25.286 0.0000000000
17891  -40.450  -62.470  -24.353 0.0000000000
16634  -37.768  -62.785  -22.789 0.0000000000
19181  -39.450  -61.625  -22.950 0.0000000000
17775  -41.572  -62.744  -14.915 0.0000000000
17814  -41.217  -62.604  -17.225 0.0000000000
21699  -42.295  -58.980  -18.847 0.0000000000
19146  -42.694  -60.903  -19.391 0.0000000000
19133  -43.951  -60.962  -19.126 0.0000000000
19148  -44.879  -60.939  -19.898 0.0000000000
20427  -45.103  -59.360  -18.657 0.0000000000
17727  -42.102  -62.830  -11.333 0.0000000000
17702  -40.928  -62.986  -9.922 0.0000000000
20302  -35.390  -61.415  -10.780 0.0000000000
17721  -37.200  -62.335  -12.122 0.0000000000
19034  -35.554  -61.469  -12.257 0.0000000000
19064  -34.813  -61.145  -14.688 0.0000000000
20332  -33.225  -60.299  -12.769 0.0000000000
24046  -31.933  -57.903  -5.402 0.0000000000
22809  -32.862  -58.762  -6.504 0.0000000000
25340  -30.997  -57.281  -6.814 0.0000000000
28256  -28.360  -54.703  -9.894 0.0000000000
24100  -29.274  -57.137  -10.154 0.0000000000
26873  -29.617  -55.776  -12.149 0.0000000000
25481  -31.422  -56.982  -13.120 0.0000000000
12967  -41.772  -64.919  -19.048 0.0000000000
10620  -40.828  -66.373  -18.984 0.0000000000
12989  -41.110  -64.750  -20.482 0.0000000000
10717  -39.272  -67.284  -23.494 0.0000000000
27036  -40.915  -56.079  -22.711 0.0000000000
24277  -41.193  -57.461  -22.790 0.0000000000
21814  -38.841  -59.166  -26.317 0.0000000000
19119  -38.031  -61.570  -17.774 0.0000000000
17827  -39.790  -62.233  -18.204 0.0000000000
20422  -38.994  -60.179  -19.102 0.0000000000
22948  -40.150  -58.708  -18.505 0.0000000000
21679  -41.561  -58.920  -17.088 0.0000000000
19003  -38.978  -62.231  -9.475 0.0000000000
18988  -36.360  -61.644  -8.387 0.0000000000
20291  -34.401  -61.061  -9.438 0.0000000000
26725  -29.444  -55.291  -5.094 0.0000000000
26749  -29.730  -56.155  -6.767 0.0000000000
28191  -28.803  -54.696  -5.867 0.0000000000
29542  -27.501  -53.703  -7.702 0.0000000000
30886  -27.967  -52.519  -9.017 0.0000000000
15363  -42.348  -63.172  -21.900 0.0000000000
13014  -41.001  -64.451  -21.922 0.0000000000
15403  -42.317  -64.547  -23.646 0.0000000000
14199  -40.079  -65.356  -24.673 0.0000000000
14177  -37.492  -65.586  -24.217 0.0000000000
15375  -35.610  -64.002  -23.716 0.0000000000
17867  -35.493  -62.792  -23.866 0.0000000000
19238  -36.611  -61.967  -26.319 0.0000000000
14024  -43.395  -65.077  -13.893 0.0000000000
11738  -41.937  -65.993  -15.518 0.0000000000
15286  -41.563  -63.978  -17.374 0.0000000000
15301  -42.174  -63.745  -18.483 0.0000000000
17829  -41.678  -62.437  -18.250 0.0000000000
17831  -42.972  -62.410  -18.835 0.0000000000
15343  -43.662  -63.396  -19.774 0.0000000000
16627  -43.525  -62.653  -20.933 0.0000000000
17874  -43.735  -61.197  -22.804 0.0000000000
19204  -44.195  -60.569  -23.295 0.0000000000
16505  -43.464  -63.812  -12.491 0.0000000000
17758  -41.567  -62.896  -13.630 0.0000000000
17756  -39.928  -62.629  -14.352 0.0000000000
17713  -39.221  -62.506  -10.963 0.0000000000
17733  -38.548  -62.363  -12.856 0.0000000000
19068  -37.855  -62.327  -15.053 0.0000000000
19084  -36.475  -61.634  -16.125 0.0000000000
20391  -35.216  -60.283  -16.807 0.0000000000
22902  -34.521  -58.512  -15.570 0.0000000000
21544  -34.228  -59.496  -6.763 0.0000000000
21566  -33.615  -59.842  -8.355 0.0000000000
21587  -32.266  -59.829  -10.112 0.0000000000
24094  -30.226  -57.588  -8.496 0.0000000000
22840  -30.687  -58.006  -9.901 0.0000000000
21599  -32.136  -59.781  -11.147 0.0000000000
21619  -31.895  -59.060  -13.281 0.0000000000
24181  -32.729  -57.615  -13.795 0.0000000000
11773  -41.160  -66.362  -16.876 0.0000000000
9457  -39.713  -67.591  -18.532 0.0000000000
10676  -40.094  -65.664  -21.996 0.0000000000
9538  -38.800  -67.095  -22.110 0.0000000000
20443  -45.514  -58.994  -19.114 0.0000000000
21737  -45.597  -58.637  -21.463 0.0000000000
21772  -44.455  -59.240  -23.180 0.0000000000
23022  -43.123  -58.432  -23.332 0.0000000000
20474  -40.973  -59.494  -22.878 0.0000000000
21750  -37.884  -60.068  -22.868 0.0000000000
19218  -37.755  -61.013  -25.738 0.0000000000
24192  -36.312  -58.159  -15.259 0.0000000000
22916  -37.105  -58.745  -16.722 0.0000000000
10525  -40.822  -66.724  -14.497 0.0000000000
10526  -41.387  -66.528  -14.730 0.0000000000
19201  -42.367  -61.752  -25.013 0.0000000000
17892  -41.679  -62.682  -25.086 0.0000000000
19200  -41.409  -61.604  -24.289 0.0000000000
17872  -40.110  -61.923  -23.780 0.0000000000
19183  -40.918  -61.117  -23.691 0.0000000000
17796  -40.748  -62.354  -16.028 0.0000000000
17813  -40.210  -62.424  -17.259 0.0000000000
21700  -43.347  -58.903  -18.660 0.0000000000
21715  -43.186  -59.313  -19.130 0.0000000000
20425  -44.283  -59.411  -18.915 0.0000000000
20426  -44.904  -59.384  -18.882 0.0000000000
17678  -41.709  -63.268  -7.788 0.0000000000
17688  -41.236  -63.137  -8.574 0.0000000000
17703  -41.441  -63.120  -9.724 0.0000000000
17687  -40.933  -63.019  -9.137 0.0000000000
20317  -35.145  -61.273  -11.335 0.0000000000
19023  -35.786  -61.667  -11.178 0.0000000000
20334  -34.848  -61.059  -11.979 0.0000000000
20348  -34.800  -61.098  -12.741 0.0000000000
20333  -34.239  -60.699  -12.296 0.0000000000
25314  -30.606  -57.041  -4.571 0.0000000000
24029  -30.082  -57.801  -4.216 0.0000000000
24030  -31.193  -57.831  -4.623 0.0000000000
25315  -31.188  -57.300  -5.093 0.0000000000
24062  -31.792  -57.788  -6.375 0.0000000000
25330  -31.189  -57.251  -5.850 0.0000000000
29595  -28.592  -54.264  -10.458 0.0000000000
26828  -28.724  -55.295  -10.719 0.0000000000
26874  -30.112  -55.470  -12.356 0.0000000000
28304  -30.019  -54.511  -11.919 0.0000000000
14106  -42.366  -64.507  -19.344 0.0000000000
11834  -41.594  -65.231  -19.460 0.0000000000
12990  -41.677  -64.708  -20.262 0.0000000000
24300  -39.806  -57.343  -24.185 0.0000000000
23070  -39.185  -58.278  -26.065 0.0000000000
23089  -39.292  -58.441  -27.052 0.0000000000
19118  -37.170  -61.213  -17.907 0.0000000000
19126  -37.795  -61.159  -18.395 0.0000000000
20420  -37.318  -60.677  -18.394 0.0000000000
21656  -38.834  -59.030  -17.111 0.0000000000
21675  -38.808  -58.979  -17.971 0.0000000000
21676  -39.636  -58.797  -17.745 0.0000000000
22932  -40.440  -58.665  -17.821 0.0000000000
21678  -40.877  -58.948  -17.083 0.0000000000
19000  -35.739  -61.362  -9.105 0.0000000000
18986  -34.930  -61.001  -8.383 0.0000000000
26712  -29.432  -55.246  -4.033 0.0000000000
28180  -28.874  -54.547  -4.637 0.0000000000
30885  -27.611  -53.371  -8.277 0.0000000000
9438  -38.825  -68.843  -17.595 0.0000000000
15379  -42.264  -63.177  -22.527 0.0000000000
14159  -41.589  -64.008  -22.616 0.0000000000
15404  -42.417  -63.711  -23.371 0.0000000000
16676  -40.135  -63.593  -24.588 0.0000000000
15421  -40.779  -64.804  -24.960 0.0000000000
15401  -39.751  -64.732  -24.511 0.0000000000
15400  -38.296  -64.412  -23.996 0.0000000000
15399  -36.999  -64.658  -23.950 0.0000000000
17869  -36.851  -62.190  -23.035 0.0000000000
16648  -35.950  -63.280  -23.395 0.0000000000
17889  -35.838  -62.155  -23.906 0.0000000000
17914  -35.410  -62.462  -25.346 0.0000000000
19197  -36.164  -61.717  -24.427 0.0000000000
16523  -43.264  -63.844  -13.645 0.0000000000
15268  -43.223  -64.549  -15.016 0.0000000000
14077  -41.692  -64.673  -17.844 0.0000000000
16580  -42.464  -63.186  -18.078 0.0000000000
19128  -40.173  -61.906  -19.018 0.0000000000
17828  -40.716  -62.404  -18.223 0.0000000000
19129  -41.236  -61.926  -19.026 0.0000000000
17832  -43.584  -62.316  -18.922 0.0000000000
16596  -43.497  -63.103  -18.914 0.0000000000
16610  -44.382  -62.662  -19.358 0.0000000000
16619  -44.043  -62.925  -20.274 0.0000000000
20450  -44.676  -60.140  -20.330 0.0000000000
17850  -44.093  -61.321  -21.046 0.0000000000
19173  -44.419  -60.494  -21.599 0.0000000000
19184  -44.251  -60.427  -22.587 0.0000000000
19185  -44.935  -59.796  -22.369 0.0000000000
17726  -41.375  -62.986  -11.412 0.0000000000
17737  -41.836  -62.799  -12.120 0.0000000000
17747  -40.904  -63.079  -13.104 0.0000000000
17757  -40.800  -62.759  -14.055 0.0000000000
17746  -40.011  -62.985  -13.403 0.0000000000
19015  -38.874  -62.317  -10.310 0.0000000000
17699  -38.078  -61.783  -10.273 0.0000000000
17731  -36.868  -62.239  -12.498 0.0000000000
17722  -37.971  -62.438  -11.996 0.0000000000
17743  -37.535  -62.236  -13.755 0.0000000000
17744  -38.235  -62.110  -13.960 0.0000000000
19050  -37.380  -62.249  -14.438 0.0000000000
19085  -37.275  -62.061  -15.885 0.0000000000
19066  -36.702  -62.039  -15.178 0.0000000000
20360  -34.177  -60.394  -15.009 0.0000000000
20372  -35.032  -60.679  -15.785 0.0000000000
20371  -34.523  -60.040  -16.185 0.0000000000
22913  -34.530  -58.938  -16.143 0.0000000000
21639  -34.231  -59.383  -15.839 0.0000000000
21530  -34.214  -59.369  -5.914 0.0000000000
22828  -32.094  -58.497  -7.799 0.0000000000
22830  -33.285  -59.368  -7.695 0.0000000000
22834  -32.876  -59.293  -8.107 0.0000000000
21573  -33.417  -60.029  -8.992 0.0000000000
21571  -31.967  -59.404  -9.305 0.0000000000
26768  -29.125  -55.795  -7.615 0.0000000000
25355  -29.919  -56.868  -7.340 0.0000000000
25372  -29.194  -56.479  -8.468 0.0000000000
24122  -29.914  -57.585  -10.871 0.0000000000
24101  -30.263  -57.708  -9.692 0.0000000000
22857  -30.971  -58.571  -10.826 0.0000000000
21598  -31.492  -58.974  -11.642 0.0000000000
21608  -32.193  -59.564  -12.429 0.0000000000
22877  -31.086  -58.348  -12.340 0.0000000000
25482  -32.202  -56.759  -13.026 0.0000000000
24168  -32.142  -57.439  -13.430 0.0000000000
24169  -33.100  -57.088  -13.097 0.0000000000
24182  -33.472  -57.623  -14.081 0.0000000000
12919  -41.947  -65.802  -16.327 0.0000000000
11751  -41.264  -66.481  -16.086 0.0000000000
10643  -40.288  -66.315  -19.881 0.0000000000
10601  -40.538  -66.719  -18.172 0.0000000000
10618  -39.701  -67.122  -19.364 0.0000000000
9474  -39.339  -67.621  -19.297 0.0000000000
9499  -38.701  -67.490  -20.189 0.0000000000
13025  -40.980  -65.282  -22.919 0.0000000000
11861  -40.468  -65.192  -22.208 0.0000000000
11897  -40.431  -66.283  -23.249 0.0000000000
9559  -39.026  -68.978  -23.088 0.0000000000
9560  -38.809  -67.879  -22.790 0.0000000000
20413  -45.730  -59.101  -17.448 0.0000000000
21682  -45.938  -58.928  -17.781 0.0000000000
23009  -45.765  -58.022  -21.795 0.0000000000
21774  -45.449  -58.898  -22.364 0.0000000000
23024  -44.838  -58.341  -22.639 0.0000000000
24263  -41.093  -57.850  -22.643 0.0000000000
23021  -42.129  -58.315  -23.008 0.0000000000
21769  -41.549  -58.912  -22.992 0.0000000000
21770  -42.561  -59.181  -23.460 0.0000000000
21753  -40.253  -59.150  -22.603 0.0000000000
20472  -39.228  -60.392  -22.629 0.0000000000
23003  -38.931  -59.003  -22.789 0.0000000000
20536  -38.511  -60.027  -25.454 0.0000000000
20512  -37.994  -60.002  -24.529 0.0000000000
19219  -38.193  -60.595  -26.158 0.0000000000
22928  -36.439  -59.253  -17.749 0.0000000000
22946  -37.439  -58.962  -18.303 0.0000000000
22929  -36.921  -58.794  -17.690 0.0000000000
22917  -38.072  -58.817  -16.462 0.0000000000
21640  -38.945  -59.056  -16.107 0.0000000000
28160  -28.646  -53.627  -4.292 0.0000000000
30812  -28.733  -52.076  -4.210 0.0000000000
17918  -43.312  -62.724  -24.676 0.0000000000
16698  -43.044  -63.675  -24.390 0.0000000000
17917  -42.639  -62.954  -25.115 0.0000000000
16677  -40.871  -63.294  -24.929 0.0000000000
17890  -39.721  -62.927  -24.234 0.0000000000
16674  -38.464  -63.560  -23.692 0.0000000000
17870  -38.656  -62.776  -23.146 0.0000000000
17857  -38.320  -62.297  -22.796 0.0000000000
19169  -37.954  -61.393  -22.714 0.0000000000
17776  -42.223  -62.890  -15.564 0.0000000000
17797  -41.763  -62.634  -16.240 0.0000000000
17815  -42.047  -62.649  -17.352 0.0000000000
20438  -41.417  -60.274  -19.643 0.0000000000
19145  -41.802  -61.078  -19.429 0.0000000000
20439  -42.349  -60.148  -19.526 0.0000000000
20441  -43.755  -60.277  -19.286 0.0000000000
17841  -44.810  -61.619  -19.784 0.0000000000
19134  -44.326  -60.436  -19.474 0.0000000000
19149  -44.477  -60.403  -19.702 0.0000000000
19156  -44.620  -59.897  -19.918 0.0000000000
17716  -41.515  -62.967  -10.602 0.0000000000
17725  -40.492  -63.014  -11.519 0.0000000000
19013  -36.544  -62.043  -10.709 0.0000000000
17711  -37.311  -62.273  -11.303 0.0000000000
19024  -36.448  -62.152  -11.857 0.0000000000
19035  -36.414  -61.989  -13.023 0.0000000000
19049  -36.375  -61.936  -14.197 0.0000000000
19048  -35.269  -61.389  -13.727 0.0000000000
19047  -34.550  -60.993  -14.245 0.0000000000
20346  -33.378  -60.094  -14.062 0.0000000000
22773  -31.574  -58.650  -5.019 0.0000000000
22791  -32.225  -58.785  -5.466 0.0000000000
22792  -32.807  -58.895  -5.829 0.0000000000
24063  -32.408  -58.279  -6.060 0.0000000000
24085  -32.274  -58.305  -6.757 0.0000000000
24084  -31.573  -58.106  -7.480 0.0000000000
26801  -28.521  -55.553  -9.415 0.0000000000
26802  -28.662  -55.963  -9.184 0.0000000000
25389  -28.615  -55.967  -9.940 0.0000000000
25422  -28.790  -56.223  -10.723 0.0000000000
25444  -29.892  -56.925  -12.071 0.0000000000
24151  -30.730  -57.645  -12.554 0.0000000000
25462  -30.415  -56.581  -12.709 0.0000000000
26875  -31.043  -55.581  -12.605 0.0000000000
26876  -31.845  -55.842  -12.195 0.0000000000
12952  -41.823  -65.549  -18.131 0.0000000000
11774  -41.758  -66.045  -17.552 0.0000000000
11793  -41.744  -65.730  -18.485 0.0000000000
10644  -40.896  -65.840  -19.667 0.0000000000
11832  -40.584  -65.531  -20.340 0.0000000000
11896  -39.912  -66.750  -23.697 0.0000000000
25645  -40.541  -56.440  -23.628 0.0000000000
25646  -41.138  -56.846  -23.032 0.0000000000
25647  -42.008  -57.249  -22.713 0.0000000000
24301  -40.397  -57.306  -23.490 0.0000000000
24276  -40.169  -57.638  -23.400 0.0000000000
23019  -39.665  -58.009  -23.671 0.0000000000
23017  -38.922  -58.685  -23.396 0.0000000000
20537  -38.771  -59.487  -25.752 0.0000000000
19106  -38.746  -61.914  -17.162 0.0000000000
17812  -39.249  -62.033  -17.412 0.0000000000
19120  -38.658  -61.769  -17.617 0.0000000000
19127  -38.958  -61.395  -18.572 0.0000000000
20436  -39.661  -60.421  -19.363 0.0000000000
21695  -38.270  -59.414  -18.489 0.0000000000
20437  -40.415  -60.190  -19.559 0.0000000000
21698  -41.409  -58.985  -19.072 0.0000000000
22950  -41.758  -58.625  -18.355 0.0000000000
22935  -42.856  -58.541  -17.572 0.0000000000
18992  -40.459  -62.681  -8.354 0.0000000000
18989  -37.467  -62.001  -8.508 0.0000000000
19001  -36.742  -61.877  -9.538 0.0000000000
19011  -35.124  -61.325  -9.586 0.0000000000
20300  -33.985  -60.748  -10.409 0.0000000000
26726  -30.109  -56.065  -4.562 0.0000000000
25339  -30.423  -56.667  -6.292 0.0000000000
26738  -29.858  -55.963  -5.731 0.0000000000
26748  -29.374  -55.431  -6.478 0.0000000000
28204  -28.825  -55.000  -7.030 0.0000000000
28190  -28.030  -53.902  -5.963 0.0000000000
28203  -27.952  -54.309  -6.862 0.0000000000
28223  -28.418  -54.925  -7.790 0.0000000000
28243  -28.136  -54.671  -8.930 0.0000000000
29578  -28.237  -53.681  -9.854 0.0000000000
29579  -28.682  -53.128  -10.276 0.0000000000
14146  -42.368  -63.676  -21.084 0.0000000000
12997  -41.522  -64.252  -21.283 0.0000000000
13015  -41.401  -64.107  -21.966 0.0000000000
14158  -41.528  -64.562  -22.948 0.0000000000
14181  -41.271  -65.487  -23.670 0.0000000000
14200  -40.536  -65.608  -24.507 0.0000000000
13042  -37.945  -66.627  -24.449 0.0000000000
15376  -36.487  -63.923  -23.536 0.0000000000
16647  -35.271  -63.532  -23.946 0.0000000000
16693  -34.607  -63.725  -25.294 0.0000000000
16711  -35.165  -63.434  -26.363 0.0000000000
17950  -36.452  -62.849  -26.999 0.0000000000
12873  -42.759  -65.631  -14.113 0.0000000000
11723  -42.089  -65.986  -14.651 0.0000000000
12894  -42.868  -65.715  -14.833 0.0000000000
12909  -42.671  -65.561  -15.379 0.0000000000
12920  -42.015  -65.481  -16.033 0.0000000000
15278  -42.100  -64.305  -16.115 0.0000000000
12937  -41.820  -65.382  -17.084 0.0000000000
12953  -41.782  -65.105  -18.227 0.0000000000
12968  -42.100  -64.549  -19.016 0.0000000000
14107  -42.875  -64.088  -19.402 0.0000000000
19130  -42.166  -61.868  -19.087 0.0000000000
17830  -42.407  -62.460  -18.441 0.0000000000
15329  -43.541  -63.394  -19.281 0.0000000000
14126  -43.142  -63.902  -20.053 0.0000000000
15354  -43.304  -63.280  -20.435 0.0000000000
15364  -42.707  -63.117  -21.284 0.0000000000
16635  -43.283  -62.311  -21.886 0.0000000000
17846  -44.568  -61.562  -20.362 0.0000000000
17860  -43.667  -61.234  -21.958 0.0000000000
17873  -43.882  -61.839  -23.112 0.0000000000
17895  -44.362  -61.699  -23.642 0.0000000000
19203  -44.289  -61.233  -24.163 0.0000000000
20516  -43.764  -60.672  -24.211 0.0000000000
14015  -43.417  -64.773  -12.678 0.0000000000
15249  -43.713  -64.297  -13.534 0.0000000000
16522  -42.717  -63.584  -13.240 0.0000000000
16487  -42.547  -63.100  -11.616 0.0000000000
16521  -42.186  -62.939  -12.878 0.0000000000
16542  -42.117  -63.252  -13.981 0.0000000000
17774  -40.617  -62.503  -14.931 0.0000000000
17773  -39.889  -62.253  -15.300 0.0000000000
19004  -39.890  -62.517  -9.281 0.0000000000
17714  -40.017  -62.596  -10.875 0.0000000000
17724  -39.699  -62.682  -11.704 0.0000000000
17723  -38.863  -62.496  -11.846 0.0000000000
17734  -39.376  -62.722  -12.644 0.0000000000
17745  -39.203  -62.467  -13.638 0.0000000000
17755  -39.135  -62.334  -14.615 0.0000000000
17772  -39.043  -62.233  -15.568 0.0000000000
17793  -37.980  -62.209  -16.448 0.0000000000
19104  -37.383  -61.768  -16.855 0.0000000000
19103  -36.330  -61.216  -17.222 0.0000000000
19065  -35.581  -61.468  -15.183 0.0000000000
19083  -35.629  -61.128  -16.405 0.0000000000
20392  -35.888  -60.499  -17.432 0.0000000000
22903  -35.470  -58.334  -15.941 0.0000000000
22810  -33.547  -59.250  -6.878 0.0000000000
21558  -33.859  -59.551  -7.374 0.0000000000
21567  -34.277  -60.105  -8.096 0.0000000000
20284  -34.007  -60.160  -8.671 0.0000000000
20289  -33.201  -60.233  -9.669 0.0000000000
20299  -33.021  -60.329  -10.400 0.0000000000
25356  -30.688  -57.509  -7.455 0.0000000000
24095  -31.018  -58.148  -8.485 0.0000000000
24093  -29.450  -57.161  -9.051 0.0000000000
24102  -30.705  -57.892  -9.077 0.0000000000
22841  -31.066  -58.438  -9.607 0.0000000000
21586  -31.581  -59.229  -10.436 0.0000000000
20315  -33.656  -60.486  -11.499 0.0000000000
20331  -32.666  -60.032  -12.472 0.0000000000
21620  -32.625  -59.470  -13.535 0.0000000000
21630  -33.249  -59.208  -14.449 0.0000000000
24167  -31.436  -57.704  -13.116 0.0000000000
22895  -32.707  -58.370  -14.128 0.0000000000
22896  -33.728  -58.399  -14.677 0.0000000000
24183  -34.525  -57.750  -14.564 0.0000000000
11737  -41.553  -66.358  -15.541 0.0000000000
10559  -40.672  -66.809  -16.190 0.0000000000
10558  -40.288  -67.766  -16.450 0.0000000000
11792  -41.211  -66.310  -18.039 0.0000000000
10583  -40.120  -67.651  -17.185 0.0000000000
9440  -39.680  -68.004  -17.608 0.0000000000
9456  -39.343  -68.286  -18.537 0.0000000000
12996  -41.007  -64.499  -21.039 0.0000000000
10677  -40.339  -65.253  -21.311 0.0000000000
10657  -39.468  -66.291  -21.696 0.0000000000
10699  -39.274  -67.108  -22.890 0.0000000000
10675  -39.531  -66.495  -22.328 0.0000000000
9523  -39.029  -66.640  -20.929 0.0000000000
21632  -39.080  -59.100  -15.128 0.0000000000
21659  -41.270  -59.715  -16.595 0.0000000000
21660  -42.240  -59.056  -16.833 0.0000000000
21662  -44.000  -59.240  -16.789 0.0000000000
20411  -44.940  -59.431  -17.449 0.0000000000
20442  -44.812  -59.387  -19.177 0.0000000000
20451  -45.088  -59.369  -20.033 0.0000000000
21717  -46.056  -58.539  -19.363 0.0000000000
21726  -45.684  -58.672  -20.144 0.0000000000
20461  -45.272  -59.282  -21.073 0.0000000000
20496  -45.279  -59.316  -22.347 0.0000000000
20517  -44.220  -60.194  -23.358 0.0000000000
20492  -43.112  -60.043  -23.831 0.0000000000
24264  -43.014  -57.516  -22.608 0.0000000000
24279  -43.583  -57.936  -22.980 0.0000000000
23023  -44.088  -58.495  -23.163 0.0000000000
21771  -43.610  -59.196  -23.491 0.0000000000
20491  -41.682  -60.348  -23.612 0.0000000000
20473  -40.354  -60.284  -22.790 0.0000000000
20471  -38.332  -60.589  -22.713 0.0000000000
20470  -37.595  -60.815  -22.909 0.0000000000
20489  -37.575  -60.295  -23.596 0.0000000000
19198  -37.293  -60.959  -24.593 0.0000000000
19217  -36.583  -61.674  -25.581 0.0000000000
9416  -39.316  -68.782  -16.895 0.0000000000
9417  -40.022  -68.632  -17.008 0.0000000000
9418  -40.116  -68.154  -17.048 0.0000000000
9439  -39.456  -68.803  -17.756 0.0000000000
9455  -38.756  -68.721  -18.440 0.0000000000
9473  -38.706  -68.322  -19.392 0.0000000000
9475  -39.774  -67.379  -19.053 0.0000000000
9500  -39.372  -66.865  -19.918 0.0000000000
9501  -39.802  -66.567  -19.937 0.0000000000
9576  -39.060  -69.027  -23.776 0.0000000000
10540  -41.119  -66.790  -15.423 0.0000000000
10582  -38.654  -68.576  -16.938 0.0000000000
10584  -40.386  -66.817  -17.162 0.0000000000
10600  -40.135  -67.311  -17.909 0.0000000000
10619  -40.191  -67.022  -18.966 0.0000000000
10642  -39.863  -66.760  -19.608 0.0000000000
10658  -39.996  -65.769  -20.926 0.0000000000
10659  -40.366  -65.258  -20.994 0.0000000000
10698  -38.949  -67.881  -23.275 0.0000000000
10700  -40.061  -66.399  -22.713 0.0000000000
10716  -39.062  -68.199  -23.755 0.0000000000
10718  -39.827  -66.818  -23.219 0.0000000000
11699  -41.700  -66.230  -14.171 0.0000000000
11722  -41.767  -66.247  -14.944 0.0000000000
11752  -41.701  -66.119  -16.459 0.0000000000
11808  -41.435  -65.813  -19.123 0.0000000000
11809  -41.683  -65.436  -18.995 0.0000000000
11833  -41.154  -65.227  -19.997 0.0000000000
11843  -40.429  -65.328  -20.778 0.0000000000
11844  -40.615  -64.946  -20.792 0.0000000000
11862  -40.540  -64.886  -21.680 0.0000000000
11877  -40.607  -65.502  -22.690 0.0000000000
11878  -40.680  -64.883  -22.302 0.0000000000
12861  -42.828  -65.232  -13.084 0.0000000000
12872  -42.386  -65.830  -14.390 0.0000000000
12893  -42.513  -65.841  -14.946 0.0000000000
12908  -42.296  -65.775  -15.643 0.0000000000
13026  -41.142  -64.806  -22.687 0.0000000000
13027  -41.276  -64.357  -22.299 0.0000000000
13046  -40.936  -65.555  -23.331 0.0000000000
13047  -41.186  -65.205  -23.047 0.0000000000
13060  -40.896  -65.740  -24.120 0.0000000000
13061  -41.012  -65.669  -23.832 0.0000000000
14041  -43.140  -65.351  -14.887 0.0000000000
14061  -41.841  -64.889  -16.676 0.0000000000
14091  -42.114  -64.307  -18.794 0.0000000000
14133  -42.142  -64.102  -20.801 0.0000000000
14134  -42.713  -63.761  -20.580 0.0000000000
14145  -41.946  -63.645  -21.664 0.0000000000
14180  -40.241  -66.065  -24.363 0.0000000000
14182  -41.555  -65.035  -23.395 0.0000000000
14183  -41.831  -64.350  -23.193 0.0000000000
14202  -42.067  -64.999  -24.129 0.0000000000
15318  -42.898  -63.778  -18.980 0.0000000000
15330  -44.072  -63.148  -19.430 0.0000000000
15344  -44.281  -62.983  -19.746 0.0000000000
15378  -38.088  -63.713  -23.636 0.0000000000
15380  -42.646  -62.781  -22.093 0.0000000000
15402  -40.302  -64.283  -24.855 0.0000000000
15420  -40.270  -65.154  -24.776 0.0000000000
15424  -42.921  -64.241  -23.819 0.0000000000
16503  -42.320  -62.893  -12.038 0.0000000000
16504  -42.709  -63.337  -12.256 0.0000000000
16597  -44.162  -62.515  -19.010 0.0000000000
16609  -44.012  -63.140  -19.183 0.0000000000
16628  -43.999  -62.129  -20.500 0.0000000000
16633  -37.625  -62.531  -22.770 0.0000000000
16636  -43.660  -61.933  -21.247 0.0000000000
16649  -37.037  -62.976  -22.907 0.0000000000
16650  -38.105  -63.214  -23.097 0.0000000000
16651  -38.740  -63.070  -23.493 0.0000000000
16653  -42.936  -62.303  -22.895 0.0000000000
16672  -34.608  -63.654  -24.979 0.0000000000
16673  -34.826  -63.269  -24.702 0.0000000000
16678  -43.291  -62.988  -23.703 0.0000000000
16679  -43.808  -62.327  -23.536 0.0000000000
16694  -34.848  -63.187  -25.622 0.0000000000
16695  -40.684  -63.965  -25.040 0.0000000000
16697  -42.414  -63.930  -25.132 0.0000000000
16710  -34.653  -63.810  -25.897 0.0000000000
17698  -37.512  -61.972  -10.373 0.0000000000
17700  -39.572  -62.448  -10.170 0.0000000000
17701  -40.242  -62.728  -10.067 0.0000000000
17712  -38.283  -62.214  -10.878 0.0000000000
17715  -40.754  -62.943  -10.730 0.0000000000
17732  -37.477  -62.303  -12.987 0.0000000000
17736  -41.127  -63.174  -12.208 0.0000000000
17748  -41.562  -62.941  -12.784 0.0000000000
17754  -38.437  -62.305  -14.899 0.0000000000
17770  -37.741  -62.269  -15.989 0.0000000000
17771  -38.230  -62.334  -15.724 0.0000000000
17792  -37.591  -62.095  -16.295 0.0000000000
17794  -38.752  -62.099  -16.541 0.0000000000
17798  -42.435  -62.840  -16.431 0.0000000000
17834  -44.726  -61.127  -19.610 0.0000000000
17842  -44.990  -61.149  -19.941 0.0000000000
17856  -37.400  -62.025  -22.814 0.0000000000
17858  -39.020  -61.924  -22.920 0.0000000000
17859  -43.500  -61.778  -22.553 0.0000000000
17868  -36.293  -62.378  -23.409 0.0000000000
17871  -39.372  -62.378  -23.487 0.0000000000
17888  -35.499  -62.368  -24.487 0.0000000000
17893  -42.385  -62.413  -25.227 0.0000000000
17894  -44.005  -62.296  -24.272 0.0000000000
17896  -44.058  -61.133  -23.207 0.0000000000
17915  -35.923  -62.081  -25.611 0.0000000000
17916  -42.071  -63.356  -25.308 0.0000000000
17934  -35.256  -62.824  -25.953 0.0000000000
17935  -35.956  -62.483  -26.269 0.0000000000
18999  -34.961  -61.182  -8.792 0.0000000000
19005  -40.467  -62.870  -9.311 0.0000000000
19012  -35.775  -61.455  -10.194 0.0000000000
19014  -38.436  -61.967  -10.121 0.0000000000
19051  -37.989  -62.263  -14.567 0.0000000000
19067  -37.368  -62.257  -15.218 0.0000000000
19086  -37.688  -62.301  -15.568 0.0000000000
19102  -35.693  -60.853  -17.025 0.0000000000
19105  -38.255  -61.957  -17.099 0.0000000000
19117  -36.597  -61.033  -17.804 0.0000000000
19125  -37.389  -61.071  -18.292 0.0000000000
19131  -42.951  -61.685  -19.205 0.0000000000
19142  -39.304  -60.824  -19.247 0.0000000000
19143  -39.836  -61.088  -19.410 0.0000000000
19147  -43.342  -60.765  -19.333 0.0000000000
19155  -44.729  -60.808  -20.075 0.0000000000
19160  -44.553  -60.575  -21.040 0.0000000000
19161  -44.563  -60.661  -20.822 0.0000000000
19168  -37.411  -61.397  -22.870 0.0000000000
19170  -38.855  -61.318  -22.765 0.0000000000
19171  -39.668  -61.033  -22.720 0.0000000000
19172  -44.553  -60.461  -21.262 0.0000000000
19174  -44.849  -60.025  -22.088 0.0000000000
19179  -36.230  -61.878  -23.720 0.0000000000
19182  -40.229  -61.403  -23.201 0.0000000000
19196  -35.698  -62.081  -24.843 0.0000000000
19199  -40.568  -61.635  -23.936 0.0000000000
19202  -43.490  -61.767  -25.003 0.0000000000
19216  -35.891  -61.917  -25.166 0.0000000000
19220  -42.844  -62.264  -25.280 0.0000000000
20273  -34.833  -60.419  -7.734 0.0000000000
20285  -34.582  -60.560  -8.300 0.0000000000
20286  -35.073  -60.819  -7.900 0.0000000000
20290  -33.699  -60.289  -9.285 0.0000000000
20301  -34.845  -61.269  -10.453 0.0000000000
20314  -32.743  -60.233  -11.799 0.0000000000
20347  -34.202  -60.747  -13.545 0.0000000000
20361  -34.877  -60.953  -15.186 0.0000000000
20390  -34.792  -59.752  -16.669 0.0000000000
20394  -42.558  -59.798  -16.394 0.0000000000
20408  -36.357  -60.723  -17.734 0.0000000000
20409  -36.756  -60.677  -18.075 0.0000000000
20410  -44.563  -59.209  -17.364 0.0000000000
20421  -38.066  -60.459  -18.751 0.0000000000
20423  -39.775  -59.782  -19.240 0.0000000000
20424  -43.704  -59.300  -19.048 0.0000000000
20428  -45.550  -59.141  -18.377 0.0000000000
20440  -43.331  -59.779  -19.323 0.0000000000
20452  -45.598  -58.836  -19.629 0.0000000000
20459  -44.640  -60.352  -21.081 0.0000000000
20462  -45.450  -59.070  -21.591 0.0000000000
20475  -44.691  -60.241  -21.301 0.0000000000
20476  -44.927  -59.900  -21.536 0.0000000000
20477  -45.258  -59.484  -21.944 0.0000000000
20478  -45.512  -59.109  -22.024 0.0000000000
20490  -40.802  -60.776  -23.312 0.0000000000
20493  -43.958  -59.914  -23.490 0.0000000000
20494  -44.354  -59.791  -23.247 0.0000000000
20495  -44.679  -59.961  -22.700 0.0000000000
20497  -45.633  -59.018  -22.172 0.0000000000
20515  -42.783  -60.917  -24.475 0.0000000000
20518  -44.602  -59.855  -22.879 0.0000000000
20519  -44.901  -59.609  -22.626 0.0000000000
20535  -37.917  -60.495  -25.077 0.0000000000
20552  -38.697  -59.708  -26.004 0.0000000000
21543  -33.880  -59.421  -6.996 0.0000000000
21559  -34.577  -60.016  -7.595 0.0000000000
21564  -32.146  -59.255  -8.791 0.0000000000
21565  -32.570  -59.450  -8.710 0.0000000000
21572  -32.922  -60.004  -9.327 0.0000000000
21607  -31.585  -58.846  -12.658 0.0000000000
21609  -32.636  -59.887  -12.836 0.0000000000
21618  -31.656  -58.641  -13.160 0.0000000000
21631  -33.791  -59.246  -15.156 0.0000000000
21653  -34.649  -59.336  -16.426 0.0000000000
21654  -35.121  -59.369  -16.923 0.0000000000
21655  -35.771  -59.665  -17.386 0.0000000000
21661  -43.202  -58.853  -16.867 0.0000000000
21674  -36.915  -60.144  -18.283 0.0000000000
21677  -40.215  -58.892  -17.147 0.0000000000
21680  -43.405  -58.597  -17.710 0.0000000000
21693  -36.812  -59.628  -18.275 0.0000000000
21694  -37.354  -59.736  -18.499 0.0000000000
21696  -39.405  -59.027  -18.751 0.0000000000
21697  -40.424  -59.146  -19.192 0.0000000000
21701  -43.974  -58.858  -18.536 0.0000000000
21702  -46.005  -58.787  -18.376 0.0000000000
21712  -41.114  -59.552  -19.519 0.0000000000
21713  -41.907  -59.523  -19.370 0.0000000000
21714  -42.758  -59.403  -19.204 0.0000000000
21716  -45.978  -58.497  -19.840 0.0000000000
21727  -45.808  -58.685  -19.703 0.0000000000
21736  -45.571  -58.742  -20.947 0.0000000000
21751  -38.615  -59.701  -22.762 0.0000000000
21752  -39.494  -59.503  -22.600 0.0000000000
21754  -40.825  -58.796  -22.634 0.0000000000
21755  -45.663  -58.615  -21.875 0.0000000000
21773  -44.850  -58.851  -22.769 0.0000000000
21775  -45.645  -58.821  -22.022 0.0000000000
21790  -44.535  -59.714  -23.093 0.0000000000
21791  -44.666  -59.517  -23.040 0.0000000000
21792  -45.018  -59.353  -22.663 0.0000000000
21804  -38.842  -58.950  -25.226 0.0000000000
21813  -38.609  -59.472  -26.773 0.0000000000
21831  -38.703  -59.055  -27.075 0.0000000000
22793  -33.488  -59.137  -6.166 0.0000000000
22794  -33.873  -59.322  -6.445 0.0000000000
22811  -33.877  -59.366  -6.672 0.0000000000
22829  -32.610  -58.736  -7.466 0.0000000000
22835  -33.253  -59.500  -8.048 0.0000000000
22856  -30.573  -58.053  -10.359 0.0000000000
22867  -30.466  -58.081  -11.269 0.0000000000
22868  -30.903  -58.437  -11.623 0.0000000000
22885  -31.420  -58.311  -12.976 0.0000000000
22886  -31.905  -58.279  -13.550 0.0000000000
22887  -32.207  -58.836  -13.743 0.0000000000
22894  -32.342  -57.893  -13.801 0.0000000000
22904  -36.405  -58.411  -15.861 0.0000000000
22905  -37.332  -58.769  -15.721 0.0000000000
22914  -34.951  -58.728  -16.475 0.0000000000
22918  -42.487  -58.619  -17.185 0.0000000000
22919  -42.719  -58.652  -17.031 0.0000000000
22931  -39.999  -58.671  -18.107 0.0000000000
22933  -41.276  -58.632  -17.708 0.0000000000
22934  -42.096  -58.579  -17.520 0.0000000000
22944  -36.621  -59.431  -18.109 0.0000000000
22945  -36.825  -59.074  -18.346 0.0000000000
22947  -39.779  -58.738  -18.301 0.0000000000
22949  -40.909  -58.643  -18.511 0.0000000000
22951  -42.495  -58.605  -18.224 0.0000000000
22959  -46.116  -58.318  -20.005 0.0000000000
22986  -45.731  -58.333  -20.999 0.0000000000
23004  -39.510  -58.703  -22.814 0.0000000000
23006  -40.975  -58.250  -22.613 0.0000000000
23018  -39.430  -58.358  -23.524 0.0000000000
23020  -41.453  -58.125  -22.683 0.0000000000
23025  -45.455  -58.200  -22.176 0.0000000000
23026  -45.814  -57.920  -22.048 0.0000000000
23034  -38.971  -58.568  -24.027 0.0000000000
24047  -32.326  -58.465  -5.707 0.0000000000
24082  -29.629  -57.048  -8.159 0.0000000000
24083  -29.906  -57.350  -7.895 0.0000000000
24121  -29.330  -56.976  -11.096 0.0000000000
24137  -29.720  -57.107  -11.583 0.0000000000
24138  -30.102  -57.503  -11.942 0.0000000000
24152  -31.136  -57.947  -12.791 0.0000000000
24166  -31.061  -57.661  -12.877 0.0000000000
24262  -40.694  -57.809  -22.775 0.0000000000
24278  -42.544  -57.818  -22.941 0.0000000000
24280  -44.399  -58.040  -22.649 0.0000000000
24282  -45.894  -57.694  -21.903 0.0000000000
24283  -45.971  -57.847  -21.871 0.0000000000
25354  -29.464  -56.551  -7.884 0.0000000000
25373  -30.240  -57.490  -7.780 0.0000000000
25374  -30.713  -57.820  -7.911 0.0000000000
25390  -28.814  -56.354  -9.442 0.0000000000
25421  -28.602  -55.648  -10.182 0.0000000000
25443  -29.492  -56.411  -11.879 0.0000000000
25461  -29.848  -56.053  -12.378 0.0000000000
25463  -31.552  -56.251  -12.850 0.0000000000
25464  -32.319  -56.300  -12.565 0.0000000000
25480  -30.958  -57.313  -12.962 0.0000000000
25483  -32.654  -56.643  -12.796 0.0000000000
25621  -41.658  -56.796  -22.659 0.0000000000
26737  -29.414  -55.318  -5.789 0.0000000000
26769  -29.614  -56.258  -7.237 0.0000000000
26788  -28.535  -55.424  -8.374 0.0000000000
26789  -28.747  -55.959  -8.727 0.0000000000
26827  -28.534  -55.201  -10.129 0.0000000000
26856  -29.883  -55.040  -12.095 0.0000000000
27062  -41.025  -56.418  -23.020 0.0000000000
28179  -28.353  -53.815  -5.163 0.0000000000
28202  -27.530  -54.030  -7.310 0.0000000000
28222  -27.719  -54.255  -7.675 0.0000000000
28224  -28.781  -55.257  -7.457 0.0000000000
28242  -27.827  -54.358  -8.282 0.0000000000
28272  -28.618  -54.805  -10.435 0.0000000000
28273  -28.922  -54.590  -10.977 0.0000000000
28324  -30.197  -54.995  -12.139 0.0000000000
29482  -28.671  -52.907  -4.124 0.0000000000
29523  -27.521  -53.583  -7.146 0.0000000000
29563  -27.517  -53.938  -8.170 0.0000000000
29564  -27.729  -53.773  -8.811 0.0000000000
29627  -30.116  -53.831  -11.500 0.0000000000
30792  -28.969  -52.656  -3.832 0.0000000000
30899  -28.448  -52.908  -9.882 0.0000000000
