#!ascii label  , from subject 3203 vox2ras=TkReg
1141
82989  -18.711  -13.445  -30.210 0.4285714328
84178  -19.188  -12.487  -31.648 0.2857142985
84158  -19.010  -13.043  -30.614 0.4285714328
84159  -20.109  -12.384  -30.836 0.4285714328
85364  -20.815  -11.626  -31.293 0.4285714328
84179  -20.148  -12.145  -31.952 0.2857142985
85381  -21.416  -11.070  -31.605 0.4285714328
86652  -21.011  -11.248  -33.703 0.4285714328
86632  -21.355  -10.649  -33.159 0.4285714328
87915  -21.745  -10.144  -34.142 0.4285714328
87916  -22.237  -9.790  -33.901 0.4285714328
89246  -21.618  -8.543  -35.416 0.5714285970
87926  -22.070  -9.880  -34.385 0.5714285970
89238  -22.398  -9.359  -34.679 0.4285714328
89227  -23.118  -8.717  -33.674 0.2857142985
89247  -22.564  -8.540  -35.503 0.7142857313
89239  -23.128  -8.595  -34.789 0.7142857313
90695  -23.616  -7.702  -35.834 0.7142857313
90685  -24.134  -7.328  -35.086 0.4285714328
89248  -23.195  -8.241  -35.462 0.7142857313
90684  -23.506  -7.892  -34.896 0.5714285970
91988  -24.744  -6.552  -35.230 0.5714285970
90696  -24.479  -7.242  -36.059 0.5714285970
90709  -24.658  -6.791  -36.663 0.5714285970
91998  -25.213  -6.456  -36.295 0.5714285970
90708  -23.937  -7.371  -36.791 0.5714285970
93272  -25.594  -5.858  -35.664 0.4285714328
92032  -26.177  -6.081  -37.201 0.5714285970
93289  -27.001  -4.937  -36.464 0.5714285970
92029  -24.717  -5.802  -37.307 0.7142857313
93304  -26.397  -5.342  -37.141 0.7142857313
93305  -27.042  -4.656  -36.933 0.7142857313
94566  -27.616  -4.239  -36.424 0.5714285970
92031  -25.926  -6.209  -37.590 0.5714285970
93287  -23.343  -5.467  -36.694 0.5714285970
94582  -25.308  -4.390  -37.527 0.8571428657
94585  -27.253  -4.138  -36.973 0.7142857313
94567  -28.255  -3.716  -36.326 0.5714285970
94581  -24.348  -4.216  -37.316 0.5714285970
97151  -27.271  -2.794  -37.168 0.7142857313
95863  -28.516  -3.273  -36.554 0.5714285970
94583  -26.083  -4.458  -37.375 0.7142857313
95884  -27.122  -3.711  -37.167 0.7142857313
97152  -28.148  -2.294  -37.230 0.5714285970
95883  -26.532  -3.545  -37.292 0.7142857313
97153  -28.755  -1.981  -37.214 0.5714285970
95882  -25.724  -3.425  -37.487 0.5714285970
97150  -26.247  -2.330  -37.491 0.7142857313
98393  -27.459  -1.785  -37.533 0.7142857313
98418  -28.575  -0.770  -38.047 0.7142857313
98394  -28.324  -1.533  -37.574 0.7142857313
97169  -26.142  -1.601  -37.776 0.7142857313
98416  -26.682  -1.261  -37.869 0.7142857313
98417  -27.638  -0.885  -37.993 0.7142857313
100771  -28.422  0.385  -39.065 0.7142857313
99583  -28.809  -0.041  -38.436 0.5714285970
97149  -25.299  -2.331  -37.781 0.5714285970
100782  -28.852  0.751  -39.767 0.5714285970
102080  -29.060  1.393  -39.520 0.5714285970
99580  -26.299  -0.395  -38.420 0.8571428657
98415  -25.974  -1.156  -38.089 0.8571428657
100789  -28.415  0.775  -40.192 0.7142857313
102078  -27.527  0.923  -40.154 0.7142857313
99581  -27.120  -0.384  -38.890 0.8571428657
100770  -27.049  0.511  -39.478 0.7142857313
103400  -26.696  2.349  -40.816 0.8571428657
103401  -27.524  2.620  -40.705 0.5714285970
102077  -26.969  1.418  -40.008 0.8571428657
102056  -26.193  1.456  -39.217 0.8571428657
100769  -26.540  0.394  -39.034 0.8571428657
102057  -26.730  0.945  -39.414 0.8571428657
104678  -25.685  3.563  -41.064 0.8571428657
105966  -25.721  4.410  -41.557 0.8571428657
107244  -25.707  6.017  -40.327 0.8571428657
103380  -26.396  2.192  -40.222 0.8571428657
105944  -25.953  4.580  -39.885 0.8571428657
107218  -26.353  5.420  -38.842 1.0000000000
107227  -25.951  5.070  -40.096 1.0000000000
104652  -25.905  3.544  -39.280 0.8571428657
105945  -26.096  4.878  -39.415 1.0000000000
109784  -26.423  7.286  -39.644 1.0000000000
112294  -26.067  9.304  -37.511 0.7142857313
108520  -26.310  6.442  -40.076 1.0000000000
108503  -26.414  7.169  -38.244 1.0000000000
111069  -26.382  8.067  -39.351 1.0000000000
114850  -27.015  11.609  -39.694 1.0000000000
116097  -26.149  12.226  -38.416 0.8571428657
118571  -26.708  13.914  -38.975 0.8571428657
117339  -27.119  13.233  -39.332 1.0000000000
121040  -27.562  16.680  -41.309 0.8571428657
119851  -27.402  15.620  -40.568 0.8571428657
119833  -27.269  15.017  -39.898 1.0000000000
123318  -26.942  18.685  -42.935 0.8571428657
122180  -27.410  18.153  -42.634 0.8571428657
123317  -26.487  18.868  -43.129 0.7142857313
123297  -25.104  18.160  -41.734 0.5714285970
124486  -25.438  19.328  -43.648 0.7142857313
124460  -23.122  18.601  -42.748 0.5714285970
123308  -24.346  18.425  -42.480 0.5714285970
124459  -22.851  18.941  -42.755 0.4285714328
124496  -23.019  20.306  -44.285 0.4285714328
125637  -21.932  20.545  -42.370 0.2857142985
126777  -22.347  20.964  -41.984 0.2857142985
124470  -21.564  19.696  -42.329 0.2857142985
125628  -22.234  20.844  -41.290 0.2857142985
84198  -19.421  -12.302  -32.619 0.2857142985
92015  -26.010  -6.569  -37.038 0.5714285970
97136  -28.021  -2.905  -36.830 0.5714285970
102079  -28.716  1.599  -40.002 0.5714285970
99582  -27.934  0.049  -38.503 0.7142857313
99591  -27.976  0.406  -39.132 0.7142857313
102091  -27.223  1.837  -40.694 0.8571428657
103415  -26.733  3.111  -41.268 0.8571428657
104693  -26.077  3.555  -41.743 0.8571428657
107243  -25.722  5.316  -40.480 0.8571428657
112306  -26.280  9.274  -38.376 0.8571428657
125619  -24.318  20.979  -40.374 0.1428571492
84212  -20.116  -11.889  -33.529 0.2857142985
84199  -20.166  -12.028  -32.871 0.2857142985
86609  -20.931  -10.981  -32.489 0.4285714328
87873  -21.852  -10.147  -32.550 0.4285714328
85422  -20.394  -11.583  -33.952 0.2857142985
87925  -21.624  -9.871  -34.605 0.4285714328
85403  -20.536  -11.518  -33.228 0.4285714328
87894  -22.407  -9.522  -32.951 0.4285714328
87924  -20.801  -9.858  -34.626 0.5714285970
90693  -21.863  -7.675  -35.847 0.2857142985
90707  -22.997  -7.261  -36.276 0.5714285970
94549  -26.763  -4.913  -35.098 0.4285714328
92012  -23.168  -6.461  -36.616 0.7142857313
92013  -24.335  -6.327  -37.077 0.7142857313
91999  -26.032  -6.183  -36.391 0.7142857313
93288  -26.446  -5.455  -36.485 0.5714285970
93274  -26.786  -5.074  -35.920 0.4285714328
94584  -26.779  -4.361  -37.226 0.7142857313
94565  -23.370  -4.436  -36.838 0.5714285970
93301  -24.186  -5.302  -37.168 0.5714285970
98395  -29.494  -1.495  -37.350 0.5714285970
97137  -29.129  -2.642  -36.744 0.5714285970
98392  -26.878  -2.022  -37.461 0.7142857313
98419  -29.297  -0.580  -37.979 0.5714285970
103379  -26.035  2.577  -39.740 1.0000000000
108534  -25.599  6.660  -40.474 1.0000000000
107217  -26.166  5.352  -38.048 1.0000000000
111045  -26.183  8.467  -37.928 0.8571428657
113538  -26.209  10.183  -37.964 0.7142857313
113547  -26.689  10.256  -38.852 1.0000000000
113559  -26.380  10.117  -39.898 1.0000000000
114846  -26.349  11.109  -38.292 0.7142857313
114845  -25.714  10.972  -37.826 0.7142857313
116098  -26.799  12.353  -39.211 0.8571428657
119850  -26.717  16.100  -40.198 0.8571428657
118588  -27.658  14.376  -40.399 1.0000000000
117342  -27.767  13.296  -40.033 1.0000000000
174080  -26.468  18.507  -41.949 0.7142857313
124484  -23.219  19.771  -43.745 0.7142857313
123307  -24.062  18.459  -42.876 0.7142857313
124485  -24.288  19.446  -43.796 0.7142857313
122160  -22.134  17.739  -42.097 0.4285714328
125647  -22.432  20.655  -43.214 0.2857142985
124483  -22.640  20.306  -43.761 0.4285714328
125660  -24.190  20.460  -45.106 0.4285714328
125658  -22.691  20.690  -44.644 0.4285714328
90706  -22.306  -7.305  -36.105 0.4285714328
92011  -22.037  -6.470  -36.207 0.4285714328
124471  -22.253  19.494  -43.097 0.4285714328
124472  -23.480  18.910  -43.117 0.7142857313
84139  -19.767  -12.936  -30.054 0.4285714328
84197  -18.489  -12.496  -32.529 0.2857142985
84177  -18.172  -13.082  -31.501 0.2857142985
85380  -20.690  -11.302  -32.300 0.4285714328
86662  -20.519  -10.941  -34.588 0.2857142985
86653  -21.371  -10.677  -33.967 0.4285714328
87893  -21.820  -10.149  -33.458 0.4285714328
86663  -21.226  -10.328  -34.399 0.4285714328
89237  -21.247  -9.181  -34.901 0.4285714328
90694  -22.784  -7.844  -35.876 0.5714285970
92014  -25.283  -6.501  -37.100 0.5714285970
93273  -26.272  -5.538  -35.866 0.4285714328
93303  -25.702  -5.371  -37.577 0.7142857313
94550  -27.516  -4.527  -35.512 0.5714285970
93302  -24.953  -5.239  -37.413 0.7142857313
95881  -24.884  -3.360  -37.628 0.7142857313
97168  -25.787  -1.753  -37.844 0.8571428657
98391  -25.342  -1.342  -38.121 0.8571428657
102092  -27.775  1.347  -40.437 0.8571428657
103414  -26.233  3.072  -41.131 0.8571428657
104665  -25.800  3.580  -40.239 1.0000000000
109764  -26.329  7.826  -38.260 1.0000000000
122163  -27.369  17.362  -41.690 0.8571428657
174081  -26.762  17.764  -41.597 0.8571428657
124461  -25.327  18.839  -42.262 0.7142857313
124473  -24.688  18.842  -42.840 0.5714285970
123296  -23.698  18.128  -42.502 0.5714285970
123294  -21.819  18.840  -42.080 0.4285714328
123306  -22.052  19.016  -42.616 0.4285714328
123305  -21.861  19.248  -42.565 0.2857142985
125629  -22.818  20.960  -41.171 0.2857142985
126768  -23.687  21.284  -41.087 0.1428571492
124497  -23.879  20.168  -44.365 0.5714285970
127876  -20.753  22.905  -46.097 0.2857142985
128801  -22.129  23.651  -45.964 0.1428571492
126811  -21.919  21.574  -45.644 0.2857142985
127879  -21.176  22.741  -47.085 0.2857142985
127873  -21.238  23.033  -45.305 0.1428571492
129691  -22.860  24.333  -45.115 0.1428571492
126797  -22.592  21.603  -43.560 0.1428571492
125665  -22.370  21.239  -44.895 0.2857142985
126822  -22.331  21.218  -48.017 0.2857142985
126815  -21.418  22.277  -46.379 0.2857142985
123352  -25.680  17.836  -48.556 0.2857142985
125680  -24.927  20.166  -48.125 0.2857142985
128794  -22.941  23.846  -44.688 0.1428571492
125666  -22.703  20.771  -45.489 0.2857142985
124507  -26.297  19.951  -45.748 0.2857142985
126817  -22.948  20.870  -47.096 0.2857142985
122198  -27.367  16.974  -46.815 0.1428571492
124514  -26.189  19.565  -47.055 0.2857142985
125679  -24.385  20.895  -47.875 0.2857142985
127865  -22.642  22.635  -44.308 0.1428571492
125672  -24.058  21.190  -46.758 0.2857142985
126812  -22.546  21.099  -46.233 0.2857142985
174064  -25.400  13.064  -46.781 0.1428571492
119895  -26.706  15.223  -47.114 0.1428571492
123338  -26.947  18.599  -46.991 0.4285714328
124506  -25.514  20.342  -45.590 0.2857142985
117399  -27.671  14.131  -44.505 0.2857142985
122186  -28.315  17.569  -44.948 0.4285714328
124508  -27.360  19.211  -45.444 0.2857142985
117397  -26.315  12.746  -44.204 0.1428571492
119889  -27.618  15.410  -45.755 0.2857142985
124500  -27.568  18.880  -44.708 0.4285714328
174077  -28.489  16.106  -43.795 0.5714285970
123326  -27.739  18.261  -43.905 0.7142857313
116113  -25.285  12.143  -43.476 0.1428571492
117383  -26.913  12.999  -43.461 0.1428571492
174076  -28.255  17.563  -44.522 0.7142857313
124499  -26.634  19.292  -44.357 0.4285714328
118616  -28.449  14.544  -43.362 0.4285714328
114868  -24.915  11.543  -43.402 0.2857142985
114861  -26.115  11.551  -42.397 0.7142857313
121041  -28.150  17.084  -42.584 0.7142857313
116102  -27.273  12.411  -39.877 0.8571428657
117367  -27.519  13.046  -42.375 0.8571428657
118604  -28.397  14.636  -42.351 0.5714285970
113615  -23.516  10.519  -43.514 0.2857142985
113599  -24.405  10.838  -42.950 0.2857142985
117353  -28.197  13.777  -42.011 0.7142857313
121008  -25.418  16.063  -40.125 0.5714285970
118603  -27.944  14.581  -41.378 0.8571428657
112375  -24.082  9.539  -43.774 0.1428571492
114857  -26.235  11.200  -41.589 0.7142857313
111121  -24.816  8.456  -43.339 0.1428571492
107194  -23.930  5.368  -36.517 0.5714285970
108502  -26.264  6.438  -37.636 0.8571428657
109748  -25.681  7.410  -36.935 0.8571428657
108489  -25.339  6.369  -36.701 0.4285714328
109763  -26.187  7.624  -37.660 0.5714285970
113548  -26.910  10.830  -39.511 0.8571428657
112330  -25.834  9.240  -40.426 0.8571428657
114854  -26.998  11.709  -40.444 0.8571428657
109840  -24.388  8.124  -43.128 0.2857142985
113572  -25.688  10.382  -41.060 0.8571428657
113573  -26.548  11.173  -40.912 0.8571428657
117352  -27.908  13.301  -41.225 0.8571428657
111104  -26.983  8.052  -42.989 0.4285714328
113584  -23.831  9.831  -42.369 0.7142857313
113586  -25.400  10.878  -42.189 0.7142857313
105893  -23.566  4.470  -36.725 0.2857142985
107208  -25.630  5.416  -37.224 0.5714285970
107195  -24.939  5.389  -36.480 0.5714285970
108515  -26.527  6.432  -38.919 0.8571428657
111078  -26.055  8.104  -40.185 0.8571428657
112316  -26.288  9.059  -39.384 0.8571428657
109822  -24.491  7.760  -42.581 0.4285714328
111091  -24.713  8.438  -41.570 0.8571428657
113571  -24.912  9.849  -41.550 0.8571428657
109823  -25.666  7.470  -42.961 0.4285714328
99558  -24.194  -0.673  -37.623 0.7142857313
102022  -23.084  1.523  -36.689 0.4285714328
100749  -24.971  0.503  -37.815 0.8571428657
102024  -24.590  1.857  -37.124 0.5714285970
104613  -24.086  3.486  -36.645 0.5714285970
104612  -23.025  3.446  -36.641 0.4285714328
103356  -25.338  2.528  -37.740 0.8571428657
103337  -25.214  2.801  -36.917 0.5714285970
105894  -24.535  4.439  -36.493 0.5714285970
104636  -25.796  3.497  -38.203 0.7142857313
105895  -25.415  4.445  -36.731 0.5714285970
107259  -25.649  5.145  -41.694 0.7142857313
107258  -25.433  5.390  -41.303 0.7142857313
109792  -25.320  7.482  -40.861 0.7142857313
108535  -27.699  5.887  -41.049 0.2857142985
108568  -27.301  6.201  -42.476 0.4285714328
108567  -26.358  6.231  -42.586 0.5714285970
95880  -24.196  -3.179  -37.310 0.4285714328
98389  -23.907  -1.535  -37.434 0.4285714328
99542  -23.428  -0.598  -37.184 0.4285714328
100750  -25.853  0.495  -38.494 0.7142857313
103364  -25.655  2.518  -38.792 0.8571428657
104711  -26.848  3.774  -42.063 0.7142857313
107260  -27.403  5.200  -41.387 0.2857142985
105968  -27.223  4.397  -41.613 0.5714285970
105978  -26.205  4.478  -42.012 0.5714285970
95861  -23.518  -3.394  -36.890 0.4285714328
97134  -22.857  -2.457  -36.586 0.5714285970
99560  -25.564  -0.436  -38.146 0.7142857313
103382  -28.447  2.613  -39.874 0.4285714328
105946  -27.561  4.357  -40.003 0.4285714328
105961  -27.706  4.761  -40.071 0.4285714328
93286  -22.354  -5.468  -36.260 0.5714285970
95839  -29.630  -3.192  -35.888 0.4285714328
98378  -29.924  -2.065  -36.222 0.4285714328
102060  -30.096  1.593  -38.374 0.4285714328
100772  -29.054  0.566  -38.792 0.4285714328
103367  -30.043  2.568  -38.286 0.4285714328
103365  -28.937  2.386  -39.642 0.4285714328
89208  -22.873  -9.000  -32.928 0.1428571492
99561  -29.947  -0.629  -37.679 0.4285714328
99562  -30.700  -0.166  -37.686 0.4285714328
100774  -30.483  1.075  -38.233 0.4285714328
89228  -23.674  -8.094  -33.341 0.1428571492
93262  -25.218  -5.903  -34.628 0.2857142985
94537  -30.432  -3.647  -34.705 0.2857142985
98366  -32.110  -1.690  -35.270 0.2857142985
97099  -31.353  -2.708  -35.133 0.2857142985
94551  -28.498  -3.887  -35.611 0.4285714328
98364  -30.403  -1.805  -35.542 0.2857142985
99543  -32.032  -0.559  -36.561 0.2857142985
98380  -31.317  -1.154  -36.574 0.4285714328
89209  -23.921  -8.664  -32.239 0.1428571492
89226  -22.619  -9.288  -33.564 0.1428571492
91963  -24.741  -6.988  -33.335 0.2857142985
91981  -25.047  -6.407  -33.859 0.2857142985
94521  -27.346  -4.759  -33.171 0.2857142985
94523  -29.430  -4.393  -33.695 0.2857142985
94535  -28.431  -4.088  -34.541 0.2857142985
94534  -27.431  -4.388  -34.294 0.2857142985
94536  -29.566  -3.935  -34.795 0.2857142985
90658  -24.319  -7.695  -32.817 0.1428571492
93233  -26.277  -5.938  -32.479 0.2857142985
90659  -25.280  -7.296  -32.284 0.2857142985
93232  -25.856  -5.917  -33.042 0.2857142985
91964  -25.600  -6.467  -32.867 0.2857142985
90675  -23.901  -7.449  -33.959 0.2857142985
94520  -26.757  -5.020  -33.407 0.2857142985
87874  -22.571  -9.792  -31.929 0.1428571492
87895  -23.095  -9.225  -32.137 0.1428571492
82971  -19.252  -13.475  -29.699 0.2857142985
82970  -18.375  -13.788  -29.865 0.2857142985
85382  -22.065  -11.184  -31.396 0.2857142985
82969  -17.802  -13.963  -30.210 0.2857142985
81844  -17.755  -14.562  -29.437 0.1428571492
90660  -25.911  -6.716  -32.084 0.2857142985
93250  -26.837  -5.133  -33.050 0.2857142985
94524  -30.590  -4.027  -33.916 0.2857142985
95819  -30.730  -3.201  -35.058 0.2857142985
95838  -28.931  -3.563  -36.126 0.4285714328
99531  -31.848  -1.172  -35.970 0.2857142985
100735  -32.248  0.363  -36.416 0.2857142985
100733  -24.035  0.424  -37.091 0.7142857313
100752  -31.602  0.691  -37.054 0.4285714328
104615  -25.587  3.500  -37.158 0.5714285970
100783  -29.208  1.045  -39.101 0.4285714328
103381  -27.857  2.883  -40.228 0.4285714328
105947  -28.137  4.542  -39.599 0.2857142985
108552  -27.739  5.789  -41.936 0.5714285970
118576  -26.552  14.623  -38.989 0.7142857313
108551  -25.107  6.524  -41.760 0.7142857313
174087  -25.783  17.675  -41.328 0.4285714328
174086  -26.025  17.304  -41.090 0.5714285970
119863  -28.105  15.722  -41.791 0.7142857313
109824  -26.961  6.981  -42.879 0.2857142985
114858  -26.833  11.716  -41.210 0.8571428657
125668  -24.837  20.702  -45.826 0.2857142985
117384  -27.865  13.806  -43.872 0.4285714328
118626  -28.238  14.577  -44.227 0.4285714328
128785  -23.342  23.529  -44.216 0.1428571492
122190  -27.306  18.037  -46.710 0.2857142985
119896  -27.227  15.707  -46.824 0.1428571492
126823  -23.084  20.615  -48.016 0.2857142985
84160  -21.273  -12.145  -30.550 0.1428571492
86611  -22.203  -10.621  -31.672 0.1428571492
86610  -21.284  -10.754  -32.347 0.2857142985
89186  -24.426  -8.893  -31.546 0.1428571492
90642  -25.358  -7.798  -31.464 0.1428571492
91989  -24.835  -6.398  -34.513 0.2857142985
93248  -25.547  -5.998  -33.550 0.2857142985
94533  -26.645  -4.798  -34.010 0.2857142985
93252  -30.434  -4.851  -33.251 0.2857142985
93263  -26.071  -5.346  -34.809 0.2857142985
95809  -31.158  -3.612  -34.399 0.2857142985
97147  -23.693  -2.420  -37.104 0.5714285970
99541  -22.445  -0.506  -36.909 0.2857142985
100710  -32.434  -0.131  -35.074 0.2857142985
102012  -31.964  1.208  -35.890 0.2857142985
100748  -24.542  -0.129  -37.602 0.7142857313
103354  -22.245  2.580  -36.987 0.4285714328
102023  -24.142  1.620  -36.733 0.5714285970
102026  -31.662  1.153  -36.641 0.4285714328
107193  -23.092  5.426  -36.993 0.2857142985
102039  -31.331  1.208  -37.276 0.2857142985
99584  -29.688  0.067  -38.213 0.4285714328
103355  -24.938  2.252  -37.194 0.7142857313
108487  -23.207  6.200  -36.632 0.2857142985
103357  -30.634  2.551  -37.207 0.1428571492
104653  -29.562  3.556  -38.714 0.4285714328
103383  -29.105  3.274  -39.466 0.4285714328
105932  -29.159  4.409  -38.841 0.1428571492
105931  -28.800  4.882  -39.097 0.1428571492
107272  -26.942  5.179  -42.159 0.5714285970
108569  -27.903  6.425  -42.253 0.2857142985
108566  -25.444  6.496  -42.308 0.5714285970
111101  -23.470  9.005  -42.573 0.7142857313
116105  -27.409  12.387  -40.764 0.8571428657
112359  -26.317  8.730  -43.168 0.2857142985
112376  -25.551  9.352  -43.487 0.1428571492
113614  -22.902  10.347  -43.196 0.4285714328
111103  -25.862  8.392  -43.257 0.4285714328
113616  -24.450  10.515  -43.940 0.1428571492
116115  -26.724  12.468  -42.748 0.5714285970
116122  -25.027  11.902  -44.082 0.1428571492
117368  -28.020  13.727  -42.916 0.5714285970
117398  -26.976  13.488  -44.480 0.1428571492
123339  -27.493  18.535  -46.212 0.2857142985
121063  -28.218  16.653  -45.828 0.2857142985
174069  -27.234  14.178  -44.987 0.2857142985
174066  -26.458  13.490  -45.833 0.1428571492
118654  -26.346  14.194  -46.776 0.1428571492
123345  -26.161  18.442  -47.966 0.2857142985
122207  -26.020  17.299  -48.209 0.2857142985
121076  -26.397  16.442  -47.705 0.1428571492
84141  -21.867  -12.690  -29.878 0.1428571492
87896  -23.728  -9.242  -31.774 0.1428571492
95820  -31.738  -3.360  -34.648 0.2857142985
108536  -28.329  6.530  -40.581 0.2857142985
118665  -25.700  14.204  -48.123 0.1428571492
122206  -24.868  17.262  -48.608 0.2857142985
83006  -17.781  -13.430  -31.161 0.2857142985
84138  -19.352  -13.174  -30.134 0.2857142985
84140  -20.784  -12.807  -30.037 0.1428571492
85365  -21.782  -11.558  -31.051 0.1428571492
91980  -24.501  -6.804  -34.323 0.2857142985
90674  -23.473  -8.173  -34.146 0.1428571492
93271  -25.059  -6.133  -35.461 0.2857142985
98390  -24.640  -1.516  -37.880 0.5714285970
97148  -24.448  -2.407  -37.555 0.4285714328
102059  -29.346  1.747  -38.847 0.4285714328
99559  -24.827  -0.614  -38.013 0.7142857313
108533  -25.155  6.349  -40.925 0.7142857313
105929  -26.077  4.574  -38.808 0.8571428657
109793  -25.984  7.171  -40.305 0.8571428657
111059  -26.336  8.368  -38.679 0.8571428657
121029  -26.848  16.589  -40.646 0.5714285970
123325  -26.818  18.853  -43.543 0.5714285970
124498  -25.165  20.043  -44.753 0.2857142985
125659  -23.336  20.473  -44.946 0.2857142985
104679  -27.259  3.701  -41.067 0.4285714328
98396  -30.632  -1.064  -37.324 0.4285714328
105911  -25.878  4.452  -37.631 0.5714285970
113560  -26.770  10.910  -40.292 0.8571428657
125657  -22.517  21.022  -44.099 0.2857142985
102037  -25.385  1.521  -38.358 0.8571428657
126810  -21.381  22.436  -45.467 0.2857142985
128800  -21.324  23.373  -46.013 0.1428571492
128793  -22.298  23.395  -45.165 0.1428571492
126806  -21.484  22.535  -45.066 0.2857142985
126821  -21.589  22.080  -47.488 0.2857142985
127874  -21.787  22.666  -44.897 0.1428571492
126807  -21.831  21.913  -44.588 0.1428571492
126816  -22.145  21.601  -46.784 0.2857142985
124522  -25.779  19.208  -47.888 0.2857142985
126824  -23.742  20.776  -48.354 0.2857142985
125673  -25.257  20.518  -47.006 0.2857142985
128784  -22.763  23.347  -44.555 0.1428571492
125674  -25.876  20.168  -46.474 0.2857142985
124515  -27.030  19.306  -46.353 0.2857142985
125671  -23.168  20.788  -46.278 0.2857142985
122191  -27.766  17.516  -46.327 0.2857142985
119905  -26.733  15.823  -47.348 0.1428571492
119904  -26.223  15.311  -47.857 0.1428571492
122197  -26.918  17.478  -47.262 0.1428571492
174078  -28.388  17.026  -44.139 0.5714285970
174074  -28.417  16.735  -44.603 0.4285714328
123333  -27.979  18.299  -45.260 0.5714285970
116145  -24.990  12.224  -45.565 0.1428571492
116123  -25.883  12.512  -43.684 0.1428571492
119890  -28.272  16.277  -45.362 0.2857142985
174068  -26.879  14.318  -45.602 0.2857142985
174073  -28.242  15.369  -44.568 0.4285714328
119864  -28.555  15.583  -42.908 0.5714285970
116107  -26.473  12.060  -42.524 0.4285714328
113600  -25.225  11.323  -42.768 0.5714285970
114862  -26.581  11.661  -41.757 0.7142857313
116108  -27.042  12.210  -41.889 0.7142857313
113598  -23.430  10.466  -42.740 0.5714285970
111119  -23.281  9.206  -43.029 0.4285714328
109747  -24.723  7.297  -36.331 0.4285714328
108488  -24.256  6.282  -36.293 0.4285714328
111077  -25.445  8.490  -40.895 0.8571428657
112329  -25.161  9.296  -41.232 0.8571428657
109821  -23.871  8.371  -42.556 0.4285714328
113585  -24.575  10.207  -42.160 0.8571428657
109807  -24.717  7.430  -41.643 0.7142857313
100732  -22.966  0.305  -36.803 0.4285714328
100734  -24.512  1.209  -37.289 0.7142857313
102036  -24.888  1.656  -37.638 0.7142857313
103335  -23.657  2.521  -36.648 0.4285714328
103336  -24.559  2.548  -36.721 0.5714285970
104614  -25.068  3.483  -36.417 0.5714285970
104635  -22.321  3.733  -37.101 0.2857142985
107271  -25.916  5.393  -42.118 0.5714285970
104667  -28.475  3.639  -39.465 0.4285714328
107229  -28.799  5.367  -39.429 0.2857142985
97097  -30.167  -2.603  -35.200 0.2857142985
98379  -30.542  -1.621  -36.519 0.4285714328
99585  -30.360  0.498  -38.147 0.4285714328
102038  -30.850  1.684  -37.852 0.4285714328
103366  -29.267  2.591  -39.265 0.4285714328
98397  -31.323  -0.619  -37.133 0.4285714328
93249  -26.185  -5.406  -33.437 0.2857142985
95840  -30.181  -3.225  -35.476 0.2857142985
95818  -30.020  -3.505  -35.294 0.2857142985
97119  -31.688  -2.244  -35.246 0.2857142985
94552  -29.345  -3.622  -35.564 0.2857142985
99563  -31.589  0.050  -37.175 0.4285714328
94522  -28.305  -4.433  -33.528 0.2857142985
89210  -24.774  -8.026  -31.973 0.1428571492
91965  -26.080  -6.366  -32.270 0.2857142985
93234  -27.203  -5.524  -32.411 0.2857142985
81846  -19.249  -13.825  -28.974 0.1428571492
81845  -18.645  -14.005  -29.100 0.1428571492
82972  -20.333  -13.394  -29.523 0.1428571492
105948  -28.755  4.259  -39.245 0.2857142985
127866  -23.467  22.870  -43.692 0.1428571492
126798  -23.136  22.236  -43.495 0.1428571492
119819  -25.471  15.029  -38.969 0.5714285970
116095  -23.966  12.887  -38.505 0.4285714328
117333  -24.532  13.525  -38.753 0.4285714328
118570  -25.964  14.194  -38.707 0.5714285970
116096  -24.963  12.599  -38.452 0.4285714328
117334  -25.511  13.339  -38.679 0.5714285970
119820  -26.134  14.946  -38.833 0.4285714328
114832  -24.466  10.637  -36.875 0.4285714328
116086  -25.931  11.528  -38.108 0.4285714328
114843  -23.625  11.531  -37.432 0.4285714328
116085  -25.308  11.709  -38.102 0.5714285970
117335  -26.405  13.207  -38.864 0.5714285970
111044  -25.893  8.405  -37.170 0.5714285970
98332  -32.468  -1.698  -33.831 0.1428571492
99516  -32.384  -1.030  -34.613 0.1428571492
100696  -32.326  -0.207  -34.256 0.1428571492
89245  -20.661  -8.325  -35.177 0.2857142985
97048  -32.008  -2.466  -32.399 0.1428571492
97063  -32.397  -2.338  -33.177 0.1428571492
98309  -31.462  -1.588  -31.773 0.1428571492
98322  -32.324  -1.528  -33.092 0.1428571492
98308  -30.907  -1.369  -31.187 0.1428571492
89236  -20.321  -8.996  -34.814 0.2857142985
93253  -31.418  -4.708  -33.462 0.1428571492
94509  -32.665  -4.192  -32.821 0.1428571492
94525  -31.625  -4.064  -33.958 0.1428571492
97049  -32.362  -2.871  -32.853 0.1428571492
97034  -31.117  -2.529  -30.764 0.1428571492
95784  -32.459  -3.390  -32.499 0.1428571492
98255  -32.257  -1.831  -28.481 0.1428571492
98277  -30.837  -1.571  -29.825 0.1428571492
99437  -31.647  -0.755  -29.186 0.1428571492
89235  -19.383  -8.614  -34.658 0.2857142985
93235  -28.158  -5.479  -32.389 0.1428571492
93237  -30.175  -5.643  -32.775 0.1428571492
93251  -29.646  -4.984  -33.010 0.1428571492
94507  -28.263  -4.868  -32.757 0.1428571492
93222  -32.753  -4.951  -32.305 0.1428571492
93239  -32.298  -5.214  -33.061 0.1428571492
94478  -32.223  -4.635  -31.216 0.1428571492
94477  -31.281  -4.351  -30.568 0.1428571492
95760  -31.089  -3.313  -28.908 0.1428571492
95741  -32.316  -3.441  -27.955 0.1428571492
97022  -31.119  -2.684  -29.227 0.1428571492
87923  -19.857  -9.812  -34.714 0.2857142985
86661  -19.446  -10.597  -34.409 0.2857142985
93221  -27.130  -5.992  -31.845 0.1428571492
91967  -28.648  -6.087  -32.098 0.1428571492
93236  -29.111  -5.435  -32.526 0.1428571492
91952  -32.510  -5.853  -32.132 0.1428571492
93238  -31.203  -5.449  -32.853 0.1428571492
93206  -32.018  -5.455  -30.825 0.1428571492
94463  -30.807  -4.249  -29.285 0.1428571492
93194  -31.084  -5.695  -29.818 0.1428571492
98256  -33.039  -1.765  -28.321 0.1428571492
96997  -32.701  -2.590  -28.147 0.1428571492
91949  -27.832  -6.417  -31.776 0.1428571492
90644  -27.398  -7.411  -31.186 0.1428571492
91951  -29.476  -7.166  -32.021 0.1428571492
91950  -28.960  -6.844  -31.804 0.1428571492
89215  -32.182  -7.310  -32.160 0.1428571492
91968  -29.723  -6.578  -32.308 0.1428571492
90628  -32.556  -7.160  -31.185 0.1428571492
90663  -31.630  -7.011  -32.310 0.1428571492
91936  -32.467  -6.210  -31.363 0.1428571492
94444  -31.256  -4.779  -28.351 0.1428571492
95715  -31.644  -4.568  -27.991 0.1428571492
89211  -28.942  -8.698  -31.875 0.1428571492
89191  -28.912  -8.110  -31.782 0.1428571492
90645  -28.511  -7.426  -31.496 0.1428571492
90661  -29.823  -7.605  -32.238 0.1428571492
90646  -29.214  -7.619  -31.927 0.1428571492
89192  -32.111  -8.524  -31.425 0.1428571492
89214  -31.510  -8.266  -32.166 0.1428571492
89172  -32.095  -8.275  -30.672 0.1428571492
90607  -31.142  -7.720  -29.497 0.1428571492
89173  -32.368  -7.858  -31.138 0.1428571492
93179  -30.729  -5.398  -28.739 0.1428571492
91935  -31.938  -6.655  -30.555 0.1428571492
87897  -29.228  -9.335  -32.265 0.1428571492
89190  -28.355  -8.318  -31.242 0.1428571492
87899  -30.744  -9.288  -32.551 0.1428571492
87898  -29.855  -9.268  -32.760 0.1428571492
87879  -31.651  -9.348  -31.821 0.1428571492
91923  -30.706  -6.954  -29.204 0.1428571492
89153  -31.554  -8.541  -30.001 0.1428571492
89213  -30.356  -8.375  -32.458 0.1428571492
90662  -30.684  -7.380  -32.249 0.1428571492
90664  -32.243  -6.540  -32.301 0.1428571492
94508  -28.964  -4.764  -33.049 0.1428571492
95742  -33.322  -3.512  -27.823 0.1428571492
98257  -33.864  -1.699  -28.579 0.1428571492
95740  -31.511  -3.865  -28.341 0.1428571492
95772  -31.469  -3.347  -31.073 0.1428571492
95759  -30.824  -3.360  -29.592 0.1428571492
97100  -32.219  -2.709  -34.821 0.1428571492
99504  -32.288  -0.764  -33.571 0.1428571492
85435  -20.085  -11.451  -34.241 0.2857142985
91908  -30.560  -6.795  -28.469 0.1428571492
93165  -31.240  -5.644  -27.790 0.1428571492
96998  -33.623  -2.548  -28.200 0.1428571492
98279  -34.316  -1.301  -28.816 0.1428571492
113523  -24.960  9.762  -36.924 0.4285714328
99439  -33.533  -0.355  -28.807 0.1428571492
98254  -31.810  -1.672  -28.889 0.1428571492
99416  -32.458  -1.135  -28.582 0.1428571492
99457  -30.657  -0.707  -29.992 0.1428571492
100632  -32.219  0.200  -29.133 0.1428571492
100695  -31.930  0.274  -33.567 0.1428571492
100723  -32.325  0.575  -35.464 0.1428571492
119818  -24.522  15.033  -39.319 0.4285714328
122205  -24.048  16.759  -48.815 0.1428571492
119832  -26.406  15.529  -39.521 0.4285714328
123351  -25.300  18.439  -48.859 0.1428571492
98348  -32.417  -1.951  -34.529 0.1428571492
94506  -27.728  -5.107  -32.623 0.1428571492
91948  -26.658  -6.429  -31.766 0.1428571492
90643  -26.029  -7.144  -31.262 0.1428571492
103339  -31.449  1.677  -36.202 0.1428571492
95811  -32.348  -3.258  -34.139 0.1428571492
97079  -32.494  -2.555  -33.993 0.1428571492
98321  -31.930  -1.522  -32.540 0.1428571492
97035  -31.523  -2.541  -31.511 0.1428571492
95783  -32.077  -3.324  -31.779 0.1428571492
95797  -32.440  -3.254  -33.326 0.1428571492
98294  -31.154  -1.929  -31.150 0.1428571492
99503  -31.924  -0.324  -32.948 0.1428571492
100665  -30.942  -0.049  -31.949 0.1428571492
98293  -30.818  -1.630  -30.532 0.1428571492
93254  -32.002  -4.595  -33.674 0.1428571492
94526  -32.297  -4.040  -33.747 0.1428571492
97021  -30.837  -2.420  -29.932 0.1428571492
94476  -30.758  -3.844  -29.955 0.1428571492
94492  -32.784  -4.178  -31.837 0.1428571492
99436  -31.058  -1.215  -29.535 0.1428571492
91966  -27.967  -5.898  -32.173 0.1428571492
91971  -32.194  -5.915  -32.427 0.1428571492
93207  -32.621  -5.215  -31.593 0.1428571492
91970  -31.795  -6.076  -32.506 0.1428571492
91969  -30.905  -6.354  -32.436 0.1428571492
90647  -32.618  -6.841  -31.872 0.1428571492
91924  -31.292  -6.837  -29.727 0.1428571492
93178  -30.472  -6.199  -29.068 0.1428571492
89189  -27.662  -8.117  -30.953 0.1428571492
89212  -29.463  -8.434  -32.260 0.1428571492
89193  -32.305  -7.678  -31.683 0.1428571492
90608  -31.799  -7.601  -30.139 0.1428571492
89152  -30.869  -8.634  -29.296 0.1428571492
81843  -16.621  -14.567  -30.009 0.1428571492
81862  -17.278  -14.237  -30.262 0.1428571492
81860  -15.987  -14.368  -30.701 0.1428571492
81861  -16.766  -14.159  -30.729 0.1428571492
82987  -17.435  -13.793  -30.853 0.1428571492
82986  -16.885  -13.825  -31.281 0.1428571492
84176  -17.646  -13.182  -31.875 0.1428571492
85401  -17.869  -12.089  -33.055 0.1428571492
85402  -18.499  -12.169  -33.188 0.1428571492
84211  -19.551  -12.151  -33.412 0.1428571492
85400  -16.546  -11.779  -32.864 0.1428571492
85419  -17.600  -11.246  -33.270 0.1428571492
85420  -18.756  -11.613  -33.739 0.1428571492
86660  -18.807  -10.605  -33.997 0.1428571492
87913  -17.828  -9.539  -33.669 0.1428571492
87921  -18.201  -9.044  -34.084 0.1428571492
89234  -18.443  -8.478  -34.339 0.1428571492
90683  -19.489  -7.746  -34.903 0.2857142985
89244  -19.939  -8.229  -35.019 0.1428571492
90692  -20.870  -7.558  -35.614 0.1428571492
95836  -22.065  -3.794  -35.552 0.4285714328
111024  -24.162  8.272  -36.361 0.2857142985
112274  -23.789  9.281  -36.510 0.2857142985
112293  -25.580  9.264  -36.763 0.2857142985
117323  -22.220  12.803  -38.719 0.2857142985
116094  -23.325  13.163  -38.539 0.2857142985
118569  -25.025  14.195  -39.090 0.2857142985
118568  -24.017  14.417  -38.988 0.4285714328
90690  -19.282  -7.122  -35.080 0.1428571492
90691  -19.944  -7.448  -35.321 0.2857142985
83023  -17.020  -13.338  -32.057 0.1428571492
85418  -16.921  -11.011  -33.234 0.1428571492
90682  -18.810  -7.471  -34.583 0.1428571492
91994  -19.406  -6.522  -35.436 0.2857142985
91995  -20.165  -6.638  -35.629 0.2857142985
91996  -21.078  -6.605  -35.911 0.2857142985
91997  -21.801  -7.049  -36.104 0.2857142985
93285  -21.404  -5.385  -36.036 0.4285714328
95858  -20.855  -3.432  -35.864 0.2857142985
109746  -23.321  7.124  -36.169 0.2857142985
111023  -23.098  8.340  -36.542 0.2857142985
112275  -24.717  9.181  -36.523 0.2857142985
112273  -22.736  9.631  -36.594 0.2857142985
113521  -23.598  10.199  -36.441 0.2857142985
114844  -24.738  11.067  -37.400 0.2857142985
114842  -22.582  11.721  -37.425 0.2857142985
116081  -21.140  12.471  -37.811 0.2857142985
109745  -22.429  7.331  -36.790 0.2857142985
112291  -22.141  10.138  -36.749 0.2857142985
113534  -22.105  10.925  -36.847 0.2857142985
113535  -23.019  10.836  -36.754 0.2857142985
114841  -21.651  11.727  -37.417 0.2857142985
116084  -24.241  11.867  -38.267 0.2857142985
112272  -21.693  9.444  -36.867 0.2857142985
113519  -21.103  10.049  -36.950 0.2857142985
94564  -22.487  -4.507  -36.234 0.4285714328
84210  -18.939  -12.235  -33.165 0.1428571492
85434  -19.627  -11.280  -34.227 0.1428571492
83005  -17.355  -13.429  -31.645 0.1428571492
116083  -23.079  12.547  -38.178 0.2857142985
87922  -18.783  -9.617  -34.274 0.1428571492
87914  -18.428  -10.079  -33.833 0.1428571492
84196  -17.397  -12.952  -32.375 0.1428571492
86651  -18.160  -10.570  -33.554 0.1428571492
86650  -17.272  -10.405  -33.316 0.1428571492
94563  -21.700  -4.324  -35.764 0.4285714328
116082  -21.927  12.478  -38.228 0.2857142985
113533  -21.311  10.859  -37.140 0.2857142985
97133  -21.908  -2.440  -36.242 0.2857142985
98377  -23.093  -1.505  -36.964 0.2857142985
127907  -24.331  21.961  -50.240 0.1428571492
125711  -24.699  20.751  -50.875 0.1428571492
125710  -23.434  20.442  -50.494 0.1428571492
124529  -24.289  19.597  -49.634 0.1428571492
124541  -24.567  19.264  -49.917 0.1428571492
127898  -24.550  22.433  -49.771 0.1428571492
125695  -23.516  20.005  -49.842 0.1428571492
126828  -21.401  21.742  -48.547 0.1428571492
129713  -22.384  23.740  -48.233 0.1428571492
98376  -22.183  -1.489  -36.558 0.2857142985
99540  -21.507  -0.674  -36.806 0.2857142985
123362  -24.858  18.665  -49.903 0.1428571492
125724  -24.934  20.178  -51.129 0.1428571492
124521  -25.315  19.409  -48.440 0.1428571492
124539  -23.757  19.752  -50.589 0.1428571492
123373  -24.549  19.093  -50.557 0.1428571492
124513  -25.474  19.760  -47.672 0.1428571492
125684  -22.583  20.688  -48.776 0.1428571492
125687  -24.809  19.830  -48.713 0.1428571492
127904  -21.934  22.193  -50.374 0.1428571492
129717  -21.970  23.519  -48.886 0.1428571492
127890  -21.347  22.476  -49.115 0.1428571492
128812  -21.389  23.185  -47.733 0.1428571492
128806  -21.292  23.272  -46.823 0.1428571492
127884  -21.263  22.584  -48.120 0.1428571492
125686  -24.097  20.253  -48.958 0.1428571492
125685  -23.091  20.209  -49.048 0.1428571492
95860  -22.534  -3.549  -36.244 0.2857142985
126850  -23.710  20.780  -50.792 0.1428571492
128831  -23.805  22.666  -49.819 0.1428571492
124564  -23.999  20.026  -51.358 0.1428571492
125694  -22.680  20.759  -49.691 0.1428571492
125709  -22.876  20.971  -50.215 0.1428571492
128826  -24.094  23.184  -49.422 0.1428571492
126838  -22.087  21.495  -49.678 0.1428571492
123386  -24.548  19.162  -50.966 0.1428571492
111021  -21.380  8.464  -37.409 0.1428571492
111022  -22.053  8.350  -36.779 0.1428571492
114840  -20.752  11.676  -37.397 0.1428571492
116072  -17.392  12.393  -36.683 0.1428571492
116078  -18.003  12.805  -37.361 0.1428571492
117320  -18.012  13.715  -36.950 0.1428571492
116090  -19.430  13.567  -38.268 0.1428571492
117327  -19.018  13.943  -38.233 0.2857142985
102035  -22.244  1.516  -36.996 0.1428571492
108501  -22.023  6.084  -37.671 0.1428571492
108486  -22.460  6.346  -37.403 0.1428571492
109744  -21.863  7.348  -37.744 0.1428571492
109808  -27.562  7.464  -42.604 0.1428571492
112271  -20.919  9.355  -37.261 0.1428571492
117330  -21.496  13.315  -38.730 0.1428571492
117329  -20.374  13.857  -38.550 0.1428571492
118563  -19.351  14.527  -38.132 0.2857142985
119817  -23.415  15.084  -39.582 0.2857142985
122138  -21.316  17.100  -40.842 0.2857142985
122119  -20.926  17.068  -40.174 0.2857142985
122159  -21.698  18.098  -41.590 0.2857142985
126787  -22.531  21.132  -42.579 0.1428571492
125617  -22.268  20.679  -40.122 0.1428571492
118566  -21.703  14.515  -39.080 0.2857142985
119830  -24.099  15.491  -40.151 0.2857142985
121039  -24.875  16.134  -41.665 0.2857142985
119848  -23.113  15.394  -41.268 0.2857142985
121005  -21.359  16.231  -40.577 0.2857142985
122162  -24.052  17.008  -41.693 0.2857142985
121024  -22.060  16.334  -41.296 0.2857142985
120988  -20.883  16.481  -39.834 0.2857142985
122161  -23.007  17.328  -42.327 0.2857142985
124458  -21.431  19.644  -41.469 0.1428571492
122137  -21.026  17.909  -40.185 0.2857142985
126778  -22.971  21.237  -41.712 0.1428571492
120987  -20.588  16.545  -39.192 0.1428571492
120986  -20.328  16.625  -38.356 0.1428571492
118557  -18.972  14.713  -37.441 0.2857142985
123285  -21.491  18.814  -41.188 0.1428571492
123274  -21.400  18.768  -40.316 0.2857142985
124450  -21.517  19.621  -40.549 0.1428571492
124435  -21.620  19.602  -39.622 0.1428571492
118545  -17.571  14.387  -35.640 0.2857142985
123256  -21.295  18.777  -39.378 0.1428571492
125585  -22.435  20.672  -38.615 0.1428571492
124415  -21.659  19.665  -38.732 0.1428571492
117277  -15.929  14.219  -33.205 0.1428571492
111105  -27.510  8.595  -42.646 0.1428571492
108521  -28.831  6.124  -39.876 0.1428571492
107207  -22.036  5.416  -37.636 0.1428571492
109762  -21.256  7.195  -38.316 0.1428571492
111093  -27.940  8.059  -42.124 0.1428571492
111043  -21.160  7.950  -38.088 0.1428571492
112289  -20.147  9.354  -37.598 0.1428571492
113531  -19.426  10.519  -37.734 0.1428571492
113532  -20.489  10.470  -37.374 0.1428571492
114838  -18.707  11.647  -37.748 0.1428571492
116080  -20.265  12.478  -37.993 0.1428571492
117303  -17.355  13.856  -35.992 0.1428571492
116092  -20.761  13.017  -38.324 0.1428571492
118552  -18.089  14.580  -36.362 0.2857142985
118565  -20.679  14.657  -38.767 0.1428571492
119815  -20.714  15.628  -39.187 0.1428571492
119816  -21.809  15.535  -39.746 0.2857142985
120977  -20.711  15.987  -39.454 0.1428571492
119810  -20.934  15.751  -39.544 0.1428571492
123238  -21.331  19.025  -38.299 0.1428571492
122118  -20.776  17.737  -39.142 0.2857142985
125601  -22.176  20.673  -39.169 0.1428571492
108553  -28.104  6.492  -41.579 0.1428571492
109809  -28.163  7.086  -42.206 0.1428571492
109794  -28.470  7.354  -41.250 0.1428571492
121038  -24.605  16.333  -41.732 0.2857142985
125627  -21.644  20.373  -40.819 0.1428571492
122148  -21.711  17.270  -41.563 0.2857142985
125616  -21.866  20.274  -39.857 0.1428571492
119831  -25.096  15.548  -39.718 0.2857142985
105892  -22.667  4.635  -37.126 0.1428571492
105910  -22.043  4.372  -37.444 0.1428571492
121027  -25.183  16.196  -41.037 0.2857142985
109729  -22.861  6.578  -36.472 0.1428571492
107230  -29.300  5.994  -39.320 0.1428571492
121007  -24.733  15.715  -40.603 0.2857142985
117331  -22.631  13.472  -38.811 0.1428571492
118567  -22.876  14.497  -39.093 0.1428571492
112270  -20.556  9.758  -37.299 0.1428571492
112290  -20.866  8.718  -37.792 0.1428571492
111042  -20.472  8.238  -37.892 0.1428571492
114839  -19.813  11.614  -37.766 0.1428571492
116077  -17.664  13.284  -37.051 0.1428571492
116079  -19.190  12.890  -38.000 0.1428571492
108485  -22.124  6.724  -37.940 0.1428571492
116091  -19.925  13.316  -38.297 0.1428571492
108500  -21.576  6.406  -37.979 0.1428571492
118564  -19.772  14.866  -38.425 0.2857142985
119829  -23.077  15.238  -40.478 0.2857142985
122149  -22.466  16.742  -41.959 0.2857142985
122117  -20.586  17.381  -38.331 0.1428571492
122147  -21.310  17.973  -41.006 0.2857142985
125602  -22.782  20.805  -39.290 0.1428571492
121006  -24.207  15.544  -40.836 0.2857142985
121026  -24.156  15.791  -41.568 0.2857142985
119847  -22.578  15.742  -41.329 0.2857142985
121025  -22.884  15.850  -41.807 0.2857142985
122150  -23.315  16.442  -42.017 0.2857142985
126788  -23.280  21.833  -42.684 0.1428571492
118558  -19.478  15.062  -37.770 0.1428571492
125600  -21.892  20.266  -38.990 0.1428571492
93267  -18.194  -5.301  -35.012 0.1428571492
93269  -19.589  -5.869  -35.683 0.1428571492
93282  -19.286  -5.256  -35.787 0.1428571492
95817  -17.736  -3.831  -35.112 0.1428571492
95833  -18.450  -3.785  -35.451 0.1428571492
97115  -18.513  -2.844  -35.448 0.1428571492
94545  -18.944  -4.604  -35.751 0.1428571492
97129  -19.053  -2.617  -35.718 0.1428571492
94546  -19.407  -4.397  -35.664 0.1428571492
93284  -20.580  -5.495  -35.886 0.1428571492
97130  -19.583  -2.475  -35.825 0.1428571492
95857  -19.962  -3.535  -35.681 0.1428571492
94562  -20.697  -4.480  -35.839 0.1428571492
98358  -18.443  -1.867  -35.669 0.1428571492
97131  -20.284  -2.449  -35.921 0.1428571492
97132  -21.030  -2.467  -36.202 0.1428571492
98375  -21.259  -1.546  -36.515 0.1428571492
99556  -21.714  0.173  -37.041 0.1428571492
99557  -22.290  0.346  -36.984 0.1428571492
118553  -18.546  14.957  -36.750 0.1428571492
93283  -19.788  -5.348  -35.772 0.1428571492
92010  -21.246  -5.994  -36.037 0.1428571492
93260  -18.268  -5.958  -35.060 0.1428571492
94532  -17.639  -4.680  -34.782 0.1428571492
100747  -22.474  0.904  -36.894 0.1428571492
95859  -21.647  -3.300  -35.896 0.1428571492
93268  -18.822  -5.591  -35.490 0.1428571492
93270  -20.191  -5.990  -35.866 0.1428571492
94544  -18.319  -4.633  -35.307 0.1428571492
97114  -17.939  -3.090  -35.242 0.1428571492
95834  -19.197  -3.631  -35.587 0.1428571492
95856  -19.481  -3.061  -35.590 0.1428571492
95835  -19.615  -4.070  -35.623 0.1428571492
94561  -19.898  -4.622  -35.717 0.1428571492
98372  -18.947  -1.768  -36.159 0.1428571492
93259  -17.516  -5.708  -34.698 0.1428571492
82988  -18.211  -13.459  -30.663 0.2857142985
83022  -16.837  -13.168  -32.189 0.1428571492
84157  -18.455  -13.178  -30.919 0.2857142985
85421  -19.761  -11.752  -33.937 0.1428571492
85433  -19.196  -11.039  -34.081 0.1428571492
86631  -20.952  -11.058  -32.872 0.4285714328
89207  -22.619  -9.259  -33.162 0.1428571492
90627  -32.232  -7.525  -30.721 0.1428571492
92000  -26.229  -5.820  -36.442 0.7142857313
92016  -26.288  -5.994  -36.855 0.5714285970
92030  -25.200  -6.016  -37.463 0.5714285970
93164  -30.604  -6.156  -28.291 0.1428571492
93193  -30.849  -6.421  -29.454 0.1428571492
93220  -26.785  -5.909  -32.038 0.2857142985
93261  -24.917  -6.146  -35.126 0.2857142985
94425  -31.543  -5.000  -27.980 0.1428571492
94462  -30.780  -3.816  -29.621 0.1428571492
94491  -31.979  -3.982  -31.317 0.1428571492
94538  -31.948  -3.781  -34.226 0.1428571492
94539  -32.136  -3.555  -34.269 0.1428571492
94547  -21.929  -4.108  -35.480 0.4285714328
94548  -22.130  -4.184  -35.650 0.4285714328
94560  -19.432  -4.866  -35.779 0.1428571492
95716  -32.074  -4.256  -27.697 0.1428571492
95717  -32.750  -4.050  -27.576 0.1428571492
95771  -30.955  -3.322  -30.354 0.1428571492
95810  -31.660  -3.688  -34.298 0.1428571492
95821  -32.174  -3.266  -34.514 0.2857142985
95837  -22.291  -4.020  -35.870 0.4285714328
95862  -27.701  -3.500  -36.815 0.7142857313
95864  -29.088  -3.218  -36.402 0.5714285970
96996  -31.710  -2.624  -28.594 0.1428571492
97062  -32.189  -1.964  -32.795 0.1428571492
97098  -30.542  -2.704  -35.227 0.2857142985
97116  -29.905  -2.626  -35.703 0.2857142985
97117  -30.247  -3.014  -35.543 0.2857142985
97118  -31.293  -2.210  -35.215 0.2857142985
97135  -27.628  -3.065  -36.912 0.5714285970
98278  -31.345  -1.850  -29.355 0.1428571492
98345  -30.251  -2.365  -34.996 0.2857142985
98346  -30.603  -2.223  -35.073 0.2857142985
98347  -30.862  -2.185  -35.126 0.2857142985
98363  -30.018  -2.172  -35.349 0.4285714328
98365  -31.211  -1.672  -35.599 0.2857142985
99415  -32.017  -1.328  -28.743 0.1428571492
99417  -33.266  -1.021  -28.578 0.1428571492
99418  -33.860  -1.012  -28.853 0.1428571492
99474  -30.948  -0.725  -31.524 0.1428571492
99488  -32.105  -0.936  -32.835 0.1428571492
99532  -32.307  -0.691  -35.675 0.2857142985
99544  -32.402  -0.177  -36.168 0.2857142985
99590  -27.585  0.330  -39.270 0.7142857313
100724  -32.503  -0.002  -35.858 0.2857142985
100736  -32.425  0.055  -36.167 0.2857142985
100751  -31.112  0.710  -37.773 0.4285714328
100773  -29.710  0.931  -38.521 0.4285714328
100780  -27.443  0.749  -39.779 0.7142857313
100781  -28.030  0.592  -39.888 0.7142857313
100788  -28.185  0.880  -40.383 0.7142857313
102025  -31.157  1.776  -36.891 0.1428571492
102058  -28.926  2.033  -39.524 0.4285714328
102076  -26.379  1.893  -39.813 0.8571428657
102093  -28.444  1.158  -40.354 0.7142857313
103334  -22.986  2.516  -36.655 0.4285714328
103399  -26.082  2.862  -40.568 0.8571428657
103402  -28.153  1.812  -40.255 0.5714285970
103416  -27.072  3.364  -41.354 0.4285714328
104666  -27.640  3.557  -40.071 0.4285714328
104668  -29.088  3.850  -39.222 0.2857142985
104694  -26.739  3.557  -41.768 0.7142857313
104695  -27.107  3.762  -41.794 0.7142857313
104709  -26.061  3.936  -42.131 0.5714285970
104710  -26.468  3.852  -42.115 0.7142857313
105930  -26.187  5.051  -39.208 1.0000000000
105959  -25.650  4.449  -40.773 0.8571428657
105960  -27.419  4.591  -40.645 0.4285714328
105967  -25.886  4.861  -41.766 0.7142857313
105977  -25.821  4.073  -41.988 0.5714285970
105979  -26.885  4.195  -42.143 0.5714285970
107192  -22.574  5.482  -37.296 0.2857142985
107219  -28.976  5.229  -39.075 0.1428571492
107228  -26.221  5.420  -39.762 1.0000000000
107245  -27.530  5.315  -40.786 0.2857142985
107246  -28.015  5.420  -40.213 0.4285714328
107270  -25.367  5.717  -41.880 0.7142857313
108473  -22.556  6.490  -37.096 0.1428571492
108474  -22.699  6.428  -36.891 0.1428571492
108514  -26.401  5.897  -38.344 0.8571428657
109728  -22.611  6.698  -36.750 0.1428571492
109778  -26.460  7.523  -38.842 1.0000000000
109806  -24.119  8.283  -42.157 0.4285714328
109825  -27.621  6.805  -42.551 0.2857142985
109841  -24.745  7.841  -43.112 0.2857142985
111025  -25.225  8.317  -36.523 0.2857142985
111090  -23.870  8.842  -41.919 0.7142857313
111092  -27.531  7.862  -42.608 0.1428571492
111100  -23.187  9.505  -42.825 0.7142857313
111102  -23.634  8.505  -42.835 0.4285714328
111118  -23.085  9.509  -43.034 0.7142857313
111120  -23.843  8.680  -43.269 0.4285714328
112292  -22.505  10.396  -36.707 0.2857142985
112345  -23.701  9.352  -42.269 0.7142857313
112346  -24.327  9.413  -41.815 0.7142857313
112357  -23.058  9.782  -42.853 0.4285714328
112358  -23.309  9.726  -42.704 0.7142857313
112360  -26.878  9.086  -42.958 0.2857142985
112373  -22.909  9.820  -43.075 0.4285714328
112374  -23.327  9.706  -43.302 0.4285714328
113518  -20.744  9.893  -37.129 0.1428571492
113520  -21.681  10.282  -36.894 0.2857142985
113522  -24.356  10.034  -36.569 0.2857142985
113536  -24.804  10.313  -37.087 0.4285714328
113537  -25.445  10.125  -37.358 0.7142857313
113597  -22.906  10.123  -42.877 0.4285714328
114831  -23.989  10.925  -36.702 0.2857142985
114849  -26.813  11.417  -38.927 0.8571428657
114869  -25.419  11.736  -42.809 0.7142857313
116093  -21.326  12.767  -38.345 0.1428571492
116114  -25.829  12.149  -42.967 0.1428571492
116124  -26.344  12.525  -43.204 0.1428571492
116132  -25.355  12.391  -44.586 0.1428571492
117314  -17.668  13.872  -36.339 0.1428571492
117321  -18.539  13.761  -37.618 0.1428571492
117322  -21.877  12.766  -38.708 0.2857142985
117328  -19.592  14.019  -38.453 0.1428571492
117332  -23.573  13.710  -38.688 0.1428571492
117382  -26.400  12.706  -43.767 0.1428571492
118556  -18.405  14.369  -37.081 0.2857142985
118577  -27.219  14.327  -39.464 1.0000000000
118655  -26.919  15.163  -46.600 0.1428571492
119809  -20.754  15.770  -39.396 0.1428571492
119828  -22.323  15.698  -40.792 0.2857142985
119849  -23.750  15.395  -40.910 0.2857142985
120976  -20.051  16.726  -37.446 0.1428571492
120978  -20.851  16.000  -39.669 0.1428571492
121028  -26.051  16.486  -40.325 0.5714285970
121064  -28.383  16.947  -44.955 0.4285714328
121069  -27.625  16.439  -46.496 0.1428571492
121077  -27.112  16.467  -47.143 0.1428571492
121084  -23.820  16.673  -49.348 0.1428571492
121085  -24.161  16.588  -49.295 0.1428571492
121086  -24.830  16.492  -49.052 0.1428571492
121097  -23.715  16.836  -49.605 0.1428571492
122151  -25.022  16.804  -41.511 0.2857142985
122152  -25.670  16.842  -41.016 0.2857142985
122153  -26.268  16.909  -40.843 0.5714285970
122185  -28.276  17.505  -45.447 0.4285714328
122204  -23.830  16.675  -49.111 0.1428571492
122218  -23.714  16.821  -49.176 0.1428571492
123286  -25.786  18.513  -41.873 0.7142857313
123287  -26.021  18.486  -41.790 0.7142857313
123295  -22.554  18.469  -42.593 0.4285714328
123309  -26.008  18.926  -42.711 0.7142857313
123310  -26.335  18.831  -42.667 0.7142857313
123327  -28.165  17.940  -44.735 0.5714285970
123334  -28.239  17.855  -45.105 0.5714285970
123344  -25.674  18.880  -48.314 0.2857142985
123361  -24.595  19.140  -50.255 0.1428571492
123387  -24.795  19.239  -51.051 0.1428571492
124451  -25.563  18.642  -41.997 0.7142857313
124452  -25.812  18.672  -42.060 0.7142857313
124462  -25.900  18.788  -42.293 0.7142857313
124474  -25.665  19.013  -42.870 0.7142857313
124475  -26.150  18.993  -43.228 0.7142857313
124487  -26.208  19.075  -43.426 0.7142857313
124495  -22.669  20.572  -44.190 0.4285714328
124530  -24.811  19.389  -49.263 0.1428571492
124540  -24.130  19.450  -50.244 0.1428571492
124551  -23.820  19.842  -51.091 0.1428571492
124552  -24.058  19.294  -50.953 0.1428571492
124565  -24.417  19.665  -51.215 0.1428571492
125636  -21.585  20.315  -41.678 0.1428571492
125667  -23.714  20.688  -45.746 0.2857142985
125669  -25.629  20.468  -46.113 0.2857142985
125677  -22.714  20.686  -48.331 0.1428571492
125678  -22.925  20.413  -48.530 0.1428571492
125696  -23.965  19.772  -49.688 0.1428571492
125722  -23.837  20.350  -51.075 0.1428571492
125723  -24.258  20.400  -51.159 0.1428571492
125725  -25.519  20.027  -50.926 0.1428571492
126818  -23.658  21.056  -47.655 0.2857142985
126829  -22.115  21.310  -49.049 0.1428571492
126830  -23.411  20.513  -48.624 0.1428571492
126831  -23.752  20.536  -48.659 0.2857142985
126837  -21.462  21.736  -49.496 0.1428571492
126845  -21.714  21.782  -50.080 0.1428571492
126846  -22.445  21.560  -50.040 0.1428571492
126847  -23.238  21.288  -50.373 0.1428571492
126848  -24.079  21.201  -50.745 0.1428571492
126849  -24.833  21.333  -50.544 0.1428571492
126851  -23.952  20.691  -51.032 0.1428571492
127897  -21.466  22.336  -49.951 0.1428571492
128792  -21.679  23.306  -45.600 0.1428571492
128828  -21.789  22.644  -50.063 0.1428571492
128829  -22.239  22.747  -50.044 0.1428571492
129712  -21.917  23.511  -48.530 0.1428571492
174067  -26.747  13.646  -45.228 0.1428571492
174070  -27.337  14.695  -45.278 0.2857142985
174071  -27.740  14.734  -44.880 0.2857142985
174072  -28.353  16.247  -44.759 0.4285714328
174075  -28.496  15.232  -43.796 0.5714285970
174079  -27.298  17.826  -42.043 0.8571428657
174082  -26.142  17.943  -41.449 0.4285714328
174083  -26.714  17.245  -41.204 0.5714285970
174084  -26.469  17.622  -41.377 0.8571428657
174085  -26.235  17.560  -41.263 0.5714285970
174088  -25.508  17.345  -41.332 0.4285714328
