#!ascii label  , from subject 3327 vox2ras=TkReg
1222
109408  -51.743  13.873  36.586 0.0000000000
124289  -40.188  31.677  32.819 0.0000000000
120189  -47.611  26.532  34.788 0.0000000000
115517  -47.860  20.951  23.561 0.0000000000
125748  -45.009  33.119  29.862 0.0000000000
120251  -44.153  26.747  27.521 0.0000000000
120280  -44.192  26.698  24.264 0.0000000000
116324  -41.433  22.297  26.326 0.0000000000
107456  -45.806  10.787  43.118 0.0000000000
110238  -47.956  14.733  38.809 0.0000000000
128687  -35.968  38.054  36.637 0.0000000000
129204  -41.048  39.111  35.756 0.0000000000
130364  -44.304  41.153  32.918 0.0000000000
115382  -49.928  20.126  33.985 0.0000000000
119403  -41.468  25.071  33.090 0.0000000000
117044  -47.964  22.464  29.426 0.0000000000
112091  -51.739  16.806  29.639 0.0000000000
113776  -45.728  18.944  30.913 0.0000000000
114601  -40.265  18.867  32.136 0.0000000000
110262  -49.680  14.097  36.559 0.0000000000
126403  -45.403  34.440  28.177 0.0000000000
124376  -45.295  31.431  26.271 0.0000000000
123620  -43.201  30.754  25.292 0.0000000000
119477  -41.420  25.592  25.110 0.0000000000
107508  -47.592  12.090  40.748 0.0000000000
110236  -45.753  14.443  38.544 0.0000000000
128137  -32.651  37.077  37.501 0.0000000000
129212  -42.823  39.485  34.584 0.0000000000
114571  -48.114  20.332  34.702 0.0000000000
117836  -49.255  23.464  33.823 0.0000000000
123526  -38.233  30.506  34.177 0.0000000000
121985  -39.730  28.104  32.193 0.0000000000
118715  -46.851  24.442  24.581 0.0000000000
117889  -44.758  23.473  27.809 0.0000000000
116349  -49.210  21.622  26.060 0.0000000000
116291  -50.146  20.632  28.522 0.0000000000
113817  -50.835  18.929  26.123 0.0000000000
113789  -49.477  17.930  29.621 0.0000000000
114655  -47.750  19.773  27.274 0.0000000000
116270  -41.384  21.367  29.757 0.0000000000
125033  -42.672  32.423  31.331 0.0000000000
122836  -42.546  29.000  30.009 0.0000000000
123600  -44.703  30.186  28.218 0.0000000000
121164  -46.092  27.457  25.431 0.0000000000
118737  -45.684  24.038  22.642 0.0000000000
116348  -44.916  21.708  24.943 0.0000000000
117126  -42.043  22.630  23.666 0.0000000000
117115  -38.499  22.125  24.165 0.0000000000
105595  -48.793  9.726  41.717 0.0000000000
109358  -50.333  12.706  41.209 0.0000000000
111102  -50.679  14.971  38.808 0.0000000000
125002  -32.571  32.895  37.017 0.0000000000
125697  -35.955  33.583  36.169 0.0000000000
126349  -37.855  34.128  35.880 0.0000000000
126352  -40.427  35.182  34.945 0.0000000000
127590  -42.791  36.289  34.183 0.0000000000
127600  -45.314  36.720  32.190 0.0000000000
128190  -44.697  37.240  30.528 0.0000000000
129794  -43.834  40.693  31.848 0.0000000000
112861  -46.532  16.867  37.320 0.0000000000
112880  -49.037  17.661  36.872 0.0000000000
112898  -51.319  16.718  35.764 0.0000000000
119406  -44.773  25.621  33.742 0.0000000000
119439  -42.102  25.344  29.644 0.0000000000
118646  -44.501  23.915  31.570 0.0000000000
117843  -47.442  23.911  32.107 0.0000000000
117016  -49.046  22.233  31.827 0.0000000000
113757  -51.079  18.162  32.096 0.0000000000
110314  -53.067  14.576  33.182 0.0000000000
112051  -50.006  16.119  33.172 0.0000000000
112048  -46.511  16.463  33.328 0.0000000000
112063  -44.200  17.024  32.809 0.0000000000
115451  -44.384  20.650  28.396 0.0000000000
114613  -42.643  19.333  31.011 0.0000000000
112060  -41.291  17.079  32.778 0.0000000000
109397  -51.992  12.984  38.247 0.0000000000
108512  -51.101  12.676  38.057 0.0000000000
109407  -51.257  13.685  36.751 0.0000000000
125769  -44.286  33.871  27.073 0.0000000000
125089  -44.715  32.668  25.876 0.0000000000
124375  -43.288  31.876  25.938 0.0000000000
122875  -41.683  29.588  26.025 0.0000000000
118606  -48.543  24.766  34.369 0.0000000000
124287  -39.113  31.082  33.565 0.0000000000
117943  -47.836  22.981  23.311 0.0000000000
117108  -47.636  22.783  25.164 0.0000000000
117120  -49.363  22.094  24.331 0.0000000000
116330  -50.172  20.608  25.668 0.0000000000
115506  -49.477  20.340  24.804 0.0000000000
114664  -48.810  19.607  26.274 0.0000000000
115489  -47.517  20.428  25.183 0.0000000000
125733  -43.974  33.205  31.043 0.0000000000
124344  -43.451  31.245  29.724 0.0000000000
124356  -44.842  31.443  28.724 0.0000000000
122071  -44.788  28.409  24.367 0.0000000000
122877  -45.575  29.210  25.402 0.0000000000
121199  -45.383  26.875  23.812 0.0000000000
120298  -46.319  25.926  23.773 0.0000000000
119499  -44.771  25.185  23.170 0.0000000000
117941  -43.614  23.593  22.984 0.0000000000
119497  -42.967  25.295  23.739 0.0000000000
117919  -40.089  23.805  25.046 0.0000000000
109366  -48.126  13.078  40.195 0.0000000000
108482  -49.124  12.715  40.765 0.0000000000
109379  -49.119  13.654  39.938 0.0000000000
110217  -50.744  13.855  40.178 0.0000000000
110240  -49.689  15.146  39.126 0.0000000000
128139  -34.404  37.624  37.161 0.0000000000
126954  -33.724  35.465  36.239 0.0000000000
126956  -35.596  35.376  36.235 0.0000000000
125698  -36.719  33.899  36.180 0.0000000000
127560  -37.083  36.535  35.894 0.0000000000
128691  -40.032  38.633  35.918 0.0000000000
127572  -39.400  36.556  36.130 0.0000000000
127574  -41.140  36.823  35.651 0.0000000000
126988  -41.990  35.364  34.007 0.0000000000
127575  -41.879  37.074  35.164 0.0000000000
129778  -43.424  40.526  33.796 0.0000000000
128166  -44.248  38.064  33.888 0.0000000000
128710  -44.917  38.802  32.868 0.0000000000
128181  -45.411  37.422  31.301 0.0000000000
129230  -45.269  39.054  31.897 0.0000000000
128720  -44.451  38.572  31.554 0.0000000000
129795  -44.368  40.809  32.109 0.0000000000
115352  -43.691  20.651  35.515 0.0000000000
113696  -43.010  19.074  36.499 0.0000000000
114542  -44.613  19.180  36.034 0.0000000000
112859  -44.934  17.539  37.187 0.0000000000
113699  -45.770  18.444  35.921 0.0000000000
114572  -48.636  20.146  34.790 0.0000000000
113720  -48.646  18.727  35.873 0.0000000000
114557  -49.763  18.829  35.502 0.0000000000
113704  -50.190  18.016  36.608 0.0000000000
113736  -50.618  18.244  34.579 0.0000000000
119388  -41.021  25.451  34.025 0.0000000000
120184  -42.654  26.282  34.666 0.0000000000
119404  -42.643  25.080  33.440 0.0000000000
121118  -43.245  27.731  29.015 0.0000000000
121116  -41.817  27.112  30.022 0.0000000000
119452  -43.076  25.843  28.477 0.0000000000
117042  -46.353  22.633  28.640 0.0000000000
117863  -44.877  23.321  29.942 0.0000000000
117864  -45.821  23.094  30.273 0.0000000000
118647  -45.504  23.922  31.795 0.0000000000
117853  -47.118  23.401  31.312 0.0000000000
117855  -48.758  23.462  31.732 0.0000000000
117029  -48.996  22.670  30.362 0.0000000000
114648  -51.373  18.205  28.763 0.0000000000
114627  -50.674  18.828  30.244 0.0000000000
113782  -51.786  17.559  30.529 0.0000000000
112939  -51.833  16.888  32.201 0.0000000000
112078  -52.674  15.918  30.999 0.0000000000
111183  -51.643  15.154  32.944 0.0000000000
112077  -51.454  16.076  31.097 0.0000000000
113778  -47.675  18.571  30.429 0.0000000000
112949  -47.789  17.919  31.293 0.0000000000
112947  -46.302  18.155  31.643 0.0000000000
112064  -45.217  17.070  32.754 0.0000000000
113755  -45.166  18.348  31.889 0.0000000000
116346  -42.896  21.998  25.332 0.0000000000
115472  -44.507  21.452  26.358 0.0000000000
116306  -43.648  21.438  27.231 0.0000000000
115411  -40.563  20.283  31.153 0.0000000000
115426  -42.570  20.476  30.156 0.0000000000
113762  -41.280  19.079  31.716 0.0000000000
112929  -41.928  17.734  32.058 0.0000000000
112928  -40.979  17.622  32.345 0.0000000000
112042  -40.441  16.507  33.237 0.0000000000
106547  -51.648  10.491  39.792 0.0000000000
110276  -48.659  14.261  35.800 0.0000000000
125749  -45.391  33.618  29.325 0.0000000000
125072  -45.406  32.523  28.026 0.0000000000
125080  -45.325  32.410  26.780 0.0000000000
124395  -44.997  31.013  24.816 0.0000000000
122070  -43.940  28.531  24.597 0.0000000000
120278  -41.926  26.086  24.836 0.0000000000
122056  -42.322  28.626  25.410 0.0000000000
107493  -46.662  11.225  41.396 0.0000000000
107514  -46.192  11.816  39.840 0.0000000000
110237  -46.843  14.480  38.800 0.0000000000
128678  -34.784  38.561  38.415 0.0000000000
129208  -41.657  39.406  35.644 0.0000000000
130950  -42.716  42.422  33.419 0.0000000000
130961  -43.806  42.562  32.287 0.0000000000
115355  -46.505  20.140  34.893 0.0000000000
116201  -48.966  22.500  34.523 0.0000000000
116217  -49.523  21.732  33.605 0.0000000000
120212  -40.328  26.372  32.023 0.0000000000
119471  -45.486  25.670  25.751 0.0000000000
117899  -44.389  24.418  26.969 0.0000000000
117911  -45.984  23.639  25.782 0.0000000000
117083  -46.962  22.452  26.970 0.0000000000
117064  -47.763  22.155  28.291 0.0000000000
117066  -49.124  21.542  29.012 0.0000000000
116308  -49.739  20.967  27.521 0.0000000000
114666  -50.664  19.548  27.095 0.0000000000
113807  -51.183  17.817  28.234 0.0000000000
112969  -50.685  16.899  29.573 0.0000000000
113805  -49.928  18.493  27.260 0.0000000000
114646  -48.511  19.147  28.162 0.0000000000
114644  -46.727  19.770  28.375 0.0000000000
116304  -41.842  22.219  27.567 0.0000000000
121069  -46.306  27.250  34.902 0.0000000000
124301  -41.397  31.809  31.647 0.0000000000
123558  -41.151  30.497  31.323 0.0000000000
124316  -42.374  31.320  30.852 0.0000000000
122846  -43.590  29.496  29.014 0.0000000000
121126  -44.556  28.273  27.716 0.0000000000
123601  -45.233  30.501  27.704 0.0000000000
122030  -45.462  28.727  26.929 0.0000000000
120258  -45.791  26.615  25.946 0.0000000000
119479  -46.514  25.986  24.797 0.0000000000
118726  -46.868  24.426  23.268 0.0000000000
117142  -46.846  22.732  22.606 0.0000000000
115515  -46.461  21.293  23.605 0.0000000000
116388  -44.977  22.000  23.083 0.0000000000
116376  -43.582  22.068  23.597 0.0000000000
116374  -41.607  22.299  24.084 0.0000000000
118712  -41.659  24.569  24.569 0.0000000000
117938  -40.069  23.030  24.316 0.0000000000
107477  -48.083  11.047  41.933 0.0000000000
107496  -49.948  11.347  41.849 0.0000000000
106541  -51.337  11.114  41.315 0.0000000000
107509  -51.616  11.508  40.336 0.0000000000
109380  -51.781  13.245  39.274 0.0000000000
110242  -51.584  14.194  38.036 0.0000000000
124273  -33.930  31.400  36.842 0.0000000000
125695  -33.829  33.456  36.431 0.0000000000
124275  -35.506  31.389  35.858 0.0000000000
125010  -36.526  32.403  35.787 0.0000000000
125012  -38.255  32.918  35.197 0.0000000000
125017  -39.292  32.516  34.240 0.0000000000
128147  -37.374  37.461  36.066 0.0000000000
126959  -38.452  35.746  36.275 0.0000000000
126351  -39.771  34.694  35.205 0.0000000000
125711  -40.416  33.450  33.752 0.0000000000
125716  -41.482  33.441  32.750 0.0000000000
126364  -42.732  34.245  32.623 0.0000000000
126365  -43.904  34.748  32.107 0.0000000000
128161  -43.269  37.986  34.784 0.0000000000
127592  -44.190  36.614  33.283 0.0000000000
127004  -45.242  35.434  31.719 0.0000000000
127016  -45.653  35.635  30.265 0.0000000000
127640  -45.520  36.093  29.634 0.0000000000
128189  -43.692  37.102  30.312 0.0000000000
128719  -43.437  38.465  31.623 0.0000000000
130973  -43.686  42.425  31.774 0.0000000000
111994  -46.117  16.485  37.610 0.0000000000
111983  -47.239  16.176  38.140 0.0000000000
113718  -46.803  18.810  35.404 0.0000000000
112879  -48.160  17.711  37.017 0.0000000000
111985  -48.786  16.310  38.265 0.0000000000
111998  -50.243  16.811  37.961 0.0000000000
111999  -50.962  16.448  37.530 0.0000000000
111128  -51.746  15.122  36.726 0.0000000000
120202  -46.277  26.321  33.921 0.0000000000
121987  -41.145  28.638  31.155 0.0000000000
120228  -40.975  26.910  30.647 0.0000000000
119429  -41.316  25.572  31.018 0.0000000000
118670  -43.105  24.127  28.951 0.0000000000
118658  -43.175  23.911  30.134 0.0000000000
118629  -42.837  24.243  31.879 0.0000000000
118615  -44.321  24.673  33.143 0.0000000000
118617  -46.372  25.019  33.219 0.0000000000
118618  -47.335  25.046  33.275 0.0000000000
118635  -48.458  24.239  33.033 0.0000000000
117012  -49.353  22.470  32.821 0.0000000000
116227  -49.394  21.562  32.541 0.0000000000
116255  -49.701  21.362  30.295 0.0000000000
115414  -49.959  20.165  31.673 0.0000000000
114589  -50.366  19.305  33.745 0.0000000000
113747  -51.286  17.738  33.918 0.0000000000
112021  -52.286  15.712  35.010 0.0000000000
110279  -52.039  14.643  35.148 0.0000000000
110296  -51.372  14.640  34.607 0.0000000000
111160  -50.487  15.079  34.180 0.0000000000
111158  -48.379  15.470  34.468 0.0000000000
112951  -50.026  17.014  31.472 0.0000000000
112067  -48.222  16.670  32.765 0.0000000000
111157  -47.104  15.617  34.321 0.0000000000
111177  -45.076  15.628  33.838 0.0000000000
111176  -44.077  15.522  33.588 0.0000000000
115488  -46.499  20.811  24.982 0.0000000000
114653  -46.282  20.277  27.577 0.0000000000
114634  -45.518  19.839  29.313 0.0000000000
115449  -42.676  21.312  28.760 0.0000000000
114632  -43.983  20.203  29.722 0.0000000000
114623  -44.565  19.408  30.553 0.0000000000
112945  -43.624  18.177  31.981 0.0000000000
112044  -42.624  16.234  33.236 0.0000000000
109396  -51.663  13.366  37.730 0.0000000000
108513  -51.750  12.771  38.344 0.0000000000
125768  -43.294  33.840  27.223 0.0000000000
125784  -43.712  33.247  26.529 0.0000000000
125087  -43.032  32.519  26.343 0.0000000000
119394  -48.136  25.776  34.719 0.0000000000
124288  -39.589  31.624  33.454 0.0000000000
123549  -39.598  30.601  32.850 0.0000000000
123550  -39.949  30.789  32.443 0.0000000000
116381  -48.150  21.802  23.366 0.0000000000
117132  -48.925  22.321  23.972 0.0000000000
116382  -49.096  21.882  23.761 0.0000000000
116366  -49.847  21.176  24.407 0.0000000000
115518  -48.932  20.988  23.810 0.0000000000
115505  -48.317  20.454  24.352 0.0000000000
125734  -44.666  33.406  30.614 0.0000000000
125049  -44.511  32.404  30.033 0.0000000000
121181  -44.937  27.408  24.094 0.0000000000
120296  -44.640  26.236  23.770 0.0000000000
119498  -43.773  25.271  23.463 0.0000000000
120295  -43.579  25.932  24.051 0.0000000000
106517  -46.574  10.468  43.248 0.0000000000
109378  -48.350  13.523  39.773 0.0000000000
109367  -48.840  13.140  40.303 0.0000000000
110225  -48.675  14.143  39.373 0.0000000000
110226  -49.807  14.345  39.832 0.0000000000
110239  -48.952  14.916  39.012 0.0000000000
128145  -35.293  37.500  36.597 0.0000000000
127558  -35.010  36.388  36.325 0.0000000000
127559  -36.087  36.537  36.069 0.0000000000
126957  -36.707  35.546  36.256 0.0000000000
127570  -36.656  36.994  35.781 0.0000000000
129203  -40.458  39.520  36.064 0.0000000000
129748  -40.124  40.534  36.855 0.0000000000
128692  -40.726  38.391  35.903 0.0000000000
128150  -40.554  37.504  35.950 0.0000000000
128151  -41.095  37.652  35.957 0.0000000000
127581  -41.564  36.508  34.992 0.0000000000
128693  -41.416  38.462  35.734 0.0000000000
129779  -44.142  40.580  33.207 0.0000000000
129216  -43.913  39.682  33.579 0.0000000000
129217  -44.537  39.766  33.025 0.0000000000
128713  -45.249  39.037  32.273 0.0000000000
129222  -44.760  39.641  32.331 0.0000000000
129229  -44.710  39.505  31.908 0.0000000000
130376  -44.282  41.631  32.452 0.0000000000
116196  -44.523  21.573  35.384 0.0000000000
115353  -44.731  20.741  35.239 0.0000000000
114550  -44.198  20.230  35.499 0.0000000000
114551  -44.737  19.941  35.467 0.0000000000
114543  -45.149  18.841  36.005 0.0000000000
115368  -49.655  20.003  34.509 0.0000000000
114573  -49.304  19.822  34.899 0.0000000000
114574  -49.995  19.320  34.879 0.0000000000
113722  -50.282  18.433  35.894 0.0000000000
119402  -40.495  25.493  33.116 0.0000000000
119389  -42.086  25.541  34.090 0.0000000000
120245  -43.553  26.732  28.149 0.0000000000
120237  -43.287  27.082  28.680 0.0000000000
119453  -43.595  25.922  27.888 0.0000000000
117043  -47.186  22.573  28.967 0.0000000000
117026  -46.510  22.704  29.618 0.0000000000
117027  -47.358  22.738  29.823 0.0000000000
117865  -46.787  22.955  30.494 0.0000000000
117866  -47.792  23.084  30.458 0.0000000000
117867  -48.561  23.139  30.861 0.0000000000
117880  -48.378  22.841  30.070 0.0000000000
113799  -51.518  17.600  29.000 0.0000000000
113790  -51.412  18.173  29.517 0.0000000000
112963  -52.307  17.106  30.202 0.0000000000
112953  -52.458  16.654  31.073 0.0000000000
112086  -52.580  16.388  30.423 0.0000000000
111196  -52.342  15.515  31.270 0.0000000000
112085  -52.030  16.441  30.360 0.0000000000
114626  -47.023  18.938  30.339 0.0000000000
113768  -46.716  18.359  31.210 0.0000000000
113777  -46.562  18.715  30.789 0.0000000000
113756  -45.434  18.193  32.037 0.0000000000
116326  -43.681  21.681  26.401 0.0000000000
116325  -42.434  21.872  26.418 0.0000000000
114611  -40.672  19.443  31.698 0.0000000000
115412  -41.150  20.095  31.191 0.0000000000
113754  -41.350  18.050  31.949 0.0000000000
113753  -40.776  18.432  32.081 0.0000000000
112927  -40.033  17.457  32.717 0.0000000000
113752  -39.812  18.400  32.418 0.0000000000
107516  -51.501  11.462  39.473 0.0000000000
109406  -49.141  13.499  36.851 0.0000000000
126393  -45.687  34.543  28.994 0.0000000000
125759  -45.437  33.670  28.421 0.0000000000
125770  -45.124  33.563  27.350 0.0000000000
124384  -43.797  31.536  25.459 0.0000000000
125100  -44.785  32.186  25.646 0.0000000000
123621  -43.986  30.833  25.322 0.0000000000
122885  -43.788  29.450  24.817 0.0000000000
122884  -42.947  29.431  25.070 0.0000000000
122069  -43.080  28.586  24.933 0.0000000000
121144  -41.280  28.297  26.170 0.0000000000
107513  -45.271  11.660  39.981 0.0000000000
110223  -47.005  13.751  39.310 0.0000000000
130949  -42.011  42.792  33.709 0.0000000000
131585  -42.595  43.484  32.822 0.0000000000
131584  -41.862  43.703  33.233 0.0000000000
117827  -48.952  23.505  34.395 0.0000000000
116990  -48.749  22.913  34.607 0.0000000000
116998  -49.166  22.838  34.303 0.0000000000
116211  -49.173  21.924  34.465 0.0000000000
117006  -49.453  22.663  33.743 0.0000000000
123525  -37.594  30.461  34.651 0.0000000000
120220  -40.173  26.956  31.741 0.0000000000
118707  -46.299  24.564  24.993 0.0000000000
117910  -45.290  24.314  26.082 0.0000000000
117921  -46.493  24.020  25.177 0.0000000000
117109  -48.915  22.157  25.315 0.0000000000
117099  -47.781  22.410  26.211 0.0000000000
117084  -47.750  22.251  27.235 0.0000000000
117085  -48.426  21.854  27.474 0.0000000000
116307  -49.135  21.468  27.499 0.0000000000
116328  -48.940  21.513  26.789 0.0000000000
115492  -50.476  20.038  25.460 0.0000000000
115478  -50.539  20.020  26.492 0.0000000000
114675  -50.991  19.126  26.121 0.0000000000
114659  -51.253  18.655  27.776 0.0000000000
113811  -50.775  18.580  26.797 0.0000000000
113806  -50.813  17.908  27.853 0.0000000000
114663  -48.182  19.930  26.541 0.0000000000
114656  -48.763  19.157  27.427 0.0000000000
114645  -47.787  19.351  28.510 0.0000000000
125024  -41.657  32.584  31.926 0.0000000000
124315  -41.790  31.434  31.326 0.0000000000
123589  -44.209  30.500  28.845 0.0000000000
123588  -43.557  30.121  29.410 0.0000000000
122847  -44.211  29.551  28.374 0.0000000000
122016  -43.706  28.670  28.601 0.0000000000
122017  -44.333  28.789  27.967 0.0000000000
124366  -45.406  31.483  27.269 0.0000000000
124357  -45.311  31.433  28.133 0.0000000000
123612  -45.479  30.498  26.762 0.0000000000
122878  -45.803  28.631  25.227 0.0000000000
122042  -45.591  28.625  26.171 0.0000000000
121163  -45.779  27.909  25.595 0.0000000000
121146  -45.677  27.624  26.242 0.0000000000
121147  -46.067  27.191  25.875 0.0000000000
120267  -46.358  26.563  25.228 0.0000000000
119500  -45.851  25.372  23.206 0.0000000000
119501  -46.601  25.144  23.524 0.0000000000
118738  -46.593  24.010  22.808 0.0000000000
117955  -47.098  23.443  22.775 0.0000000000
117954  -46.223  23.333  22.501 0.0000000000
116389  -45.643  21.960  22.832 0.0000000000
117953  -45.127  23.240  22.565 0.0000000000
117940  -42.841  23.365  23.219 0.0000000000
117127  -43.097  22.499  23.061 0.0000000000
116375  -42.596  22.268  23.780 0.0000000000
119485  -41.912  25.555  24.637 0.0000000000
118706  -41.433  25.099  24.832 0.0000000000
117928  -39.472  23.271  24.354 0.0000000000
107494  -47.757  11.685  41.306 0.0000000000
107476  -47.205  10.913  41.962 0.0000000000
108468  -49.720  12.454  41.339 0.0000000000
106540  -50.797  10.824  41.412 0.0000000000
107497  -51.044  11.531  41.502 0.0000000000
107498  -51.563  11.537  41.155 0.0000000000
108483  -51.012  12.597  41.091 0.0000000000
110227  -50.779  14.409  39.394 0.0000000000
110218  -51.285  13.785  39.657 0.0000000000
110228  -51.427  13.919  38.922 0.0000000000
110241  -51.154  14.591  38.676 0.0000000000
124999  -32.227  32.412  37.639 0.0000000000
124270  -32.659  31.642  37.677 0.0000000000
125000  -32.742  31.861  37.364 0.0000000000
123511  -33.777  30.652  37.239 0.0000000000
125003  -33.144  32.348  36.874 0.0000000000
127548  -32.167  36.640  37.491 0.0000000000
127555  -32.327  36.191  36.782 0.0000000000
126341  -34.472  34.583  36.166 0.0000000000
125696  -34.935  33.496  36.261 0.0000000000
125004  -34.356  32.420  36.437 0.0000000000
125005  -35.512  32.450  36.038 0.0000000000
125009  -35.922  31.905  35.824 0.0000000000
125006  -36.146  32.932  35.990 0.0000000000
126344  -37.423  34.636  36.288 0.0000000000
125701  -37.281  33.474  35.877 0.0000000000
125702  -38.156  33.580  35.492 0.0000000000
125016  -38.485  32.445  34.722 0.0000000000
125703  -38.863  34.000  35.217 0.0000000000
127561  -38.009  36.554  36.192 0.0000000000
128148  -38.658  37.428  35.996 0.0000000000
126972  -40.424  35.847  35.391 0.0000000000
126971  -39.526  35.723  35.954 0.0000000000
126354  -40.002  34.121  34.684 0.0000000000
126355  -40.736  34.614  34.354 0.0000000000
125712  -41.096  33.732  33.351 0.0000000000
126358  -41.046  34.052  33.757 0.0000000000
126982  -42.323  35.879  34.290 0.0000000000
126360  -43.147  34.979  33.034 0.0000000000
126361  -43.777  35.182  32.838 0.0000000000
129209  -42.339  39.398  35.165 0.0000000000
128698  -42.183  38.533  35.405 0.0000000000
128699  -43.024  38.615  34.849 0.0000000000
128171  -44.771  37.633  33.284 0.0000000000
128170  -44.021  37.098  33.672 0.0000000000
127599  -44.719  36.684  32.697 0.0000000000
126998  -44.846  35.750  32.313 0.0000000000
126999  -45.463  36.084  31.810 0.0000000000
126370  -45.549  35.150  30.712 0.0000000000
127005  -45.491  35.772  31.125 0.0000000000
128191  -45.303  37.191  30.717 0.0000000000
127624  -45.537  36.563  30.652 0.0000000000
127623  -45.192  36.734  30.136 0.0000000000
127650  -44.757  36.095  28.876 0.0000000000
127639  -44.958  36.473  29.418 0.0000000000
127622  -44.505  36.740  29.971 0.0000000000
129228  -43.723  39.542  31.815 0.0000000000
128179  -44.098  37.771  31.057 0.0000000000
129221  -42.938  39.831  32.199 0.0000000000
129787  -43.236  40.309  32.016 0.0000000000
111992  -44.244  16.663  37.436 0.0000000000
112860  -45.929  17.124  37.249 0.0000000000
111993  -45.203  16.588  37.528 0.0000000000
111125  -46.484  15.996  38.048 0.0000000000
115356  -47.088  20.000  34.987 0.0000000000
114553  -46.635  19.456  35.121 0.0000000000
114554  -47.661  19.676  35.040 0.0000000000
113702  -48.803  18.126  36.396 0.0000000000
113701  -47.861  18.235  36.406 0.0000000000
111996  -48.334  17.018  37.797 0.0000000000
112863  -49.201  17.367  37.435 0.0000000000
111997  -49.394  16.984  38.038 0.0000000000
112882  -50.676  17.330  36.711 0.0000000000
112013  -51.210  16.564  36.835 0.0000000000
112000  -51.394  15.975  36.973 0.0000000000
112014  -51.564  15.953  36.212 0.0000000000
119391  -44.004  25.803  34.292 0.0000000000
120187  -45.847  26.769  34.401 0.0000000000
122826  -41.609  29.473  30.661 0.0000000000
122818  -41.043  29.516  31.255 0.0000000000
121995  -41.700  28.617  30.564 0.0000000000
119445  -42.003  26.175  29.374 0.0000000000
119438  -41.635  25.694  29.785 0.0000000000
118643  -41.878  24.944  30.417 0.0000000000
117888  -44.227  24.214  27.472 0.0000000000
118679  -43.685  24.903  28.008 0.0000000000
117876  -43.982  23.817  28.424 0.0000000000
118659  -44.150  23.641  30.585 0.0000000000
117862  -43.932  23.578  29.496 0.0000000000
118645  -43.507  24.026  31.213 0.0000000000
118644  -42.539  24.273  30.803 0.0000000000
118630  -43.900  24.315  32.191 0.0000000000
118648  -46.506  23.959  31.932 0.0000000000
118632  -45.921  24.423  32.567 0.0000000000
118633  -46.900  24.454  32.676 0.0000000000
118619  -48.108  24.871  33.424 0.0000000000
118634  -47.764  24.385  32.827 0.0000000000
117868  -49.154  22.948  31.236 0.0000000000
117856  -49.210  23.147  32.158 0.0000000000
116290  -49.734  21.142  28.390 0.0000000000
116272  -49.667  21.189  29.286 0.0000000000
116273  -50.075  20.450  29.608 0.0000000000
114616  -50.558  19.095  31.336 0.0000000000
115428  -50.253  19.807  30.510 0.0000000000
114602  -50.353  19.189  32.517 0.0000000000
113746  -50.688  18.316  33.289 0.0000000000
112920  -51.299  17.584  32.866 0.0000000000
112072  -53.050  15.430  32.481 0.0000000000
112033  -52.531  16.128  33.922 0.0000000000
112034  -52.985  15.280  34.142 0.0000000000
111147  -52.633  14.909  34.832 0.0000000000
110280  -52.713  14.726  34.400 0.0000000000
110297  -52.332  14.627  34.076 0.0000000000
112052  -50.832  15.519  32.611 0.0000000000
111181  -49.648  15.564  33.791 0.0000000000
111159  -49.453  15.271  34.457 0.0000000000
111180  -48.892  15.673  34.077 0.0000000000
112968  -50.288  17.460  29.164 0.0000000000
112961  -49.768  17.474  30.344 0.0000000000
112934  -46.972  17.527  32.164 0.0000000000
112935  -47.973  17.279  32.097 0.0000000000
112066  -47.178  16.798  32.709 0.0000000000
112049  -47.461  16.335  33.555 0.0000000000
111179  -46.758  16.200  33.853 0.0000000000
111156  -45.888  15.210  34.419 0.0000000000
111178  -46.102  16.029  33.941 0.0000000000
112046  -44.616  16.261  33.182 0.0000000000
112045  -43.625  16.235  33.217 0.0000000000
111175  -43.115  15.387  33.491 0.0000000000
115502  -45.910  21.390  24.085 0.0000000000
115487  -45.766  21.300  24.650 0.0000000000
115461  -44.295  21.183  27.235 0.0000000000
115462  -45.596  20.542  27.391 0.0000000000
114643  -45.983  20.059  28.130 0.0000000000
115452  -45.180  20.369  28.667 0.0000000000
117061  -41.473  21.808  28.798 0.0000000000
116271  -41.959  21.361  29.469 0.0000000000
114621  -42.594  19.936  30.539 0.0000000000
115427  -43.032  20.169  30.111 0.0000000000
114622  -43.526  19.848  30.291 0.0000000000
114614  -43.495  19.194  31.035 0.0000000000
113765  -43.538  18.674  31.527 0.0000000000
112061  -42.234  17.024  32.800 0.0000000000
112043  -41.592  16.284  33.203 0.0000000000
111174  -42.071  15.343  33.415 0.0000000000
108507  -51.673  12.350  38.903 0.0000000000
108506  -51.248  12.182  38.566 0.0000000000
108511  -49.928  12.416  38.044 0.0000000000
126417  -44.756  34.440  27.642 0.0000000000
125088  -44.096  32.465  25.840 0.0000000000
124383  -42.841  31.235  25.694 0.0000000000
122876  -42.302  29.493  25.526 0.0000000000
123619  -42.339  30.388  25.662 0.0000000000
118607  -48.692  24.090  34.694 0.0000000000
118621  -48.978  24.141  34.041 0.0000000000
123534  -38.716  30.550  33.599 0.0000000000
121977  -40.161  29.225  32.221 0.0000000000
117933  -47.453  23.448  24.294 0.0000000000
117922  -46.895  23.576  24.969 0.0000000000
117118  -47.808  22.869  24.343 0.0000000000
117119  -48.508  22.462  24.425 0.0000000000
116350  -49.745  21.311  25.292 0.0000000000
115507  -50.182  20.416  24.843 0.0000000000
114685  -50.311  19.781  25.184 0.0000000000
113810  -50.368  18.878  26.261 0.0000000000
115491  -49.343  19.895  25.300 0.0000000000
115490  -48.649  20.168  25.499 0.0000000000
115475  -47.675  20.260  26.388 0.0000000000
125034  -43.486  32.904  31.137 0.0000000000
125047  -42.973  31.751  30.709 0.0000000000
125048  -43.698  32.428  30.663 0.0000000000
124345  -44.277  31.496  29.455 0.0000000000
123590  -44.868  30.818  28.310 0.0000000000
123633  -45.109  30.277  25.074 0.0000000000
123622  -45.439  30.425  25.789 0.0000000000
122887  -45.324  29.057  24.710 0.0000000000
122072  -45.332  28.115  24.620 0.0000000000
121182  -45.696  27.403  24.263 0.0000000000
121200  -46.131  26.776  23.900 0.0000000000
120297  -45.564  26.118  23.534 0.0000000000
119507  -44.765  24.665  22.860 0.0000000000
118736  -44.602  24.063  22.743 0.0000000000
118724  -43.878  24.271  23.098 0.0000000000
118723  -43.125  24.432  23.564 0.0000000000
117931  -42.717  23.935  23.821 0.0000000000
118705  -40.841  24.637  25.125 0.0000000000
105581  -48.529  10.108  42.188 0.0000000000
108480  -47.593  12.551  40.298 0.0000000000
108466  -48.019  12.246  40.823 0.0000000000
108481  -48.416  12.647  40.578 0.0000000000
109368  -49.730  13.304  40.648 0.0000000000
109369  -50.678  13.043  40.851 0.0000000000
110216  -50.251  13.730  40.488 0.0000000000
111101  -50.234  14.971  39.246 0.0000000000
126331  -31.764  33.890  37.202 0.0000000000
128138  -33.394  37.327  37.310 0.0000000000
127556  -33.191  36.417  36.543 0.0000000000
127557  -34.093  36.314  36.360 0.0000000000
126955  -34.698  35.469  36.179 0.0000000000
126969  -35.303  34.950  36.132 0.0000000000
126343  -36.316  34.576  36.323 0.0000000000
126958  -37.634  35.693  36.254 0.0000000000
129202  -39.653  39.505  36.393 0.0000000000
128156  -39.193  37.754  35.779 0.0000000000
128696  -39.776  37.945  35.805 0.0000000000
127573  -40.228  36.832  35.933 0.0000000000
126980  -40.800  35.535  34.818 0.0000000000
126356  -41.500  35.085  34.045 0.0000000000
126973  -41.061  36.123  35.056 0.0000000000
127582  -42.359  36.629  34.668 0.0000000000
129770  -42.914  40.114  34.286 0.0000000000
128703  -43.253  39.074  34.455 0.0000000000
128705  -44.482  38.444  33.562 0.0000000000
128172  -45.286  38.209  32.741 0.0000000000
127607  -45.608  36.758  31.529 0.0000000000
128175  -45.391  37.786  32.169 0.0000000000
128180  -44.935  37.729  31.187 0.0000000000
130390  -44.076  41.606  31.802 0.0000000000
117816  -44.991  23.276  35.734 0.0000000000
116195  -43.558  21.540  35.532 0.0000000000
115351  -43.181  21.020  35.622 0.0000000000
114541  -43.751  19.693  35.936 0.0000000000
113691  -44.316  17.847  37.046 0.0000000000
113698  -44.675  18.312  36.539 0.0000000000
112876  -45.294  17.970  36.558 0.0000000000
112877  -45.927  17.701  36.599 0.0000000000
114555  -48.589  19.407  35.312 0.0000000000
114556  -49.339  19.172  35.461 0.0000000000
113721  -49.452  18.608  35.966 0.0000000000
112881  -49.833  17.705  36.992 0.0000000000
112897  -50.881  17.606  35.451 0.0000000000
119390  -43.118  25.658  34.214 0.0000000000
119405  -43.693  25.234  33.631 0.0000000000
122005  -43.100  28.584  29.336 0.0000000000
121109  -42.204  28.098  30.029 0.0000000000
121117  -42.383  27.638  29.692 0.0000000000
120236  -42.598  26.765  29.203 0.0000000000
119446  -42.390  25.738  29.155 0.0000000000
117890  -45.529  22.942  28.244 0.0000000000
117877  -44.745  23.288  28.893 0.0000000000
117878  -45.595  22.869  29.307 0.0000000000
117851  -45.137  23.512  30.930 0.0000000000
117852  -46.135  23.465  31.144 0.0000000000
117844  -48.266  23.894  32.286 0.0000000000
117854  -48.020  23.509  31.449 0.0000000000
117030  -49.344  22.158  30.805 0.0000000000
114647  -51.010  19.010  28.507 0.0000000000
115442  -50.523  19.401  29.418 0.0000000000
114637  -51.065  18.532  29.347 0.0000000000
113771  -51.669  17.525  31.469 0.0000000000
112938  -51.461  17.593  32.300 0.0000000000
112071  -52.645  15.816  31.881 0.0000000000
111191  -53.157  15.225  32.058 0.0000000000
111184  -52.645  14.764  32.719 0.0000000000
111189  -52.014  15.242  32.232 0.0000000000
112070  -51.329  15.519  31.934 0.0000000000
112069  -50.391  16.273  32.079 0.0000000000
113779  -48.723  18.250  30.207 0.0000000000
112960  -48.785  17.988  30.742 0.0000000000
112959  -48.229  18.210  30.690 0.0000000000
112948  -46.814  18.038  31.642 0.0000000000
112065  -46.209  16.967  32.691 0.0000000000
112933  -45.948  17.843  32.167 0.0000000000
116347  -43.971  22.045  25.162 0.0000000000
116327  -44.520  21.651  25.765 0.0000000000
115460  -43.602  21.380  27.646 0.0000000000
116254  -41.066  21.143  30.245 0.0000000000
115437  -41.887  21.243  29.864 0.0000000000
115425  -41.560  20.718  30.465 0.0000000000
114612  -41.758  19.726  31.181 0.0000000000
112943  -42.299  18.273  31.684 0.0000000000
113763  -41.836  18.633  31.617 0.0000000000
112059  -40.665  17.174  32.774 0.0000000000
112919  -39.724  16.840  33.227 0.0000000000
105601  -51.517  9.614  39.867 0.0000000000
125735  -45.244  33.735  30.130 0.0000000000
125061  -45.112  32.432  29.120 0.0000000000
125062  -45.416  33.078  28.715 0.0000000000
125786  -45.154  32.852  26.220 0.0000000000
125101  -45.002  32.114  25.698 0.0000000000
124396  -45.230  30.960  24.935 0.0000000000
122886  -44.658  29.395  24.676 0.0000000000
121180  -44.033  27.514  24.493 0.0000000000
120279  -42.842  26.442  24.579 0.0000000000
121179  -43.146  27.655  24.797 0.0000000000
120265  -42.552  27.109  25.021 0.0000000000
120264  -41.704  26.660  25.221 0.0000000000
122055  -41.681  28.772  25.846 0.0000000000
121161  -41.466  27.748  25.806 0.0000000000
107475  -46.318  10.897  42.410 0.0000000000
107492  -45.679  11.193  41.658 0.0000000000
107507  -46.969  11.830  40.469 0.0000000000
108493  -45.518  12.277  39.284 0.0000000000
107515  -46.688  12.060  39.849 0.0000000000
108479  -47.008  12.307  39.897 0.0000000000
109377  -47.536  13.272  39.719 0.0000000000
110224  -47.705  14.011  39.336 0.0000000000
128134  -33.157  37.601  38.060 0.0000000000
128682  -34.002  37.780  37.580 0.0000000000
128683  -34.525  38.116  37.636 0.0000000000
128684  -35.529  38.403  37.406 0.0000000000
130351  -42.290  41.305  34.298 0.0000000000
130362  -42.910  41.405  33.824 0.0000000000
130363  -43.802  41.577  33.230 0.0000000000
130375  -44.028  42.101  32.760 0.0000000000
130960  -43.268  42.877  32.730 0.0000000000
116210  -48.213  21.610  34.606 0.0000000000
115366  -48.532  20.892  34.516 0.0000000000
115367  -49.363  20.721  34.315 0.0000000000
119418  -40.207  25.973  32.529 0.0000000000
119419  -40.723  25.626  32.015 0.0000000000
119470  -44.817  25.929  26.424 0.0000000000
119461  -44.252  25.906  27.176 0.0000000000
118698  -44.837  24.937  26.305 0.0000000000
117900  -44.849  23.986  26.728 0.0000000000
117901  -45.510  22.885  26.986 0.0000000000
117912  -46.668  23.276  25.561 0.0000000000
117097  -46.133  22.952  26.438 0.0000000000
117062  -46.269  22.636  27.612 0.0000000000
117063  -47.084  22.586  27.956 0.0000000000
117065  -48.585  21.829  28.523 0.0000000000
116289  -49.337  21.500  28.180 0.0000000000
116309  -50.100  20.696  27.860 0.0000000000
116329  -49.658  20.957  26.504 0.0000000000
115465  -50.122  20.395  27.289 0.0000000000
115466  -50.444  20.077  27.612 0.0000000000
114658  -50.941  19.374  27.664 0.0000000000
112977  -51.369  17.162  28.919 0.0000000000
112090  -51.234  16.797  29.237 0.0000000000
112976  -50.941  17.123  28.591 0.0000000000
112975  -50.567  17.487  28.594 0.0000000000
113797  -50.035  18.029  28.533 0.0000000000
114657  -49.363  18.805  27.130 0.0000000000
113796  -49.014  18.780  28.211 0.0000000000
113788  -48.903  18.511  29.379 0.0000000000
113787  -48.145  18.864  29.104 0.0000000000
114636  -47.341  19.197  29.752 0.0000000000
114635  -46.626  19.567  29.467 0.0000000000
116303  -41.025  22.418  27.118 0.0000000000
117080  -40.936  22.399  28.093 0.0000000000
116285  -40.822  21.863  29.241 0.0000000000
116269  -40.466  21.482  29.796 0.0000000000
115424  -40.480  20.953  30.488 0.0000000000
114610  -39.784  19.800  31.654 0.0000000000
124300  -40.756  31.621  32.089 0.0000000000
123557  -40.453  30.648  31.778 0.0000000000
124314  -41.090  31.209  31.611 0.0000000000
123559  -41.791  30.777  30.908 0.0000000000
123567  -42.215  30.396  30.472 0.0000000000
124343  -42.916  31.081  29.880 0.0000000000
123578  -43.146  30.417  29.866 0.0000000000
122837  -43.018  29.423  29.772 0.0000000000
121125  -44.032  27.767  28.208 0.0000000000
121134  -44.125  27.262  27.760 0.0000000000
125071  -45.251  31.948  28.522 0.0000000000
122867  -45.574  29.525  26.364 0.0000000000
122856  -45.395  29.587  27.234 0.0000000000
122855  -44.813  29.575  27.808 0.0000000000
122029  -44.928  28.787  27.471 0.0000000000
121135  -44.883  27.744  27.265 0.0000000000
120252  -44.704  26.828  27.000 0.0000000000
119478  -46.202  25.532  25.120 0.0000000000
119487  -46.378  25.094  24.712 0.0000000000
120282  -46.425  26.337  24.418 0.0000000000
119488  -46.689  25.331  24.364 0.0000000000
119489  -47.061  24.705  24.229 0.0000000000
117956  -47.645  23.474  23.086 0.0000000000
117143  -47.605  22.945  22.864 0.0000000000
116380  -47.254  21.548  23.121 0.0000000000
116379  -46.348  21.523  23.189 0.0000000000
116378  -45.479  21.730  23.354 0.0000000000
116377  -44.579  21.920  23.482 0.0000000000
117139  -43.766  22.619  22.908 0.0000000000
117128  -44.030  22.307  23.185 0.0000000000
116363  -44.223  21.757  24.191 0.0000000000
116362  -43.239  22.081  24.357 0.0000000000
116361  -42.224  22.190  24.499 0.0000000000
116345  -41.858  22.180  25.368 0.0000000000
119486  -42.442  25.385  24.234 0.0000000000
118713  -42.524  24.539  24.041 0.0000000000
117930  -42.096  23.706  24.166 0.0000000000
117920  -40.692  24.022  24.852 0.0000000000
117929  -40.799  23.652  24.433 0.0000000000
117939  -41.384  23.076  23.825 0.0000000000
106529  -46.984  10.656  42.640 0.0000000000
106530  -47.588  10.601  42.426 0.0000000000
106531  -48.272  10.460  42.282 0.0000000000
107495  -48.865  11.651  41.663 0.0000000000
107478  -48.868  11.007  42.006 0.0000000000
106532  -49.039  10.507  41.921 0.0000000000
106544  -50.559  10.187  40.764 0.0000000000
105599  -51.029  9.613  40.312 0.0000000000
106545  -51.424  10.595  40.708 0.0000000000
108496  -51.654  12.510  39.612 0.0000000000
109370  -51.439  13.254  40.210 0.0000000000
108497  -52.036  12.910  39.084 0.0000000000
109381  -52.136  13.062  38.847 0.0000000000
109390  -51.792  13.296  38.518 0.0000000000
110253  -51.764  14.231  37.072 0.0000000000
125694  -32.822  33.476  36.684 0.0000000000
126953  -32.728  35.413  36.488 0.0000000000
126340  -33.278  34.468  36.419 0.0000000000
124274  -34.823  31.419  36.362 0.0000000000
123518  -35.749  30.727  35.749 0.0000000000
124278  -36.113  31.379  35.594 0.0000000000
124279  -36.879  31.400  35.426 0.0000000000
124280  -37.490  31.355  34.958 0.0000000000
125700  -36.546  33.253  36.041 0.0000000000
125011  -37.643  32.431  35.325 0.0000000000
125015  -37.898  31.922  34.850 0.0000000000
124284  -39.384  32.042  33.885 0.0000000000
125020  -39.763  32.554  33.776 0.0000000000
128146  -36.457  37.500  36.132 0.0000000000
127571  -36.964  37.132  35.772 0.0000000000
126345  -38.056  35.190  36.339 0.0000000000
126960  -39.062  35.998  36.289 0.0000000000
126970  -38.921  35.545  36.153 0.0000000000
126350  -38.578  34.785  35.913 0.0000000000
125706  -39.360  33.494  34.708 0.0000000000
125710  -39.784  33.144  34.176 0.0000000000
125021  -40.238  32.505  33.245 0.0000000000
125715  -40.750  33.173  33.091 0.0000000000
125717  -42.309  33.465  32.250 0.0000000000
126359  -41.852  34.510  33.440 0.0000000000
126363  -42.068  33.949  32.735 0.0000000000
125721  -42.759  33.295  31.731 0.0000000000
125718  -43.095  33.817  32.106 0.0000000000
125723  -44.366  33.747  31.242 0.0000000000
128160  -42.684  37.638  35.008 0.0000000000
127583  -43.059  36.820  34.351 0.0000000000
128700  -43.459  38.196  34.569 0.0000000000
128165  -43.622  37.565  34.277 0.0000000000
126990  -43.732  35.731  33.251 0.0000000000
126997  -44.174  35.445  32.737 0.0000000000
126366  -44.857  35.083  31.911 0.0000000000
126379  -45.251  34.032  30.590 0.0000000000
126380  -45.523  34.590  30.102 0.0000000000
127034  -45.694  35.306  29.502 0.0000000000
127049  -45.359  35.428  28.668 0.0000000000
127059  -44.663  35.110  28.036 0.0000000000
127058  -44.074  35.270  28.163 0.0000000000
130974  -44.189  41.957  31.826 0.0000000000
111108  -45.360  15.101  38.316 0.0000000000
111124  -45.531  15.747  37.837 0.0000000000
111109  -46.173  15.220  38.306 0.0000000000
111110  -47.208  15.557  38.331 0.0000000000
113717  -46.175  18.946  35.352 0.0000000000
113700  -46.847  18.246  36.174 0.0000000000
113719  -47.749  18.788  35.638 0.0000000000
112878  -47.015  17.378  36.879 0.0000000000
112011  -47.771  17.182  37.307 0.0000000000
111984  -47.791  16.292  38.253 0.0000000000
111111  -48.315  15.558  38.504 0.0000000000
111112  -49.261  15.578  38.541 0.0000000000
111986  -49.708  16.214  38.212 0.0000000000
111987  -50.438  16.075  38.049 0.0000000000
112864  -50.025  17.334  37.537 0.0000000000
111114  -51.105  15.347  38.121 0.0000000000
111127  -51.382  15.581  37.384 0.0000000000
111115  -51.633  14.903  37.488 0.0000000000
121068  -45.474  27.242  34.918 0.0000000000
119392  -46.963  26.161  34.155 0.0000000000
121986  -40.385  28.634  31.887 0.0000000000
121108  -41.684  27.637  30.397 0.0000000000
121107  -40.948  27.387  30.871 0.0000000000
121100  -40.623  27.686  31.395 0.0000000000
120221  -40.596  26.622  31.304 0.0000000000
119428  -40.884  26.006  31.314 0.0000000000
119420  -41.498  25.048  32.029 0.0000000000
118669  -42.791  25.031  28.625 0.0000000000
118657  -42.429  24.759  29.699 0.0000000000
118628  -41.913  24.615  31.447 0.0000000000
118613  -42.249  24.708  32.487 0.0000000000
118614  -43.267  24.607  32.858 0.0000000000
118631  -44.911  24.296  32.468 0.0000000000
118616  -45.355  24.903  33.172 0.0000000000
119407  -45.851  25.709  33.553 0.0000000000
119408  -46.857  25.773  33.788 0.0000000000
119409  -47.805  25.550  33.847 0.0000000000
119410  -48.352  25.200  33.956 0.0000000000
118620  -48.609  24.561  33.683 0.0000000000
118636  -49.031  24.008  33.333 0.0000000000
117845  -48.929  23.785  32.550 0.0000000000
117846  -49.236  23.302  33.060 0.0000000000
115381  -49.560  20.831  33.264 0.0000000000
117045  -48.719  22.238  29.571 0.0000000000
117046  -49.353  21.981  29.859 0.0000000000
116256  -49.962  20.716  30.825 0.0000000000
116238  -49.575  21.319  31.445 0.0000000000
115397  -49.674  20.807  32.252 0.0000000000
115398  -50.016  20.123  32.934 0.0000000000
113737  -51.104  17.699  34.510 0.0000000000
112911  -51.491  17.003  34.620 0.0000000000
112921  -51.820  16.898  33.402 0.0000000000
111138  -52.055  15.030  35.657 0.0000000000
110264  -51.906  14.400  36.165 0.0000000000
109421  -51.760  14.106  35.920 0.0000000000
110278  -51.191  14.209  35.513 0.0000000000
111161  -51.466  14.867  33.755 0.0000000000
110295  -50.292  14.737  34.941 0.0000000000
110277  -49.993  14.472  35.770 0.0000000000
110294  -49.099  14.871  35.092 0.0000000000
110293  -47.865  14.782  34.996 0.0000000000
112962  -50.659  16.736  30.578 0.0000000000
112952  -50.683  16.539  31.121 0.0000000000
112937  -49.689  16.831  32.156 0.0000000000
112950  -48.901  17.592  31.413 0.0000000000
112936  -49.020  17.136  32.184 0.0000000000
112068  -49.333  16.626  32.715 0.0000000000
112031  -47.985  15.903  34.003 0.0000000000
110292  -46.646  14.708  35.055 0.0000000000
112047  -45.591  16.395  33.275 0.0000000000
110312  -44.434  15.018  34.058 0.0000000000
115504  -47.250  20.623  24.163 0.0000000000
115474  -46.571  20.556  26.139 0.0000000000
115473  -45.370  21.168  25.937 0.0000000000
115463  -46.744  20.415  27.082 0.0000000000
114624  -45.684  19.385  30.261 0.0000000000
116305  -42.981  21.685  27.639 0.0000000000
115438  -42.463  21.065  29.441 0.0000000000
115439  -43.461  20.471  29.464 0.0000000000
115440  -44.410  20.325  29.226 0.0000000000
114633  -44.479  19.949  29.727 0.0000000000
113775  -45.150  19.112  30.832 0.0000000000
113766  -44.649  18.627  31.499 0.0000000000
112946  -44.202  18.137  32.094 0.0000000000
112931  -43.808  17.646  32.405 0.0000000000
112944  -42.806  18.195  31.829 0.0000000000
112930  -42.904  17.672  32.381 0.0000000000
112062  -43.213  16.980  32.836 0.0000000000
108467  -48.680  12.226  41.097 0.0000000000
108469  -50.759  12.297  41.376 0.0000000000
108470  -51.337  11.982  41.362 0.0000000000
108484  -51.448  12.405  40.894 0.0000000000
108494  -46.465  12.551  39.369 0.0000000000
108495  -47.121  12.760  39.702 0.0000000000
108508  -52.045  12.809  38.886 0.0000000000
108514  -51.953  12.856  38.593 0.0000000000
109357  -50.122  12.925  41.084 0.0000000000
109391  -52.040  13.022  38.470 0.0000000000
109420  -51.441  13.853  36.148 0.0000000000
110250  -44.847  15.266  37.968 0.0000000000
110298  -52.959  14.574  33.801 0.0000000000
110313  -52.759  14.577  33.409 0.0000000000
111113  -50.171  15.518  38.594 0.0000000000
111126  -46.978  16.114  38.096 0.0000000000
111148  -53.040  14.785  34.250 0.0000000000
111162  -52.228  14.763  33.377 0.0000000000
111163  -53.215  14.812  33.537 0.0000000000
111182  -50.651  15.365  33.408 0.0000000000
111185  -53.175  14.923  32.638 0.0000000000
111190  -52.673  15.308  31.888 0.0000000000
111195  -52.039  15.485  31.632 0.0000000000
111995  -47.134  16.567  37.651 0.0000000000
112012  -48.201  17.340  37.361 0.0000000000
112022  -52.910  15.095  34.614 0.0000000000
112032  -48.448  15.794  34.018 0.0000000000
112050  -48.721  16.167  33.572 0.0000000000
112053  -51.449  15.324  32.408 0.0000000000
112054  -52.527  16.074  32.839 0.0000000000
112055  -52.985  15.403  33.256 0.0000000000
112076  -50.600  16.414  31.409 0.0000000000
112079  -53.042  16.098  30.581 0.0000000000
112084  -51.323  16.617  30.046 0.0000000000
112092  -52.104  16.666  29.970 0.0000000000
112096  -51.223  16.935  28.934 0.0000000000
112097  -51.421  16.919  29.131 0.0000000000
112862  -48.571  17.419  37.305 0.0000000000
112865  -50.502  17.040  37.480 0.0000000000
112883  -51.188  16.688  36.425 0.0000000000
112910  -50.966  17.638  34.815 0.0000000000
112932  -44.820  17.950  32.320 0.0000000000
112954  -53.139  16.180  31.011 0.0000000000
112964  -52.728  16.479  30.588 0.0000000000
112970  -51.843  17.184  29.587 0.0000000000
112971  -52.301  16.772  30.081 0.0000000000
112981  -50.995  17.468  28.252 0.0000000000
112982  -51.119  17.345  28.450 0.0000000000
113703  -49.653  18.170  36.513 0.0000000000
113758  -51.540  17.582  32.018 0.0000000000
113764  -42.744  18.712  31.450 0.0000000000
113767  -45.797  18.379  31.508 0.0000000000
113769  -47.238  18.248  31.169 0.0000000000
113770  -51.192  18.255  30.950 0.0000000000
113780  -49.186  17.933  30.229 0.0000000000
113781  -51.304  18.189  30.012 0.0000000000
113791  -51.622  17.733  29.587 0.0000000000
113795  -48.377  19.072  28.500 0.0000000000
113798  -50.705  17.566  28.344 0.0000000000
113804  -49.268  18.791  27.462 0.0000000000
113812  -50.983  18.479  27.250 0.0000000000
113816  -50.527  19.113  25.868 0.0000000000
113818  -50.930  18.820  26.499 0.0000000000
114615  -44.052  19.045  31.223 0.0000000000
114620  -42.142  20.252  30.634 0.0000000000
114625  -46.519  19.211  30.315 0.0000000000
114638  -51.447  18.166  29.269 0.0000000000
114654  -46.794  20.080  27.614 0.0000000000
114665  -49.531  18.985  26.572 0.0000000000
114667  -50.986  19.103  26.785 0.0000000000
114672  -49.218  19.761  25.593 0.0000000000
114673  -49.884  19.444  25.514 0.0000000000
114674  -50.593  19.371  25.780 0.0000000000
114684  -50.064  19.865  24.880 0.0000000000
115364  -46.566  20.901  34.611 0.0000000000
115365  -47.504  20.634  34.618 0.0000000000
115413  -49.777  20.800  31.682 0.0000000000
115441  -44.924  20.187  29.271 0.0000000000
115453  -50.513  19.834  28.511 0.0000000000
115464  -47.281  20.208  27.131 0.0000000000
115476  -48.370  20.036  26.177 0.0000000000
115477  -49.928  20.476  26.943 0.0000000000
115479  -50.923  19.365  26.235 0.0000000000
115493  -50.808  19.516  25.949 0.0000000000
115503  -46.426  21.105  24.069 0.0000000000
115516  -46.950  21.118  23.564 0.0000000000
116200  -48.585  22.335  34.659 0.0000000000
116239  -49.850  20.792  31.402 0.0000000000
116253  -40.838  21.268  30.082 0.0000000000
116286  -41.221  21.660  29.179 0.0000000000
116287  -42.047  21.613  28.756 0.0000000000
116351  -50.237  20.753  24.924 0.0000000000
116364  -45.287  21.614  24.024 0.0000000000
116365  -46.010  21.447  23.696 0.0000000000
116367  -50.141  20.791  24.635 0.0000000000
116371  -38.885  21.870  24.051 0.0000000000
116390  -46.585  22.004  22.707 0.0000000000
116391  -47.473  22.235  22.838 0.0000000000
116392  -47.987  22.545  23.063 0.0000000000
117028  -47.821  22.856  29.891 0.0000000000
117060  -41.077  22.007  28.810 0.0000000000
117081  -41.524  22.098  28.449 0.0000000000
117082  -46.293  22.643  26.810 0.0000000000
117098  -46.798  22.857  26.058 0.0000000000
117100  -48.491  21.943  26.492 0.0000000000
117107  -46.952  23.053  25.390 0.0000000000
117110  -49.544  21.707  24.733 0.0000000000
117129  -44.555  22.147  23.131 0.0000000000
117130  -47.740  23.002  23.943 0.0000000000
117131  -48.127  22.555  23.672 0.0000000000
117138  -43.438  22.730  22.799 0.0000000000
117140  -44.698  22.454  22.815 0.0000000000
117141  -45.846  22.545  22.517 0.0000000000
117144  -47.905  22.988  23.129 0.0000000000
117879  -48.065  22.920  29.929 0.0000000000
117923  -47.437  23.157  24.689 0.0000000000
117932  -47.108  23.910  24.471 0.0000000000
117936  -38.742  22.363  23.981 0.0000000000
117942  -47.632  23.333  23.562 0.0000000000
117951  -43.218  22.874  22.777 0.0000000000
117952  -43.853  23.155  22.748 0.0000000000
117957  -47.786  23.202  23.183 0.0000000000
118656  -42.010  25.196  29.908 0.0000000000
118678  -43.253  25.406  28.245 0.0000000000
118688  -44.144  24.952  26.907 0.0000000000
118689  -44.515  24.562  26.733 0.0000000000
118697  -44.520  25.347  26.604 0.0000000000
118699  -45.576  24.757  25.546 0.0000000000
118708  -46.653  24.174  24.921 0.0000000000
118711  -41.008  24.204  24.717 0.0000000000
118714  -46.575  24.878  24.645 0.0000000000
118716  -47.255  24.111  24.059 0.0000000000
118725  -44.476  24.572  22.911 0.0000000000
118727  -47.300  24.001  23.453 0.0000000000
118735  -43.967  23.747  22.894 0.0000000000
118739  -47.184  23.927  23.025 0.0000000000
119393  -47.410  26.084  34.282 0.0000000000
119462  -44.692  26.390  26.760 0.0000000000
119469  -44.407  25.540  26.782 0.0000000000
119502  -47.098  24.699  23.816 0.0000000000
119508  -45.311  24.719  22.837 0.0000000000
119509  -46.214  24.695  22.945 0.0000000000
120188  -46.809  26.576  34.434 0.0000000000
120203  -46.730  26.226  34.061 0.0000000000
120222  -40.979  26.310  30.895 0.0000000000
120229  -41.314  26.539  30.254 0.0000000000
120235  -41.873  26.642  29.667 0.0000000000
120244  -42.978  26.430  28.747 0.0000000000
120257  -45.201  26.764  26.585 0.0000000000
120259  -46.222  26.981  25.680 0.0000000000
120266  -45.985  26.113  25.512 0.0000000000
120281  -44.745  26.818  24.008 0.0000000000
120294  -42.904  25.801  24.063 0.0000000000
121099  -39.927  27.577  31.940 0.0000000000
121101  -41.309  27.966  30.969 0.0000000000
121136  -45.448  28.182  26.665 0.0000000000
121145  -45.172  27.245  26.810 0.0000000000
121162  -42.429  27.711  25.285 0.0000000000
121183  -46.253  27.156  24.616 0.0000000000
121198  -44.973  26.879  23.870 0.0000000000
121996  -42.196  28.556  30.194 0.0000000000
122004  -42.556  28.560  29.819 0.0000000000
122057  -45.717  28.385  25.599 0.0000000000
122058  -45.759  28.147  25.247 0.0000000000
122073  -45.794  27.816  24.865 0.0000000000
122827  -42.401  29.426  30.278 0.0000000000
122828  -42.935  29.829  30.158 0.0000000000
122888  -45.724  28.562  24.960 0.0000000000
123535  -39.303  30.649  33.216 0.0000000000
123536  -39.810  31.017  33.038 0.0000000000
123566  -41.503  30.151  30.826 0.0000000000
123568  -42.770  30.129  30.274 0.0000000000
123577  -42.717  30.673  30.116 0.0000000000
123579  -43.686  30.783  29.413 0.0000000000
123630  -42.829  30.087  25.219 0.0000000000
123631  -43.546  30.178  25.090 0.0000000000
123632  -44.470  30.383  25.012 0.0000000000
124282  -38.071  31.383  34.529 0.0000000000
124283  -38.860  31.518  34.018 0.0000000000
124329  -42.654  31.179  30.264 0.0000000000
124330  -43.270  31.557  30.239 0.0000000000
124331  -43.905  31.769  30.107 0.0000000000
124385  -44.594  31.364  25.246 0.0000000000
124386  -45.090  31.375  25.364 0.0000000000
125023  -40.808  32.522  32.621 0.0000000000
125025  -42.322  32.976  31.764 0.0000000000
125032  -41.849  32.093  31.487 0.0000000000
125090  -45.153  32.196  25.952 0.0000000000
125099  -44.370  31.955  25.429 0.0000000000
125689  -31.659  33.401  37.525 0.0000000000
125693  -32.171  33.399  37.098 0.0000000000
125705  -38.643  33.274  35.097 0.0000000000
125707  -40.086  33.739  34.370 0.0000000000
125722  -43.561  33.554  31.510 0.0000000000
125785  -44.680  33.091  26.320 0.0000000000
125799  -44.966  32.751  25.875 0.0000000000
125800  -45.036  32.506  25.825 0.0000000000
126339  -32.162  34.412  36.840 0.0000000000
126342  -35.391  34.480  36.212 0.0000000000
126347  -34.841  35.009  36.007 0.0000000000
126348  -35.037  34.835  36.054 0.0000000000
126368  -44.239  34.166  31.529 0.0000000000
126369  -45.076  34.545  31.269 0.0000000000
126416  -43.835  34.694  27.700 0.0000000000
126418  -45.189  34.358  27.768 0.0000000000
126968  -35.108  35.126  36.087 0.0000000000
126981  -41.545  35.713  34.546 0.0000000000
126989  -42.755  35.609  33.726 0.0000000000
126991  -44.376  36.018  32.903 0.0000000000
127048  -44.485  35.641  28.463 0.0000000000
127060  -45.184  34.819  27.983 0.0000000000
127544  -31.780  36.758  38.073 0.0000000000
127549  -32.717  36.777  37.080 0.0000000000
127562  -38.800  36.533  36.215 0.0000000000
127563  -40.496  37.157  35.957 0.0000000000
127564  -40.732  37.179  35.991 0.0000000000
127591  -43.450  36.535  33.823 0.0000000000
127651  -45.237  36.073  29.103 0.0000000000
128140  -34.938  37.908  37.216 0.0000000000
128143  -33.723  36.826  36.660 0.0000000000
128144  -34.288  37.071  36.635 0.0000000000
128149  -39.108  36.957  36.071 0.0000000000
128154  -36.738  37.230  35.852 0.0000000000
128155  -36.930  37.364  35.921 0.0000000000
128157  -39.499  37.353  35.918 0.0000000000
128158  -40.092  37.503  35.898 0.0000000000
128159  -41.719  37.704  35.493 0.0000000000
128164  -42.945  37.161  34.602 0.0000000000
128174  -45.062  37.231  32.545 0.0000000000
128676  -33.066  37.741  38.417 0.0000000000
128697  -40.270  37.979  35.873 0.0000000000
128704  -43.746  38.679  34.088 0.0000000000
128709  -44.340  39.063  33.408 0.0000000000
128711  -45.323  38.542  32.388 0.0000000000
128714  -45.402  38.762  32.037 0.0000000000
128721  -45.179  38.450  31.719 0.0000000000
129213  -43.357  39.580  34.154 0.0000000000
129223  -45.220  39.257  32.035 0.0000000000
129769  -42.313  40.363  34.763 0.0000000000
129777  -42.780  40.740  34.213 0.0000000000
129788  -44.433  40.620  32.641 0.0000000000
130391  -44.337  41.690  31.972 0.0000000000
130940  -42.390  41.852  33.953 0.0000000000
130951  -43.621  42.354  32.913 0.0000000000
130962  -44.275  42.135  31.986 0.0000000000
