#!ascii label  , from subject 3327 vox2ras=TkReg
2246
57809  -31.960  -35.270  64.024 0.0000000000
81204  -47.798  -14.384  48.417 0.0000000000
73501  -37.689  -21.469  57.003 0.0000000000
49999  -3.739  -42.183  59.494 0.0000000000
56592  -19.021  -35.468  64.361 0.0000000000
61269  -4.566  -32.490  62.475 0.0000000000
61186  -5.230  -31.985  69.598 0.0000000000
73551  -44.298  -21.038  52.451 0.0000000000
63414  -5.649  -30.199  55.306 0.0000000000
46781  -2.329  -45.074  66.325 0.0000000000
62328  -34.066  -31.991  58.672 0.0000000000
52105  -27.654  -37.857  61.272 0.0000000000
52016  -25.922  -38.957  64.755 0.0000000000
88275  -46.957  -7.865  48.038 0.0000000000
76990  -41.030  -18.423  54.891 0.0000000000
59045  -14.214  -34.201  61.428 0.0000000000
66857  -1.555  -27.567  59.244 0.0000000000
56644  -4.493  -37.000  61.278 0.0000000000
56721  -4.171  -36.257  57.291 0.0000000000
52206  -4.569  -41.120  55.440 0.0000000000
55256  -8.066  -37.805  71.619 0.0000000000
54127  -4.348  -38.508  73.724 0.0000000000
70198  -34.403  -24.793  58.908 0.0000000000
53084  -23.277  -38.943  67.501 0.0000000000
55395  -22.224  -36.474  61.613 0.0000000000
62238  -4.047  -31.557  66.316 0.0000000000
139078  -2.808  -37.499  65.048 0.0000000000
75919  -46.751  -19.425  51.209 0.0000000000
57719  -9.791  -35.842  69.498 0.0000000000
58976  -11.477  -34.506  65.024 0.0000000000
62323  -5.195  -31.373  58.673 0.0000000000
59151  -3.339  -34.744  53.660 0.0000000000
62172  -6.489  -31.627  74.303 0.0000000000
55274  -2.339  -37.314  69.769 0.0000000000
48906  -2.843  -43.765  62.882 0.0000000000
61247  -33.518  -32.925  63.565 0.0000000000
59065  -31.917  -34.647  61.248 0.0000000000
60213  -34.018  -33.639  61.124 0.0000000000
55382  -30.494  -36.968  62.538 0.0000000000
54301  -29.836  -36.653  60.002 0.0000000000
53132  -28.638  -38.002  64.232 0.0000000000
85198  -47.680  -10.751  48.491 0.0000000000
79114  -44.538  -16.542  49.053 0.0000000000
81210  -45.233  -14.381  47.367 0.0000000000
84196  -45.397  -11.219  46.457 0.0000000000
75828  -39.576  -19.810  56.503 0.0000000000
71321  -34.949  -23.628  55.248 0.0000000000
72460  -37.123  -22.065  54.000 0.0000000000
74703  -37.872  -20.266  53.233 0.0000000000
54291  -2.499  -39.002  60.601 0.0000000000
53207  -2.629  -38.533  57.879 0.0000000000
51085  -5.068  -41.651  57.665 0.0000000000
48013  -4.862  -44.570  54.095 0.0000000000
46967  -5.614  -45.562  56.625 0.0000000000
50880  -7.545  -40.174  68.465 0.0000000000
50867  -6.400  -40.817  69.954 0.0000000000
69076  -33.675  -25.812  60.251 0.0000000000
63354  -32.974  -30.962  60.084 0.0000000000
63395  -32.807  -30.512  57.547 0.0000000000
65702  -31.748  -28.328  59.932 0.0000000000
68027  -32.285  -25.998  58.142 0.0000000000
51966  -26.224  -39.583  69.145 0.0000000000
52100  -24.977  -37.417  61.689 0.0000000000
53157  -23.669  -37.779  62.812 0.0000000000
88286  -47.025  -7.414  44.111 0.0000000000
88302  -49.020  -7.584  42.149 0.0000000000
62218  -3.962  -31.937  67.986 0.0000000000
58961  -4.666  -34.588  66.483 0.0000000000
58934  -3.676  -34.228  68.205 0.0000000000
73580  -46.513  -21.354  51.514 0.0000000000
74762  -41.426  -21.112  50.708 0.0000000000
72502  -43.797  -22.908  49.801 0.0000000000
73637  -44.580  -21.578  48.730 0.0000000000
60066  -10.847  -33.309  72.062 0.0000000000
60075  -11.382  -32.725  70.371 0.0000000000
63333  -3.491  -30.535  61.735 0.0000000000
63349  -2.630  -30.460  60.254 0.0000000000
61294  -4.540  -32.294  60.442 0.0000000000
55504  -2.719  -37.645  54.241 0.0000000000
57941  -3.601  -35.811  55.228 0.0000000000
55548  -1.963  -37.202  52.581 0.0000000000
62148  -7.448  -31.059  76.492 0.0000000000
50866  -3.106  -41.458  70.831 0.0000000000
55245  -2.910  -37.582  72.362 0.0000000000
51938  -1.857  -40.874  68.767 0.0000000000
50933  -1.713  -41.186  66.003 0.0000000000
47848  -2.302  -44.868  64.795 0.0000000000
63344  -34.149  -31.713  60.784 0.0000000000
53087  -27.296  -39.422  67.688 0.0000000000
53119  -28.056  -38.794  65.489 0.0000000000
50980  -26.277  -38.505  62.589 0.0000000000
91415  -46.527  -5.184  47.425 0.0000000000
86264  -45.428  -9.246  45.174 0.0000000000
77004  -43.492  -18.962  53.407 0.0000000000
75916  -39.454  -19.474  51.514 0.0000000000
57848  -18.303  -33.981  61.366 0.0000000000
59031  -16.994  -34.016  63.146 0.0000000000
65720  -2.193  -29.086  57.152 0.0000000000
59027  -6.324  -34.936  62.849 0.0000000000
59059  -6.889  -34.924  60.535 0.0000000000
57862  -5.243  -37.239  58.769 0.0000000000
54337  -2.588  -38.116  56.680 0.0000000000
51188  -3.257  -41.097  52.579 0.0000000000
58885  -8.409  -34.691  74.720 0.0000000000
57665  -6.150  -34.727  76.007 0.0000000000
55242  -5.679  -37.414  72.824 0.0000000000
49801  -5.245  -41.661  71.548 0.0000000000
71281  -36.589  -23.214  58.571 0.0000000000
69145  -33.801  -25.076  56.441 0.0000000000
54209  -21.118  -37.375  66.299 0.0000000000
51999  -25.044  -38.885  66.224 0.0000000000
54224  -22.560  -37.610  64.482 0.0000000000
55376  -20.909  -35.649  63.120 0.0000000000
63301  -4.657  -30.375  63.642 0.0000000000
64405  -4.852  -29.930  64.949 0.0000000000
61237  -3.997  -32.406  64.157 0.0000000000
57787  -5.593  -35.449  64.728 0.0000000000
139077  -3.597  -37.720  63.316 0.0000000000
52089  -2.248  -40.220  61.536 0.0000000000
79097  -47.220  -16.407  50.251 0.0000000000
77041  -43.904  -18.818  49.250 0.0000000000
60054  -9.520  -33.898  73.258 0.0000000000
56501  -9.356  -36.748  70.114 0.0000000000
51970  -9.118  -39.274  67.505 0.0000000000
60132  -15.776  -33.041  65.495 0.0000000000
60118  -14.561  -32.974  66.864 0.0000000000
60088  -12.871  -32.847  68.553 0.0000000000
57743  -10.342  -35.122  67.662 0.0000000000
53113  -9.383  -38.835  66.092 0.0000000000
66825  -2.141  -27.745  60.816 0.0000000000
63374  -2.446  -30.619  58.444 0.0000000000
62343  -6.081  -30.805  56.888 0.0000000000
59099  -7.113  -34.309  57.447 0.0000000000
60250  -6.995  -33.322  56.221 0.0000000000
61342  -4.634  -32.470  53.988 0.0000000000
61162  -6.136  -32.339  71.232 0.0000000000
58883  -4.511  -34.576  74.516 0.0000000000
58901  -3.557  -34.533  72.383 0.0000000000
60078  -2.757  -34.119  70.194 0.0000000000
54169  -2.560  -37.822  67.498 0.0000000000
52027  -1.917  -40.339  64.272 0.0000000000
48955  -3.390  -43.384  60.893 0.0000000000
43612  -2.139  -48.261  64.222 0.0000000000
44765  -2.963  -47.417  62.230 0.0000000000
45899  -4.574  -46.389  58.047 0.0000000000
60162  -32.638  -33.881  64.075 0.0000000000
60140  -32.567  -33.672  65.009 0.0000000000
57823  -32.676  -35.056  62.858 0.0000000000
59035  -32.871  -34.459  62.471 0.0000000000
57808  -31.238  -35.774  63.554 0.0000000000
56653  -31.429  -36.151  61.726 0.0000000000
57795  -31.643  -35.086  65.074 0.0000000000
56617  -30.443  -36.371  64.034 0.0000000000
83216  -48.288  -12.448  48.729 0.0000000000
79116  -46.460  -15.847  48.726 0.0000000000
80112  -45.449  -15.252  48.134 0.0000000000
81212  -47.126  -14.000  47.896 0.0000000000
83221  -46.680  -12.267  47.644 0.0000000000
73513  -38.827  -20.827  56.802 0.0000000000
74652  -39.725  -20.572  57.793 0.0000000000
73494  -39.137  -21.316  58.224 0.0000000000
71335  -36.122  -22.980  54.335 0.0000000000
72440  -37.440  -22.208  55.619 0.0000000000
74670  -38.349  -20.955  55.588 0.0000000000
51061  -3.430  -41.615  59.639 0.0000000000
51041  -3.618  -40.940  59.095 0.0000000000
50001  -4.875  -42.133  58.360 0.0000000000
49037  -6.144  -43.432  56.558 0.0000000000
49035  -5.292  -43.980  57.752 0.0000000000
48839  -7.159  -42.205  66.470 0.0000000000
48826  -6.582  -42.150  67.383 0.0000000000
64461  -32.500  -29.665  60.950 0.0000000000
64485  -32.331  -30.045  59.666 0.0000000000
65688  -32.410  -28.264  60.427 0.0000000000
66865  -32.627  -26.733  60.262 0.0000000000
90398  -47.697  -5.385  44.533 0.0000000000
88296  -48.484  -7.933  42.948 0.0000000000
89358  -49.777  -5.771  43.543 0.0000000000
61195  -4.281  -32.114  68.720 0.0000000000
61203  -3.797  -32.578  67.763 0.0000000000
61194  -3.569  -32.552  68.959 0.0000000000
73564  -45.828  -21.121  52.070 0.0000000000
73554  -46.872  -20.801  53.264 0.0000000000
74742  -43.465  -21.088  51.487 0.0000000000
72481  -42.369  -22.439  50.161 0.0000000000
73577  -43.701  -21.848  51.133 0.0000000000
73599  -44.811  -22.146  50.454 0.0000000000
61165  -12.412  -32.513  71.867 0.0000000000
61179  -13.580  -32.075  70.893 0.0000000000
55328  -19.760  -36.004  66.524 0.0000000000
57774  -19.053  -34.811  65.840 0.0000000000
65735  -4.279  -28.547  56.344 0.0000000000
61267  -2.972  -32.124  61.765 0.0000000000
61283  -3.359  -31.649  61.004 0.0000000000
61285  -4.653  -32.333  61.482 0.0000000000
54384  -3.132  -38.726  52.822 0.0000000000
55503  -2.293  -37.377  53.587 0.0000000000
54416  -2.874  -38.927  51.703 0.0000000000
64305  -8.921  -29.810  76.091 0.0000000000
62149  -8.420  -31.563  76.899 0.0000000000
47776  -2.561  -43.741  68.020 0.0000000000
50864  -2.368  -41.116  69.654 0.0000000000
48823  -2.152  -42.884  67.693 0.0000000000
49871  -2.165  -42.326  66.489 0.0000000000
47808  -1.982  -44.341  66.287 0.0000000000
61261  -34.431  -32.277  62.045 0.0000000000
61288  -34.374  -32.363  60.788 0.0000000000
63309  -34.342  -31.717  61.779 0.0000000000
63325  -33.851  -30.962  61.748 0.0000000000
52042  -28.592  -38.424  62.946 0.0000000000
52019  -27.968  -38.587  63.885 0.0000000000
53169  -27.143  -38.556  62.099 0.0000000000
51016  -26.326  -37.667  61.341 0.0000000000
89330  -46.858  -6.203  47.932 0.0000000000
86243  -46.148  -9.087  47.422 0.0000000000
85207  -45.002  -10.116  45.881 0.0000000000
88273  -45.926  -7.498  46.970 0.0000000000
89337  -45.735  -6.694  45.760 0.0000000000
76991  -42.139  -18.481  54.634 0.0000000000
76972  -43.486  -18.142  55.270 0.0000000000
78042  -42.374  -17.804  56.076 0.0000000000
77000  -39.695  -18.841  54.402 0.0000000000
75896  -38.655  -19.348  52.290 0.0000000000
77017  -40.737  -18.418  53.232 0.0000000000
77018  -41.780  -18.642  52.905 0.0000000000
68005  -1.746  -26.564  58.729 0.0000000000
66883  -0.944  -28.583  56.845 0.0000000000
65707  -1.388  -28.662  58.103 0.0000000000
56646  -5.826  -36.397  61.761 0.0000000000
57845  -6.410  -36.152  60.700 0.0000000000
57843  -5.162  -37.237  59.739 0.0000000000
53234  -4.181  -40.044  56.412 0.0000000000
53219  -2.421  -38.430  57.526 0.0000000000
53248  -4.323  -39.943  55.584 0.0000000000
53272  -3.399  -39.592  53.942 0.0000000000
52261  -3.922  -40.843  53.483 0.0000000000
50094  -4.194  -42.522  53.497 0.0000000000
56475  -7.800  -36.326  73.272 0.0000000000
55239  -7.153  -36.913  74.307 0.0000000000
55247  -6.663  -37.601  72.486 0.0000000000
48797  -6.340  -42.570  69.196 0.0000000000
50862  -6.245  -41.169  71.011 0.0000000000
48796  -5.320  -42.909  69.558 0.0000000000
47765  -4.048  -43.710  69.257 0.0000000000
69090  -35.770  -24.442  58.565 0.0000000000
69103  -33.660  -25.256  58.699 0.0000000000
69121  -32.459  -25.617  57.584 0.0000000000
70210  -34.456  -24.586  57.805 0.0000000000
70211  -35.404  -24.136  57.635 0.0000000000
51962  -23.001  -39.962  68.804 0.0000000000
54183  -21.500  -38.098  67.775 0.0000000000
54184  -22.539  -38.558  67.306 0.0000000000
52001  -26.652  -39.363  65.733 0.0000000000
51990  -26.217  -40.024  66.733 0.0000000000
52015  -25.269  -38.680  65.077 0.0000000000
54250  -22.783  -37.220  62.658 0.0000000000
53143  -23.294  -37.899  64.130 0.0000000000
55363  -22.351  -37.079  63.058 0.0000000000
55361  -21.124  -36.533  63.738 0.0000000000
54261  -21.459  -35.762  62.616 0.0000000000
56649  -20.515  -35.543  61.492 0.0000000000
63266  -5.161  -30.545  66.475 0.0000000000
63279  -4.402  -30.623  65.509 0.0000000000
63290  -4.042  -31.166  64.761 0.0000000000
61224  -4.297  -32.312  65.317 0.0000000000
61239  -5.242  -33.411  64.492 0.0000000000
60127  -5.089  -33.808  65.844 0.0000000000
57756  -3.836  -36.410  66.135 0.0000000000
56568  -3.613  -36.698  65.014 0.0000000000
56567  -3.350  -37.484  64.207 0.0000000000
55370  -3.054  -38.815  62.875 0.0000000000
55353  -2.676  -38.921  63.413 0.0000000000
78096  -47.265  -17.293  50.849 0.0000000000
78098  -48.561  -16.491  50.755 0.0000000000
77033  -48.647  -18.151  51.589 0.0000000000
74764  -45.095  -20.511  50.159 0.0000000000
74785  -44.142  -20.721  48.631 0.0000000000
77036  -45.506  -18.735  50.159 0.0000000000
79095  -46.039  -17.334  50.445 0.0000000000
61137  -10.276  -32.523  74.369 0.0000000000
58920  -10.086  -34.472  70.440 0.0000000000
58914  -9.810  -34.691  71.258 0.0000000000
56502  -9.644  -36.355  69.645 0.0000000000
53071  -9.037  -38.690  68.557 0.0000000000
54171  -9.872  -37.959  68.105 0.0000000000
60193  -15.565  -33.287  62.433 0.0000000000
60176  -16.546  -33.517  63.501 0.0000000000
60175  -15.070  -33.274  63.362 0.0000000000
58999  -11.911  -34.541  64.308 0.0000000000
60130  -13.516  -33.118  65.375 0.0000000000
60116  -12.252  -33.418  66.057 0.0000000000
60101  -13.866  -32.853  67.580 0.0000000000
58963  -11.794  -33.791  66.809 0.0000000000
60086  -10.811  -33.631  68.095 0.0000000000
57759  -10.786  -34.829  66.784 0.0000000000
53127  -9.749  -38.812  64.702 0.0000000000
66826  -3.078  -27.695  60.884 0.0000000000
62309  -3.200  -31.373  59.488 0.0000000000
63362  -2.386  -30.558  59.451 0.0000000000
62321  -3.226  -31.211  58.851 0.0000000000
63375  -3.520  -30.807  58.264 0.0000000000
62333  -5.483  -30.952  57.777 0.0000000000
57881  -5.830  -35.938  58.364 0.0000000000
59074  -7.293  -34.237  59.123 0.0000000000
57901  -5.907  -35.686  57.453 0.0000000000
57964  -4.037  -35.028  54.347 0.0000000000
59119  -4.969  -34.605  54.972 0.0000000000
59135  -4.572  -34.303  54.485 0.0000000000
60267  -6.029  -32.882  54.844 0.0000000000
60265  -4.069  -33.544  54.226 0.0000000000
61340  -2.857  -33.469  53.605 0.0000000000
61149  -5.881  -32.356  72.250 0.0000000000
56467  -5.217  -36.515  74.180 0.0000000000
57667  -4.973  -35.059  75.105 0.0000000000
56466  -4.449  -36.595  73.795 0.0000000000
55264  -2.464  -37.875  70.452 0.0000000000
56491  -2.695  -36.768  71.555 0.0000000000
57699  -2.697  -35.557  71.012 0.0000000000
60062  -3.106  -33.943  71.319 0.0000000000
57708  -2.826  -35.579  69.961 0.0000000000
56522  -2.662  -37.251  68.265 0.0000000000
56509  -2.263  -37.502  68.671 0.0000000000
49900  -1.935  -42.285  64.663 0.0000000000
52008  -1.752  -40.597  65.185 0.0000000000
49913  -2.263  -42.436  63.510 0.0000000000
52071  -2.726  -41.795  62.364 0.0000000000
47927  -3.370  -44.304  61.394 0.0000000000
42551  -2.161  -49.404  63.225 0.0000000000
43631  -2.306  -48.288  63.173 0.0000000000
62270  -34.257  -31.990  63.441 0.0000000000
57853  -32.415  -34.908  60.361 0.0000000000
59079  -33.469  -34.422  59.804 0.0000000000
59052  -33.080  -34.282  61.546 0.0000000000
60182  -33.746  -33.406  62.682 0.0000000000
55398  -29.112  -37.590  61.771 0.0000000000
54267  -30.193  -37.034  61.302 0.0000000000
56675  -31.198  -35.995  60.238 0.0000000000
54237  -29.748  -37.604  63.275 0.0000000000
86245  -47.637  -9.535  48.328 0.0000000000
81209  -44.319  -14.515  47.243 0.0000000000
81219  -44.690  -13.723  46.117 0.0000000000
82238  -44.812  -12.945  45.723 0.0000000000
83220  -45.817  -12.226  47.025 0.0000000000
84189  -46.157  -11.117  47.372 0.0000000000
76969  -40.612  -18.702  55.758 0.0000000000
76951  -41.532  -18.532  56.702 0.0000000000
75819  -40.708  -19.592  57.460 0.0000000000
76879  -41.391  -19.943  59.036 0.0000000000
69167  -34.319  -24.271  54.728 0.0000000000
70247  -35.057  -23.500  54.216 0.0000000000
70257  -35.554  -23.028  53.892 0.0000000000
72463  -36.164  -22.112  52.874 0.0000000000
74717  -36.366  -20.686  52.398 0.0000000000
73548  -37.198  -21.284  53.493 0.0000000000
75864  -39.056  -19.431  54.889 0.0000000000
54275  -3.042  -38.415  60.091 0.0000000000
55425  -3.820  -38.095  59.528 0.0000000000
53191  -2.820  -39.599  59.434 0.0000000000
52154  -3.945  -40.256  57.427 0.0000000000
51134  -5.141  -41.621  55.288 0.0000000000
50082  -4.926  -42.837  53.827 0.0000000000
50066  -6.186  -42.977  55.586 0.0000000000
48014  -5.545  -45.106  54.915 0.0000000000
53051  -8.152  -38.929  70.372 0.0000000000
53040  -7.447  -39.155  71.203 0.0000000000
50878  -6.781  -40.439  69.136 0.0000000000
69089  -34.072  -25.209  59.753 0.0000000000
63367  -34.013  -31.717  59.597 0.0000000000
63382  -33.708  -31.802  58.640 0.0000000000
63365  -32.919  -31.400  59.275 0.0000000000
63363  -31.880  -30.207  59.101 0.0000000000
65711  -30.975  -28.929  58.609 0.0000000000
66877  -32.224  -27.164  58.967 0.0000000000
67997  -32.616  -26.365  59.341 0.0000000000
51964  -24.684  -39.580  68.878 0.0000000000
52061  -25.117  -38.479  62.996 0.0000000000
52037  -25.197  -38.688  63.930 0.0000000000
52081  -24.607  -37.524  62.536 0.0000000000
53167  -23.579  -36.784  61.886 0.0000000000
86294  -47.815  -9.567  42.037 0.0000000000
87299  -48.390  -8.605  41.477 0.0000000000
88309  -48.419  -7.594  40.652 0.0000000000
89377  -48.422  -6.660  39.435 0.0000000000
62239  -4.238  -31.563  66.688 0.0000000000
61214  -4.024  -33.107  66.446 0.0000000000
60113  -3.924  -33.189  66.738 0.0000000000
58946  -4.436  -34.604  67.086 0.0000000000
57740  -3.548  -36.530  66.503 0.0000000000
74766  -46.980  -20.725  51.109 0.0000000000
74724  -47.784  -20.502  52.569 0.0000000000
71399  -41.708  -23.647  48.807 0.0000000000
70311  -42.510  -23.711  47.973 0.0000000000
71442  -43.221  -23.002  47.192 0.0000000000
71402  -44.398  -23.011  48.677 0.0000000000
73621  -45.485  -21.449  50.260 0.0000000000
61151  -11.238  -32.536  72.828 0.0000000000
61152  -12.270  -32.505  72.626 0.0000000000
61176  -10.826  -32.915  71.341 0.0000000000
58928  -10.075  -34.366  69.579 0.0000000000
56630  -12.417  -36.679  62.297 0.0000000000
56589  -11.192  -36.448  64.925 0.0000000000
64452  -3.745  -29.851  61.434 0.0000000000
64451  -2.465  -29.458  60.920 0.0000000000
63332  -2.897  -30.516  61.143 0.0000000000
61292  -3.160  -31.626  60.255 0.0000000000
61305  -5.438  -32.040  59.480 0.0000000000
56754  -3.262  -36.841  55.813 0.0000000000
56755  -4.245  -36.349  55.906 0.0000000000
56774  -2.757  -36.787  54.368 0.0000000000
57963  -3.081  -35.668  54.194 0.0000000000
56792  -2.537  -36.078  53.338 0.0000000000
65518  -10.403  -28.677  75.086 0.0000000000
64314  -7.871  -29.683  75.461 0.0000000000
62158  -6.680  -31.672  75.222 0.0000000000
51919  -3.359  -40.547  71.747 0.0000000000
54125  -3.267  -38.160  72.733 0.0000000000
51918  -2.721  -40.348  71.382 0.0000000000
53049  -1.931  -39.620  70.346 0.0000000000
54157  -2.416  -39.711  69.163 0.0000000000
54167  -1.909  -39.592  68.183 0.0000000000
51967  -1.796  -40.685  67.181 0.0000000000
49886  -2.210  -42.338  65.628 0.0000000000
47867  -2.493  -44.573  64.010 0.0000000000
60240  -34.711  -33.029  58.374 0.0000000000
60231  -33.845  -33.499  59.978 0.0000000000
61297  -34.117  -32.875  59.751 0.0000000000
63368  -34.149  -31.819  59.399 0.0000000000
62302  -34.081  -30.748  60.234 0.0000000000
63341  -32.872  -30.724  60.969 0.0000000000
52002  -27.172  -38.859  65.055 0.0000000000
53120  -28.601  -37.872  65.394 0.0000000000
52003  -27.605  -38.614  64.629 0.0000000000
52038  -25.841  -38.781  63.551 0.0000000000
52062  -25.779  -38.338  62.679 0.0000000000
84209  -45.181  -11.370  44.152 0.0000000000
87262  -46.308  -8.292  44.230 0.0000000000
90390  -46.059  -6.007  45.002 0.0000000000
75902  -44.153  -19.742  52.700 0.0000000000
75868  -45.700  -19.420  54.190 0.0000000000
76993  -44.439  -18.861  54.312 0.0000000000
75894  -36.995  -19.781  51.800 0.0000000000
74761  -40.552  -20.809  50.751 0.0000000000
74721  -42.470  -20.079  51.918 0.0000000000
56613  -18.756  -35.321  63.450 0.0000000000
57791  -18.291  -34.998  64.298 0.0000000000
59033  -18.293  -34.276  62.538 0.0000000000
60210  -16.431  -33.628  61.340 0.0000000000
65734  -3.335  -28.386  56.706 0.0000000000
64521  -4.189  -29.112  56.855 0.0000000000
60205  -6.111  -33.488  62.199 0.0000000000
60220  -6.173  -33.352  61.349 0.0000000000
60206  -6.754  -34.111  61.590 0.0000000000
57863  -6.001  -36.563  59.176 0.0000000000
57898  -3.456  -36.612  57.964 0.0000000000
56700  -3.199  -37.641  58.364 0.0000000000
56718  -1.902  -36.744  57.978 0.0000000000
56738  -3.068  -37.141  57.146 0.0000000000
54346  -2.915  -38.357  55.203 0.0000000000
58871  -7.832  -33.869  77.255 0.0000000000
58880  -7.562  -34.357  75.760 0.0000000000
56468  -6.160  -36.388  74.833 0.0000000000
53030  -5.097  -38.862  73.678 0.0000000000
53035  -6.539  -39.336  71.863 0.0000000000
51922  -5.809  -40.185  71.493 0.0000000000
53033  -4.423  -39.624  72.468 0.0000000000
49803  -3.948  -42.066  71.408 0.0000000000
47764  -3.697  -43.312  69.101 0.0000000000
45708  -2.770  -45.119  67.137 0.0000000000
72421  -37.185  -22.449  57.632 0.0000000000
72408  -38.119  -22.084  58.399 0.0000000000
72407  -37.226  -22.632  58.802 0.0000000000
64528  -33.019  -31.299  56.280 0.0000000000
69165  -32.964  -24.986  55.628 0.0000000000
71294  -35.881  -23.150  57.254 0.0000000000
55318  -20.746  -37.067  66.688 0.0000000000
56574  -20.235  -36.248  65.355 0.0000000000
53078  -26.844  -39.442  68.534 0.0000000000
51977  -25.887  -40.255  67.692 0.0000000000
53085  -23.995  -39.224  67.147 0.0000000000
52036  -24.603  -38.404  64.298 0.0000000000
53115  -23.959  -38.585  65.802 0.0000000000
53114  -22.975  -38.629  65.968 0.0000000000
55331  -21.682  -37.093  65.211 0.0000000000
55345  -20.802  -36.661  64.637 0.0000000000
55359  -19.535  -35.690  63.658 0.0000000000
56632  -19.117  -35.213  62.871 0.0000000000
90436  -47.987  -5.491  38.926 0.0000000000
91471  -48.407  -4.717  38.501 0.0000000000
92507  -48.552  -4.018  37.290 0.0000000000
63316  -3.978  -30.497  62.535 0.0000000000
62263  -3.244  -31.962  62.728 0.0000000000
63292  -4.916  -30.198  64.419 0.0000000000
63300  -3.827  -30.807  63.687 0.0000000000
61251  -3.826  -32.242  63.002 0.0000000000
61253  -5.508  -33.262  63.925 0.0000000000
59013  -6.260  -34.880  63.946 0.0000000000
56626  -5.237  -36.618  62.527 0.0000000000
57769  -4.968  -35.427  65.443 0.0000000000
56587  -4.643  -36.740  64.301 0.0000000000
56624  -3.795  -36.884  61.935 0.0000000000
56663  -2.987  -38.207  61.417 0.0000000000
53189  -2.446  -40.036  61.075 0.0000000000
49976  -2.823  -41.343  60.290 0.0000000000
79108  -47.982  -15.740  48.900 0.0000000000
74804  -44.014  -21.972  46.797 0.0000000000
74793  -43.849  -20.667  47.568 0.0000000000
77046  -42.996  -18.949  48.564 0.0000000000
79104  -44.521  -17.370  49.490 0.0000000000
79106  -46.410  -16.301  49.614 0.0000000000
58886  -9.161  -34.029  74.826 0.0000000000
57693  -9.074  -35.156  72.963 0.0000000000
60055  -10.284  -33.378  72.724 0.0000000000
58903  -8.894  -34.906  72.075 0.0000000000
56492  -8.660  -36.338  71.596 0.0000000000
51955  -8.054  -39.895  67.897 0.0000000000
59001  -17.576  -34.507  64.747 0.0000000000
58978  -17.362  -34.255  65.882 0.0000000000
60120  -16.626  -33.798  66.902 0.0000000000
60152  -14.328  -33.195  64.296 0.0000000000
61228  -14.952  -32.543  66.052 0.0000000000
60103  -16.130  -32.986  67.425 0.0000000000
61205  -14.711  -32.857  67.956 0.0000000000
61190  -14.776  -32.342  69.659 0.0000000000
61189  -13.775  -32.381  69.933 0.0000000000
60081  -11.809  -32.888  69.560 0.0000000000
60080  -10.897  -33.668  69.116 0.0000000000
56525  -10.257  -35.923  68.146 0.0000000000
55327  -10.817  -37.218  65.789 0.0000000000
54194  -10.140  -37.661  66.541 0.0000000000
54181  -9.850  -37.607  67.287 0.0000000000
53096  -9.496  -39.101  66.682 0.0000000000
66840  -1.750  -27.643  60.144 0.0000000000
64450  -1.985  -29.212  60.913 0.0000000000
65678  -1.669  -28.563  60.425 0.0000000000
64489  -1.161  -28.960  59.113 0.0000000000
63388  -2.194  -29.778  57.780 0.0000000000
64501  -3.696  -29.682  57.430 0.0000000000
63403  -5.699  -30.148  56.280 0.0000000000
61295  -5.875  -32.683  60.665 0.0000000000
61306  -6.684  -32.741  59.545 0.0000000000
61315  -6.714  -32.222  58.416 0.0000000000
57921  -6.102  -35.476  56.459 0.0000000000
59108  -6.652  -34.066  56.684 0.0000000000
61323  -7.210  -31.960  57.950 0.0000000000
62344  -6.516  -31.644  56.545 0.0000000000
61334  -6.156  -31.872  55.082 0.0000000000
62366  -5.422  -31.159  54.603 0.0000000000
62382  -4.100  -32.050  53.442 0.0000000000
61093  -6.582  -32.505  77.201 0.0000000000
61102  -5.625  -32.950  75.916 0.0000000000
61115  -4.857  -33.430  74.370 0.0000000000
56481  -3.634  -36.216  73.062 0.0000000000
58892  -4.302  -34.290  72.987 0.0000000000
61147  -4.390  -33.086  72.868 0.0000000000
61160  -4.574  -33.185  72.040 0.0000000000
61173  -4.169  -32.970  70.974 0.0000000000
61184  -3.564  -32.903  70.168 0.0000000000
58926  -3.365  -34.282  68.991 0.0000000000
56523  -3.231  -36.505  67.944 0.0000000000
139070  -2.774  -38.025  66.270 0.0000000000
54191  -2.182  -39.842  66.778 0.0000000000
54205  -2.331  -38.959  66.111 0.0000000000
54219  -2.475  -39.121  64.749 0.0000000000
52069  -2.196  -40.212  62.579 0.0000000000
51023  -2.587  -41.370  61.323 0.0000000000
48978  -3.441  -42.841  60.361 0.0000000000
45757  -2.486  -46.553  66.005 0.0000000000
43596  -2.625  -47.734  64.593 0.0000000000
45778  -2.367  -46.386  65.409 0.0000000000
45795  -2.417  -46.516  64.378 0.0000000000
45811  -2.458  -46.436  63.510 0.0000000000
45828  -2.914  -46.257  62.467 0.0000000000
43670  -3.206  -48.123  61.270 0.0000000000
45847  -3.507  -46.171  61.121 0.0000000000
46915  -3.529  -45.030  60.424 0.0000000000
46941  -4.358  -45.428  59.147 0.0000000000
47991  -4.784  -44.564  58.700 0.0000000000
45900  -5.099  -46.449  57.429 0.0000000000
44878  -5.441  -47.338  56.224 0.0000000000
59020  -32.551  -34.611  63.820 0.0000000000
59005  -32.212  -34.493  64.607 0.0000000000
57810  -32.526  -35.104  63.373 0.0000000000
59021  -32.883  -34.592  63.226 0.0000000000
57822  -31.880  -35.430  62.927 0.0000000000
82226  -47.926  -13.452  48.376 0.0000000000
82227  -48.837  -13.270  48.898 0.0000000000
79118  -47.629  -15.323  48.620 0.0000000000
80114  -47.278  -14.930  48.145 0.0000000000
82232  -47.141  -13.091  47.879 0.0000000000
73502  -38.496  -21.206  57.214 0.0000000000
73503  -39.064  -20.951  57.446 0.0000000000
72423  -38.775  -21.435  57.689 0.0000000000
72433  -37.272  -22.317  56.346 0.0000000000
71310  -37.210  -22.638  55.735 0.0000000000
73511  -37.845  -21.621  56.171 0.0000000000
73512  -38.406  -21.206  56.580 0.0000000000
51062  -3.885  -41.462  59.085 0.0000000000
50000  -4.507  -42.526  58.902 0.0000000000
49020  -5.340  -43.503  57.755 0.0000000000
50024  -4.887  -43.217  58.595 0.0000000000
47831  -7.410  -43.380  66.186 0.0000000000
64476  -32.848  -28.553  60.933 0.0000000000
62210  -4.862  -31.758  68.971 0.0000000000
73552  -45.073  -21.064  52.693 0.0000000000
73553  -45.978  -21.145  53.066 0.0000000000
74707  -45.289  -20.612  53.220 0.0000000000
74705  -44.058  -20.836  52.616 0.0000000000
73562  -44.110  -21.258  51.720 0.0000000000
73563  -44.939  -21.120  51.803 0.0000000000
61167  -14.524  -32.347  71.762 0.0000000000
61166  -13.470  -32.256  71.871 0.0000000000
56573  -19.556  -35.630  65.584 0.0000000000
57792  -18.788  -35.199  65.022 0.0000000000
64536  -4.761  -28.989  56.225 0.0000000000
64537  -5.346  -29.310  55.686 0.0000000000
61268  -3.593  -32.380  62.062 0.0000000000
54401  -2.815  -39.286  52.174 0.0000000000
47790  -2.351  -44.112  66.982 0.0000000000
48824  -2.247  -42.605  67.948 0.0000000000
48838  -2.041  -43.233  66.803 0.0000000000
47807  -2.200  -45.196  65.873 0.0000000000
62271  -34.316  -31.898  62.595 0.0000000000
62272  -34.440  -31.857  61.998 0.0000000000
63308  -34.246  -31.466  62.009 0.0000000000
139036  -28.378  -37.975  62.139 0.0000000000
139038  -28.011  -38.483  62.726 0.0000000000
139039  -27.335  -38.217  61.595 0.0000000000
89314  -46.721  -6.798  47.985 0.0000000000
87249  -46.575  -8.459  47.719 0.0000000000
87248  -45.970  -8.380  47.227 0.0000000000
88274  -46.442  -7.539  47.682 0.0000000000
89329  -46.222  -6.541  47.520 0.0000000000
76971  -42.667  -18.131  55.271 0.0000000000
76970  -41.589  -18.234  55.745 0.0000000000
77001  -40.444  -18.352  54.221 0.0000000000
77016  -39.906  -18.520  53.658 0.0000000000
77002  -41.475  -18.429  53.916 0.0000000000
67992  -1.576  -26.642  59.831 0.0000000000
66870  -1.514  -27.794  58.202 0.0000000000
56645  -5.084  -36.660  61.549 0.0000000000
56666  -5.104  -36.890  60.626 0.0000000000
56665  -4.758  -37.297  60.338 0.0000000000
52238  -4.091  -40.543  54.142 0.0000000000
51172  -3.959  -41.448  53.398 0.0000000000
56484  -8.094  -36.482  72.530 0.0000000000
55248  -7.600  -37.283  72.338 0.0000000000
47767  -5.864  -43.363  68.778 0.0000000000
70199  -35.250  -24.499  58.417 0.0000000000
71265  -36.006  -23.793  59.404 0.0000000000
70189  -35.508  -24.249  59.347 0.0000000000
62338  -34.328  -32.315  57.911 0.0000000000
70209  -34.000  -24.861  58.331 0.0000000000
51963  -23.786  -39.881  68.831 0.0000000000
51974  -23.541  -39.326  68.429 0.0000000000
54176  -22.931  -38.668  67.810 0.0000000000
53083  -22.838  -38.952  67.139 0.0000000000
52000  -25.834  -39.197  65.988 0.0000000000
54263  -22.332  -36.681  61.923 0.0000000000
54249  -22.140  -36.756  62.475 0.0000000000
54248  -21.826  -36.200  62.706 0.0000000000
55394  -21.697  -36.188  61.836 0.0000000000
56650  -21.220  -35.695  61.495 0.0000000000
56672  -21.732  -35.929  61.295 0.0000000000
63264  -4.235  -31.280  66.151 0.0000000000
64380  -4.757  -30.222  65.962 0.0000000000
63278  -4.218  -31.224  65.780 0.0000000000
62246  -4.090  -31.722  65.566 0.0000000000
61225  -4.312  -33.072  65.910 0.0000000000
139075  -2.801  -37.177  65.268 0.0000000000
139076  -2.932  -37.292  64.898 0.0000000000
55340  -2.868  -38.145  64.148 0.0000000000
78088  -46.878  -18.401  51.310 0.0000000000
78089  -47.320  -18.148  51.367 0.0000000000
77031  -47.204  -18.898  51.431 0.0000000000
75935  -46.476  -19.975  50.699 0.0000000000
75934  -45.389  -19.730  50.351 0.0000000000
77037  -46.196  -18.947  50.626 0.0000000000
78095  -46.521  -17.921  50.888 0.0000000000
57709  -9.585  -35.517  70.136 0.0000000000
57710  -9.804  -36.013  69.704 0.0000000000
55276  -9.651  -36.828  68.811 0.0000000000
55267  -9.796  -36.437  68.894 0.0000000000
60208  -14.992  -33.541  61.716 0.0000000000
60192  -14.573  -33.558  62.401 0.0000000000
58977  -11.794  -34.143  64.744 0.0000000000
60129  -12.249  -33.702  64.825 0.0000000000
60115  -11.634  -33.779  65.360 0.0000000000
58962  -11.230  -34.094  66.116 0.0000000000
58948  -11.140  -34.075  67.115 0.0000000000
66841  -3.441  -27.191  60.699 0.0000000000
62311  -4.542  -31.539  59.249 0.0000000000
62322  -4.134  -31.176  58.691 0.0000000000
62332  -4.626  -31.034  58.165 0.0000000000
57900  -5.000  -36.139  57.507 0.0000000000
57985  -3.453  -35.151  53.745 0.0000000000
59134  -3.567  -34.226  54.140 0.0000000000
59133  -2.691  -34.192  53.833 0.0000000000
59150  -2.678  -34.443  53.229 0.0000000000
63217  -7.779  -30.584  74.297 0.0000000000
62184  -6.379  -31.958  73.199 0.0000000000
55236  -4.926  -37.364  73.572 0.0000000000
55235  -4.187  -37.378  73.767 0.0000000000
56500  -2.456  -36.607  70.345 0.0000000000
56510  -2.487  -36.738  69.134 0.0000000000
55273  -1.817  -37.996  69.154 0.0000000000
48889  -2.496  -43.481  63.752 0.0000000000
48905  -2.659  -43.087  62.933 0.0000000000
48921  -2.847  -42.948  62.520 0.0000000000
47907  -3.160  -44.288  62.298 0.0000000000
40466  -2.654  -50.755  62.573 0.0000000000
41531  -2.296  -50.102  62.895 0.0000000000
41538  -2.267  -50.211  62.164 0.0000000000
61248  -34.019  -32.429  64.200 0.0000000000
59066  -32.339  -34.525  61.033 0.0000000000
60181  -33.122  -33.666  63.249 0.0000000000
60196  -33.454  -33.870  62.272 0.0000000000
61259  -33.736  -33.229  63.105 0.0000000000
61260  -34.200  -32.786  62.743 0.0000000000
54253  -30.069  -37.145  62.117 0.0000000000
54266  -29.512  -37.394  61.678 0.0000000000
55399  -30.766  -36.805  61.906 0.0000000000
57836  -31.539  -35.390  61.351 0.0000000000
56674  -31.214  -35.792  60.851 0.0000000000
57852  -31.650  -34.945  60.803 0.0000000000
56693  -31.478  -35.547  60.343 0.0000000000
55365  -30.312  -36.993  63.205 0.0000000000
55364  -30.034  -37.210  63.954 0.0000000000
54252  -29.522  -37.557  62.483 0.0000000000
86238  -48.450  -9.184  48.544 0.0000000000
79113  -43.453  -17.059  49.155 0.0000000000
80109  -42.848  -16.540  48.540 0.0000000000
80110  -43.513  -16.091  48.513 0.0000000000
80122  -44.886  -14.798  47.617 0.0000000000
81218  -44.125  -14.133  46.415 0.0000000000
82230  -45.425  -13.280  46.835 0.0000000000
84190  -47.116  -11.457  47.982 0.0000000000
85197  -46.957  -10.361  47.801 0.0000000000
75843  -39.862  -19.264  55.871 0.0000000000
75829  -40.588  -19.262  56.621 0.0000000000
75818  -39.975  -19.909  57.244 0.0000000000
74644  -40.435  -20.443  58.347 0.0000000000
75800  -41.017  -20.151  58.786 0.0000000000
75786  -41.238  -20.108  59.386 0.0000000000
70237  -34.765  -23.775  54.774 0.0000000000
71336  -36.885  -22.652  54.531 0.0000000000
71341  -36.159  -22.630  53.829 0.0000000000
71345  -35.851  -22.405  53.347 0.0000000000
72464  -36.827  -22.263  53.086 0.0000000000
73561  -36.915  -21.721  52.885 0.0000000000
74671  -38.991  -20.602  56.161 0.0000000000
75841  -38.499  -20.043  55.643 0.0000000000
75842  -39.250  -19.759  55.773 0.0000000000
75865  -39.571  -19.399  55.368 0.0000000000
55424  -2.741  -38.507  60.494 0.0000000000
54292  -2.765  -38.880  59.747 0.0000000000
52136  -4.070  -41.145  58.564 0.0000000000
52135  -3.649  -40.559  58.591 0.0000000000
52155  -4.390  -40.900  57.977 0.0000000000
52178  -4.607  -40.622  56.718 0.0000000000
51109  -5.378  -41.735  56.255 0.0000000000
51135  -5.501  -42.169  55.192 0.0000000000
51110  -5.775  -42.362  55.893 0.0000000000
48009  -5.671  -44.805  55.905 0.0000000000
49048  -6.009  -43.843  56.173 0.0000000000
46975  -5.622  -45.909  54.937 0.0000000000
46970  -5.567  -45.739  55.739 0.0000000000
53061  -8.093  -39.314  69.441 0.0000000000
53050  -7.632  -39.491  70.067 0.0000000000
50879  -7.129  -40.458  68.749 0.0000000000
63366  -33.446  -31.540  59.446 0.0000000000
64484  -31.727  -29.284  59.798 0.0000000000
64492  -31.311  -29.461  58.774 0.0000000000
65712  -31.245  -28.381  59.021 0.0000000000
66863  -31.929  -27.627  59.326 0.0000000000
67998  -33.030  -26.277  59.938 0.0000000000
66864  -32.431  -26.973  59.585 0.0000000000
51950  -25.045  -40.217  69.763 0.0000000000
51965  -25.581  -39.620  68.831 0.0000000000
52082  -25.437  -37.662  62.332 0.0000000000
86272  -47.601  -9.141  43.301 0.0000000000
86283  -47.898  -9.422  42.610 0.0000000000
86273  -48.144  -8.717  43.187 0.0000000000
88297  -48.723  -7.448  42.791 0.0000000000
87290  -48.705  -8.382  42.259 0.0000000000
87300  -48.818  -8.238  41.815 0.0000000000
88308  -47.624  -7.609  40.305 0.0000000000
89369  -49.361  -6.835  41.888 0.0000000000
62226  -3.898  -31.860  67.079 0.0000000000
58945  -4.066  -34.511  67.574 0.0000000000
57741  -3.864  -35.666  67.052 0.0000000000
73602  -46.847  -21.273  51.209 0.0000000000
74743  -47.589  -20.496  52.132 0.0000000000
73581  -47.208  -21.203  51.755 0.0000000000
72480  -41.472  -22.499  49.939 0.0000000000
72501  -42.867  -22.902  49.679 0.0000000000
72500  -41.945  -22.977  49.551 0.0000000000
71383  -42.315  -23.475  49.154 0.0000000000
71384  -43.275  -23.334  49.143 0.0000000000
71401  -43.608  -23.205  48.571 0.0000000000
71385  -44.167  -23.255  49.232 0.0000000000
73579  -45.610  -21.454  51.212 0.0000000000
73600  -45.238  -21.841  50.343 0.0000000000
73601  -46.074  -21.240  50.789 0.0000000000
74778  -45.570  -21.209  50.204 0.0000000000
61153  -13.308  -32.217  72.658 0.0000000000
61177  -11.430  -32.510  71.095 0.0000000000
60074  -10.796  -33.315  70.377 0.0000000000
56629  -12.156  -36.302  63.077 0.0000000000
56611  -12.353  -37.121  63.067 0.0000000000
61284  -3.824  -32.074  61.212 0.0000000000
61293  -3.654  -32.079  60.359 0.0000000000
61304  -4.156  -32.022  59.723 0.0000000000
55486  -2.835  -37.579  55.505 0.0000000000
55525  -2.084  -37.465  53.058 0.0000000000
56791  -1.850  -36.877  53.405 0.0000000000
55563  -2.258  -37.236  51.750 0.0000000000
63193  -7.702  -30.240  76.217 0.0000000000
64304  -7.961  -29.713  76.072 0.0000000000
63203  -7.461  -30.123  75.930 0.0000000000
63210  -7.577  -30.200  75.152 0.0000000000
62159  -7.214  -30.959  75.652 0.0000000000
50859  -3.313  -41.343  71.297 0.0000000000
50854  -2.918  -40.764  71.505 0.0000000000
50858  -2.710  -40.796  71.260 0.0000000000
50875  -1.815  -41.377  68.982 0.0000000000
51930  -2.179  -40.503  70.054 0.0000000000
53047  -2.168  -40.208  69.665 0.0000000000
54146  -1.934  -39.753  69.860 0.0000000000
53059  -2.271  -40.482  69.064 0.0000000000
53070  -1.949  -40.311  68.226 0.0000000000
51953  -2.149  -40.763  67.924 0.0000000000
48854  -2.053  -43.472  66.005 0.0000000000
48870  -2.286  -43.680  64.994 0.0000000000
59094  -34.451  -33.933  58.002 0.0000000000
60239  -34.620  -33.357  58.752 0.0000000000
59068  -33.703  -33.892  60.352 0.0000000000
60224  -33.972  -33.467  60.492 0.0000000000
61298  -34.075  -32.378  59.975 0.0000000000
62314  -34.045  -31.906  59.547 0.0000000000
63357  -34.313  -31.496  60.076 0.0000000000
63356  -34.318  -31.135  59.985 0.0000000000
63343  -33.853  -31.358  60.612 0.0000000000
63342  -33.363  -31.140  60.842 0.0000000000
53199  -28.846  -36.600  59.730 0.0000000000
53104  -28.208  -39.078  66.565 0.0000000000
53118  -27.543  -39.350  65.953 0.0000000000
54225  -29.188  -37.510  64.854 0.0000000000
52040  -27.341  -38.492  63.101 0.0000000000
52018  -27.242  -38.966  64.030 0.0000000000
52039  -26.521  -38.600  63.359 0.0000000000
50979  -25.934  -38.847  62.782 0.0000000000
52102  -26.036  -37.560  61.004 0.0000000000
91414  -46.515  -4.703  47.107 0.0000000000
83228  -44.979  -12.192  46.191 0.0000000000
83233  -45.267  -12.302  45.003 0.0000000000
84201  -44.977  -11.258  45.334 0.0000000000
85215  -45.540  -10.229  44.433 0.0000000000
86265  -45.902  -9.142  44.344 0.0000000000
85216  -46.198  -9.701  43.972 0.0000000000
87261  -45.630  -8.315  44.781 0.0000000000
90371  -45.933  -5.614  47.141 0.0000000000
90385  -45.887  -5.950  45.503 0.0000000000
90386  -46.041  -5.222  46.187 0.0000000000
91431  -46.804  -4.360  45.977 0.0000000000
75884  -43.976  -19.281  52.850 0.0000000000
75866  -44.233  -18.991  53.532 0.0000000000
78025  -43.949  -17.962  56.651 0.0000000000
76954  -44.571  -18.325  56.207 0.0000000000
76929  -41.588  -18.657  57.468 0.0000000000
76930  -42.328  -18.363  57.556 0.0000000000
74702  -36.931  -20.664  53.040 0.0000000000
74718  -37.361  -20.066  52.509 0.0000000000
74760  -39.428  -20.142  50.646 0.0000000000
74739  -40.197  -20.010  51.246 0.0000000000
77019  -42.491  -19.207  52.790 0.0000000000
75899  -41.964  -19.466  52.149 0.0000000000
75900  -42.906  -19.746  52.425 0.0000000000
75901  -43.696  -19.761  52.541 0.0000000000
57807  -18.557  -34.845  63.373 0.0000000000
59049  -18.298  -34.238  62.129 0.0000000000
60222  -16.645  -33.594  60.916 0.0000000000
68019  -1.801  -26.444  57.563 0.0000000000
65731  -0.744  -28.932  56.729 0.0000000000
66897  -1.480  -28.446  56.833 0.0000000000
65733  -1.990  -28.729  56.834 0.0000000000
64520  -3.327  -29.024  57.264 0.0000000000
60190  -6.504  -34.173  62.326 0.0000000000
60207  -6.777  -34.193  61.812 0.0000000000
59042  -6.699  -35.032  61.688 0.0000000000
57844  -5.712  -36.924  59.980 0.0000000000
57880  -5.146  -36.532  58.254 0.0000000000
57879  -4.204  -36.668  58.230 0.0000000000
54310  -3.157  -38.748  58.540 0.0000000000
56701  -4.004  -37.760  58.774 0.0000000000
55442  -2.640  -37.895  58.214 0.0000000000
54325  -2.421  -38.338  57.285 0.0000000000
54308  -1.247  -37.453  57.914 0.0000000000
54323  -1.282  -37.303  57.620 0.0000000000
56737  -2.082  -36.917  57.641 0.0000000000
54336  -1.977  -37.483  57.426 0.0000000000
55473  -2.695  -37.536  56.799 0.0000000000
49056  -5.181  -43.554  54.047 0.0000000000
49061  -4.527  -43.640  53.506 0.0000000000
48018  -4.426  -44.394  53.618 0.0000000000
60026  -7.927  -34.003  76.514 0.0000000000
58884  -7.736  -34.904  75.024 0.0000000000
55243  -6.404  -36.926  73.059 0.0000000000
56469  -6.945  -36.522  74.696 0.0000000000
55238  -6.711  -37.155  74.267 0.0000000000
55237  -5.728  -37.317  73.821 0.0000000000
54128  -5.227  -38.234  73.226 0.0000000000
53039  -7.053  -39.700  71.330 0.0000000000
51927  -6.707  -40.209  70.946 0.0000000000
49805  -5.703  -41.989  71.071 0.0000000000
50857  -5.581  -41.208  71.590 0.0000000000
51921  -5.012  -40.309  71.833 0.0000000000
50856  -4.864  -41.316  71.784 0.0000000000
50855  -4.499  -41.057  71.729 0.0000000000
48785  -4.279  -42.601  70.871 0.0000000000
46746  -3.932  -44.412  68.889 0.0000000000
47778  -3.589  -44.124  69.015 0.0000000000
47777  -3.153  -43.976  68.639 0.0000000000
71296  -36.998  -23.119  58.008 0.0000000000
63396  -33.197  -30.824  57.473 0.0000000000
63397  -33.516  -31.399  57.343 0.0000000000
69122  -33.527  -25.099  57.620 0.0000000000
69143  -32.042  -25.394  56.957 0.0000000000
69144  -32.844  -25.204  56.720 0.0000000000
70212  -36.041  -23.937  58.085 0.0000000000
70224  -35.295  -23.540  56.747 0.0000000000
72420  -36.377  -22.758  57.213 0.0000000000
54196  -21.619  -37.653  66.800 0.0000000000
55307  -21.167  -37.393  67.199 0.0000000000
55319  -21.169  -37.304  66.833 0.0000000000
55329  -20.097  -36.489  66.144 0.0000000000
55330  -20.750  -37.018  65.643 0.0000000000
51989  -25.478  -39.983  66.871 0.0000000000
51988  -24.792  -39.360  67.178 0.0000000000
53101  -24.323  -38.887  66.584 0.0000000000
52060  -24.465  -38.371  63.296 0.0000000000
53144  -23.897  -38.099  63.718 0.0000000000
53129  -23.111  -38.371  65.019 0.0000000000
54211  -22.386  -37.833  65.432 0.0000000000
55332  -22.246  -37.234  64.845 0.0000000000
55360  -20.092  -36.159  63.852 0.0000000000
55344  -20.247  -36.292  64.452 0.0000000000
55375  -19.784  -35.492  63.302 0.0000000000
55392  -20.029  -35.458  62.589 0.0000000000
56670  -20.170  -35.372  60.901 0.0000000000
56669  -19.464  -34.996  60.854 0.0000000000
90422  -48.634  -6.084  39.879 0.0000000000
89388  -48.083  -6.453  39.163 0.0000000000
90428  -48.426  -5.693  39.439 0.0000000000
91476  -48.310  -4.476  37.750 0.0000000000
91477  -48.938  -4.268  38.139 0.0000000000
64419  -4.847  -30.180  63.159 0.0000000000
63317  -4.566  -30.299  62.948 0.0000000000
62279  -3.543  -31.247  62.789 0.0000000000
64392  -5.253  -29.949  65.559 0.0000000000
64406  -5.406  -29.979  64.595 0.0000000000
62255  -4.094  -31.823  64.609 0.0000000000
62264  -3.582  -31.748  63.382 0.0000000000
61252  -4.707  -32.625  63.584 0.0000000000
58996  -5.384  -34.557  64.692 0.0000000000
59012  -5.789  -34.403  64.133 0.0000000000
57788  -6.134  -35.205  64.330 0.0000000000
56608  -6.039  -36.117  63.322 0.0000000000
57801  -5.587  -35.895  64.172 0.0000000000
58975  -4.820  -34.784  65.873 0.0000000000
56586  -3.893  -37.393  63.921 0.0000000000
56606  -4.629  -36.967  63.269 0.0000000000
56604  -3.718  -37.511  62.747 0.0000000000
56623  -3.640  -37.564  62.024 0.0000000000
56622  -3.591  -38.137  62.036 0.0000000000
53163  -2.160  -39.751  62.131 0.0000000000
53164  -2.386  -39.525  61.607 0.0000000000
53175  -2.342  -39.809  61.320 0.0000000000
51038  -2.593  -40.939  60.441 0.0000000000
51022  -2.361  -40.836  61.079 0.0000000000
79107  -47.333  -16.138  49.210 0.0000000000
80106  -48.738  -15.274  49.342 0.0000000000
79098  -48.186  -15.964  50.054 0.0000000000
72391  -39.013  -22.085  59.553 0.0000000000
72547  -44.039  -22.353  47.481 0.0000000000
72566  -44.046  -22.022  46.953 0.0000000000
73648  -44.522  -21.709  47.895 0.0000000000
75942  -44.387  -19.817  49.351 0.0000000000
74784  -43.847  -20.485  48.097 0.0000000000
77047  -43.757  -19.539  48.830 0.0000000000
75947  -42.655  -19.400  47.762 0.0000000000
78100  -43.655  -17.949  49.309 0.0000000000
78101  -44.320  -18.102  49.634 0.0000000000
79096  -46.426  -16.901  50.448 0.0000000000
79105  -45.481  -16.925  49.929 0.0000000000
61136  -10.008  -33.135  74.904 0.0000000000
58895  -9.095  -34.514  73.800 0.0000000000
57683  -9.159  -35.014  73.234 0.0000000000
60056  -10.925  -33.051  72.284 0.0000000000
57702  -9.368  -35.552  70.869 0.0000000000
58913  -9.125  -35.004  71.600 0.0000000000
57701  -9.001  -35.718  71.427 0.0000000000
57700  -8.754  -35.735  71.900 0.0000000000
56493  -9.053  -36.441  70.851 0.0000000000
55258  -8.905  -37.396  70.520 0.0000000000
53072  -9.352  -38.790  68.094 0.0000000000
53063  -8.851  -39.121  68.379 0.0000000000
51969  -8.370  -39.807  67.405 0.0000000000
49857  -7.403  -41.164  66.651 0.0000000000
50920  -8.082  -40.401  66.701 0.0000000000
59018  -17.680  -34.066  63.727 0.0000000000
60155  -17.390  -33.927  64.324 0.0000000000
60153  -15.548  -33.208  64.429 0.0000000000
60154  -16.798  -33.683  64.736 0.0000000000
60133  -16.710  -33.748  65.920 0.0000000000
60174  -13.957  -33.698  63.314 0.0000000000
60173  -13.105  -34.048  63.519 0.0000000000
61215  -13.942  -32.815  66.241 0.0000000000
61227  -14.168  -32.644  65.902 0.0000000000
61217  -14.888  -32.693  66.556 0.0000000000
60119  -15.672  -32.863  66.598 0.0000000000
60102  -15.067  -32.897  67.399 0.0000000000
60090  -15.548  -32.882  68.035 0.0000000000
60089  -13.674  -32.584  68.238 0.0000000000
61204  -14.213  -32.589  68.200 0.0000000000
61197  -13.906  -32.613  68.928 0.0000000000
61196  -13.135  -32.519  69.332 0.0000000000
61188  -12.709  -32.396  70.073 0.0000000000
60082  -12.594  -32.636  69.354 0.0000000000
58947  -10.620  -34.209  67.692 0.0000000000
58936  -10.186  -34.442  68.635 0.0000000000
58935  -9.671  -34.774  68.924 0.0000000000
55355  -11.158  -37.674  63.994 0.0000000000
55342  -11.086  -37.379  64.738 0.0000000000
54222  -10.521  -38.152  64.470 0.0000000000
53126  -9.576  -38.762  65.444 0.0000000000
54221  -10.020  -38.358  65.331 0.0000000000
54207  -10.008  -38.171  66.064 0.0000000000
55303  -10.165  -37.198  67.175 0.0000000000
53098  -9.628  -37.873  66.917 0.0000000000
53097  -9.663  -38.526  67.011 0.0000000000
51997  -9.096  -39.464  66.177 0.0000000000
67958  -2.444  -26.716  61.151 0.0000000000
67957  -1.950  -26.778  61.131 0.0000000000
64467  -2.393  -29.874  60.538 0.0000000000
63361  -1.858  -29.893  59.043 0.0000000000
63348  -1.952  -29.951  59.982 0.0000000000
64480  -1.428  -29.194  59.648 0.0000000000
64490  -1.353  -29.204  58.603 0.0000000000
63373  -1.783  -29.641  58.166 0.0000000000
63390  -4.299  -30.488  57.726 0.0000000000
63391  -5.337  -30.200  57.146 0.0000000000
64502  -4.600  -29.753  57.224 0.0000000000
60221  -6.650  -33.723  60.476 0.0000000000
59087  -7.261  -34.541  58.475 0.0000000000
60229  -7.090  -33.647  59.530 0.0000000000
60237  -7.356  -33.533  58.567 0.0000000000
56756  -4.857  -36.151  56.076 0.0000000000
57942  -4.896  -35.300  55.593 0.0000000000
59120  -5.627  -34.275  55.215 0.0000000000
57943  -6.131  -34.867  55.906 0.0000000000
59121  -6.223  -34.060  56.010 0.0000000000
60244  -7.099  -33.287  57.407 0.0000000000
61322  -7.059  -32.213  57.209 0.0000000000
60251  -6.778  -33.127  55.694 0.0000000000
61343  -5.591  -32.378  54.676 0.0000000000
61344  -6.106  -32.421  54.905 0.0000000000
62353  -6.080  -31.074  55.801 0.0000000000
58874  -6.770  -34.302  76.413 0.0000000000
60016  -7.380  -33.247  77.418 0.0000000000
60019  -6.366  -33.552  76.719 0.0000000000
58877  -4.739  -34.220  75.286 0.0000000000
60025  -5.232  -33.682  75.634 0.0000000000
60024  -4.821  -33.813  75.242 0.0000000000
61116  -5.378  -33.103  74.710 0.0000000000
60035  -4.674  -33.744  74.656 0.0000000000
54129  -3.031  -38.629  72.097 0.0000000000
56471  -3.282  -37.030  73.358 0.0000000000
57689  -3.008  -35.409  72.043 0.0000000000
57690  -3.782  -35.638  72.695 0.0000000000
60045  -4.304  -33.680  73.226 0.0000000000
60052  -4.056  -33.693  72.570 0.0000000000
60053  -4.255  -33.412  72.363 0.0000000000
60071  -2.854  -33.983  70.684 0.0000000000
60073  -3.793  -33.480  71.358 0.0000000000
60072  -3.464  -33.493  70.826 0.0000000000
60079  -3.063  -33.570  69.773 0.0000000000
58925  -3.032  -34.567  69.753 0.0000000000
55289  -2.858  -37.407  67.486 0.0000000000
139072  -3.228  -37.188  67.116 0.0000000000
139074  -2.625  -38.379  66.493 0.0000000000
53080  -1.746  -40.256  67.424 0.0000000000
54180  -1.899  -39.730  67.532 0.0000000000
53095  -1.816  -40.431  66.782 0.0000000000
50966  -2.072  -40.953  64.633 0.0000000000
53125  -1.841  -39.802  65.019 0.0000000000
53139  -2.021  -39.782  64.036 0.0000000000
50987  -2.357  -40.817  63.313 0.0000000000
49944  -3.163  -42.674  61.615 0.0000000000
49943  -2.977  -41.969  61.493 0.0000000000
49958  -3.160  -42.654  61.118 0.0000000000
49979  -3.248  -42.702  60.796 0.0000000000
49959  -3.296  -42.971  60.837 0.0000000000
43558  -2.986  -47.037  65.446 0.0000000000
42536  -2.148  -49.167  63.821 0.0000000000
42521  -2.452  -48.699  64.235 0.0000000000
44711  -2.631  -47.131  64.993 0.0000000000
44727  -2.547  -47.253  64.555 0.0000000000
45779  -2.412  -46.436  64.871 0.0000000000
44745  -2.547  -47.774  62.961 0.0000000000
44764  -2.635  -47.113  62.998 0.0000000000
45830  -3.542  -46.668  61.334 0.0000000000
45848  -3.587  -46.529  61.029 0.0000000000
45864  -3.498  -45.707  60.699 0.0000000000
45865  -3.504  -46.189  60.481 0.0000000000
45877  -3.663  -46.309  59.522 0.0000000000
47985  -4.276  -44.344  59.430 0.0000000000
46953  -4.727  -45.533  58.430 0.0000000000
46954  -5.203  -45.650  57.925 0.0000000000
60163  -33.262  -33.157  64.355 0.0000000000
59034  -32.267  -34.926  62.413 0.0000000000
59051  -32.249  -34.654  61.740 0.0000000000
60180  -32.761  -34.157  63.574 0.0000000000
56633  -31.088  -36.363  62.778 0.0000000000
56634  -31.515  -35.890  62.743 0.0000000000
57837  -31.869  -35.374  61.994 0.0000000000
57778  -30.721  -36.035  65.353 0.0000000000
57794  -30.962  -35.697  64.695 0.0000000000
57780  -31.482  -34.966  65.610 0.0000000000
84191  -47.784  -11.704  48.513 0.0000000000
85191  -48.487  -10.092  48.679 0.0000000000
84185  -48.484  -11.311  49.163 0.0000000000
79115  -45.537  -16.124  48.942 0.0000000000
80111  -44.501  -15.628  48.410 0.0000000000
80113  -46.446  -15.170  48.196 0.0000000000
81203  -46.070  -14.622  47.956 0.0000000000
81211  -46.229  -14.108  47.694 0.0000000000
82231  -46.355  -13.177  47.574 0.0000000000
83222  -47.506  -12.426  48.137 0.0000000000
74661  -39.333  -20.422  57.004 0.0000000000
74643  -39.728  -20.725  58.678 0.0000000000
71322  -35.559  -23.395  54.982 0.0000000000
71323  -36.570  -23.142  55.133 0.0000000000
71324  -37.108  -22.714  55.251 0.0000000000
72451  -37.318  -22.098  54.879 0.0000000000
73533  -37.585  -21.173  54.607 0.0000000000
73520  -37.821  -21.450  55.484 0.0000000000
73521  -38.505  -21.229  55.999 0.0000000000
52110  -2.624  -40.389  60.032 0.0000000000
52111  -3.192  -40.378  59.281 0.0000000000
51040  -3.454  -41.059  59.431 0.0000000000
51063  -4.488  -41.621  58.482 0.0000000000
50047  -5.476  -42.361  57.226 0.0000000000
50026  -5.581  -43.036  57.413 0.0000000000
49036  -5.747  -43.708  57.180 0.0000000000
48002  -5.659  -44.670  57.088 0.0000000000
50903  -7.384  -40.910  67.813 0.0000000000
50890  -7.368  -40.836  68.277 0.0000000000
49856  -6.991  -41.306  67.237 0.0000000000
47810  -6.991  -43.027  66.928 0.0000000000
63340  -32.507  -30.197  60.730 0.0000000000
63353  -32.590  -30.524  59.919 0.0000000000
64475  -32.371  -29.406  60.482 0.0000000000
64474  -31.973  -29.208  60.268 0.0000000000
65687  -31.927  -28.903  60.330 0.0000000000
65703  -32.178  -27.691  59.945 0.0000000000
66849  -32.429  -27.268  60.443 0.0000000000
53068  -26.702  -39.254  69.329 0.0000000000
53180  -24.344  -37.210  61.052 0.0000000000
89349  -47.575  -6.548  43.914 0.0000000000
88289  -47.660  -7.564  43.682 0.0000000000
89355  -47.950  -7.093  43.487 0.0000000000
89356  -48.390  -6.748  43.543 0.0000000000
90400  -49.670  -5.275  44.416 0.0000000000
60085  -3.443  -33.376  68.520 0.0000000000
73565  -46.699  -21.239  52.415 0.0000000000
73575  -42.238  -21.099  50.861 0.0000000000
73596  -41.815  -21.917  50.625 0.0000000000
73597  -42.683  -21.840  50.675 0.0000000000
73598  -43.220  -21.835  50.822 0.0000000000
72482  -43.424  -22.315  50.489 0.0000000000
72483  -44.314  -22.384  50.357 0.0000000000
73578  -44.632  -21.839  51.007 0.0000000000
61178  -12.530  -32.295  71.066 0.0000000000
55317  -20.080  -36.435  67.142 0.0000000000
65742  -4.091  -27.978  56.109 0.0000000000
65743  -4.791  -28.378  55.690 0.0000000000
63315  -3.390  -31.110  61.951 0.0000000000
62291  -3.114  -31.444  61.505 0.0000000000
55526  -2.693  -37.912  53.302 0.0000000000
55549  -2.509  -38.067  52.321 0.0000000000
63194  -8.234  -30.416  76.456 0.0000000000
49812  -2.846  -41.686  69.732 0.0000000000
48792  -2.666  -42.245  69.067 0.0000000000
49826  -2.151  -41.952  68.752 0.0000000000
50876  -2.125  -41.564  68.469 0.0000000000
50889  -2.271  -41.408  67.815 0.0000000000
49855  -2.036  -42.227  67.323 0.0000000000
47829  -2.122  -44.769  65.520 0.0000000000
61275  -34.222  -33.053  61.929 0.0000000000
60214  -34.274  -33.234  60.871 0.0000000000
61276  -34.381  -32.776  61.489 0.0000000000
61277  -34.457  -32.228  61.473 0.0000000000
63327  -34.239  -31.709  61.428 0.0000000000
63326  -33.973  -31.477  61.313 0.0000000000
55452  -30.657  -36.286  59.251 0.0000000000
53133  -29.197  -38.038  63.458 0.0000000000
52020  -28.641  -38.387  63.397 0.0000000000
52063  -26.850  -38.519  62.506 0.0000000000
51000  -26.519  -38.607  61.961 0.0000000000
90372  -46.649  -5.649  47.662 0.0000000000
85201  -45.488  -10.259  46.780 0.0000000000
86248  -45.537  -9.316  46.849 0.0000000000
86256  -45.290  -9.273  46.123 0.0000000000
87256  -45.407  -8.358  45.627 0.0000000000
88279  -45.447  -7.456  45.167 0.0000000000
88277  -45.651  -7.509  46.109 0.0000000000
77003  -42.577  -18.821  53.574 0.0000000000
76992  -43.436  -18.584  54.373 0.0000000000
78043  -43.096  -17.756  55.760 0.0000000000
78005  -43.545  -18.008  57.127 0.0000000000
75881  -38.557  -19.311  53.124 0.0000000000
75882  -39.142  -18.993  53.802 0.0000000000
75897  -39.703  -18.825  52.636 0.0000000000
75917  -40.546  -19.314  51.685 0.0000000000
75898  -41.045  -18.768  52.251 0.0000000000
57849  -18.770  -34.227  60.755 0.0000000000
66884  -1.734  -27.698  57.199 0.0000000000
65719  -1.019  -28.606  57.295 0.0000000000
64497  -0.502  -28.965  57.157 0.0000000000
57829  -6.318  -35.843  62.124 0.0000000000
56667  -5.654  -36.616  60.918 0.0000000000
53221  -3.479  -39.736  57.843 0.0000000000
53233  -3.651  -39.603  56.587 0.0000000000
53232  -3.101  -38.779  56.074 0.0000000000
53246  -3.229  -38.679  55.407 0.0000000000
53247  -3.590  -39.119  55.243 0.0000000000
52237  -3.726  -40.196  53.679 0.0000000000
52260  -3.640  -40.587  53.128 0.0000000000
51171  -3.288  -41.616  52.821 0.0000000000
50093  -3.485  -42.244  53.116 0.0000000000
57675  -8.367  -35.134  74.206 0.0000000000
56470  -7.431  -36.341  74.199 0.0000000000
55244  -7.274  -37.023  73.695 0.0000000000
56483  -6.344  -37.171  72.675 0.0000000000
49814  -5.920  -41.581  69.888 0.0000000000
48787  -5.451  -42.158  69.978 0.0000000000
48786  -5.025  -42.514  70.571 0.0000000000
48795  -4.508  -43.193  70.012 0.0000000000
46747  -4.244  -44.257  68.900 0.0000000000
72406  -36.833  -23.023  59.287 0.0000000000
70190  -36.022  -24.131  59.009 0.0000000000
63394  -32.130  -30.364  57.608 0.0000000000
69102  -32.777  -25.615  58.341 0.0000000000
69123  -34.220  -24.950  57.076 0.0000000000
69105  -35.736  -24.437  58.268 0.0000000000
54175  -22.394  -38.666  68.202 0.0000000000
53102  -26.853  -39.536  66.827 0.0000000000
54251  -23.414  -37.061  62.391 0.0000000000
53156  -23.215  -37.844  63.301 0.0000000000
54236  -22.612  -37.471  63.567 0.0000000000
54223  -22.183  -37.359  64.289 0.0000000000
55362  -21.896  -37.010  63.509 0.0000000000
55377  -21.664  -36.180  63.228 0.0000000000
55393  -20.947  -35.598  62.150 0.0000000000
57834  -20.506  -35.512  61.241 0.0000000000
87296  -46.182  -8.213  40.327 0.0000000000
64391  -4.649  -30.069  65.375 0.0000000000
61238  -4.987  -32.940  64.854 0.0000000000
60148  -4.959  -33.871  64.828 0.0000000000
57757  -4.456  -35.557  66.225 0.0000000000
56551  -4.356  -36.305  65.783 0.0000000000
139080  -3.372  -37.807  63.700 0.0000000000
56603  -3.498  -38.060  62.929 0.0000000000
54244  -2.496  -39.380  62.889 0.0000000000
78097  -48.034  -16.829  50.769 0.0000000000
78091  -48.910  -17.282  51.318 0.0000000000
73619  -44.545  -21.236  49.337 0.0000000000
73636  -44.373  -21.258  48.816 0.0000000000
74776  -44.670  -20.607  49.666 0.0000000000
75943  -44.724  -19.670  50.043 0.0000000000
77042  -44.763  -18.976  49.855 0.0000000000
78102  -45.143  -18.018  49.838 0.0000000000
78094  -45.881  -17.994  50.216 0.0000000000
60048  -9.975  -32.702  73.579 0.0000000000
60065  -10.566  -33.593  71.506 0.0000000000
58905  -9.941  -33.980  71.935 0.0000000000
56494  -9.514  -36.094  70.299 0.0000000000
55265  -9.139  -37.459  69.732 0.0000000000
56511  -9.425  -36.913  69.597 0.0000000000
54170  -9.447  -38.069  68.510 0.0000000000
60194  -16.550  -33.639  62.368 0.0000000000
60150  -12.547  -34.066  63.969 0.0000000000
60151  -13.259  -33.564  64.193 0.0000000000
60117  -13.573  -33.080  66.511 0.0000000000
60100  -12.452  -33.459  67.354 0.0000000000
60087  -11.744  -33.439  68.391 0.0000000000
60099  -11.448  -33.643  67.589 0.0000000000
57758  -10.489  -35.683  66.690 0.0000000000
53128  -10.149  -38.864  63.802 0.0000000000
52009  -9.278  -39.499  65.307 0.0000000000
62308  -2.973  -31.051  59.879 0.0000000000
62320  -2.722  -31.120  59.181 0.0000000000
57864  -6.628  -35.701  59.388 0.0000000000
59073  -6.947  -34.607  59.424 0.0000000000
57882  -6.571  -35.334  58.396 0.0000000000
57902  -6.776  -35.196  57.382 0.0000000000
57965  -4.596  -34.787  54.874 0.0000000000
60255  -5.836  -33.821  54.895 0.0000000000
60256  -6.307  -33.450  55.272 0.0000000000
60266  -5.337  -33.503  54.624 0.0000000000
61341  -3.633  -33.088  53.862 0.0000000000
60264  -3.068  -33.734  53.998 0.0000000000
57668  -5.822  -35.416  75.494 0.0000000000
58878  -5.381  -34.551  75.739 0.0000000000
57673  -5.328  -35.828  74.827 0.0000000000
57672  -4.548  -35.653  74.233 0.0000000000
55255  -2.581  -37.921  71.596 0.0000000000
58900  -3.150  -34.628  71.917 0.0000000000
58911  -3.170  -34.213  71.796 0.0000000000
58910  -3.026  -34.596  71.335 0.0000000000
58919  -2.961  -34.706  70.510 0.0000000000
55288  -2.406  -38.025  67.948 0.0000000000
49885  -1.851  -41.642  65.399 0.0000000000
51996  -1.762  -40.887  66.000 0.0000000000
50950  -1.819  -41.483  64.786 0.0000000000
50967  -2.191  -41.577  64.052 0.0000000000
50988  -2.436  -41.762  62.945 0.0000000000
49929  -3.005  -42.757  62.181 0.0000000000
48940  -3.422  -43.770  61.284 0.0000000000
41525  -2.535  -49.947  63.366 0.0000000000
43630  -1.993  -48.651  63.579 0.0000000000
43648  -2.170  -48.890  62.908 0.0000000000
43668  -2.199  -48.946  62.278 0.0000000000
44822  -3.726  -47.370  59.229 0.0000000000
57871  -32.347  -35.203  59.574 0.0000000000
57872  -33.141  -34.855  59.295 0.0000000000
57854  -33.055  -34.965  59.974 0.0000000000
59067  -33.148  -34.468  60.596 0.0000000000
59053  -33.580  -34.045  61.049 0.0000000000
60212  -33.648  -33.848  61.600 0.0000000000
60197  -33.922  -33.375  61.971 0.0000000000
139045  -28.664  -37.813  62.134 0.0000000000
54282  -28.927  -37.650  61.425 0.0000000000
54283  -29.511  -37.117  60.640 0.0000000000
54284  -30.309  -36.714  60.488 0.0000000000
55415  -30.757  -36.459  61.116 0.0000000000
54285  -30.611  -36.518  60.169 0.0000000000
56694  -31.459  -35.745  59.727 0.0000000000
55349  -29.711  -37.116  64.607 0.0000000000
56596  -30.183  -36.499  65.096 0.0000000000
54226  -29.419  -37.644  64.066 0.0000000000
52021  -29.037  -38.012  62.652 0.0000000000
87250  -47.241  -8.538  48.177 0.0000000000
88269  -47.611  -7.542  48.419 0.0000000000
87244  -48.068  -8.472  48.476 0.0000000000
80121  -44.428  -14.984  47.748 0.0000000000
80120  -43.398  -15.132  47.645 0.0000000000
80132  -42.923  -14.897  46.882 0.0000000000
81217  -43.373  -14.546  46.658 0.0000000000
85196  -46.137  -9.921  47.359 0.0000000000
86244  -46.767  -9.327  47.805 0.0000000000
76950  -41.037  -18.634  56.243 0.0000000000
75830  -41.194  -19.168  57.173 0.0000000000
75812  -41.295  -19.136  58.014 0.0000000000
74653  -40.403  -20.134  57.761 0.0000000000
75811  -40.935  -19.679  58.171 0.0000000000
71334  -35.627  -23.254  54.382 0.0000000000
70256  -34.747  -23.443  53.729 0.0000000000
71351  -34.939  -22.453  53.096 0.0000000000
72468  -35.489  -22.067  52.478 0.0000000000
73560  -36.256  -21.676  52.661 0.0000000000
73547  -36.633  -21.122  53.029 0.0000000000
74704  -38.595  -20.063  53.965 0.0000000000
76988  -39.646  -19.162  54.743 0.0000000000
76989  -40.032  -19.038  54.987 0.0000000000
67975  -1.742  -26.743  60.735 0.0000000000
55389  -4.062  -37.454  61.104 0.0000000000
55410  -4.430  -37.590  60.232 0.0000000000
54276  -3.443  -38.190  60.037 0.0000000000
54311  -3.205  -38.655  59.114 0.0000000000
53208  -3.190  -39.443  58.472 0.0000000000
52134  -3.315  -40.080  58.734 0.0000000000
53209  -3.384  -39.943  58.445 0.0000000000
51155  -4.773  -41.893  54.407 0.0000000000
51156  -5.265  -42.244  54.680 0.0000000000
50083  -5.489  -42.755  54.547 0.0000000000
50067  -6.235  -43.379  56.007 0.0000000000
49057  -5.654  -43.966  54.952 0.0000000000
46974  -5.095  -45.643  54.415 0.0000000000
54139  -8.334  -38.146  71.274 0.0000000000
54138  -7.823  -38.255  71.566 0.0000000000
51933  -7.248  -39.889  70.489 0.0000000000
50877  -6.671  -40.528  69.524 0.0000000000
49830  -6.861  -41.367  68.476 0.0000000000
49816  -6.700  -41.291  68.954 0.0000000000
48810  -6.503  -42.142  68.870 0.0000000000
48798  -6.394  -42.605  68.443 0.0000000000
70188  -34.570  -24.473  60.055 0.0000000000
63383  -33.986  -32.127  58.901 0.0000000000
63398  -33.884  -31.986  58.022 0.0000000000
63381  -33.064  -31.247  58.275 0.0000000000
63380  -32.917  -31.082  58.240 0.0000000000
62312  -32.605  -31.150  59.219 0.0000000000
63379  -32.436  -30.711  58.491 0.0000000000
63378  -31.684  -30.168  58.254 0.0000000000
63377  -30.843  -29.931  58.170 0.0000000000
64491  -30.895  -29.260  58.293 0.0000000000
65723  -31.167  -27.843  58.273 0.0000000000
66876  -31.694  -27.214  58.602 0.0000000000
68011  -31.899  -26.701  58.402 0.0000000000
68012  -32.287  -26.484  58.700 0.0000000000
69087  -32.852  -25.795  59.147 0.0000000000
51975  -24.248  -39.334  68.027 0.0000000000
53168  -23.881  -36.994  62.144 0.0000000000
54264  -23.207  -36.748  61.823 0.0000000000
54279  -22.817  -36.316  61.060 0.0000000000
86303  -46.690  -9.214  40.884 0.0000000000
86296  -48.546  -8.798  42.352 0.0000000000
86305  -48.113  -9.222  41.752 0.0000000000
87298  -47.602  -8.467  40.879 0.0000000000
87297  -46.780  -8.202  40.527 0.0000000000
88307  -47.028  -7.520  40.129 0.0000000000
88319  -47.626  -7.206  39.644 0.0000000000
88320  -48.225  -7.180  39.764 0.0000000000
89372  -48.632  -6.702  40.129 0.0000000000
89365  -49.887  -5.960  43.121 0.0000000000
61213  -3.862  -32.513  66.491 0.0000000000
60114  -4.382  -33.700  66.689 0.0000000000
60096  -3.915  -33.477  67.417 0.0000000000
60097  -4.262  -34.040  67.235 0.0000000000
57742  -4.460  -35.140  66.810 0.0000000000
57755  -2.753  -36.935  65.813 0.0000000000
75936  -46.862  -20.049  51.237 0.0000000000
75920  -47.409  -19.758  51.712 0.0000000000
73566  -47.479  -20.751  52.715 0.0000000000
71381  -41.132  -23.451  49.182 0.0000000000
70330  -43.058  -23.668  47.242 0.0000000000
72523  -43.825  -22.704  48.071 0.0000000000
71403  -44.771  -22.638  48.829 0.0000000000
72503  -44.495  -22.717  49.695 0.0000000000
72504  -44.846  -22.320  49.471 0.0000000000
73620  -45.054  -21.627  49.622 0.0000000000
74765  -45.924  -20.682  50.412 0.0000000000
61139  -12.312  -32.321  73.553 0.0000000000
61164  -11.315  -32.943  71.908 0.0000000000
61163  -10.860  -33.100  71.622 0.0000000000
57718  -9.536  -35.206  69.588 0.0000000000
57831  -13.294  -35.263  61.240 0.0000000000
57830  -12.909  -35.107  61.998 0.0000000000
59029  -13.125  -34.677  62.520 0.0000000000
57817  -12.456  -35.498  62.766 0.0000000000
57816  -12.046  -35.823  63.194 0.0000000000
57804  -11.844  -35.435  63.661 0.0000000000
57789  -11.505  -35.474  64.572 0.0000000000
56609  -11.536  -36.093  64.338 0.0000000000
55343  -11.592  -37.280  64.127 0.0000000000
65663  -3.906  -28.640  60.958 0.0000000000
66827  -3.801  -27.982  60.755 0.0000000000
62300  -2.893  -31.173  60.691 0.0000000000
61303  -3.434  -31.806  59.803 0.0000000000
56739  -3.784  -36.582  56.715 0.0000000000
56740  -4.564  -36.224  56.627 0.0000000000
57940  -2.994  -36.206  54.980 0.0000000000
56773  -2.268  -37.141  53.915 0.0000000000
57984  -2.978  -35.213  53.119 0.0000000000
64315  -8.591  -29.474  75.429 0.0000000000
64328  -8.274  -29.498  74.913 0.0000000000
64327  -7.872  -29.716  75.057 0.0000000000
62173  -7.175  -31.038  74.767 0.0000000000
53028  -3.939  -39.104  72.895 0.0000000000
54126  -3.738  -38.369  73.325 0.0000000000
53032  -3.551  -39.609  72.327 0.0000000000
53031  -3.002  -39.593  71.573 0.0000000000
51931  -2.279  -40.506  70.505 0.0000000000
53038  -2.390  -39.667  70.886 0.0000000000
54137  -2.776  -38.771  71.100 0.0000000000
54148  -2.322  -39.020  70.379 0.0000000000
55263  -2.291  -38.630  69.845 0.0000000000
54158  -2.346  -38.895  69.402 0.0000000000
55272  -2.367  -38.948  68.797 0.0000000000
50917  -1.691  -41.014  66.647 0.0000000000
50902  -1.968  -41.337  67.038 0.0000000000
50918  -2.042  -41.533  66.243 0.0000000000
50934  -1.894  -41.710  65.818 0.0000000000
47868  -2.735  -44.213  63.487 0.0000000000
60245  -34.641  -33.316  57.962 0.0000000000
62339  -34.487  -32.526  58.213 0.0000000000
59091  -33.583  -34.396  59.143 0.0000000000
59081  -34.270  -33.880  59.045 0.0000000000
60225  -33.995  -33.161  60.176 0.0000000000
60233  -34.451  -33.379  59.135 0.0000000000
61308  -34.154  -32.526  59.084 0.0000000000
61309  -34.149  -32.011  58.848 0.0000000000
63384  -34.053  -31.622  58.704 0.0000000000
63355  -33.948  -30.903  60.157 0.0000000000
62296  -33.774  -31.119  60.470 0.0000000000
53103  -27.554  -39.343  66.843 0.0000000000
52017  -26.581  -39.031  64.384 0.0000000000
53131  -28.087  -38.341  64.724 0.0000000000
50999  -25.985  -38.556  61.978 0.0000000000
52083  -25.860  -37.929  61.759 0.0000000000
83240  -45.188  -12.281  43.935 0.0000000000
86271  -46.598  -9.057  43.792 0.0000000000
87263  -46.753  -7.907  44.260 0.0000000000
89347  -46.059  -7.003  44.482 0.0000000000
89348  -46.552  -6.548  44.440 0.0000000000
90391  -46.566  -5.417  44.994 0.0000000000
91436  -47.027  -4.641  45.181 0.0000000000
74706  -44.402  -20.688  52.782 0.0000000000
75885  -44.651  -19.807  53.054 0.0000000000
75867  -44.975  -19.289  53.848 0.0000000000
76973  -44.342  -18.463  55.171 0.0000000000
78023  -42.245  -18.106  56.844 0.0000000000
78004  -42.827  -18.083  57.188 0.0000000000
75918  -41.302  -19.343  51.792 0.0000000000
74740  -41.548  -20.165  51.417 0.0000000000
74741  -42.754  -20.668  51.447 0.0000000000
74722  -43.664  -20.492  52.164 0.0000000000
56591  -18.679  -35.274  63.750 0.0000000000
57806  -18.504  -34.905  63.622 0.0000000000
59019  -18.311  -34.440  63.229 0.0000000000
59032  -17.562  -33.976  62.712 0.0000000000
59048  -17.952  -33.895  61.808 0.0000000000
60195  -17.109  -33.690  61.890 0.0000000000
60209  -15.728  -33.587  61.620 0.0000000000
59046  -15.088  -33.939  61.129 0.0000000000
59060  -14.651  -34.280  60.779 0.0000000000
57846  -14.147  -34.837  60.241 0.0000000000
64522  -5.103  -29.532  56.614 0.0000000000
61286  -5.409  -32.941  61.826 0.0000000000
57899  -4.159  -36.183  57.932 0.0000000000
55427  -4.804  -37.661  59.213 0.0000000000
56684  -4.737  -37.533  58.997 0.0000000000
56683  -3.697  -37.412  58.439 0.0000000000
54309  -2.139  -38.043  57.978 0.0000000000
56699  -2.133  -37.100  58.398 0.0000000000
57878  -3.357  -36.841  58.168 0.0000000000
57897  -2.903  -36.819  57.917 0.0000000000
56719  -2.781  -36.895  57.743 0.0000000000
56720  -3.548  -36.619  57.492 0.0000000000
54366  -3.183  -38.813  54.666 0.0000000000
54365  -2.731  -38.696  53.948 0.0000000000
54385  -3.199  -39.177  52.671 0.0000000000
58875  -7.895  -34.398  76.946 0.0000000000
58879  -6.874  -34.613  76.005 0.0000000000
57670  -7.308  -35.337  75.240 0.0000000000
56464  -6.840  -36.008  75.321 0.0000000000
56463  -6.371  -35.786  75.409 0.0000000000
54124  -5.147  -38.243  73.887 0.0000000000
53027  -4.982  -38.648  74.067 0.0000000000
54133  -7.282  -38.361  72.054 0.0000000000
54132  -6.597  -38.410  72.232 0.0000000000
54131  -5.812  -38.351  72.453 0.0000000000
53034  -5.294  -39.237  72.541 0.0000000000
51920  -4.239  -40.576  71.902 0.0000000000
51925  -3.714  -40.980  71.522 0.0000000000
49802  -3.588  -41.981  71.130 0.0000000000
48794  -3.716  -43.034  70.251 0.0000000000
48793  -3.280  -42.526  69.566 0.0000000000
47763  -3.117  -43.002  68.672 0.0000000000
46764  -2.525  -45.006  66.693 0.0000000000
72422  -38.142  -21.673  57.692 0.0000000000
72390  -38.161  -22.461  59.440 0.0000000000
72389  -37.341  -23.118  59.717 0.0000000000
63406  -33.529  -31.629  56.218 0.0000000000
64508  -33.137  -30.804  56.820 0.0000000000
69166  -33.991  -24.768  55.277 0.0000000000
70236  -34.580  -24.018  55.411 0.0000000000
70223  -34.573  -24.267  56.548 0.0000000000
71307  -35.063  -23.520  55.860 0.0000000000
71308  -36.112  -23.260  56.135 0.0000000000
72432  -36.673  -22.705  56.649 0.0000000000
54182  -21.072  -37.875  68.482 0.0000000000
55306  -20.594  -37.386  67.696 0.0000000000
53077  -26.204  -39.857  68.363 0.0000000000
53086  -26.528  -39.793  67.652 0.0000000000
51976  -25.164  -39.947  67.858 0.0000000000
52014  -24.598  -38.552  65.313 0.0000000000
53130  -23.905  -38.403  64.674 0.0000000000
51998  -24.578  -38.624  65.887 0.0000000000
53100  -23.517  -38.963  66.612 0.0000000000
53099  -22.851  -38.880  66.783 0.0000000000
54197  -22.313  -38.254  66.362 0.0000000000
54210  -21.566  -37.653  65.926 0.0000000000
55346  -21.746  -37.130  64.322 0.0000000000
56575  -20.592  -36.483  65.150 0.0000000000
56593  -19.815  -35.969  64.616 0.0000000000
56615  -19.395  -35.818  63.968 0.0000000000
56614  -19.094  -35.468  63.581 0.0000000000
57833  -18.597  -34.481  61.997 0.0000000000
56648  -19.652  -35.212  61.675 0.0000000000
89387  -47.400  -6.138  39.240 0.0000000000
90435  -47.274  -5.420  38.731 0.0000000000
90445  -47.859  -4.957  38.392 0.0000000000
90444  -47.312  -4.861  38.010 0.0000000000
92512  -48.519  -3.705  36.685 0.0000000000
64435  -4.095  -30.104  62.155 0.0000000000
62278  -3.098  -31.779  62.393 0.0000000000
61250  -3.176  -32.115  62.540 0.0000000000
63291  -4.469  -30.435  64.671 0.0000000000
61270  -5.421  -33.011  62.865 0.0000000000
60189  -5.867  -33.907  63.047 0.0000000000
59026  -5.990  -34.405  63.542 0.0000000000
57815  -6.299  -35.857  63.005 0.0000000000
56625  -4.381  -36.740  62.227 0.0000000000
58995  -5.012  -34.558  65.280 0.0000000000
57786  -5.296  -34.975  65.114 0.0000000000
56569  -4.848  -36.249  65.211 0.0000000000
57770  -5.234  -35.815  65.146 0.0000000000
56588  -5.221  -36.116  64.489 0.0000000000
56643  -4.148  -37.173  61.301 0.0000000000
55373  -3.920  -37.144  61.722 0.0000000000
55408  -3.172  -37.991  60.686 0.0000000000
55386  -3.056  -38.747  62.077 0.0000000000
53176  -2.488  -39.379  61.104 0.0000000000
53190  -2.496  -39.702  60.509 0.0000000000
51060  -3.205  -41.679  59.921 0.0000000000
49998  -3.338  -41.948  59.833 0.0000000000
80115  -48.031  -15.036  48.699 0.0000000000
81205  -48.663  -14.332  48.904 0.0000000000
81198  -49.011  -14.773  49.274 0.0000000000
75887  -46.033  -19.775  53.924 0.0000000000
73493  -38.641  -21.717  58.359 0.0000000000
73484  -39.541  -21.220  59.294 0.0000000000
72575  -43.632  -22.376  46.023 0.0000000000
74811  -43.690  -21.681  46.213 0.0000000000
74794  -44.392  -21.296  47.817 0.0000000000
74803  -43.940  -21.563  47.029 0.0000000000
74802  -43.422  -20.834  46.565 0.0000000000
75955  -42.869  -20.085  47.201 0.0000000000
75954  -42.355  -19.532  47.364 0.0000000000
77045  -42.391  -18.859  47.928 0.0000000000
78107  -42.999  -17.905  48.705 0.0000000000
79117  -47.201  -15.533  48.664 0.0000000000
58894  -8.653  -34.974  74.085 0.0000000000
57682  -8.495  -35.366  73.513 0.0000000000
61138  -11.384  -32.430  73.984 0.0000000000
61150  -10.558  -32.538  73.443 0.0000000000
58904  -9.367  -34.568  72.520 0.0000000000
57692  -8.758  -35.330  72.467 0.0000000000
56485  -8.507  -36.100  72.223 0.0000000000
55257  -8.433  -37.307  71.365 0.0000000000
54140  -8.619  -38.069  70.876 0.0000000000
54149  -8.310  -38.818  69.843 0.0000000000
54160  -8.889  -38.196  69.111 0.0000000000
53062  -8.566  -39.047  68.821 0.0000000000
51942  -8.148  -39.722  68.529 0.0000000000
50904  -7.629  -40.483  67.407 0.0000000000
57773  -18.251  -34.960  65.122 0.0000000000
58979  -18.026  -34.604  65.810 0.0000000000
59000  -17.258  -34.239  65.403 0.0000000000
60104  -16.859  -33.695  67.728 0.0000000000
60131  -14.715  -32.848  65.253 0.0000000000
60091  -16.421  -33.065  68.159 0.0000000000
61199  -16.042  -32.734  68.724 0.0000000000
61198  -14.980  -32.698  68.696 0.0000000000
61187  -11.874  -32.458  70.448 0.0000000000
57717  -9.557  -34.870  69.340 0.0000000000
57730  -9.984  -35.849  68.928 0.0000000000
57772  -10.950  -35.424  65.803 0.0000000000
57771  -10.552  -35.911  66.240 0.0000000000
56553  -10.414  -36.228  66.698 0.0000000000
54208  -10.543  -37.877  65.519 0.0000000000
55315  -10.516  -37.113  66.572 0.0000000000
56554  -10.356  -36.681  66.936 0.0000000000
56526  -10.023  -36.491  68.380 0.0000000000
55277  -9.813  -36.734  68.511 0.0000000000
54172  -9.883  -37.725  67.728 0.0000000000
53081  -9.594  -38.682  67.468 0.0000000000
51984  -8.913  -39.638  66.802 0.0000000000
50936  -8.735  -40.405  65.889 0.0000000000
65662  -2.759  -28.734  61.018 0.0000000000
65661  -1.988  -28.866  60.957 0.0000000000
64466  -1.829  -29.332  60.613 0.0000000000
65695  -1.443  -28.407  59.571 0.0000000000
65694  -1.178  -28.650  59.145 0.0000000000
65706  -1.192  -28.709  58.737 0.0000000000
64498  -1.184  -29.033  57.436 0.0000000000
64499  -1.703  -29.214  57.198 0.0000000000
63389  -3.063  -30.278  57.731 0.0000000000
64500  -2.660  -29.420  57.454 0.0000000000
61296  -6.789  -33.034  60.178 0.0000000000
61314  -5.894  -31.720  58.806 0.0000000000
57920  -5.275  -35.928  56.579 0.0000000000
57922  -6.729  -34.874  56.551 0.0000000000
62324  -6.201  -31.381  58.343 0.0000000000
62335  -7.026  -31.734  57.820 0.0000000000
62334  -6.549  -31.373  57.551 0.0000000000
61336  -6.666  -32.735  55.642 0.0000000000
62354  -6.374  -31.956  55.778 0.0000000000
62365  -4.267  -31.176  53.799 0.0000000000
61360  -3.999  -32.597  53.627 0.0000000000
61359  -3.518  -32.623  53.217 0.0000000000
62146  -7.978  -32.160  77.341 0.0000000000
62145  -7.493  -31.902  77.270 0.0000000000
62144  -6.736  -31.917  77.057 0.0000000000
58873  -5.928  -34.020  76.153 0.0000000000
61096  -5.815  -32.935  76.287 0.0000000000
62147  -6.605  -31.669  76.200 0.0000000000
61103  -6.194  -32.451  75.559 0.0000000000
61117  -6.169  -32.249  74.738 0.0000000000
62171  -5.669  -32.089  74.011 0.0000000000
55241  -3.637  -37.475  73.516 0.0000000000
57671  -4.175  -36.100  73.648 0.0000000000
57680  -4.300  -35.555  73.392 0.0000000000
56480  -3.176  -36.577  72.785 0.0000000000
57691  -4.182  -35.590  72.963 0.0000000000
58893  -4.379  -34.861  73.610 0.0000000000
61133  -4.596  -33.388  73.722 0.0000000000
62183  -5.728  -32.340  73.471 0.0000000000
61135  -5.697  -32.500  73.007 0.0000000000
61148  -5.103  -32.727  72.549 0.0000000000
61161  -5.174  -32.639  71.583 0.0000000000
60063  -3.493  -33.765  71.783 0.0000000000
61174  -5.352  -32.371  70.452 0.0000000000
61185  -4.386  -32.351  69.692 0.0000000000
57716  -3.493  -34.754  68.544 0.0000000000
57715  -3.229  -35.410  68.852 0.0000000000
57726  -3.428  -35.722  68.146 0.0000000000
56524  -3.498  -35.824  67.697 0.0000000000
56538  -3.465  -36.168  67.387 0.0000000000
56537  -3.448  -36.758  66.973 0.0000000000
55326  -2.686  -38.139  65.365 0.0000000000
55287  -2.085  -38.875  68.203 0.0000000000
55302  -2.447  -39.061  67.347 0.0000000000
53112  -2.064  -40.256  65.946 0.0000000000
139071  -2.533  -38.081  67.042 0.0000000000
54230  -2.410  -39.253  63.723 0.0000000000
53151  -2.225  -39.840  63.131 0.0000000000
51007  -2.686  -41.452  62.240 0.0000000000
51006  -2.466  -40.714  61.984 0.0000000000
49956  -2.657  -41.383  60.659 0.0000000000
48977  -3.288  -42.198  60.199 0.0000000000
49000  -3.868  -43.135  59.540 0.0000000000
45717  -2.647  -45.275  66.867 0.0000000000
45733  -2.430  -45.850  66.130 0.0000000000
41507  -3.062  -48.958  64.098 0.0000000000
42508  -2.973  -48.092  64.606 0.0000000000
43578  -2.820  -47.301  65.078 0.0000000000
44710  -2.366  -46.631  65.687 0.0000000000
46780  -2.428  -45.758  66.055 0.0000000000
47828  -2.233  -45.323  65.597 0.0000000000
46831  -2.301  -45.655  64.881 0.0000000000
44744  -2.301  -47.576  63.731 0.0000000000
46847  -2.352  -45.598  64.173 0.0000000000
46864  -2.526  -45.431  63.183 0.0000000000
46882  -2.867  -45.356  62.216 0.0000000000
43669  -2.621  -48.526  61.712 0.0000000000
44783  -3.157  -47.680  61.577 0.0000000000
45829  -3.371  -46.490  61.713 0.0000000000
45846  -3.212  -45.668  61.428 0.0000000000
46898  -3.044  -44.967  61.645 0.0000000000
47946  -2.822  -45.214  61.432 0.0000000000
46914  -3.381  -45.374  60.904 0.0000000000
47948  -3.438  -44.427  60.935 0.0000000000
46929  -3.755  -45.218  59.840 0.0000000000
47971  -3.722  -44.044  60.251 0.0000000000
49018  -4.656  -43.606  58.962 0.0000000000
47992  -5.263  -44.660  57.997 0.0000000000
47993  -5.424  -45.120  57.630 0.0000000000
45930  -5.529  -46.635  55.485 0.0000000000
40467  -2.795  -51.546  62.274 0.0000000000
43649  -2.365  -48.297  62.519 0.0000000000
44691  -1.948  -46.911  65.984 0.0000000000
44692  -2.555  -46.781  65.745 0.0000000000
44766  -3.477  -47.100  61.638 0.0000000000
45734  -2.595  -46.037  66.262 0.0000000000
45756  -2.450  -46.405  65.781 0.0000000000
45863  -3.162  -45.579  61.215 0.0000000000
45875  -3.245  -45.781  61.044 0.0000000000
45876  -3.359  -45.838  60.860 0.0000000000
46753  -2.679  -44.665  67.268 0.0000000000
46806  -2.321  -45.813  65.622 0.0000000000
46807  -2.266  -45.505  65.413 0.0000000000
46830  -2.290  -45.930  65.275 0.0000000000
46865  -2.791  -44.965  62.753 0.0000000000
46883  -2.983  -44.792  62.241 0.0000000000
46899  -3.125  -44.668  61.948 0.0000000000
46913  -2.909  -45.473  61.377 0.0000000000
46927  -2.929  -45.663  61.260 0.0000000000
46928  -3.202  -45.530  60.980 0.0000000000
47768  -6.334  -43.009  68.420 0.0000000000
47769  -6.294  -42.704  68.165 0.0000000000
47887  -2.641  -44.719  63.276 0.0000000000
47888  -2.865  -44.384  62.882 0.0000000000
47925  -3.162  -44.982  61.325 0.0000000000
47926  -3.250  -44.557  61.645 0.0000000000
47947  -2.971  -45.002  61.264 0.0000000000
47969  -2.621  -45.246  61.202 0.0000000000
47970  -2.840  -45.350  61.125 0.0000000000
48001  -5.427  -44.218  57.528 0.0000000000
48012  -4.297  -44.726  53.793 0.0000000000
48784  -3.779  -42.375  70.926 0.0000000000
48808  -2.441  -42.634  68.306 0.0000000000
48809  -2.315  -42.426  68.081 0.0000000000
48812  -6.541  -41.741  67.948 0.0000000000
48890  -2.783  -43.941  63.277 0.0000000000
48922  -3.156  -43.531  62.305 0.0000000000
48939  -3.351  -43.534  61.682 0.0000000000
48954  -3.289  -43.189  61.324 0.0000000000
48976  -3.188  -41.960  60.214 0.0000000000
48998  -3.234  -41.974  60.031 0.0000000000
48999  -3.469  -42.365  59.890 0.0000000000
49019  -5.110  -43.796  58.302 0.0000000000
49049  -6.189  -43.482  56.243 0.0000000000
49059  -3.397  -42.537  52.919 0.0000000000
49800  -5.006  -41.660  71.613 0.0000000000
49804  -4.815  -41.935  71.444 0.0000000000
49810  -2.067  -41.547  69.284 0.0000000000
49811  -2.223  -41.676  69.312 0.0000000000
49813  -3.358  -41.898  70.531 0.0000000000
49815  -6.376  -41.346  69.312 0.0000000000
49825  -1.988  -41.591  69.129 0.0000000000
49827  -2.305  -42.211  68.207 0.0000000000
49828  -6.370  -41.901  69.216 0.0000000000
49829  -6.561  -41.729  68.829 0.0000000000
49841  -2.234  -42.049  68.002 0.0000000000
49842  -2.231  -42.358  67.887 0.0000000000
49843  -6.978  -41.429  67.874 0.0000000000
49872  -2.227  -41.912  65.952 0.0000000000
49887  -2.179  -41.957  65.707 0.0000000000
49899  -1.686  -41.571  64.947 0.0000000000
49928  -2.603  -42.510  62.741 0.0000000000
49957  -2.925  -41.891  60.849 0.0000000000
49977  -3.087  -41.772  60.231 0.0000000000
49978  -3.213  -42.297  60.562 0.0000000000
50025  -5.160  -42.794  58.083 0.0000000000
50048  -5.973  -42.772  56.592 0.0000000000
50049  -6.264  -43.187  56.202 0.0000000000
50853  -2.738  -40.621  71.439 0.0000000000
50860  -4.241  -41.293  71.583 0.0000000000
50861  -4.673  -41.550  71.641 0.0000000000
50863  -2.001  -41.355  69.281 0.0000000000
50865  -2.683  -41.088  70.566 0.0000000000
50868  -6.581  -40.873  69.232 0.0000000000
50869  -6.941  -40.963  68.948 0.0000000000
50888  -2.051  -41.144  68.496 0.0000000000
50891  -7.667  -40.301  68.068 0.0000000000
50901  -1.719  -41.023  66.930 0.0000000000
50919  -1.942  -41.848  66.016 0.0000000000
50935  -2.003  -41.821  65.681 0.0000000000
50949  -1.627  -41.023  65.176 0.0000000000
50951  -8.915  -40.503  64.661 0.0000000000
50989  -2.708  -42.117  62.466 0.0000000000
51008  -2.991  -42.082  62.057 0.0000000000
51017  -26.645  -37.963  61.505 0.0000000000
51039  -3.030  -41.177  59.916 0.0000000000
51923  -2.019  -40.202  70.437 0.0000000000
51924  -2.305  -40.382  70.860 0.0000000000
51926  -3.905  -40.821  71.634 0.0000000000
51929  -1.954  -40.876  69.379 0.0000000000
51939  -6.822  -40.264  69.487 0.0000000000
51940  -7.086  -39.900  69.474 0.0000000000
51941  -7.553  -39.780  68.944 0.0000000000
51943  -8.572  -39.371  68.432 0.0000000000
51954  -2.188  -41.044  67.503 0.0000000000
51956  -8.655  -39.444  68.040 0.0000000000
51968  -2.027  -40.837  67.327 0.0000000000
51983  -1.529  -40.774  66.677 0.0000000000
51985  -9.548  -39.141  67.131 0.0000000000
52041  -28.103  -38.565  63.093 0.0000000000
52048  -2.127  -40.178  63.472 0.0000000000
52049  -2.514  -41.662  62.750 0.0000000000
52050  -2.593  -41.822  62.594 0.0000000000
52064  -27.155  -38.458  62.677 0.0000000000
52070  -2.604  -41.586  62.529 0.0000000000
52109  -2.461  -40.354  60.797 0.0000000000
52112  -3.474  -40.735  59.160 0.0000000000
52177  -4.057  -40.135  56.785 0.0000000000
53026  -4.766  -38.790  73.941 0.0000000000
53029  -4.549  -39.035  73.366 0.0000000000
53036  -7.086  -38.931  71.994 0.0000000000
53037  -1.949  -39.950  70.554 0.0000000000
53041  -8.158  -38.603  71.045 0.0000000000
53042  -8.452  -38.386  71.009 0.0000000000
53048  -1.745  -39.921  70.139 0.0000000000
53052  -8.416  -38.476  70.707 0.0000000000
53060  -7.586  -39.605  69.452 0.0000000000
53073  -9.742  -38.246  67.706 0.0000000000
53076  -23.024  -39.045  68.377 0.0000000000
53082  -9.664  -38.073  67.356 0.0000000000
53116  -24.518  -38.673  66.168 0.0000000000
53145  -27.740  -38.374  62.390 0.0000000000
53146  -29.453  -37.939  62.973 0.0000000000
53158  -27.124  -38.513  62.412 0.0000000000
53220  -2.792  -38.939  57.280 0.0000000000
53273  -3.997  -39.670  54.679 0.0000000000
53294  -3.285  -39.098  52.886 0.0000000000
54122  -3.993  -37.886  73.667 0.0000000000
54123  -4.669  -38.219  73.905 0.0000000000
54130  -3.511  -38.763  72.688 0.0000000000
54147  -1.955  -39.413  69.919 0.0000000000
54150  -8.563  -38.249  70.073 0.0000000000
54168  -2.463  -38.039  67.514 0.0000000000
54185  -22.927  -38.760  67.516 0.0000000000
54192  -9.654  -38.645  66.608 0.0000000000
54193  -9.718  -38.179  66.620 0.0000000000
54195  -21.135  -37.328  66.594 0.0000000000
54206  -9.712  -38.452  66.299 0.0000000000
54220  -9.741  -38.499  65.863 0.0000000000
54235  -22.151  -37.398  64.006 0.0000000000
54238  -30.044  -37.282  62.725 0.0000000000
54247  -21.559  -35.780  62.938 0.0000000000
54258  -2.610  -39.254  62.088 0.0000000000
54259  -2.537  -39.215  61.502 0.0000000000
54262  -21.742  -36.238  62.239 0.0000000000
54265  -23.510  -36.840  62.129 0.0000000000
54273  -2.693  -38.942  61.657 0.0000000000
54274  -2.549  -38.822  61.154 0.0000000000
54293  -3.301  -38.454  59.525 0.0000000000
54302  -30.395  -36.524  59.886 0.0000000000
54316  -29.637  -36.493  59.444 0.0000000000
54317  -30.098  -36.479  59.624 0.0000000000
54324  -1.983  -37.960  57.632 0.0000000000
54335  -1.447  -37.202  57.499 0.0000000000
54347  -3.255  -38.675  55.118 0.0000000000
55240  -3.245  -37.523  73.086 0.0000000000
55246  -6.072  -37.689  72.443 0.0000000000
55249  -8.273  -36.731  72.011 0.0000000000
55266  -9.700  -36.459  69.202 0.0000000000
55275  -9.403  -37.316  68.985 0.0000000000
55290  -9.680  -37.417  68.407 0.0000000000
55291  -9.845  -37.262  68.169 0.0000000000
55292  -9.999  -37.156  67.872 0.0000000000
55341  -3.693  -37.551  63.773 0.0000000000
55347  -22.213  -37.308  64.525 0.0000000000
55354  -3.755  -37.529  63.541 0.0000000000
55357  -12.346  -37.876  62.735 0.0000000000
55371  -3.353  -38.438  62.374 0.0000000000
55372  -3.658  -37.565  61.561 0.0000000000
55378  -22.102  -36.678  62.939 0.0000000000
55379  -22.336  -36.953  62.727 0.0000000000
55380  -29.152  -37.667  62.241 0.0000000000
55381  -29.351  -37.500  61.978 0.0000000000
55387  -3.368  -38.379  61.960 0.0000000000
55388  -3.675  -37.637  61.135 0.0000000000
55390  -4.448  -37.408  60.939 0.0000000000
55396  -22.118  -36.368  61.441 0.0000000000
55397  -29.114  -37.567  61.985 0.0000000000
55406  -2.809  -38.532  61.478 0.0000000000
55407  -2.702  -38.251  61.001 0.0000000000
55409  -3.881  -37.835  60.335 0.0000000000
55414  -22.093  -36.157  61.292 0.0000000000
55416  -30.838  -36.341  60.457 0.0000000000
55423  -2.585  -38.616  60.806 0.0000000000
55426  -4.452  -37.734  59.453 0.0000000000
55433  -30.902  -36.325  59.921 0.0000000000
55440  -0.946  -37.073  58.192 0.0000000000
55441  -1.545  -37.384  58.231 0.0000000000
55443  -3.544  -38.271  58.794 0.0000000000
55444  -4.185  -37.884  59.089 0.0000000000
55445  -4.588  -37.732  59.149 0.0000000000
55458  -1.071  -36.897  57.749 0.0000000000
55459  -1.544  -36.861  57.716 0.0000000000
55471  -1.216  -37.061  57.562 0.0000000000
55472  -1.746  -37.158  57.513 0.0000000000
56465  -7.319  -36.025  74.900 0.0000000000
56472  -3.703  -36.650  73.507 0.0000000000
56473  -5.957  -37.348  72.625 0.0000000000
56474  -6.054  -37.131  72.728 0.0000000000
56476  -8.328  -35.914  72.804 0.0000000000
56482  -6.208  -37.362  72.590 0.0000000000
56503  -9.799  -36.238  69.359 0.0000000000
56512  -9.534  -36.845  69.243 0.0000000000
56513  -9.935  -36.219  68.951 0.0000000000
56539  -10.285  -36.084  67.289 0.0000000000
56552  -4.712  -35.960  65.764 0.0000000000
56570  -5.312  -35.973  64.948 0.0000000000
56571  -10.484  -36.082  66.437 0.0000000000
56572  -10.639  -36.431  66.161 0.0000000000
56590  -11.498  -36.943  64.424 0.0000000000
56594  -20.386  -36.259  64.859 0.0000000000
56597  -30.492  -36.119  64.704 0.0000000000
56605  -3.990  -37.284  62.970 0.0000000000
56607  -5.443  -36.354  63.593 0.0000000000
56616  -30.041  -36.800  64.413 0.0000000000
56627  -5.947  -36.299  62.739 0.0000000000
56628  -11.873  -36.037  63.385 0.0000000000
56631  -18.775  -35.197  63.347 0.0000000000
56640  -3.244  -38.359  61.749 0.0000000000
56641  -3.322  -38.149  61.587 0.0000000000
56642  -3.472  -37.850  61.433 0.0000000000
56651  -21.755  -36.155  61.598 0.0000000000
56652  -21.936  -36.409  61.600 0.0000000000
56654  -31.626  -35.903  62.419 0.0000000000
56662  -3.026  -38.438  61.657 0.0000000000
56664  -2.856  -38.050  60.897 0.0000000000
56673  -21.923  -36.219  61.445 0.0000000000
56681  -2.448  -37.164  58.507 0.0000000000
56682  -2.898  -37.142  58.392 0.0000000000
56685  -4.785  -37.477  59.239 0.0000000000
56698  -1.249  -37.031  58.415 0.0000000000
56702  -4.567  -37.695  58.918 0.0000000000
56703  -4.830  -37.679  59.004 0.0000000000
56717  -1.249  -36.836  58.208 0.0000000000
57666  -6.583  -34.634  75.983 0.0000000000
57669  -6.665  -35.124  75.716 0.0000000000
57674  -7.820  -35.423  74.447 0.0000000000
57679  -3.960  -35.979  73.213 0.0000000000
57681  -7.863  -35.866  73.867 0.0000000000
57727  -3.671  -35.165  68.044 0.0000000000
57728  -9.535  -34.890  69.101 0.0000000000
57729  -9.661  -35.162  68.762 0.0000000000
57744  -10.702  -34.558  67.306 0.0000000000
57790  -11.646  -35.068  64.226 0.0000000000
57793  -30.561  -35.984  64.919 0.0000000000
57802  -6.117  -35.638  63.820 0.0000000000
57803  -11.605  -35.879  64.054 0.0000000000
57805  -12.287  -35.028  63.262 0.0000000000
57819  -18.588  -35.097  63.472 0.0000000000
57820  -18.650  -34.806  63.032 0.0000000000
57821  -31.426  -35.851  62.979 0.0000000000
57832  -18.301  -34.142  61.725 0.0000000000
57835  -20.768  -35.546  61.346 0.0000000000
57850  -20.706  -35.504  61.108 0.0000000000
57859  -2.627  -37.089  58.460 0.0000000000
57860  -3.150  -37.082  58.334 0.0000000000
57861  -4.080  -37.141  58.365 0.0000000000
57870  -31.865  -35.267  60.154 0.0000000000
57877  -2.612  -36.930  58.250 0.0000000000
57944  -6.459  -34.509  56.249 0.0000000000
58870  -7.124  -33.868  77.169 0.0000000000
58872  -8.227  -33.851  77.201 0.0000000000
58902  -4.328  -35.095  72.836 0.0000000000
58912  -8.822  -35.246  71.853 0.0000000000
58927  -9.738  -34.673  69.165 0.0000000000
58949  -11.743  -33.761  67.206 0.0000000000
58988  -31.453  -34.899  65.901 0.0000000000
58997  -5.987  -34.860  64.478 0.0000000000
58998  -11.603  -34.891  64.519 0.0000000000
59014  -12.322  -34.653  63.638 0.0000000000
59017  -17.113  -33.841  63.392 0.0000000000
59028  -6.614  -34.550  62.127 0.0000000000
59043  -6.735  -34.418  61.833 0.0000000000
59044  -13.466  -34.649  61.896 0.0000000000
59050  -31.756  -34.905  61.430 0.0000000000
59082  -34.360  -33.895  58.806 0.0000000000
59088  -7.425  -34.245  58.864 0.0000000000
59136  -5.197  -34.245  54.709 0.0000000000
60015  -6.657  -33.084  77.297 0.0000000000
60017  -8.052  -33.385  77.310 0.0000000000
60018  -5.789  -33.273  76.264 0.0000000000
60020  -8.276  -34.172  76.833 0.0000000000
60027  -8.320  -33.818  76.259 0.0000000000
60036  -4.989  -33.616  75.104 0.0000000000
60046  -4.388  -34.053  73.809 0.0000000000
60064  -4.072  -33.508  71.852 0.0000000000
60098  -10.934  -33.784  67.558 0.0000000000
60128  -11.691  -33.947  64.937 0.0000000000
60149  -5.414  -33.880  64.310 0.0000000000
60171  -5.672  -33.966  63.775 0.0000000000
60172  -12.698  -34.342  63.576 0.0000000000
60177  -17.196  -33.696  64.079 0.0000000000
60191  -6.795  -34.237  61.994 0.0000000000
60198  -34.229  -33.237  61.487 0.0000000000
60211  -17.084  -33.548  61.190 0.0000000000
60223  -16.860  -33.589  60.737 0.0000000000
60230  -7.509  -33.959  59.034 0.0000000000
60232  -34.134  -33.384  59.539 0.0000000000
60238  -7.557  -34.077  58.732 0.0000000000
60246  -34.721  -33.006  58.065 0.0000000000
60257  -6.618  -32.968  55.526 0.0000000000
60277  -2.205  -33.771  53.339 0.0000000000
61094  -7.020  -32.502  77.434 0.0000000000
61095  -7.699  -32.636  77.419 0.0000000000
61097  -6.198  -32.677  76.571 0.0000000000
61132  -4.387  -33.452  73.294 0.0000000000
61134  -5.148  -32.695  73.493 0.0000000000
61146  -4.268  -33.407  73.068 0.0000000000
61172  -3.703  -33.130  70.637 0.0000000000
61216  -14.342  -32.783  66.393 0.0000000000
61226  -13.752  -32.836  66.024 0.0000000000
61262  -34.478  -32.060  61.807 0.0000000000
61287  -34.274  -32.814  60.488 0.0000000000
61302  -3.141  -31.523  59.856 0.0000000000
61307  -34.343  -33.036  59.396 0.0000000000
61316  -7.005  -31.843  58.116 0.0000000000
61317  -34.616  -33.000  58.830 0.0000000000
61318  -34.371  -32.580  58.494 0.0000000000
61324  -34.540  -32.957  57.879 0.0000000000
61325  -34.527  -32.808  58.123 0.0000000000
61329  -6.853  -32.526  55.963 0.0000000000
61330  -6.825  -32.900  55.731 0.0000000000
61335  -6.428  -32.601  55.342 0.0000000000
62219  -4.662  -31.727  68.117 0.0000000000
62286  -34.416  -31.903  61.604 0.0000000000
62295  -33.576  -31.055  60.597 0.0000000000
62297  -34.372  -31.970  61.059 0.0000000000
62301  -33.770  -30.915  60.332 0.0000000000
62303  -34.297  -32.239  60.372 0.0000000000
62310  -3.773  -31.481  59.341 0.0000000000
62313  -32.744  -31.318  59.103 0.0000000000
62315  -34.332  -31.732  58.943 0.0000000000
62325  -6.784  -31.628  58.112 0.0000000000
62326  -32.560  -31.181  58.996 0.0000000000
62327  -32.729  -31.283  58.829 0.0000000000
62329  -34.126  -32.204  58.598 0.0000000000
63265  -4.507  -31.068  66.373 0.0000000000
63302  -5.160  -30.233  64.072 0.0000000000
63364  -32.444  -30.944  59.270 0.0000000000
63369  -34.298  -31.683  59.076 0.0000000000
63376  -4.127  -30.899  58.194 0.0000000000
63387  -1.699  -29.357  57.662 0.0000000000
64479  -1.274  -28.828  59.378 0.0000000000
64517  -0.572  -29.123  56.897 0.0000000000
64518  -0.986  -29.168  56.821 0.0000000000
64519  -1.377  -29.069  56.769 0.0000000000
65718  -0.524  -28.844  56.897 0.0000000000
65721  -2.671  -28.857  57.204 0.0000000000
65732  -1.188  -28.908  56.678 0.0000000000
66856  -1.176  -28.237  58.912 0.0000000000
66869  -1.293  -28.375  58.498 0.0000000000
66896  -1.004  -28.760  56.703 0.0000000000
69091  -36.038  -24.391  58.910 0.0000000000
69106  -35.959  -24.412  58.347 0.0000000000
69124  -35.852  -24.415  57.872 0.0000000000
69125  -36.057  -24.484  58.156 0.0000000000
70200  -36.081  -23.936  58.703 0.0000000000
70248  -35.621  -23.170  54.159 0.0000000000
70281  -40.943  -23.521  49.080 0.0000000000
70282  -41.204  -23.629  49.402 0.0000000000
70293  -41.248  -23.642  48.902 0.0000000000
70294  -42.768  -23.523  48.646 0.0000000000
70295  -43.178  -23.377  48.671 0.0000000000
70312  -43.071  -23.444  48.172 0.0000000000
70331  -43.162  -23.454  46.872 0.0000000000
71282  -37.091  -22.971  58.221 0.0000000000
71295  -36.595  -23.223  57.746 0.0000000000
71342  -36.631  -22.468  53.878 0.0000000000
71346  -36.439  -22.398  53.535 0.0000000000
71366  -40.979  -23.729  49.414 0.0000000000
71382  -41.401  -23.404  49.185 0.0000000000
71386  -44.720  -22.938  49.191 0.0000000000
71420  -43.269  -23.108  47.718 0.0000000000
71421  -43.169  -23.330  47.138 0.0000000000
71443  -43.216  -23.082  46.747 0.0000000000
72388  -36.914  -23.218  59.533 0.0000000000
72409  -38.658  -21.749  58.019 0.0000000000
72419  -36.085  -22.809  57.110 0.0000000000
72431  -36.157  -22.795  56.853 0.0000000000
72469  -43.722  -22.199  50.887 0.0000000000
72470  -43.990  -22.270  50.894 0.0000000000
72484  -44.819  -22.329  50.072 0.0000000000
72499  -41.215  -23.094  49.401 0.0000000000
72524  -44.448  -22.473  48.231 0.0000000000
72525  -44.723  -22.093  48.633 0.0000000000
72546  -43.481  -22.680  47.377 0.0000000000
72548  -44.469  -22.096  47.670 0.0000000000
72564  -43.290  -22.874  47.075 0.0000000000
72565  -43.575  -22.469  46.738 0.0000000000
72576  -43.861  -22.106  46.474 0.0000000000
73483  -38.636  -21.669  58.932 0.0000000000
73522  -38.750  -20.972  56.363 0.0000000000
73576  -43.015  -21.379  51.064 0.0000000000
73647  -44.424  -21.554  47.721 0.0000000000
73655  -44.337  -21.620  47.497 0.0000000000
73656  -44.216  -21.878  47.153 0.0000000000
73664  -43.844  -22.001  46.081 0.0000000000
73665  -44.055  -21.956  46.399 0.0000000000
74635  -39.774  -20.778  59.089 0.0000000000
74669  -38.038  -21.196  55.528 0.0000000000
74686  -37.892  -21.047  55.329 0.0000000000
74687  -37.939  -20.397  55.184 0.0000000000
74701  -36.627  -20.810  52.875 0.0000000000
74719  -38.062  -19.629  52.623 0.0000000000
74720  -42.003  -19.895  51.812 0.0000000000
74723  -44.150  -20.122  52.601 0.0000000000
74738  -39.755  -19.771  51.105 0.0000000000
74763  -44.809  -20.479  50.005 0.0000000000
74777  -45.234  -21.017  49.869 0.0000000000
74786  -44.429  -21.281  48.433 0.0000000000
74795  -44.510  -21.479  48.206 0.0000000000
74812  -43.900  -21.911  46.579 0.0000000000
75785  -41.242  -20.138  59.137 0.0000000000
75799  -41.237  -20.084  58.906 0.0000000000
75820  -41.182  -19.155  57.779 0.0000000000
75844  -45.065  -19.111  54.719 0.0000000000
75863  -38.279  -19.809  55.202 0.0000000000
75883  -43.187  -19.314  52.919 0.0000000000
75886  -45.542  -19.835  53.579 0.0000000000
75933  -44.728  -20.175  50.076 0.0000000000
75948  -43.534  -19.986  48.160 0.0000000000
75949  -43.913  -20.061  48.782 0.0000000000
76880  -41.648  -19.671  59.326 0.0000000000
76893  -41.321  -19.880  58.797 0.0000000000
76911  -41.288  -19.278  58.373 0.0000000000
76952  -42.015  -18.290  57.016 0.0000000000
76953  -43.793  -18.021  55.925 0.0000000000
77030  -46.653  -18.718  51.173 0.0000000000
77040  -43.422  -18.388  48.941 0.0000000000
78003  -42.470  -18.197  57.196 0.0000000000
78022  -41.853  -18.227  56.692 0.0000000000
78024  -43.127  -17.733  56.540 0.0000000000
78041  -41.877  -18.112  56.422 0.0000000000
78090  -48.074  -17.748  51.317 0.0000000000
79103  -43.979  -17.588  49.484 0.0000000000
80123  -46.616  -14.728  47.908 0.0000000000
80124  -46.854  -14.503  47.834 0.0000000000
81202  -45.800  -14.834  48.042 0.0000000000
81208  -43.875  -14.696  47.380 0.0000000000
85200  -45.268  -9.758  46.404 0.0000000000
85206  -45.161  -9.730  46.134 0.0000000000
86247  -45.348  -9.470  46.435 0.0000000000
86255  -45.274  -9.558  46.261 0.0000000000
86284  -48.355  -8.855  42.748 0.0000000000
86285  -48.550  -8.612  42.488 0.0000000000
86295  -48.492  -9.070  42.119 0.0000000000
86304  -47.449  -9.445  41.461 0.0000000000
87252  -45.554  -8.386  46.519 0.0000000000
87268  -46.676  -8.588  44.006 0.0000000000
87269  -47.130  -8.336  43.944 0.0000000000
87270  -47.925  -8.319  43.451 0.0000000000
87279  -48.344  -8.322  43.072 0.0000000000
87280  -48.530  -8.286  42.698 0.0000000000
87289  -48.692  -8.651  41.886 0.0000000000
88268  -46.992  -7.248  48.136 0.0000000000
88284  -45.828  -7.493  44.567 0.0000000000
88285  -46.394  -7.447  44.347 0.0000000000
88290  -48.285  -7.573  43.268 0.0000000000
88291  -48.650  -7.002  43.258 0.0000000000
88332  -48.161  -7.075  39.175 0.0000000000
89328  -45.843  -6.630  46.661 0.0000000000
89341  -45.785  -6.598  44.830 0.0000000000
89342  -46.198  -6.130  44.799 0.0000000000
90370  -45.722  -5.975  46.313 0.0000000000
90392  -47.238  -4.883  44.915 0.0000000000
90394  -49.445  -4.759  44.876 0.0000000000
90397  -47.044  -5.903  44.326 0.0000000000
90406  -49.747  -5.653  43.811 0.0000000000
91402  -46.673  -4.565  47.533 0.0000000000
91484  -48.106  -4.218  37.171 0.0000000000
139032  -29.077  -38.059  62.371 0.0000000000
139033  -28.217  -38.472  62.913 0.0000000000
139034  -29.006  -38.037  62.288 0.0000000000
139035  -27.822  -38.495  63.101 0.0000000000
139037  -28.738  -38.046  62.382 0.0000000000
139041  -28.672  -38.188  62.631 0.0000000000
139042  -28.914  -37.689  62.068 0.0000000000
139043  -27.330  -38.470  62.480 0.0000000000
139044  -27.342  -38.398  61.871 0.0000000000
139069  -2.952  -37.396  66.759 0.0000000000
139073  -3.303  -37.018  67.368 0.0000000000
139079  -3.762  -37.538  63.276 0.0000000000
139081  -3.516  -37.640  63.758 0.0000000000
139082  -2.883  -37.603  64.717 0.0000000000
139083  -3.577  -37.550  64.005 0.0000000000
