#!ascii label  , from subject 3327 vox2ras=TkReg
972
46816  -15.365  -45.342  66.875 0.0000000000
62287  -41.343  -31.570  62.669 0.0000000000
69152  -46.000  -26.335  56.265 0.0000000000
65869  -54.531  -28.492  48.248 0.0000000000
56636  -37.731  -36.298  62.811 0.0000000000
66965  -50.858  -28.065  52.151 0.0000000000
75956  -52.121  -19.762  47.215 0.0000000000
81220  -53.332  -14.716  46.297 0.0000000000
60228  -44.761  -33.278  61.208 0.0000000000
63410  -43.807  -30.523  56.512 0.0000000000
67989  -42.937  -27.151  60.132 0.0000000000
50883  -16.141  -41.770  69.323 0.0000000000
48833  -20.324  -43.617  67.747 0.0000000000
46797  -24.448  -46.162  66.996 0.0000000000
45731  -30.121  -46.842  68.516 0.0000000000
48851  -33.707  -43.270  67.757 0.0000000000
53109  -37.519  -39.132  66.666 0.0000000000
57826  -41.565  -35.776  63.263 0.0000000000
61385  -48.513  -32.721  52.838 0.0000000000
83230  -54.044  -12.365  45.981 0.0000000000
61279  -43.070  -31.770  62.522 0.0000000000
64465  -43.735  -29.671  61.610 0.0000000000
65657  -42.445  -29.052  62.055 0.0000000000
50922  -15.819  -41.634  67.081 0.0000000000
50874  -18.494  -41.936  69.000 0.0000000000
50944  -33.580  -41.272  66.497 0.0000000000
50916  -35.393  -41.042  67.310 0.0000000000
54199  -35.076  -39.082  66.433 0.0000000000
60199  -39.923  -33.863  62.875 0.0000000000
59008  -39.317  -34.429  64.856 0.0000000000
60170  -41.667  -33.679  64.029 0.0000000000
59039  -43.320  -34.205  62.359 0.0000000000
65729  -46.162  -28.297  57.405 0.0000000000
62374  -45.604  -31.339  54.704 0.0000000000
64548  -48.526  -29.487  55.950 0.0000000000
65825  -52.951  -28.973  50.473 0.0000000000
62420  -52.460  -31.717  50.994 0.0000000000
63549  -53.668  -30.686  48.143 0.0000000000
64746  -54.785  -29.720  45.904 0.0000000000
75964  -54.434  -19.258  46.900 0.0000000000
72529  -54.094  -21.849  47.845 0.0000000000
54240  -36.780  -38.218  63.354 0.0000000000
65866  -51.768  -29.007  48.538 0.0000000000
78120  -52.654  -17.175  46.770 0.0000000000
78127  -54.270  -17.400  46.066 0.0000000000
82276  -54.279  -13.080  43.045 0.0000000000
59107  -45.142  -35.086  58.195 0.0000000000
62331  -43.269  -31.697  58.966 0.0000000000
65715  -44.024  -28.407  58.675 0.0000000000
47787  -15.871  -43.848  68.672 0.0000000000
45771  -21.584  -46.047  66.607 0.0000000000
46795  -22.251  -45.495  67.260 0.0000000000
44703  -24.268  -47.106  66.111 0.0000000000
43590  -26.487  -48.421  66.431 0.0000000000
43593  -29.566  -48.223  66.768 0.0000000000
43610  -31.141  -47.453  66.259 0.0000000000
46805  -31.828  -45.211  67.358 0.0000000000
48885  -34.776  -43.800  65.827 0.0000000000
56565  -37.144  -36.855  66.060 0.0000000000
55351  -39.368  -37.621  64.984 0.0000000000
54257  -40.776  -38.570  62.705 0.0000000000
54272  -42.813  -38.104  61.169 0.0000000000
56696  -44.780  -36.572  59.772 0.0000000000
63443  -50.584  -30.929  53.622 0.0000000000
70335  -53.959  -24.551  47.102 0.0000000000
68218  -55.483  -26.489  46.696 0.0000000000
47799  -14.819  -45.099  68.525 0.0000000000
62275  -42.386  -31.270  63.083 0.0000000000
63312  -42.587  -30.390  62.817 0.0000000000
63346  -41.449  -30.313  62.145 0.0000000000
50962  -34.649  -40.956  65.159 0.0000000000
51992  -33.941  -40.096  66.800 0.0000000000
53134  -35.171  -39.637  65.270 0.0000000000
60200  -40.599  -33.159  62.582 0.0000000000
60185  -40.502  -33.252  63.787 0.0000000000
61263  -41.238  -32.264  63.199 0.0000000000
61264  -41.951  -32.194  63.386 0.0000000000
64534  -47.361  -28.902  56.715 0.0000000000
66904  -47.559  -27.666  56.819 0.0000000000
65844  -53.849  -29.063  49.580 0.0000000000
63494  -53.743  -30.376  49.965 0.0000000000
64681  -54.490  -29.486  48.703 0.0000000000
64722  -53.660  -30.182  46.943 0.0000000000
65892  -54.594  -28.770  47.080 0.0000000000
75971  -54.467  -19.364  45.946 0.0000000000
73668  -54.767  -21.204  45.986 0.0000000000
73675  -54.007  -21.390  44.492 0.0000000000
80133  -52.164  -16.130  45.498 0.0000000000
80134  -52.828  -15.844  46.233 0.0000000000
79125  -53.821  -16.679  47.060 0.0000000000
80136  -54.019  -15.543  46.264 0.0000000000
80147  -54.238  -15.537  45.920 0.0000000000
81222  -54.416  -14.510  46.249 0.0000000000
83236  -54.461  -12.453  45.180 0.0000000000
59086  -45.109  -34.286  59.469 0.0000000000
60243  -44.390  -33.452  58.914 0.0000000000
62319  -44.326  -32.659  60.469 0.0000000000
65676  -43.315  -28.424  61.516 0.0000000000
64478  -43.724  -29.472  60.644 0.0000000000
66854  -43.504  -27.706  59.858 0.0000000000
68016  -44.409  -26.848  58.611 0.0000000000
69078  -43.259  -26.533  59.781 0.0000000000
49847  -16.633  -42.792  68.508 0.0000000000
49835  -16.242  -42.436  69.097 0.0000000000
48807  -19.674  -42.875  68.784 0.0000000000
47819  -23.818  -45.185  66.698 0.0000000000
46796  -23.492  -45.741  67.157 0.0000000000
44683  -22.986  -46.801  67.099 0.0000000000
44684  -24.188  -47.220  67.044 0.0000000000
43589  -25.482  -47.871  65.921 0.0000000000
43555  -25.937  -47.865  67.635 0.0000000000
43576  -29.550  -47.625  67.448 0.0000000000
43609  -30.357  -48.185  66.069 0.0000000000
44707  -30.794  -47.114  67.478 0.0000000000
49866  -32.107  -42.993  67.372 0.0000000000
48848  -31.369  -43.999  66.999 0.0000000000
47824  -32.460  -44.357  67.150 0.0000000000
46843  -32.563  -45.697  66.583 0.0000000000
47845  -33.118  -44.532  66.708 0.0000000000
47864  -34.353  -44.211  65.797 0.0000000000
47847  -34.700  -43.635  67.154 0.0000000000
51993  -36.315  -40.354  67.300 0.0000000000
50946  -36.346  -41.468  66.254 0.0000000000
52006  -37.356  -40.472  66.233 0.0000000000
53136  -38.517  -39.554  65.095 0.0000000000
56580  -36.726  -37.015  64.885 0.0000000000
56599  -37.142  -36.172  64.445 0.0000000000
57800  -41.030  -35.472  64.916 0.0000000000
56584  -39.936  -35.910  65.038 0.0000000000
56621  -40.517  -36.497  64.357 0.0000000000
54242  -40.021  -38.422  63.584 0.0000000000
55384  -40.871  -37.639  62.975 0.0000000000
56659  -42.453  -36.410  62.105 0.0000000000
59057  -44.910  -33.842  61.940 0.0000000000
57842  -44.457  -34.886  61.425 0.0000000000
57858  -45.433  -35.108  59.844 0.0000000000
57876  -45.490  -35.325  58.938 0.0000000000
50892  -14.776  -41.876  68.711 0.0000000000
50871  -14.835  -42.539  69.506 0.0000000000
48803  -14.594  -43.466  69.808 0.0000000000
61333  -43.015  -32.375  56.656 0.0000000000
62372  -43.803  -31.608  55.183 0.0000000000
61369  -47.222  -32.264  53.542 0.0000000000
66950  -50.181  -27.832  53.396 0.0000000000
65759  -50.046  -28.733  54.708 0.0000000000
64580  -50.825  -29.925  53.587 0.0000000000
61442  -52.501  -32.557  49.260 0.0000000000
60315  -52.137  -33.119  51.216 0.0000000000
72554  -55.262  -23.069  47.048 0.0000000000
71426  -54.383  -23.493  47.313 0.0000000000
70337  -56.081  -24.579  47.135 0.0000000000
69274  -55.738  -25.426  47.346 0.0000000000
68239  -56.472  -25.864  46.227 0.0000000000
68238  -55.778  -26.534  46.039 0.0000000000
82248  -52.155  -13.363  44.986 0.0000000000
82233  -53.746  -13.009  46.445 0.0000000000
83235  -52.464  -12.464  45.021 0.0000000000
85208  -53.280  -10.879  44.794 0.0000000000
61281  -44.540  -32.546  61.856 0.0000000000
62299  -43.840  -31.502  61.593 0.0000000000
63314  -43.584  -30.261  62.513 0.0000000000
65646  -43.177  -28.964  62.419 0.0000000000
67954  -42.518  -27.535  61.991 0.0000000000
50894  -16.013  -41.398  68.345 0.0000000000
50884  -17.326  -41.813  69.281 0.0000000000
49850  -20.059  -42.465  67.794 0.0000000000
50913  -33.188  -41.984  67.513 0.0000000000
49869  -34.426  -42.244  67.822 0.0000000000
51979  -34.280  -40.933  67.358 0.0000000000
53092  -35.325  -39.770  67.249 0.0000000000
54189  -36.403  -38.707  67.191 0.0000000000
59054  -38.960  -34.979  62.499 0.0000000000
59022  -38.561  -34.833  64.207 0.0000000000
60184  -39.501  -33.869  63.917 0.0000000000
60146  -40.657  -34.167  64.982 0.0000000000
59024  -41.559  -34.717  64.098 0.0000000000
57827  -42.254  -35.357  62.828 0.0000000000
59038  -42.576  -34.258  62.817 0.0000000000
60202  -43.752  -33.344  62.460 0.0000000000
50921  -15.342  -41.900  67.241 0.0000000000
64531  -44.762  -29.279  56.764 0.0000000000
63418  -44.999  -30.472  55.655 0.0000000000
63412  -45.989  -29.684  56.277 0.0000000000
62362  -47.193  -30.971  55.439 0.0000000000
62377  -48.455  -31.302  54.747 0.0000000000
65805  -52.086  -28.657  51.231 0.0000000000
63458  -51.804  -30.699  51.866 0.0000000000
63482  -52.902  -30.449  50.749 0.0000000000
62444  -52.631  -31.582  49.719 0.0000000000
75952  -53.316  -19.798  48.066 0.0000000000
73623  -52.741  -20.922  48.870 0.0000000000
74798  -54.252  -20.328  47.382 0.0000000000
73661  -54.731  -21.888  46.346 0.0000000000
61289  -40.762  -32.418  61.037 0.0000000000
60226  -40.339  -33.944  61.022 0.0000000000
68066  -47.704  -27.188  55.195 0.0000000000
68127  -50.659  -27.587  51.212 0.0000000000
65823  -51.144  -28.422  50.300 0.0000000000
65842  -51.927  -28.693  49.536 0.0000000000
65867  -52.850  -28.277  48.544 0.0000000000
78111  -52.396  -18.622  47.142 0.0000000000
77057  -53.972  -18.307  47.593 0.0000000000
77074  -54.496  -18.305  46.478 0.0000000000
77088  -54.218  -18.387  45.365 0.0000000000
82241  -54.480  -13.415  45.944 0.0000000000
81247  -54.084  -13.789  44.772 0.0000000000
59118  -44.370  -35.105  57.263 0.0000000000
61328  -43.339  -32.688  57.641 0.0000000000
62342  -42.924  -31.678  57.725 0.0000000000
63359  -43.498  -31.090  60.201 0.0000000000
64487  -43.087  -30.020  59.303 0.0000000000
64512  -43.378  -29.701  57.953 0.0000000000
65716  -44.970  -28.114  58.268 0.0000000000
68018  -45.804  -26.835  58.356 0.0000000000
64477  -41.163  -29.740  60.713 0.0000000000
65690  -41.102  -28.885  60.425 0.0000000000
68015  -42.090  -26.995  58.403 0.0000000000
47813  -15.584  -45.020  67.704 0.0000000000
48829  -16.281  -43.680  68.203 0.0000000000
44736  -22.057  -46.906  64.822 0.0000000000
50927  -19.888  -42.095  66.087 0.0000000000
49851  -20.677  -42.938  67.647 0.0000000000
47806  -21.503  -44.499  67.278 0.0000000000
45773  -22.898  -46.523  65.927 0.0000000000
42533  -27.365  -49.033  65.346 0.0000000000
42550  -28.693  -48.862  65.273 0.0000000000
46803  -30.372  -45.798  67.223 0.0000000000
47822  -30.781  -44.717  67.068 0.0000000000
45754  -30.857  -46.296  67.599 0.0000000000
45776  -31.327  -46.202  67.237 0.0000000000
45792  -32.455  -46.152  66.260 0.0000000000
49883  -35.294  -42.287  66.999 0.0000000000
54214  -35.709  -38.498  65.391 0.0000000000
55322  -35.993  -37.596  65.912 0.0000000000
54202  -37.545  -38.254  66.397 0.0000000000
58990  -38.161  -35.149  65.469 0.0000000000
55338  -38.315  -37.448  65.681 0.0000000000
54204  -38.840  -38.771  66.052 0.0000000000
53137  -39.062  -39.303  64.361 0.0000000000
53150  -40.023  -39.395  63.421 0.0000000000
53188  -44.233  -38.833  59.943 0.0000000000
56660  -43.347  -36.313  61.448 0.0000000000
55422  -43.733  -37.391  60.495 0.0000000000
54307  -45.054  -38.541  58.968 0.0000000000
55457  -45.483  -37.567  58.443 0.0000000000
47775  -14.965  -43.749  69.613 0.0000000000
65749  -49.130  -28.670  55.668 0.0000000000
63423  -49.810  -30.289  55.220 0.0000000000
61371  -49.231  -32.232  53.654 0.0000000000
62400  -51.430  -31.841  52.392 0.0000000000
61387  -50.421  -32.853  52.505 0.0000000000
60312  -49.218  -33.332  51.311 0.0000000000
65891  -52.449  -28.488  47.612 0.0000000000
67036  -54.161  -27.721  47.973 0.0000000000
72526  -52.387  -21.961  48.111 0.0000000000
71424  -52.373  -23.361  47.383 0.0000000000
69272  -53.899  -25.623  46.828 0.0000000000
68196  -54.516  -26.473  47.129 0.0000000000
65870  -54.937  -27.865  47.667 0.0000000000
65909  -55.368  -28.646  46.290 0.0000000000
46815  -14.803  -45.534  66.858 0.0000000000
62273  -41.470  -31.550  63.064 0.0000000000
63311  -42.082  -30.796  63.055 0.0000000000
63328  -41.383  -30.854  62.336 0.0000000000
50981  -34.417  -41.901  64.210 0.0000000000
52022  -34.899  -40.141  65.336 0.0000000000
50983  -35.371  -40.487  64.441 0.0000000000
61278  -41.115  -32.430  62.134 0.0000000000
62274  -41.775  -31.473  63.176 0.0000000000
68051  -46.297  -26.548  56.709 0.0000000000
68034  -47.023  -27.314  57.050 0.0000000000
68052  -47.004  -27.035  56.357 0.0000000000
65845  -54.557  -29.165  49.136 0.0000000000
64704  -54.325  -29.357  47.764 0.0000000000
75983  -54.326  -19.612  44.874 0.0000000000
74828  -54.415  -20.469  44.892 0.0000000000
80145  -52.652  -14.849  45.635 0.0000000000
80135  -53.638  -15.774  46.426 0.0000000000
81221  -54.015  -14.588  46.583 0.0000000000
60236  -44.759  -33.353  60.317 0.0000000000
60235  -44.722  -33.571  59.548 0.0000000000
61301  -44.324  -32.845  60.977 0.0000000000
67974  -42.951  -27.217  60.968 0.0000000000
65692  -43.370  -28.343  60.756 0.0000000000
67990  -43.051  -26.925  59.850 0.0000000000
68002  -43.535  -26.984  59.066 0.0000000000
48821  -20.081  -43.241  68.544 0.0000000000
47789  -19.998  -43.408  68.285 0.0000000000
45747  -24.405  -46.642  67.128 0.0000000000
44685  -25.471  -47.373  67.314 0.0000000000
45752  -29.570  -46.919  67.899 0.0000000000
44688  -29.693  -47.089  68.110 0.0000000000
44670  -29.962  -47.375  68.654 0.0000000000
43577  -30.019  -47.303  67.690 0.0000000000
44672  -30.393  -46.966  68.368 0.0000000000
48850  -32.894  -43.374  67.467 0.0000000000
48849  -32.023  -43.469  67.259 0.0000000000
47825  -33.396  -43.855  67.211 0.0000000000
47846  -33.894  -44.083  66.499 0.0000000000
47826  -34.162  -43.556  67.394 0.0000000000
51994  -36.916  -40.132  66.955 0.0000000000
51995  -37.700  -39.845  66.351 0.0000000000
52007  -38.127  -40.193  65.649 0.0000000000
53110  -38.407  -39.310  66.114 0.0000000000
56619  -37.263  -36.204  63.626 0.0000000000
57824  -37.638  -35.761  63.573 0.0000000000
57813  -41.108  -35.458  63.972 0.0000000000
56602  -40.562  -35.962  65.073 0.0000000000
56638  -41.055  -36.608  63.334 0.0000000000
55369  -40.454  -37.458  63.568 0.0000000000
55385  -41.322  -37.180  62.687 0.0000000000
56639  -41.716  -36.432  62.676 0.0000000000
59058  -45.075  -33.480  61.610 0.0000000000
59071  -44.878  -34.229  61.238 0.0000000000
59072  -45.009  -34.088  60.622 0.0000000000
50882  -15.293  -41.836  69.329 0.0000000000
49834  -15.203  -42.582  69.416 0.0000000000
62351  -43.208  -31.264  56.716 0.0000000000
61339  -43.372  -32.412  55.591 0.0000000000
62358  -43.467  -31.467  55.913 0.0000000000
61384  -47.500  -32.650  52.850 0.0000000000
60294  -47.774  -33.182  52.156 0.0000000000
68103  -50.221  -27.702  52.813 0.0000000000
65773  -50.534  -28.694  53.635 0.0000000000
65790  -50.894  -28.498  52.754 0.0000000000
74796  -51.942  -20.537  47.155 0.0000000000
71449  -55.894  -24.214  46.180 0.0000000000
71427  -55.243  -23.620  47.208 0.0000000000
70338  -56.645  -25.007  46.948 0.0000000000
61280  -43.667  -32.300  62.342 0.0000000000
62290  -43.563  -31.256  62.076 0.0000000000
62289  -43.206  -31.305  62.508 0.0000000000
64431  -42.627  -29.731  62.620 0.0000000000
64433  -42.990  -29.635  62.774 0.0000000000
65645  -42.829  -29.067  62.462 0.0000000000
66814  -42.946  -28.274  62.270 0.0000000000
65675  -41.788  -28.769  61.279 0.0000000000
50907  -16.268  -41.441  67.794 0.0000000000
50898  -19.242  -42.287  67.741 0.0000000000
49895  -33.290  -42.106  66.147 0.0000000000
49882  -32.941  -41.735  66.802 0.0000000000
50928  -32.710  -41.827  67.129 0.0000000000
50929  -33.170  -41.345  67.068 0.0000000000
51978  -33.680  -41.165  67.281 0.0000000000
51991  -33.626  -40.608  67.007 0.0000000000
53107  -34.642  -39.739  66.788 0.0000000000
53108  -35.349  -39.240  66.888 0.0000000000
53093  -36.079  -39.437  67.439 0.0000000000
54188  -35.772  -39.070  67.216 0.0000000000
59037  -39.147  -34.293  63.036 0.0000000000
59023  -38.988  -34.367  63.783 0.0000000000
60186  -41.384  -33.100  63.691 0.0000000000
60169  -41.060  -33.668  64.671 0.0000000000
59011  -41.559  -34.151  64.351 0.0000000000
59025  -42.023  -34.357  63.665 0.0000000000
61265  -42.764  -32.232  62.796 0.0000000000
60188  -43.068  -33.041  62.851 0.0000000000
61266  -43.352  -32.739  62.660 0.0000000000
60203  -44.788  -33.262  62.202 0.0000000000
50906  -15.694  -41.684  67.843 0.0000000000
65738  -45.625  -28.597  57.117 0.0000000000
64532  -45.528  -29.018  56.603 0.0000000000
65739  -45.993  -28.605  56.907 0.0000000000
64547  -47.596  -29.538  56.178 0.0000000000
64546  -46.978  -29.407  56.380 0.0000000000
63421  -47.845  -30.277  55.677 0.0000000000
62363  -48.019  -30.992  55.313 0.0000000000
63422  -48.883  -30.561  55.406 0.0000000000
64617  -52.469  -29.266  51.245 0.0000000000
64618  -52.852  -29.772  50.921 0.0000000000
63527  -53.459  -30.810  48.937 0.0000000000
63509  -53.107  -30.802  49.599 0.0000000000
62445  -52.983  -31.509  49.127 0.0000000000
61443  -52.747  -32.093  48.771 0.0000000000
63566  -53.597  -30.780  47.217 0.0000000000
75959  -54.116  -19.192  47.467 0.0000000000
74797  -53.748  -19.954  47.875 0.0000000000
72579  -55.199  -22.501  45.680 0.0000000000
60216  -40.476  -33.189  61.475 0.0000000000
66997  -50.684  -27.824  50.830 0.0000000000
65841  -50.723  -28.946  49.466 0.0000000000
65843  -52.916  -28.534  49.576 0.0000000000
79131  -52.364  -16.807  45.961 0.0000000000
78119  -52.208  -17.937  46.506 0.0000000000
78112  -52.733  -17.857  47.332 0.0000000000
78113  -53.592  -17.546  47.447 0.0000000000
79126  -54.177  -16.824  46.967 0.0000000000
78121  -54.382  -17.401  46.852 0.0000000000
78137  -53.874  -17.952  44.437 0.0000000000
78138  -53.950  -17.350  45.272 0.0000000000
81232  -53.964  -15.275  45.288 0.0000000000
83224  -53.780  -12.729  46.227 0.0000000000
82235  -54.220  -13.156  46.284 0.0000000000
83231  -54.276  -12.544  45.775 0.0000000000
83245  -54.757  -12.286  44.393 0.0000000000
82250  -54.345  -13.185  45.071 0.0000000000
57919  -45.208  -35.610  57.872 0.0000000000
56734  -44.710  -36.228  56.940 0.0000000000
59106  -44.701  -34.610  57.889 0.0000000000
61321  -44.232  -32.846  59.206 0.0000000000
60248  -44.038  -33.567  58.144 0.0000000000
61320  -43.762  -32.749  58.610 0.0000000000
63331  -43.629  -30.441  61.952 0.0000000000
62306  -43.864  -31.642  60.779 0.0000000000
63347  -43.749  -30.518  61.260 0.0000000000
65705  -43.710  -28.635  59.665 0.0000000000
64488  -43.404  -29.602  59.506 0.0000000000
64495  -43.059  -29.830  58.814 0.0000000000
64496  -43.710  -29.154  58.365 0.0000000000
65727  -44.431  -28.627  58.040 0.0000000000
69096  -45.010  -26.314  59.088 0.0000000000
68017  -45.060  -26.693  58.629 0.0000000000
47801  -15.818  -44.230  68.425 0.0000000000
47814  -15.925  -44.535  67.537 0.0000000000
49861  -16.827  -43.113  67.891 0.0000000000
50873  -18.235  -41.834  69.734 0.0000000000
49822  -18.276  -42.432  69.823 0.0000000000
45788  -20.914  -45.918  65.972 0.0000000000
45789  -21.778  -46.316  65.484 0.0000000000
49863  -20.437  -42.440  66.942 0.0000000000
46777  -21.299  -44.848  67.343 0.0000000000
44702  -23.237  -46.825  66.551 0.0000000000
44721  -23.276  -46.964  65.408 0.0000000000
44722  -24.207  -47.411  65.098 0.0000000000
43605  -26.446  -48.598  65.384 0.0000000000
42518  -26.894  -48.945  65.827 0.0000000000
44706  -28.552  -47.932  67.041 0.0000000000
44705  -28.072  -47.790  66.955 0.0000000000
43592  -28.508  -48.416  66.535 0.0000000000
42534  -28.171  -48.921  65.793 0.0000000000
42535  -28.676  -48.729  65.628 0.0000000000
43608  -29.244  -48.599  65.710 0.0000000000
43629  -31.673  -47.460  65.426 0.0000000000
43611  -31.601  -47.138  65.871 0.0000000000
47823  -31.572  -44.494  67.246 0.0000000000
46804  -31.120  -45.344  67.487 0.0000000000
45755  -31.376  -45.804  67.332 0.0000000000
46844  -32.985  -45.527  66.146 0.0000000000
44725  -32.117  -46.733  65.667 0.0000000000
46846  -34.577  -44.940  65.475 0.0000000000
47865  -35.070  -44.282  65.443 0.0000000000
49870  -34.870  -42.305  67.546 0.0000000000
48853  -34.866  -43.009  67.385 0.0000000000
54227  -35.981  -38.832  64.341 0.0000000000
54228  -36.535  -38.320  64.161 0.0000000000
56564  -36.553  -36.995  65.770 0.0000000000
56563  -36.410  -37.339  65.515 0.0000000000
55323  -36.604  -37.674  66.431 0.0000000000
55324  -37.337  -37.488  66.288 0.0000000000
60144  -38.745  -34.227  65.119 0.0000000000
59007  -38.101  -34.488  64.991 0.0000000000
58991  -38.498  -34.779  65.300 0.0000000000
56601  -39.900  -36.744  64.942 0.0000000000
56583  -39.055  -36.536  65.288 0.0000000000
55339  -38.981  -37.589  65.387 0.0000000000
54217  -38.540  -38.267  65.644 0.0000000000
54218  -38.918  -38.447  65.429 0.0000000000
53124  -38.897  -39.036  65.296 0.0000000000
54229  -39.158  -38.439  64.789 0.0000000000
54256  -40.397  -38.848  63.193 0.0000000000
53161  -40.418  -39.464  62.826 0.0000000000
54289  -43.304  -38.417  60.646 0.0000000000
57828  -42.901  -34.893  62.349 0.0000000000
57840  -42.885  -35.592  62.070 0.0000000000
57841  -43.602  -35.093  61.878 0.0000000000
56680  -45.095  -35.823  60.036 0.0000000000
56679  -44.243  -36.176  60.632 0.0000000000
55438  -44.310  -37.339  59.942 0.0000000000
55439  -44.923  -37.413  59.294 0.0000000000
56697  -45.390  -36.267  59.210 0.0000000000
57896  -45.353  -35.404  58.375 0.0000000000
56716  -45.557  -36.308  58.206 0.0000000000
48816  -15.312  -43.235  69.295 0.0000000000
47786  -15.420  -44.079  69.140 0.0000000000
47800  -15.365  -44.848  68.307 0.0000000000
62360  -45.250  -30.841  55.263 0.0000000000
62373  -44.594  -31.443  54.819 0.0000000000
68067  -48.350  -27.424  55.035 0.0000000000
66913  -48.543  -27.754  55.659 0.0000000000
64564  -50.424  -29.607  54.511 0.0000000000
64550  -50.024  -29.572  55.154 0.0000000000
63434  -50.237  -30.619  54.493 0.0000000000
62379  -49.700  -31.250  54.415 0.0000000000
62389  -50.034  -31.564  53.862 0.0000000000
63480  -52.024  -31.018  51.462 0.0000000000
62419  -51.984  -31.603  51.486 0.0000000000
60298  -51.524  -33.168  51.698 0.0000000000
60297  -50.840  -33.402  51.944 0.0000000000
60296  -49.874  -33.316  52.067 0.0000000000
60313  -50.283  -33.383  51.259 0.0000000000
67058  -53.140  -27.771  47.685 0.0000000000
67059  -53.844  -27.103  47.387 0.0000000000
73640  -53.376  -21.245  48.522 0.0000000000
73639  -52.687  -21.424  48.538 0.0000000000
72527  -53.173  -22.017  48.324 0.0000000000
71425  -53.366  -23.404  47.264 0.0000000000
71447  -53.275  -23.957  46.795 0.0000000000
70357  -52.588  -24.256  46.680 0.0000000000
70358  -53.335  -24.425  46.628 0.0000000000
69295  -53.235  -25.194  46.373 0.0000000000
68198  -55.983  -25.995  47.183 0.0000000000
68197  -55.185  -26.318  47.100 0.0000000000
67060  -54.585  -27.120  47.338 0.0000000000
67061  -55.061  -27.277  47.190 0.0000000000
65893  -55.061  -28.066  47.214 0.0000000000
67079  -55.365  -27.458  46.450 0.0000000000
62276  -42.916  -30.806  62.840 0.0000000000
63330  -42.292  -30.478  62.812 0.0000000000
64464  -41.649  -29.692  61.894 0.0000000000
50945  -34.007  -40.872  65.926 0.0000000000
52004  -33.931  -40.613  66.541 0.0000000000
52005  -34.435  -40.274  66.112 0.0000000000
53121  -34.796  -39.429  65.911 0.0000000000
60187  -42.362  -33.277  63.397 0.0000000000
66894  -46.513  -27.780  57.544 0.0000000000
64515  -46.684  -28.511  57.190 0.0000000000
65730  -46.824  -28.265  57.360 0.0000000000
65741  -47.934  -28.365  56.752 0.0000000000
64535  -48.035  -29.000  56.452 0.0000000000
65826  -53.496  -29.305  50.209 0.0000000000
64635  -53.288  -29.459  50.464 0.0000000000
64656  -53.969  -29.538  49.779 0.0000000000
63528  -54.100  -30.190  48.882 0.0000000000
64703  -53.761  -29.993  47.516 0.0000000000
64723  -54.251  -29.649  46.644 0.0000000000
65908  -54.792  -29.075  46.551 0.0000000000
74808  -54.537  -20.312  46.469 0.0000000000
74816  -54.533  -20.388  45.511 0.0000000000
80125  -52.985  -16.293  46.927 0.0000000000
79124  -53.171  -16.877  47.074 0.0000000000
80126  -53.310  -16.275  46.849 0.0000000000
79133  -53.887  -16.344  46.591 0.0000000000
79134  -54.042  -16.529  46.403 0.0000000000
79144  -53.920  -16.633  45.619 0.0000000000
81233  -54.417  -14.352  45.504 0.0000000000
84199  -54.264  -11.721  45.557 0.0000000000
84203  -54.685  -11.641  44.991 0.0000000000
84212  -54.806  -11.924  44.745 0.0000000000
83255  -54.886  -12.470  43.326 0.0000000000
59098  -45.204  -34.784  58.581 0.0000000000
59097  -44.803  -34.189  58.727 0.0000000000
59085  -44.739  -33.906  59.170 0.0000000000
61312  -44.514  -32.857  59.814 0.0000000000
61311  -43.896  -32.415  59.493 0.0000000000
65660  -43.617  -29.077  61.911 0.0000000000
65677  -43.673  -28.948  61.169 0.0000000000
65693  -43.686  -28.580  60.329 0.0000000000
66855  -43.750  -28.161  59.736 0.0000000000
66868  -43.887  -27.628  58.994 0.0000000000
66867  -43.656  -27.258  59.086 0.0000000000
69080  -44.071  -26.267  59.425 0.0000000000
69094  -43.854  -25.976  59.285 0.0000000000
48817  -15.903  -43.313  68.800 0.0000000000
49848  -17.524  -42.589  68.015 0.0000000000
46794  -21.355  -45.423  67.067 0.0000000000
45746  -23.234  -46.456  67.225 0.0000000000
43588  -24.863  -47.499  66.129 0.0000000000
43571  -24.901  -47.465  66.566 0.0000000000
43572  -25.566  -47.794  67.000 0.0000000000
43573  -26.355  -48.098  67.404 0.0000000000
43594  -30.355  -47.494  67.076 0.0000000000
43595  -30.891  -47.174  66.960 0.0000000000
49880  -32.036  -42.918  67.163 0.0000000000
46829  -33.394  -44.974  66.352 0.0000000000
48868  -34.764  -43.761  66.451 0.0000000000
50931  -36.082  -41.181  67.125 0.0000000000
50932  -36.765  -40.890  66.460 0.0000000000
52024  -38.448  -40.318  64.485 0.0000000000
55366  -37.002  -37.481  63.181 0.0000000000
55350  -36.819  -37.612  64.047 0.0000000000
56598  -37.032  -36.845  63.862 0.0000000000
56581  -37.270  -36.342  65.277 0.0000000000
58993  -40.501  -34.800  64.773 0.0000000000
57783  -39.240  -35.241  65.058 0.0000000000
56585  -40.401  -35.626  65.009 0.0000000000
56620  -40.079  -37.002  64.580 0.0000000000
55367  -39.520  -37.838  64.543 0.0000000000
55368  -39.896  -37.507  64.141 0.0000000000
55403  -41.249  -37.878  62.521 0.0000000000
55404  -41.805  -37.438  62.111 0.0000000000
55405  -42.628  -37.347  61.541 0.0000000000
59056  -44.106  -34.006  61.920 0.0000000000
57857  -45.052  -35.058  60.692 0.0000000000
49860  -14.341  -42.268  67.918 0.0000000000
50881  -14.626  -42.339  69.292 0.0000000000
50870  -14.429  -42.830  69.608 0.0000000000
62375  -46.599  -31.395  54.782 0.0000000000
61352  -45.963  -31.779  54.081 0.0000000000
61368  -46.268  -32.266  53.573 0.0000000000
66949  -49.590  -27.615  53.830 0.0000000000
66929  -49.542  -27.914  54.647 0.0000000000
66930  -50.060  -28.068  54.096 0.0000000000
61421  -52.488  -32.406  50.761 0.0000000000
60316  -52.461  -32.813  51.012 0.0000000000
72553  -54.490  -22.418  47.308 0.0000000000
72552  -53.718  -22.599  47.690 0.0000000000
70336  -55.126  -24.538  47.210 0.0000000000
69275  -56.477  -25.435  47.186 0.0000000000
68219  -56.349  -26.021  46.736 0.0000000000
81231  -52.930  -13.945  45.588 0.0000000000
82239  -53.586  -13.437  46.389 0.0000000000
82249  -52.833  -13.109  45.752 0.0000000000
83229  -53.202  -12.619  45.909 0.0000000000
84192  -53.403  -12.398  45.852 0.0000000000
84197  -53.237  -11.666  45.400 0.0000000000
85203  -53.743  -11.099  45.422 0.0000000000
86251  -53.951  -10.800  45.385 0.0000000000
61282  -45.180  -32.844  61.813 0.0000000000
61291  -44.828  -32.802  61.558 0.0000000000
63313  -43.234  -30.191  62.896 0.0000000000
64434  -43.445  -29.631  62.648 0.0000000000
64449  -43.646  -29.695  62.256 0.0000000000
65659  -43.300  -28.603  62.125 0.0000000000
66824  -43.113  -27.741  61.888 0.0000000000
67973  -42.691  -27.253  61.247 0.0000000000
51944  -16.003  -41.232  69.147 0.0000000000
51945  -16.763  -41.151  69.221 0.0000000000
51946  -17.272  -41.270  69.093 0.0000000000
50886  -18.457  -41.945  68.419 0.0000000000
50887  -19.008  -42.330  68.005 0.0000000000
49839  -19.644  -42.668  68.412 0.0000000000
49840  -20.257  -42.887  68.291 0.0000000000
49881  -32.448  -42.443  66.796 0.0000000000
49867  -32.492  -42.712  67.355 0.0000000000
49868  -33.353  -42.722  67.727 0.0000000000
48836  -33.914  -42.797  68.096 0.0000000000
49854  -34.027  -42.327  68.096 0.0000000000
50914  -33.984  -41.715  67.781 0.0000000000
50915  -34.727  -41.515  67.451 0.0000000000
53106  -33.945  -40.041  67.177 0.0000000000
53091  -34.462  -40.192  67.259 0.0000000000
51980  -35.006  -40.599  67.278 0.0000000000
51981  -35.817  -40.294  67.452 0.0000000000
53094  -36.786  -39.256  67.317 0.0000000000
57838  -38.510  -35.500  62.510 0.0000000000
57825  -38.060  -35.392  63.225 0.0000000000
59036  -38.704  -34.879  63.208 0.0000000000
60183  -38.946  -34.159  64.333 0.0000000000
60167  -39.218  -34.138  64.655 0.0000000000
60168  -40.145  -33.911  64.393 0.0000000000
59009  -39.913  -34.519  64.559 0.0000000000
58994  -40.932  -34.722  65.089 0.0000000000
59010  -41.220  -34.568  64.725 0.0000000000
57814  -41.693  -35.109  63.555 0.0000000000
60201  -42.967  -33.603  62.717 0.0000000000
60217  -44.362  -33.561  62.200 0.0000000000
59041  -45.277  -33.373  62.023 0.0000000000
50905  -15.033  -41.841  67.895 0.0000000000
50893  -15.544  -41.522  68.635 0.0000000000
63402  -44.275  -29.625  56.806 0.0000000000
62352  -43.854  -30.762  56.142 0.0000000000
63411  -44.678  -30.036  56.255 0.0000000000
63419  -45.683  -30.360  55.805 0.0000000000
62361  -46.214  -30.906  55.390 0.0000000000
63413  -46.577  -29.512  56.303 0.0000000000
63420  -46.767  -30.060  55.859 0.0000000000
62376  -47.525  -31.438  54.808 0.0000000000
61354  -47.847  -31.867  54.176 0.0000000000
61370  -48.184  -32.334  53.579 0.0000000000
66982  -51.189  -28.047  51.555 0.0000000000
65791  -51.505  -28.726  52.214 0.0000000000
64599  -52.211  -29.626  51.709 0.0000000000
63459  -52.301  -30.270  51.592 0.0000000000
63481  -52.431  -30.738  51.260 0.0000000000
63493  -53.163  -30.526  50.266 0.0000000000
63508  -52.640  -31.060  50.067 0.0000000000
62434  -52.544  -31.721  50.382 0.0000000000
61432  -52.614  -32.043  49.358 0.0000000000
77049  -52.444  -19.536  47.612 0.0000000000
75944  -52.303  -20.302  48.166 0.0000000000
74788  -52.857  -20.205  48.498 0.0000000000
74790  -53.786  -20.819  48.002 0.0000000000
73651  -54.161  -21.413  47.625 0.0000000000
73660  -54.542  -21.391  46.881 0.0000000000
72569  -54.676  -22.115  46.757 0.0000000000
72570  -55.167  -22.598  46.465 0.0000000000
71464  -55.578  -23.274  45.753 0.0000000000
62298  -41.204  -31.543  61.730 0.0000000000
56637  -38.165  -35.880  62.607 0.0000000000
59055  -39.412  -34.602  61.956 0.0000000000
60215  -39.906  -33.764  61.772 0.0000000000
69173  -46.224  -26.656  55.703 0.0000000000
69174  -46.820  -26.842  55.465 0.0000000000
69187  -47.234  -27.006  54.758 0.0000000000
68084  -47.861  -26.967  54.173 0.0000000000
68114  -49.429  -27.535  52.476 0.0000000000
68115  -50.340  -27.619  52.074 0.0000000000
68116  -50.812  -27.750  51.737 0.0000000000
68141  -51.000  -27.444  51.084 0.0000000000
66998  -51.310  -27.794  50.969 0.0000000000
65824  -52.063  -28.454  50.390 0.0000000000
65868  -53.686  -28.214  48.757 0.0000000000
77073  -52.025  -18.782  45.567 0.0000000000
77054  -52.354  -19.389  47.364 0.0000000000
77055  -52.679  -18.974  47.458 0.0000000000
77056  -53.262  -18.478  47.559 0.0000000000
78114  -54.193  -17.433  47.343 0.0000000000
77065  -54.401  -18.256  47.227 0.0000000000
77087  -53.888  -18.831  44.481 0.0000000000
79143  -53.789  -16.522  45.285 0.0000000000
82240  -54.238  -13.675  46.482 0.0000000000
60249  -44.558  -33.949  58.391 0.0000000000
59105  -44.030  -34.049  57.617 0.0000000000
60254  -43.552  -33.457  57.275 0.0000000000
62350  -42.717  -31.690  57.142 0.0000000000
63401  -43.552  -30.237  57.107 0.0000000000
61300  -44.153  -32.339  61.024 0.0000000000
62317  -43.507  -31.703  59.979 0.0000000000
63360  -43.601  -30.445  60.469 0.0000000000
63372  -43.452  -30.441  59.920 0.0000000000
63371  -43.310  -30.646  59.397 0.0000000000
63386  -42.871  -30.577  58.336 0.0000000000
64513  -44.256  -29.158  57.411 0.0000000000
65728  -45.205  -28.497  57.633 0.0000000000
65717  -45.625  -28.010  57.980 0.0000000000
66880  -44.625  -27.486  58.518 0.0000000000
66881  -45.415  -27.432  58.329 0.0000000000
66882  -46.044  -27.546  57.919 0.0000000000
68050  -45.876  -26.418  56.751 0.0000000000
64463  -41.291  -29.782  61.325 0.0000000000
65691  -41.667  -28.435  60.615 0.0000000000
66853  -41.933  -28.190  60.436 0.0000000000
67988  -42.296  -27.879  60.182 0.0000000000
68000  -42.348  -27.278  59.169 0.0000000000
68001  -42.877  -26.883  59.455 0.0000000000
69172  -45.599  -26.330  55.898 0.0000000000
46791  -15.589  -45.093  67.256 0.0000000000
47834  -16.110  -44.351  66.419 0.0000000000
49836  -17.564  -42.301  69.137 0.0000000000
50911  -19.630  -42.004  67.049 0.0000000000
48822  -20.355  -43.164  68.088 0.0000000000
48834  -20.763  -43.573  67.574 0.0000000000
45744  -21.765  -46.008  67.066 0.0000000000
44682  -22.622  -46.613  67.151 0.0000000000
45772  -22.401  -46.559  66.430 0.0000000000
45790  -22.413  -46.613  65.620 0.0000000000
44723  -25.039  -47.565  64.974 0.0000000000
43556  -26.290  -47.916  67.916 0.0000000000
42519  -27.337  -48.912  66.191 0.0000000000
43627  -30.159  -48.390  64.957 0.0000000000
46802  -29.468  -46.308  67.252 0.0000000000
45753  -30.217  -46.627  67.776 0.0000000000
45732  -30.476  -46.793  68.120 0.0000000000
44690  -30.747  -46.863  67.905 0.0000000000
44708  -31.211  -46.708  67.014 0.0000000000
45777  -31.955  -46.020  66.984 0.0000000000
44709  -31.902  -46.552  66.460 0.0000000000
44724  -31.586  -46.918  66.247 0.0000000000
47827  -34.588  -43.342  67.541 0.0000000000
48869  -35.065  -43.193  66.765 0.0000000000
49884  -35.758  -41.896  66.422 0.0000000000
49896  -35.408  -42.576  66.286 0.0000000000
48886  -35.355  -43.374  65.790 0.0000000000
53135  -35.527  -39.418  64.714 0.0000000000
55335  -36.261  -37.830  65.327 0.0000000000
54200  -35.765  -38.470  66.551 0.0000000000
54201  -36.423  -38.287  66.792 0.0000000000
54190  -37.100  -38.507  67.111 0.0000000000
57812  -37.960  -35.385  64.146 0.0000000000
57796  -37.667  -35.360  64.836 0.0000000000
57781  -37.892  -35.609  65.290 0.0000000000
57782  -38.447  -35.609  65.302 0.0000000000
56582  -37.916  -36.574  65.586 0.0000000000
55337  -37.729  -37.765  65.922 0.0000000000
54216  -37.988  -38.168  65.800 0.0000000000
53111  -39.073  -39.049  65.967 0.0000000000
54241  -39.496  -38.425  64.149 0.0000000000
53138  -39.519  -39.594  63.732 0.0000000000
55421  -43.303  -37.429  61.097 0.0000000000
56661  -43.945  -35.626  61.371 0.0000000000
56678  -43.598  -36.807  60.858 0.0000000000
54333  -45.836  -38.210  57.872 0.0000000000
55469  -45.999  -37.517  57.610 0.0000000000
47785  -14.754  -44.747  69.055 0.0000000000
62359  -44.370  -30.913  55.577 0.0000000000
66912  -47.837  -27.448  56.117 0.0000000000
66905  -48.231  -27.845  56.454 0.0000000000
65758  -49.564  -28.447  55.161 0.0000000000
64549  -49.413  -29.627  55.564 0.0000000000
63432  -49.010  -31.035  54.899 0.0000000000
61356  -49.134  -31.849  54.147 0.0000000000
64581  -51.477  -29.774  52.593 0.0000000000
63444  -51.096  -30.810  52.860 0.0000000000
62390  -50.779  -31.696  53.227 0.0000000000
61373  -50.851  -32.348  52.775 0.0000000000
61372  -50.166  -32.297  53.182 0.0000000000
61386  -49.508  -32.748  52.712 0.0000000000
60295  -48.839  -33.257  52.137 0.0000000000
67034  -53.143  -27.844  48.188 0.0000000000
67035  -53.484  -27.772  48.140 0.0000000000
74787  -52.114  -20.796  47.838 0.0000000000
73650  -51.718  -21.703  47.433 0.0000000000
72550  -51.967  -22.617  47.614 0.0000000000
72551  -52.842  -22.610  47.736 0.0000000000
71423  -51.560  -23.338  47.342 0.0000000000
68237  -53.013  -25.929  45.802 0.0000000000
68217  -53.408  -26.575  46.456 0.0000000000
69273  -54.725  -25.588  47.009 0.0000000000
68195  -54.097  -26.258  46.967 0.0000000000
67037  -54.696  -27.710  47.695 0.0000000000
67101  -55.612  -27.800  45.382 0.0000000000
65928  -55.481  -28.814  45.278 0.0000000000
42532  -26.911  -48.953  65.499 0.0000000000
43575  -28.972  -48.065  67.183 0.0000000000
43606  -26.916  -48.915  65.263 0.0000000000
43607  -28.653  -48.675  65.900 0.0000000000
43624  -26.912  -48.817  64.754 0.0000000000
44671  -30.115  -47.162  68.611 0.0000000000
44689  -30.376  -47.152  68.017 0.0000000000
44701  -22.655  -46.804  66.996 0.0000000000
44704  -24.787  -47.471  65.675 0.0000000000
44719  -22.144  -46.796  65.239 0.0000000000
44720  -22.491  -46.934  65.184 0.0000000000
45730  -29.846  -47.134  68.552 0.0000000000
45791  -22.776  -46.744  65.518 0.0000000000
46773  -14.880  -45.352  68.149 0.0000000000
47788  -19.745  -43.464  68.273 0.0000000000
48837  -34.275  -42.611  68.036 0.0000000000
48852  -34.442  -42.978  67.897 0.0000000000
49853  -33.710  -42.502  67.936 0.0000000000
50895  -17.597  -41.432  68.913 0.0000000000
50899  -33.503  -42.363  67.777 0.0000000000
50900  -33.687  -42.185  67.859 0.0000000000
50912  -32.608  -42.174  67.257 0.0000000000
50930  -35.246  -41.673  67.258 0.0000000000
50937  -15.313  -41.904  66.487 0.0000000000
50963  -35.139  -40.567  64.753 0.0000000000
51957  -15.982  -41.150  68.771 0.0000000000
51982  -36.376  -39.859  67.351 0.0000000000
52023  -35.294  -40.076  64.788 0.0000000000
53090  -33.937  -40.508  67.257 0.0000000000
53122  -35.237  -39.123  65.474 0.0000000000
53123  -38.702  -39.401  65.722 0.0000000000
53149  -39.543  -39.038  63.748 0.0000000000
54203  -38.150  -38.707  66.077 0.0000000000
54213  -35.103  -38.751  65.964 0.0000000000
54215  -36.221  -38.269  64.816 0.0000000000
54243  -40.528  -38.206  63.222 0.0000000000
55313  -36.766  -38.209  66.931 0.0000000000
55314  -37.111  -37.929  66.811 0.0000000000
55325  -37.750  -37.245  65.906 0.0000000000
55336  -36.488  -37.742  64.745 0.0000000000
55352  -39.753  -37.292  64.649 0.0000000000
56566  -37.519  -37.000  66.013 0.0000000000
56579  -36.478  -37.463  65.162 0.0000000000
56600  -39.410  -37.139  65.214 0.0000000000
56657  -38.453  -36.404  61.970 0.0000000000
57784  -40.051  -35.219  64.722 0.0000000000
57785  -40.707  -35.327  64.976 0.0000000000
57797  -37.993  -34.911  64.625 0.0000000000
57798  -39.265  -34.708  64.953 0.0000000000
57799  -39.547  -34.831  64.710 0.0000000000
57811  -37.463  -35.732  64.143 0.0000000000
57918  -44.751  -35.681  57.356 0.0000000000
58992  -39.064  -34.479  65.249 0.0000000000
59006  -37.953  -34.937  65.324 0.0000000000
59040  -45.095  -33.522  62.113 0.0000000000
60145  -39.109  -34.145  65.135 0.0000000000
60147  -41.041  -34.161  65.136 0.0000000000
60166  -38.629  -34.171  64.739 0.0000000000
60204  -45.381  -33.012  61.978 0.0000000000
60218  -44.613  -33.685  62.131 0.0000000000
60219  -45.270  -33.019  61.651 0.0000000000
60242  -44.098  -33.265  58.555 0.0000000000
60357  -52.366  -33.043  49.847 0.0000000000
61290  -44.252  -32.337  61.377 0.0000000000
61313  -44.498  -32.889  60.427 0.0000000000
61327  -42.750  -32.173  57.247 0.0000000000
61332  -42.695  -31.857  56.805 0.0000000000
61353  -46.929  -31.923  54.216 0.0000000000
61355  -48.681  -31.881  54.166 0.0000000000
61388  -51.216  -32.795  52.261 0.0000000000
61403  -52.292  -32.434  51.207 0.0000000000
61431  -52.489  -32.364  50.009 0.0000000000
62277  -43.335  -30.682  62.631 0.0000000000
62288  -42.808  -31.408  62.747 0.0000000000
62305  -43.607  -31.511  60.367 0.0000000000
62307  -44.125  -32.408  60.745 0.0000000000
62318  -44.053  -32.320  60.240 0.0000000000
62341  -42.740  -31.879  57.402 0.0000000000
62378  -49.128  -31.384  54.464 0.0000000000
62388  -49.444  -31.674  54.125 0.0000000000
63310  -41.614  -31.065  62.936 0.0000000000
63329  -41.933  -30.393  62.631 0.0000000000
63424  -50.202  -30.061  54.944 0.0000000000
63433  -49.494  -30.876  54.869 0.0000000000
63492  -52.614  -31.016  50.621 0.0000000000
63510  -53.861  -30.348  49.496 0.0000000000
63550  -54.130  -29.929  48.261 0.0000000000
64432  -42.753  -29.884  62.776 0.0000000000
64447  -42.366  -29.769  62.528 0.0000000000
64448  -42.428  -30.232  62.693 0.0000000000
64514  -45.068  -28.804  57.038 0.0000000000
64516  -46.991  -28.642  57.146 0.0000000000
64533  -46.510  -28.903  56.733 0.0000000000
64600  -52.509  -30.094  51.438 0.0000000000
64619  -53.232  -30.146  50.578 0.0000000000
64636  -53.710  -29.808  50.188 0.0000000000
64637  -54.076  -30.119  49.887 0.0000000000
64657  -54.225  -29.725  49.520 0.0000000000
64724  -55.023  -29.343  46.244 0.0000000000
64747  -55.257  -29.363  45.635 0.0000000000
65644  -42.635  -29.482  62.527 0.0000000000
65647  -43.451  -29.206  62.322 0.0000000000
65658  -42.748  -28.388  62.129 0.0000000000
65674  -41.340  -29.339  61.156 0.0000000000
65740  -47.337  -28.294  57.112 0.0000000000
65748  -48.499  -28.508  56.246 0.0000000000
65750  -49.719  -29.000  55.344 0.0000000000
65774  -51.147  -29.068  53.037 0.0000000000
65806  -52.583  -29.143  50.971 0.0000000000
66815  -43.166  -28.372  62.215 0.0000000000
66822  -42.512  -28.130  61.655 0.0000000000
66823  -42.738  -27.680  62.004 0.0000000000
66838  -41.999  -28.054  61.003 0.0000000000
66839  -42.994  -27.741  60.924 0.0000000000
66895  -46.983  -27.723  57.295 0.0000000000
66948  -49.069  -27.434  54.278 0.0000000000
66964  -50.511  -28.013  52.797 0.0000000000
66981  -50.239  -27.838  50.943 0.0000000000
67955  -42.440  -27.267  61.846 0.0000000000
67956  -42.772  -27.182  61.752 0.0000000000
67972  -42.534  -27.627  61.414 0.0000000000
67991  -43.759  -26.374  59.202 0.0000000000
68003  -44.085  -26.662  58.825 0.0000000000
68004  -44.686  -26.426  58.989 0.0000000000
68102  -49.765  -27.587  53.007 0.0000000000
68126  -49.914  -27.806  51.123 0.0000000000
68128  -50.891  -27.598  51.382 0.0000000000
68140  -51.177  -27.415  50.953 0.0000000000
69079  -43.699  -26.239  59.470 0.0000000000
69092  -42.660  -26.812  58.697 0.0000000000
69095  -44.485  -26.157  59.232 0.0000000000
69151  -45.397  -26.387  56.783 0.0000000000
69153  -46.467  -26.597  56.045 0.0000000000
69185  -45.966  -26.811  55.564 0.0000000000
69201  -47.507  -27.164  54.246 0.0000000000
69215  -49.790  -27.502  51.964 0.0000000000
70334  -52.372  -23.836  47.142 0.0000000000
71446  -52.786  -23.730  47.045 0.0000000000
71448  -55.584  -23.711  46.659 0.0000000000
72528  -53.850  -21.952  48.090 0.0000000000
73622  -52.356  -20.934  48.417 0.0000000000
73624  -53.165  -20.770  48.822 0.0000000000
73638  -52.234  -21.334  48.127 0.0000000000
73641  -53.848  -21.477  48.051 0.0000000000
74779  -52.303  -20.664  48.240 0.0000000000
74780  -52.505  -20.544  48.474 0.0000000000
74781  -53.008  -20.492  48.670 0.0000000000
74789  -53.295  -20.361  48.409 0.0000000000
75945  -52.527  -20.205  48.357 0.0000000000
75950  -52.181  -19.899  47.731 0.0000000000
75951  -52.748  -19.709  48.057 0.0000000000
75957  -53.029  -19.124  47.602 0.0000000000
75958  -53.469  -19.243  47.654 0.0000000000
75963  -51.937  -19.939  46.717 0.0000000000
77048  -52.282  -19.691  47.517 0.0000000000
77064  -52.222  -19.175  46.671 0.0000000000
79132  -52.841  -16.565  46.664 0.0000000000
79154  -53.740  -16.832  44.750 0.0000000000
79155  -53.861  -16.929  45.232 0.0000000000
82234  -53.992  -13.120  46.514 0.0000000000
82260  -53.530  -13.795  44.122 0.0000000000
83223  -53.523  -12.797  46.246 0.0000000000
83225  -54.090  -12.843  46.242 0.0000000000
84193  -53.550  -12.530  46.037 0.0000000000
84198  -53.739  -11.947  45.770 0.0000000000
85202  -53.584  -10.791  45.143 0.0000000000
85204  -54.093  -11.086  45.492 0.0000000000
86249  -53.781  -10.495  45.009 0.0000000000
86250  -53.847  -10.648  45.186 0.0000000000
86259  -54.143  -10.585  45.109 0.0000000000
