#!ascii label  , from subject 3327 vox2ras=TkReg
589
94071  -24.206  -2.752  -12.799 0.0000000000
87916  -21.049  -7.822  -10.136 0.0000000000
85870  -27.391  -9.114  -8.880 0.0000000000
82876  -23.843  -13.605  -9.341 0.0000000000
108009  -23.275  11.550  -8.895 0.0000000000
104200  -25.174  6.911  -8.310 0.0000000000
96981  -19.210  1.393  -13.868 0.0000000000
78782  -22.087  -17.462  -8.510 0.0000000000
85878  -22.061  -11.087  -9.830 0.0000000000
83869  -19.875  -12.578  -8.782 0.0000000000
106082  -24.502  9.395  -8.279 0.0000000000
102174  -21.191  5.875  -10.551 0.0000000000
94020  -21.098  -2.753  -10.808 0.0000000000
95920  -19.163  -0.572  -10.040 0.0000000000
139385  -21.717  -0.175  -12.277 0.0000000000
97975  -23.594  1.663  -10.742 0.0000000000
95939  -25.388  -0.739  -9.823 0.0000000000
93033  -26.990  -3.418  -8.398 0.0000000000
91023  -19.693  -5.290  -9.576 0.0000000000
91065  -22.634  -5.144  -10.628 0.0000000000
139357  -25.082  -6.047  -9.754 0.0000000000
87928  -24.059  -9.167  -10.062 0.0000000000
84868  -25.268  -11.524  -9.213 0.0000000000
80803  -27.784  -15.507  -10.583 0.0000000000
100082  -18.592  3.411  -10.523 0.0000000000
100098  -22.314  3.522  -11.403 0.0000000000
101104  -26.313  4.258  -7.674 0.0000000000
81845  -19.903  -14.607  -8.576 0.0000000000
80784  -22.921  -15.804  -8.702 0.0000000000
84857  -19.410  -11.581  -8.761 0.0000000000
83858  -19.182  -12.504  -8.200 0.0000000000
104218  -20.750  7.563  -10.517 0.0000000000
102186  -19.267  5.876  -11.116 0.0000000000
139382  -22.387  -2.699  -11.893 0.0000000000
139379  -21.645  -1.383  -11.466 0.0000000000
139383  -22.737  -1.465  -11.614 0.0000000000
95949  -23.601  -0.437  -11.498 0.0000000000
94022  -24.797  -2.396  -10.574 0.0000000000
94024  -25.944  -2.068  -9.390 0.0000000000
92059  -25.202  -3.716  -10.008 0.0000000000
88943  -20.422  -7.154  -9.805 0.0000000000
91040  -21.024  -5.387  -10.299 0.0000000000
88953  -21.294  -7.159  -10.314 0.0000000000
89996  -22.912  -6.744  -10.481 0.0000000000
87926  -22.392  -8.423  -10.340 0.0000000000
83902  -22.588  -12.161  -9.955 0.0000000000
84885  -23.865  -11.463  -9.689 0.0000000000
83884  -24.057  -12.532  -9.377 0.0000000000
82879  -26.853  -13.429  -9.628 0.0000000000
81860  -25.697  -14.538  -9.326 0.0000000000
107033  -22.144  10.293  -9.321 0.0000000000
108007  -21.008  11.561  -9.088 0.0000000000
108970  -23.665  12.539  -8.664 0.0000000000
110693  -24.249  14.471  -8.420 0.0000000000
108958  -25.440  12.534  -7.931 0.0000000000
105160  -24.642  8.357  -8.036 0.0000000000
96924  -19.626  1.633  -11.943 0.0000000000
97986  -19.359  2.023  -11.747 0.0000000000
100123  -18.272  2.598  -12.664 0.0000000000
100096  -20.204  3.336  -11.894 0.0000000000
99057  -20.154  2.121  -12.840 0.0000000000
99022  -25.502  2.040  -9.378 0.0000000000
99000  -25.156  2.817  -8.871 0.0000000000
100035  -27.385  3.403  -7.516 0.0000000000
139365  -26.402  -7.583  -8.845 0.0000000000
91010  -26.407  -6.238  -8.731 0.0000000000
79817  -20.386  -16.653  -8.786 0.0000000000
79818  -21.316  -16.575  -8.703 0.0000000000
80782  -21.433  -15.689  -9.195 0.0000000000
79820  -22.958  -16.488  -8.649 0.0000000000
86897  -20.300  -8.798  -9.443 0.0000000000
86910  -21.531  -9.091  -10.120 0.0000000000
85864  -20.808  -10.667  -9.647 0.0000000000
84864  -20.622  -11.684  -9.711 0.0000000000
82874  -22.045  -13.716  -9.758 0.0000000000
106093  -21.622  9.283  -9.339 0.0000000000
107023  -23.755  10.439  -8.625 0.0000000000
105168  -22.194  8.323  -9.128 0.0000000000
104209  -22.807  7.415  -9.244 0.0000000000
103201  -23.218  6.443  -9.185 0.0000000000
94007  -19.616  -2.916  -10.080 0.0000000000
94971  -19.959  -1.785  -10.453 0.0000000000
95937  -20.583  0.077  -11.115 0.0000000000
96961  -21.011  0.234  -13.293 0.0000000000
98020  -21.958  1.770  -14.020 0.0000000000
95983  -23.120  0.337  -13.498 0.0000000000
96898  -24.817  0.438  -9.866 0.0000000000
96884  -26.228  0.555  -8.466 0.0000000000
94930  -27.531  -0.704  -8.071 0.0000000000
75549  -23.990  -19.960  -9.102 0.0000000000
77755  -24.344  -18.543  -9.413 0.0000000000
139371  -19.846  -4.021  -10.137 0.0000000000
93056  -22.049  -3.886  -10.808 0.0000000000
93096  -23.365  -3.859  -12.371 0.0000000000
92096  -24.424  -4.388  -11.254 0.0000000000
91101  -23.855  -5.653  -10.735 0.0000000000
139346  -24.687  -7.380  -9.729 0.0000000000
139358  -25.393  -8.787  -8.897 0.0000000000
86912  -23.371  -9.822  -10.233 0.0000000000
86901  -24.554  -10.164  -9.541 0.0000000000
85869  -26.414  -10.323  -8.621 0.0000000000
83888  -27.586  -12.708  -9.931 0.0000000000
81881  -28.236  -14.040  -10.829 0.0000000000
108000  -26.291  11.397  -7.704 0.0000000000
102173  -19.544  4.767  -10.858 0.0000000000
102190  -22.101  5.118  -10.591 0.0000000000
101118  -22.948  4.974  -9.691 0.0000000000
99046  -22.647  2.569  -11.303 0.0000000000
101120  -24.440  4.199  -9.040 0.0000000000
102133  -25.860  5.622  -7.849 0.0000000000
91043  -25.146  -4.677  -10.098 0.0000000000
91012  -28.298  -5.861  -8.727 0.0000000000
83857  -18.519  -12.509  -7.603 0.0000000000
82864  -20.297  -13.612  -8.904 0.0000000000
81855  -21.316  -14.364  -9.493 0.0000000000
81857  -22.600  -14.526  -9.388 0.0000000000
78793  -24.285  -17.486  -9.381 0.0000000000
79829  -25.257  -16.555  -9.637 0.0000000000
80795  -25.469  -15.554  -9.392 0.0000000000
103219  -18.896  6.371  -11.044 0.0000000000
94069  -23.271  -2.780  -12.749 0.0000000000
139384  -22.948  -2.551  -12.247 0.0000000000
139376  -23.231  -2.288  -11.811 0.0000000000
94034  -23.602  -1.952  -11.453 0.0000000000
94035  -24.158  -2.553  -11.197 0.0000000000
94036  -24.439  -3.127  -11.452 0.0000000000
87914  -19.974  -8.167  -9.248 0.0000000000
88952  -20.862  -6.658  -10.240 0.0000000000
88954  -22.290  -7.361  -10.459 0.0000000000
87925  -21.378  -8.217  -10.248 0.0000000000
83883  -23.126  -12.813  -9.638 0.0000000000
82877  -24.881  -13.546  -9.245 0.0000000000
81859  -24.654  -14.552  -9.184 0.0000000000
107022  -22.833  10.758  -8.895 0.0000000000
108008  -22.126  11.452  -9.122 0.0000000000
109829  -25.252  13.097  -7.949 0.0000000000
108011  -24.801  11.916  -8.193 0.0000000000
104199  -24.598  7.332  -8.280 0.0000000000
105149  -25.984  8.440  -7.571 0.0000000000
104187  -25.525  7.432  -7.971 0.0000000000
104188  -26.526  7.545  -7.796 0.0000000000
96937  -18.677  0.860  -12.713 0.0000000000
96909  -19.398  2.004  -11.131 0.0000000000
96936  -18.268  1.284  -12.470 0.0000000000
99055  -18.599  2.120  -11.988 0.0000000000
99086  -18.352  2.280  -13.347 0.0000000000
100125  -18.936  2.495  -13.197 0.0000000000
99088  -20.008  2.259  -14.043 0.0000000000
97947  -26.545  1.504  -8.197 0.0000000000
99002  -26.554  2.436  -8.113 0.0000000000
139344  -27.567  -8.230  -9.181 0.0000000000
77740  -22.846  -18.443  -8.704 0.0000000000
78781  -21.179  -17.487  -8.385 0.0000000000
79819  -22.199  -16.512  -8.558 0.0000000000
78783  -23.042  -17.472  -8.731 0.0000000000
86887  -19.816  -9.385  -8.971 0.0000000000
86888  -20.276  -9.897  -9.289 0.0000000000
85855  -20.069  -10.647  -9.115 0.0000000000
84858  -20.011  -11.734  -9.382 0.0000000000
83870  -20.674  -12.662  -9.390 0.0000000000
83881  -21.422  -12.738  -9.945 0.0000000000
83871  -21.124  -13.207  -9.555 0.0000000000
106094  -22.489  9.248  -8.821 0.0000000000
105167  -21.498  8.403  -9.723 0.0000000000
103210  -21.389  6.684  -10.251 0.0000000000
104208  -22.068  7.554  -9.602 0.0000000000
103199  -21.876  6.967  -9.850 0.0000000000
103200  -22.481  6.612  -9.637 0.0000000000
103211  -21.992  6.336  -9.990 0.0000000000
94019  -20.287  -2.701  -10.419 0.0000000000
94972  -20.569  -2.016  -10.680 0.0000000000
139380  -21.907  -0.703  -11.764 0.0000000000
95948  -21.215  -0.435  -11.497 0.0000000000
95982  -20.678  -0.089  -12.621 0.0000000000
96962  -21.623  0.834  -12.772 0.0000000000
96984  -21.872  0.558  -13.978 0.0000000000
95996  -22.082  0.878  -12.627 0.0000000000
95938  -24.561  -0.330  -10.348 0.0000000000
95922  -25.066  -0.056  -9.649 0.0000000000
96899  -25.307  0.728  -9.520 0.0000000000
95923  -25.691  -0.118  -9.457 0.0000000000
95907  -26.542  -0.120  -8.292 0.0000000000
95940  -25.938  -0.821  -9.452 0.0000000000
94008  -25.814  -2.721  -9.340 0.0000000000
93994  -27.039  -2.285  -8.545 0.0000000000
93034  -28.149  -3.628  -8.366 0.0000000000
75548  -23.555  -20.464  -8.883 0.0000000000
75563  -24.367  -20.565  -9.679 0.0000000000
91022  -19.018  -5.104  -9.136 0.0000000000
92070  -19.655  -4.081  -9.891 0.0000000000
91062  -19.199  -5.209  -11.158 0.0000000000
91041  -21.817  -5.169  -10.503 0.0000000000
92072  -21.089  -4.564  -10.358 0.0000000000
92093  -22.411  -4.407  -10.790 0.0000000000
93073  -22.367  -3.820  -11.286 0.0000000000
92094  -22.926  -4.580  -10.961 0.0000000000
92117  -23.293  -4.384  -11.509 0.0000000000
91066  -23.191  -4.955  -10.750 0.0000000000
88955  -23.407  -7.380  -10.471 0.0000000000
88970  -24.163  -6.819  -10.628 0.0000000000
88956  -24.472  -8.053  -9.911 0.0000000000
139360  -24.790  -8.661  -9.360 0.0000000000
86899  -21.521  -9.919  -9.723 0.0000000000
86911  -22.357  -9.647  -10.082 0.0000000000
85866  -22.185  -10.286  -9.805 0.0000000000
84886  -24.513  -11.204  -9.417 0.0000000000
85881  -24.272  -10.678  -9.756 0.0000000000
85867  -24.791  -10.661  -9.272 0.0000000000
85868  -25.488  -10.610  -8.852 0.0000000000
84869  -26.300  -11.428  -9.094 0.0000000000
83887  -27.016  -12.369  -9.558 0.0000000000
81871  -27.258  -14.195  -9.980 0.0000000000
82889  -27.482  -13.748  -10.009 0.0000000000
81872  -27.818  -14.480  -10.507 0.0000000000
81873  -28.540  -14.749  -10.836 0.0000000000
107024  -24.712  10.488  -8.213 0.0000000000
107013  -25.123  10.793  -7.840 0.0000000000
107025  -25.211  10.217  -7.956 0.0000000000
100069  -18.231  3.563  -9.937 0.0000000000
101131  -18.721  4.185  -10.559 0.0000000000
101132  -19.253  4.383  -10.867 0.0000000000
100097  -21.250  3.096  -12.039 0.0000000000
101147  -21.552  4.438  -11.458 0.0000000000
101148  -22.249  4.568  -11.122 0.0000000000
101133  -22.600  4.516  -10.389 0.0000000000
98004  -22.820  1.193  -12.276 0.0000000000
97989  -22.455  1.737  -11.951 0.0000000000
99033  -23.222  2.313  -10.848 0.0000000000
100052  -25.468  3.402  -8.639 0.0000000000
100071  -24.193  3.411  -9.798 0.0000000000
101121  -25.108  4.091  -8.801 0.0000000000
101102  -24.864  4.892  -8.644 0.0000000000
101086  -26.284  4.940  -7.718 0.0000000000
102135  -27.879  5.720  -7.835 0.0000000000
92097  -24.792  -4.957  -11.392 0.0000000000
91042  -24.931  -4.613  -10.332 0.0000000000
91024  -25.586  -5.378  -9.483 0.0000000000
91011  -27.346  -6.039  -8.665 0.0000000000
81835  -19.359  -14.910  -8.078 0.0000000000
81844  -19.188  -14.228  -8.201 0.0000000000
82851  -18.868  -13.472  -7.892 0.0000000000
82863  -19.509  -13.499  -8.448 0.0000000000
80783  -22.256  -15.812  -8.967 0.0000000000
81847  -21.282  -15.018  -9.794 0.0000000000
80792  -22.366  -15.199  -9.196 0.0000000000
80793  -23.414  -15.466  -8.938 0.0000000000
77756  -24.911  -18.469  -10.063 0.0000000000
85854  -19.102  -10.500  -8.580 0.0000000000
104217  -19.894  7.382  -10.940 0.0000000000
103209  -20.631  6.547  -10.708 0.0000000000
103221  -20.073  6.373  -11.244 0.0000000000
94984  -21.059  -1.548  -11.070 0.0000000000
94032  -21.690  -2.119  -11.496 0.0000000000
139377  -23.009  -0.576  -11.614 0.0000000000
139378  -23.517  -1.268  -11.482 0.0000000000
94973  -24.397  -1.460  -10.904 0.0000000000
94974  -25.135  -1.467  -10.281 0.0000000000
94975  -25.756  -1.478  -9.710 0.0000000000
94023  -25.511  -2.377  -9.974 0.0000000000
93046  -25.995  -3.497  -8.987 0.0000000000
88942  -19.373  -7.151  -9.076 0.0000000000
89980  -19.667  -6.030  -9.566 0.0000000000
91039  -20.176  -5.232  -9.703 0.0000000000
89993  -20.523  -6.112  -10.147 0.0000000000
89994  -21.298  -6.127  -10.407 0.0000000000
89995  -22.351  -6.171  -10.432 0.0000000000
90015  -22.852  -5.574  -10.557 0.0000000000
87927  -23.384  -8.774  -10.354 0.0000000000
84883  -22.098  -11.568  -10.052 0.0000000000
84884  -22.992  -11.436  -10.027 0.0000000000
83903  -23.282  -12.056  -9.717 0.0000000000
83885  -25.135  -12.561  -9.190 0.0000000000
83886  -26.113  -12.475  -9.234 0.0000000000
82878  -25.949  -13.522  -9.149 0.0000000000
81861  -26.671  -14.505  -9.731 0.0000000000
107032  -21.223  10.173  -10.030 0.0000000000
109840  -23.936  13.529  -8.473 0.0000000000
110687  -25.892  13.840  -7.762 0.0000000000
106072  -24.895  8.897  -7.909 0.0000000000
106073  -25.364  9.409  -7.801 0.0000000000
97973  -18.719  1.603  -10.332 0.0000000000
99042  -19.309  2.332  -10.833 0.0000000000
100094  -18.975  3.181  -11.292 0.0000000000
101158  -19.156  3.455  -11.936 0.0000000000
100111  -19.492  2.609  -12.316 0.0000000000
100112  -20.560  2.599  -12.398 0.0000000000
97976  -24.247  1.742  -10.267 0.0000000000
99020  -24.383  2.575  -10.069 0.0000000000
99021  -24.976  2.524  -9.430 0.0000000000
100034  -26.676  3.879  -7.445 0.0000000000
139361  -25.783  -6.625  -9.024 0.0000000000
139366  -26.444  -6.997  -8.778 0.0000000000
89969  -27.310  -7.443  -8.912 0.0000000000
80779  -19.093  -15.991  -8.290 0.0000000000
80780  -19.725  -15.691  -8.386 0.0000000000
80781  -20.568  -15.657  -8.877 0.0000000000
86909  -21.071  -8.859  -10.127 0.0000000000
86898  -20.707  -9.375  -9.703 0.0000000000
85863  -20.327  -11.184  -9.503 0.0000000000
84865  -21.346  -11.660  -10.020 0.0000000000
83900  -21.552  -12.137  -10.151 0.0000000000
83882  -22.288  -12.880  -9.808 0.0000000000
82875  -22.891  -13.692  -9.569 0.0000000000
107037  -20.287  9.543  -10.297 0.0000000000
107034  -22.922  10.014  -8.808 0.0000000000
106081  -23.459  9.286  -8.621 0.0000000000
104207  -21.435  7.624  -10.061 0.0000000000
105169  -23.116  8.302  -8.883 0.0000000000
105159  -23.979  8.315  -8.473 0.0000000000
104198  -23.559  7.197  -8.659 0.0000000000
103188  -24.207  6.352  -8.742 0.0000000000
95921  -19.520  -1.194  -10.431 0.0000000000
94983  -20.455  -1.355  -10.814 0.0000000000
95936  -20.152  -0.522  -10.765 0.0000000000
95935  -19.677  0.074  -10.530 0.0000000000
97988  -20.011  1.231  -11.701 0.0000000000
96938  -19.662  0.639  -12.337 0.0000000000
96982  -19.672  1.059  -13.975 0.0000000000
98041  -20.323  1.649  -14.245 0.0000000000
96983  -20.651  0.857  -13.943 0.0000000000
98044  -23.013  0.888  -14.246 0.0000000000
96941  -23.268  0.839  -12.212 0.0000000000
95963  -23.049  0.521  -12.379 0.0000000000
96942  -23.540  0.436  -11.593 0.0000000000
96913  -23.976  1.119  -10.683 0.0000000000
96915  -24.909  1.029  -9.822 0.0000000000
97946  -25.909  1.306  -8.703 0.0000000000
97925  -27.412  1.116  -7.710 0.0000000000
96866  -27.501  0.286  -7.691 0.0000000000
95891  -27.826  -0.283  -7.781 0.0000000000
94959  -26.332  -1.401  -9.002 0.0000000000
84871  -27.832  -10.518  -9.379 0.0000000000
76644  -23.571  -19.371  -8.811 0.0000000000
77741  -23.703  -18.506  -8.903 0.0000000000
139372  -19.757  -3.678  -9.948 0.0000000000
93054  -20.189  -4.006  -10.303 0.0000000000
92071  -20.298  -4.741  -9.848 0.0000000000
93055  -21.428  -3.703  -10.641 0.0000000000
93072  -21.895  -3.458  -11.157 0.0000000000
93115  -22.447  -3.259  -12.132 0.0000000000
93117  -23.548  -3.202  -12.875 0.0000000000
93098  -24.869  -3.695  -12.147 0.0000000000
92135  -24.509  -3.937  -12.577 0.0000000000
92120  -24.953  -4.815  -11.733 0.0000000000
91087  -24.956  -5.278  -10.540 0.0000000000
90016  -23.473  -6.019  -10.605 0.0000000000
88982  -24.233  -6.309  -10.505 0.0000000000
139356  -24.549  -6.688  -10.072 0.0000000000
139363  -25.300  -7.495  -9.291 0.0000000000
139352  -26.105  -9.420  -8.593 0.0000000000
85880  -23.575  -10.682  -10.138 0.0000000000
86913  -24.173  -9.921  -9.871 0.0000000000
139364  -24.886  -9.456  -9.158 0.0000000000
86903  -25.555  -9.695  -8.670 0.0000000000
84870  -27.359  -11.166  -9.292 0.0000000000
83904  -27.416  -12.076  -9.893 0.0000000000
82880  -27.411  -13.161  -9.835 0.0000000000
82890  -27.878  -13.411  -10.308 0.0000000000
107998  -24.841  11.124  -8.018 0.0000000000
108959  -26.018  12.246  -7.723 0.0000000000
107014  -25.787  10.499  -7.695 0.0000000000
102172  -18.962  5.344  -10.666 0.0000000000
102187  -19.853  5.354  -11.124 0.0000000000
102188  -20.830  5.477  -11.171 0.0000000000
101145  -19.634  3.997  -11.420 0.0000000000
101146  -20.592  4.297  -11.474 0.0000000000
102189  -21.700  5.277  -11.028 0.0000000000
102176  -22.304  5.554  -9.908 0.0000000000
102164  -23.460  5.516  -9.347 0.0000000000
102150  -24.743  5.733  -8.759 0.0000000000
99071  -21.255  2.229  -14.128 0.0000000000
99045  -21.986  2.389  -12.230 0.0000000000
100099  -22.738  3.189  -11.125 0.0000000000
100085  -23.979  3.002  -10.305 0.0000000000
100084  -23.193  3.379  -10.612 0.0000000000
100070  -23.502  3.773  -9.867 0.0000000000
101119  -23.628  4.416  -9.407 0.0000000000
102165  -24.161  5.305  -8.992 0.0000000000
103171  -25.519  6.434  -8.205 0.0000000000
103172  -26.204  6.567  -7.862 0.0000000000
92095  -24.239  -3.899  -11.076 0.0000000000
92060  -25.457  -4.258  -9.665 0.0000000000
92047  -26.382  -4.831  -8.684 0.0000000000
92048  -27.638  -4.796  -8.259 0.0000000000
81846  -20.931  -14.640  -8.997 0.0000000000
82865  -20.961  -13.704  -9.309 0.0000000000
82873  -21.452  -13.727  -9.599 0.0000000000
81858  -23.602  -14.535  -9.106 0.0000000000
78784  -23.863  -17.823  -8.973 0.0000000000
78792  -23.559  -17.142  -8.953 0.0000000000
79827  -23.572  -16.473  -9.056 0.0000000000
78794  -25.015  -17.490  -10.063 0.0000000000
79828  -24.326  -16.508  -9.391 0.0000000000
80794  -24.439  -15.536  -9.241 0.0000000000
80791  -21.759  -15.257  -9.492 0.0000000000
81856  -21.785  -14.609  -9.791 0.0000000000
81862  -27.349  -14.834  -10.186 0.0000000000
83880  -20.887  -12.206  -9.983 0.0000000000
83901  -21.912  -12.243  -10.150 0.0000000000
84866  -21.795  -11.273  -9.889 0.0000000000
84867  -24.538  -11.832  -9.310 0.0000000000
84882  -21.691  -11.906  -10.170 0.0000000000
84887  -27.640  -11.689  -10.015 0.0000000000
85856  -20.434  -10.150  -9.474 0.0000000000
85865  -21.774  -10.717  -9.750 0.0000000000
85879  -22.572  -10.667  -9.998 0.0000000000
86900  -21.969  -10.130  -9.724 0.0000000000
86902  -24.908  -9.855  -9.119 0.0000000000
86914  -24.584  -9.776  -9.516 0.0000000000
86915  -25.586  -9.346  -8.675 0.0000000000
86916  -25.733  -9.157  -8.688 0.0000000000
87915  -20.743  -8.229  -9.777 0.0000000000
87924  -20.902  -8.673  -10.045 0.0000000000
87929  -24.669  -9.211  -9.411 0.0000000000
87930  -25.364  -9.402  -8.755 0.0000000000
87931  -25.437  -9.171  -8.773 0.0000000000
88944  -20.872  -7.605  -10.032 0.0000000000
88969  -23.834  -6.678  -10.636 0.0000000000
89990  -18.473  -5.530  -11.284 0.0000000000
89991  -17.965  -5.869  -11.059 0.0000000000
89992  -18.249  -5.997  -10.722 0.0000000000
90012  -18.633  -5.396  -11.317 0.0000000000
90013  -18.456  -5.763  -11.226 0.0000000000
90014  -18.509  -6.051  -10.947 0.0000000000
90017  -23.930  -6.379  -10.645 0.0000000000
90030  -23.901  -5.444  -10.709 0.0000000000
90031  -23.995  -5.917  -10.658 0.0000000000
90032  -24.324  -5.747  -10.534 0.0000000000
90046  -23.997  -5.733  -10.855 0.0000000000
90047  -24.046  -5.503  -10.745 0.0000000000
91035  -18.866  -5.436  -11.021 0.0000000000
91036  -18.609  -5.673  -10.773 0.0000000000
91037  -18.827  -5.521  -10.409 0.0000000000
91038  -19.618  -4.941  -9.753 0.0000000000
91060  -18.871  -5.022  -11.576 0.0000000000
91061  -18.806  -5.222  -11.453 0.0000000000
91063  -19.803  -4.938  -9.886 0.0000000000
91064  -20.018  -4.927  -9.713 0.0000000000
91067  -24.723  -4.541  -10.560 0.0000000000
91068  -25.228  -4.933  -10.380 0.0000000000
91081  -19.899  -4.932  -11.641 0.0000000000
91082  -19.812  -4.873  -11.000 0.0000000000
91083  -20.102  -5.351  -10.179 0.0000000000
91084  -23.801  -4.862  -10.861 0.0000000000
91085  -24.053  -4.999  -10.954 0.0000000000
91086  -24.414  -5.134  -10.993 0.0000000000
91102  -24.079  -5.281  -10.869 0.0000000000
92069  -19.292  -5.166  -10.408 0.0000000000
92073  -21.781  -4.326  -10.613 0.0000000000
92074  -24.326  -3.672  -10.827 0.0000000000
92075  -24.787  -4.037  -10.377 0.0000000000
92076  -25.128  -4.390  -10.062 0.0000000000
92091  -19.096  -5.033  -12.097 0.0000000000
92092  -20.305  -4.868  -9.993 0.0000000000
92113  -19.401  -4.634  -11.741 0.0000000000
92114  -19.603  -4.943  -11.220 0.0000000000
92115  -19.894  -4.858  -10.637 0.0000000000
92116  -22.735  -4.222  -11.362 0.0000000000
92118  -24.002  -4.597  -12.067 0.0000000000
92119  -24.608  -4.507  -11.827 0.0000000000
92136  -24.898  -3.957  -12.513 0.0000000000
93045  -25.489  -3.294  -9.691 0.0000000000
93057  -24.484  -3.238  -10.716 0.0000000000
93058  -25.060  -3.191  -10.243 0.0000000000
93070  -19.470  -5.024  -10.461 0.0000000000
93071  -20.051  -4.543  -10.121 0.0000000000
93074  -24.216  -3.376  -11.143 0.0000000000
93075  -24.583  -3.579  -11.536 0.0000000000
93091  -19.299  -4.944  -11.243 0.0000000000
93092  -19.895  -4.845  -10.908 0.0000000000
93093  -20.237  -5.246  -10.441 0.0000000000
93094  -22.157  -3.353  -11.746 0.0000000000
93095  -22.609  -3.844  -12.034 0.0000000000
93097  -23.950  -3.748  -12.609 0.0000000000
93116  -22.842  -3.145  -12.516 0.0000000000
93118  -24.170  -3.248  -12.985 0.0000000000
93119  -24.791  -3.381  -12.830 0.0000000000
94009  -26.373  -2.453  -8.858 0.0000000000
94021  -21.559  -3.183  -11.004 0.0000000000
94033  -21.706  -2.933  -11.472 0.0000000000
94052  -23.781  -2.528  -11.849 0.0000000000
94053  -24.633  -3.001  -11.779 0.0000000000
94070  -23.730  -2.756  -13.027 0.0000000000
94072  -24.669  -2.953  -12.407 0.0000000000
94945  -26.748  -1.847  -8.709 0.0000000000
94960  -26.673  -0.932  -8.754 0.0000000000
94985  -23.877  -1.560  -11.336 0.0000000000
95015  -23.386  -2.550  -12.297 0.0000000000
95892  -28.470  -0.451  -7.914 0.0000000000
95908  -27.149  -0.345  -8.078 0.0000000000
95924  -26.291  -0.357  -8.951 0.0000000000
95925  -26.769  -0.631  -8.509 0.0000000000
95947  -20.730  -0.925  -10.996 0.0000000000
95961  -20.133  0.465  -12.377 0.0000000000
95962  -20.734  0.583  -12.290 0.0000000000
95964  -23.416  0.373  -11.938 0.0000000000
95981  -20.063  0.105  -12.606 0.0000000000
95997  -22.742  0.022  -13.921 0.0000000000
95998  -23.222  0.129  -14.135 0.0000000000
96885  -26.834  0.499  -8.018 0.0000000000
96900  -25.791  0.594  -9.052 0.0000000000
96911  -19.948  0.412  -10.958 0.0000000000
96912  -20.337  0.248  -10.986 0.0000000000
96914  -24.488  0.841  -10.290 0.0000000000
96923  -18.540  1.341  -11.987 0.0000000000
96925  -19.763  0.985  -11.548 0.0000000000
96926  -20.327  0.690  -11.615 0.0000000000
96927  -23.540  0.958  -11.239 0.0000000000
96928  -23.891  0.411  -10.880 0.0000000000
96939  -20.336  1.182  -12.273 0.0000000000
96940  -23.006  1.077  -12.808 0.0000000000
96959  -18.932  1.021  -13.544 0.0000000000
96960  -19.793  0.338  -13.245 0.0000000000
96963  -22.970  1.236  -13.487 0.0000000000
96964  -23.128  0.878  -13.500 0.0000000000
96985  -22.900  0.497  -14.219 0.0000000000
96986  -23.312  0.559  -14.150 0.0000000000
97963  -24.640  2.007  -9.744 0.0000000000
97964  -25.140  1.637  -9.574 0.0000000000
97965  -25.610  1.483  -9.233 0.0000000000
97977  -24.682  1.453  -9.895 0.0000000000
97987  -19.777  1.258  -12.022 0.0000000000
97990  -22.992  1.530  -11.407 0.0000000000
97998  -17.968  1.670  -12.319 0.0000000000
97999  -18.195  1.343  -12.707 0.0000000000
98000  -19.940  1.403  -12.245 0.0000000000
98001  -20.134  1.579  -11.879 0.0000000000
98002  -22.136  1.752  -13.470 0.0000000000
98003  -22.585  1.618  -12.938 0.0000000000
98018  -17.733  1.934  -12.780 0.0000000000
98019  -18.145  1.569  -13.091 0.0000000000
98021  -22.911  1.498  -14.006 0.0000000000
98022  -23.199  0.955  -14.098 0.0000000000
98039  -18.803  1.746  -13.721 0.0000000000
98040  -19.495  1.797  -14.067 0.0000000000
98042  -21.349  1.543  -14.246 0.0000000000
98043  -22.426  1.121  -14.231 0.0000000000
99001  -25.851  2.343  -8.841 0.0000000000
99034  -23.795  2.464  -10.463 0.0000000000
99044  -21.503  2.508  -12.371 0.0000000000
99056  -19.754  2.312  -12.828 0.0000000000
99058  -21.164  1.903  -12.755 0.0000000000
99059  -21.938  1.843  -12.880 0.0000000000
99067  -17.885  2.302  -12.536 0.0000000000
99068  -17.747  2.211  -13.052 0.0000000000
99069  -19.676  2.313  -13.353 0.0000000000
99070  -20.544  2.365  -13.783 0.0000000000
99085  -17.944  2.639  -12.984 0.0000000000
99087  -19.102  2.318  -13.724 0.0000000000
99089  -20.737  2.185  -14.317 0.0000000000
100053  -26.333  3.370  -8.028 0.0000000000
100054  -26.825  2.819  -7.738 0.0000000000
100072  -24.843  3.375  -9.072 0.0000000000
100083  -22.663  4.058  -10.989 0.0000000000
100093  -19.303  2.523  -11.443 0.0000000000
100095  -19.625  3.360  -11.854 0.0000000000
100109  -18.749  2.459  -12.154 0.0000000000
100110  -18.975  2.822  -12.016 0.0000000000
100113  -21.024  2.574  -12.443 0.0000000000
100124  -18.621  2.589  -12.728 0.0000000000
100139  -18.185  2.688  -12.916 0.0000000000
100140  -18.384  2.572  -13.112 0.0000000000
100141  -18.680  2.420  -13.355 0.0000000000
101103  -25.643  4.506  -8.186 0.0000000000
101117  -18.373  3.918  -10.185 0.0000000000
101134  -23.070  4.133  -9.874 0.0000000000
101144  -19.059  3.719  -11.425 0.0000000000
101159  -19.379  3.413  -11.883 0.0000000000
102151  -25.289  5.608  -8.418 0.0000000000
102163  -22.848  5.814  -9.496 0.0000000000
102175  -21.750  5.771  -10.317 0.0000000000
103173  -27.112  6.673  -7.845 0.0000000000
103187  -23.658  6.482  -8.883 0.0000000000
103189  -24.959  6.412  -8.539 0.0000000000
103202  -23.799  6.051  -9.139 0.0000000000
104186  -24.939  7.846  -7.891 0.0000000000
105148  -25.197  8.388  -7.773 0.0000000000
106083  -24.990  9.882  -8.140 0.0000000000
107038  -20.671  9.667  -10.231 0.0000000000
107999  -25.278  11.633  -7.973 0.0000000000
108010  -24.397  11.539  -8.380 0.0000000000
108971  -24.721  12.557  -8.255 0.0000000000
109830  -25.862  13.100  -7.738 0.0000000000
139347  -24.782  -7.161  -9.671 0.0000000000
139362  -25.129  -9.350  -8.919 0.0000000000
139373  -19.143  -5.132  -10.982 0.0000000000
139374  -23.510  -1.534  -11.479 0.0000000000
139375  -23.714  -1.413  -11.426 0.0000000000
139381  -22.756  -0.029  -12.241 0.0000000000
