#!ascii label  , from subject 3327 vox2ras=TkReg
1826
41646  12.042  -50.725  64.535 0.0000000000
71214  47.227  -24.949  39.166 0.0000000000
53266  30.913  -41.962  56.557 0.0000000000
55272  41.598  -38.821  59.439 0.0000000000
53289  21.952  -41.853  56.358 0.0000000000
49753  17.711  -43.786  66.895 0.0000000000
83360  51.727  -13.340  33.051 0.0000000000
78063  56.199  -18.789  41.349 0.0000000000
63404  42.367  -31.802  47.567 0.0000000000
85594  53.858  -11.313  23.780 0.0000000000
50968  27.759  -43.485  63.759 0.0000000000
46302  14.510  -46.655  65.568 0.0000000000
80094  53.814  -15.432  37.512 0.0000000000
78129  50.850  -18.856  35.485 0.0000000000
67924  47.689  -27.952  44.040 0.0000000000
70034  51.883  -25.492  42.956 0.0000000000
66827  43.127  -29.483  44.040 0.0000000000
55397  38.887  -38.827  52.363 0.0000000000
53261  35.831  -40.906  57.772 0.0000000000
53147  23.785  -41.669  63.381 0.0000000000
51983  21.803  -41.663  68.199 0.0000000000
51004  19.892  -42.673  61.361 0.0000000000
47537  16.709  -46.108  60.436 0.0000000000
52196  26.290  -42.243  56.668 0.0000000000
86554  56.924  -10.962  31.967 0.0000000000
85437  57.945  -11.638  38.116 0.0000000000
73499  51.793  -22.943  39.096 0.0000000000
67807  44.239  -28.384  50.125 0.0000000000
57718  44.702  -37.286  52.903 0.0000000000
82313  53.842  -14.130  27.981 0.0000000000
86596  57.913  -10.445  26.842 0.0000000000
87712  59.690  -9.555  22.619 0.0000000000
52001  27.128  -43.366  66.612 0.0000000000
43887  13.141  -48.991  64.852 0.0000000000
46259  12.879  -46.955  68.810 0.0000000000
43820  11.517  -48.999  68.556 0.0000000000
80125  49.148  -16.091  34.242 0.0000000000
66776  49.338  -29.240  46.219 0.0000000000
67899  50.922  -28.012  45.366 0.0000000000
37956  8.557  -54.185  67.418 0.0000000000
66891  42.717  -28.906  41.639 0.0000000000
54288  31.718  -40.189  53.971 0.0000000000
54260  34.554  -40.609  55.064 0.0000000000
53264  33.132  -41.723  56.754 0.0000000000
53208  22.924  -41.463  60.333 0.0000000000
53167  21.669  -41.597  61.984 0.0000000000
52152  20.911  -42.256  59.340 0.0000000000
54219  24.113  -41.376  56.436 0.0000000000
53228  24.881  -41.997  59.329 0.0000000000
50909  19.605  -42.631  67.568 0.0000000000
83357  54.211  -13.178  32.864 0.0000000000
86519  56.771  -11.017  35.523 0.0000000000
84415  54.909  -12.346  35.882 0.0000000000
79103  56.398  -17.425  38.224 0.0000000000
82156  57.870  -15.184  40.236 0.0000000000
72367  46.500  -23.946  37.164 0.0000000000
73531  49.060  -22.727  37.177 0.0000000000
71226  49.131  -24.248  39.036 0.0000000000
65645  39.818  -29.659  47.038 0.0000000000
66762  41.083  -28.804  47.074 0.0000000000
64501  42.554  -29.864  49.442 0.0000000000
54254  40.471  -40.230  55.633 0.0000000000
55394  41.773  -38.943  52.792 0.0000000000
56496  43.069  -38.508  56.279 0.0000000000
82273  49.694  -14.739  31.436 0.0000000000
83392  50.549  -13.693  29.202 0.0000000000
82283  52.722  -15.288  30.599 0.0000000000
82279  56.109  -13.661  30.377 0.0000000000
85628  57.441  -11.214  21.063 0.0000000000
84559  56.398  -11.974  22.801 0.0000000000
87660  58.574  -9.713  24.907 0.0000000000
84539  55.959  -12.670  24.600 0.0000000000
51031  29.216  -43.634  59.448 0.0000000000
52124  32.432  -42.790  60.238 0.0000000000
50947  31.205  -43.650  64.716 0.0000000000
48622  16.293  -45.343  66.140 0.0000000000
49732  16.790  -44.217  69.211 0.0000000000
48569  14.673  -45.227  69.286 0.0000000000
83332  49.502  -13.622  33.974 0.0000000000
83318  52.687  -13.668  35.402 0.0000000000
82228  50.552  -14.554  34.903 0.0000000000
79138  52.500  -17.374  36.396 0.0000000000
77032  54.283  -19.665  37.307 0.0000000000
69053  47.064  -27.508  41.067 0.0000000000
71170  49.935  -25.749  41.296 0.0000000000
69008  49.779  -26.797  43.517 0.0000000000
61269  41.319  -34.236  47.423 0.0000000000
57608  43.754  -37.392  59.141 0.0000000000
40437  11.066  -51.991  64.442 0.0000000000
41610  11.196  -50.661  68.105 0.0000000000
39202  10.203  -53.398  67.810 0.0000000000
69096  44.496  -26.272  38.816 0.0000000000
67989  44.535  -28.447  41.230 0.0000000000
66825  45.341  -28.773  44.042 0.0000000000
65661  46.666  -30.091  46.849 0.0000000000
54350  35.520  -39.318  51.546 0.0000000000
54257  37.510  -40.588  55.312 0.0000000000
54200  39.035  -40.544  58.539 0.0000000000
53181  34.701  -41.763  61.428 0.0000000000
54179  37.241  -40.687  61.728 0.0000000000
52003  25.459  -42.455  66.951 0.0000000000
50876  24.805  -42.760  69.303 0.0000000000
53100  22.650  -41.590  66.224 0.0000000000
52046  20.445  -42.016  65.532 0.0000000000
50954  18.589  -43.612  63.561 0.0000000000
51052  18.989  -43.447  58.330 0.0000000000
49815  18.347  -44.214  61.208 0.0000000000
48647  16.986  -44.787  63.800 0.0000000000
46333  15.620  -46.346  63.468 0.0000000000
45145  14.361  -48.415  62.510 0.0000000000
42779  12.555  -49.987  62.467 0.0000000000
54291  29.314  -40.822  53.418 0.0000000000
53330  27.439  -41.240  53.596 0.0000000000
52193  28.894  -42.547  55.764 0.0000000000
51033  27.061  -43.263  59.268 0.0000000000
52073  25.690  -42.249  63.424 0.0000000000
83315  58.369  -12.788  36.376 0.0000000000
83292  56.085  -13.162  37.856 0.0000000000
75897  48.878  -20.496  35.193 0.0000000000
74698  51.796  -21.728  37.152 0.0000000000
75815  54.098  -21.104  40.548 0.0000000000
72311  52.114  -24.165  41.389 0.0000000000
74636  53.987  -22.107  42.279 0.0000000000
66831  39.396  -28.899  44.365 0.0000000000
66759  44.106  -29.144  47.802 0.0000000000
67845  47.000  -28.641  49.775 0.0000000000
57796  41.913  -36.765  49.669 0.0000000000
60085  44.636  -35.149  50.588 0.0000000000
57643  44.645  -36.851  57.273 0.0000000000
58870  46.677  -35.154  54.082 0.0000000000
62256  45.762  -32.430  50.912 0.0000000000
65570  45.572  -29.640  52.056 0.0000000000
67745  47.254  -28.863  52.509 0.0000000000
84511  54.013  -12.723  26.052 0.0000000000
83428  57.064  -13.363  27.509 0.0000000000
86573  57.512  -10.789  30.093 0.0000000000
50851  28.357  -44.032  67.583 0.0000000000
42743  12.694  -49.606  65.366 0.0000000000
43855  12.358  -48.630  66.842 0.0000000000
42728  12.147  -49.452  66.827 0.0000000000
66756  49.537  -29.647  47.415 0.0000000000
66755  50.395  -28.973  46.871 0.0000000000
36703  6.927  -54.191  65.462 0.0000000000
53282  31.495  -41.043  55.789 0.0000000000
54237  32.362  -40.466  55.661 0.0000000000
53265  31.976  -41.961  56.788 0.0000000000
53251  22.850  -41.536  58.185 0.0000000000
52128  21.771  -41.813  59.745 0.0000000000
52170  21.353  -42.075  58.338 0.0000000000
54268  23.090  -40.511  54.982 0.0000000000
54220  23.622  -41.424  56.310 0.0000000000
53250  23.578  -41.253  58.284 0.0000000000
50925  18.378  -43.217  67.032 0.0000000000
50896  17.887  -43.143  68.877 0.0000000000
84452  52.674  -13.162  33.145 0.0000000000
85472  54.635  -12.354  34.073 0.0000000000
84429  52.721  -12.937  34.260 0.0000000000
79078  56.274  -18.098  40.457 0.0000000000
80053  57.047  -17.080  40.952 0.0000000000
71237  46.419  -24.308  37.766 0.0000000000
72357  48.092  -23.887  38.095 0.0000000000
71213  48.045  -24.927  39.201 0.0000000000
63406  41.126  -31.622  46.808 0.0000000000
64542  41.003  -30.563  47.223 0.0000000000
65618  41.406  -29.652  48.015 0.0000000000
63375  42.359  -30.872  48.545 0.0000000000
54209  41.055  -39.917  57.623 0.0000000000
54252  42.339  -39.610  56.209 0.0000000000
55315  42.497  -38.850  57.724 0.0000000000
82258  51.092  -14.686  32.598 0.0000000000
81207  51.920  -15.336  31.135 0.0000000000
82256  53.120  -14.082  32.376 0.0000000000
82269  54.026  -14.256  31.744 0.0000000000
85606  54.946  -11.457  22.363 0.0000000000
85593  54.529  -11.579  23.297 0.0000000000
85576  56.317  -12.141  23.976 0.0000000000
85578  54.354  -11.900  24.353 0.0000000000
51001  28.530  -44.112  61.897 0.0000000000
49813  30.170  -44.276  61.716 0.0000000000
49789  29.453  -44.217  63.744 0.0000000000
47447  15.076  -46.202  66.074 0.0000000000
47432  15.337  -45.590  67.479 0.0000000000
46273  14.310  -46.620  67.472 0.0000000000
46225  12.032  -46.801  70.761 0.0000000000
140497  12.926  -45.781  71.024 0.0000000000
83334  47.993  -13.716  34.056 0.0000000000
83321  49.975  -13.962  34.998 0.0000000000
82230  48.617  -14.768  34.781 0.0000000000
79159  50.628  -17.598  34.307 0.0000000000
79158  51.045  -17.103  34.437 0.0000000000
78128  51.580  -18.290  35.697 0.0000000000
78111  53.050  -18.528  36.925 0.0000000000
77052  52.005  -19.474  36.453 0.0000000000
67966  47.383  -27.720  42.228 0.0000000000
69031  48.536  -26.955  42.384 0.0000000000
67946  48.777  -27.374  43.614 0.0000000000
83362  48.251  -14.366  32.779 0.0000000000
39209  10.700  -52.751  66.164 0.0000000000
37962  9.613  -53.618  65.738 0.0000000000
69084  43.066  -26.825  39.098 0.0000000000
69072  44.469  -27.039  40.003 0.0000000000
68011  43.653  -27.587  40.217 0.0000000000
66869  42.314  -29.489  42.399 0.0000000000
66867  44.056  -29.080  42.573 0.0000000000
66826  44.126  -29.337  44.292 0.0000000000
66802  45.900  -29.080  45.088 0.0000000000
65685  44.338  -29.990  45.554 0.0000000000
54352  33.958  -38.909  51.327 0.0000000000
54234  34.783  -40.919  56.139 0.0000000000
54259  35.574  -40.508  55.183 0.0000000000
54232  36.772  -40.765  56.131 0.0000000000
54231  37.781  -40.818  56.340 0.0000000000
53259  37.682  -41.557  58.753 0.0000000000
50997  32.821  -42.952  61.904 0.0000000000
52123  33.150  -42.424  60.396 0.0000000000
53162  34.422  -41.881  62.642 0.0000000000
54155  36.481  -40.565  62.978 0.0000000000
55237  38.317  -39.779  61.797 0.0000000000
53117  24.663  -41.645  65.048 0.0000000000
52026  24.272  -41.831  66.543 0.0000000000
53134  23.406  -41.398  64.305 0.0000000000
52093  20.427  -42.099  62.038 0.0000000000
52076  21.166  -41.818  63.645 0.0000000000
52077  20.508  -42.258  63.119 0.0000000000
50952  19.761  -42.619  64.855 0.0000000000
50971  19.195  -43.215  63.133 0.0000000000
51064  19.379  -43.032  57.585 0.0000000000
47577  16.663  -45.647  58.513 0.0000000000
49840  17.726  -44.770  59.295 0.0000000000
48683  17.299  -45.445  60.494 0.0000000000
49804  17.475  -44.688  61.882 0.0000000000
48670  16.725  -45.492  62.272 0.0000000000
47486  16.099  -45.739  63.635 0.0000000000
47519  16.462  -46.353  61.927 0.0000000000
43932  13.132  -49.562  61.815 0.0000000000
55386  29.853  -39.341  52.658 0.0000000000
54335  28.634  -40.011  52.333 0.0000000000
54293  25.277  -41.072  54.771 0.0000000000
53317  26.372  -41.613  54.608 0.0000000000
53300  28.335  -42.104  54.777 0.0000000000
52207  27.380  -41.932  56.073 0.0000000000
51049  27.832  -43.375  58.395 0.0000000000
51061  26.829  -42.587  57.759 0.0000000000
53183  24.434  -41.443  61.115 0.0000000000
52105  25.300  -42.114  61.420 0.0000000000
52074  24.956  -41.855  63.354 0.0000000000
52044  25.456  -42.171  65.227 0.0000000000
51961  23.182  -41.885  68.843 0.0000000000
41601  10.426  -51.214  69.468 0.0000000000
42696  10.157  -49.940  70.084 0.0000000000
86541  58.558  -10.663  33.417 0.0000000000
86507  57.036  -11.123  36.543 0.0000000000
85462  58.497  -11.522  35.746 0.0000000000
84406  58.519  -12.191  36.826 0.0000000000
84399  58.514  -12.437  37.762 0.0000000000
82210  53.313  -14.728  36.517 0.0000000000
83304  54.111  -13.343  36.899 0.0000000000
82197  54.861  -14.163  37.620 0.0000000000
83263  58.126  -14.104  39.933 0.0000000000
73515  51.084  -22.874  38.237 0.0000000000
74699  50.394  -21.966  36.972 0.0000000000
74680  52.034  -22.218  37.960 0.0000000000
75839  53.265  -21.248  37.922 0.0000000000
74664  53.064  -22.059  39.641 0.0000000000
70061  50.805  -25.728  42.478 0.0000000000
71169  50.672  -25.297  41.051 0.0000000000
71122  51.738  -24.944  42.780 0.0000000000
66832  38.177  -28.569  44.378 0.0000000000
67850  42.674  -28.309  48.348 0.0000000000
66761  41.919  -29.024  47.201 0.0000000000
67849  43.606  -28.236  48.727 0.0000000000
67863  45.058  -28.841  48.658 0.0000000000
67828  45.975  -28.584  50.139 0.0000000000
55447  37.502  -38.543  50.596 0.0000000000
55446  38.669  -38.238  50.567 0.0000000000
56563  42.677  -38.337  52.476 0.0000000000
56579  41.788  -37.620  51.046 0.0000000000
56578  43.014  -37.364  51.471 0.0000000000
58953  42.782  -35.844  49.783 0.0000000000
58910  44.615  -35.979  51.614 0.0000000000
58825  44.398  -36.836  58.183 0.0000000000
61194  47.199  -33.514  54.565 0.0000000000
60066  46.834  -34.034  52.520 0.0000000000
62237  47.213  -32.055  52.883 0.0000000000
63337  45.340  -30.771  51.604 0.0000000000
63308  47.267  -31.253  53.773 0.0000000000
83390  52.387  -14.254  28.837 0.0000000000
83431  54.243  -13.364  26.668 0.0000000000
83430  55.255  -13.623  26.768 0.0000000000
83412  55.457  -14.140  27.698 0.0000000000
85495  56.246  -11.931  31.700 0.0000000000
84475  56.752  -12.162  29.974 0.0000000000
86564  57.113  -11.110  30.976 0.0000000000
86572  58.662  -10.284  30.106 0.0000000000
86695  58.200  -10.529  21.667 0.0000000000
87644  58.150  -10.058  26.166 0.0000000000
87642  58.997  -9.498  27.367 0.0000000000
87638  58.707  -9.594  27.906 0.0000000000
52041  27.707  -43.176  65.463 0.0000000000
50935  29.244  -43.455  65.657 0.0000000000
50907  28.601  -43.294  66.833 0.0000000000
45095  13.726  -47.681  65.634 0.0000000000
46274  13.496  -47.030  67.661 0.0000000000
45068  12.875  -47.646  67.317 0.0000000000
45050  12.148  -48.002  68.806 0.0000000000
45024  11.323  -48.119  70.306 0.0000000000
80137  48.905  -16.876  33.875 0.0000000000
78151  49.181  -18.653  33.816 0.0000000000
67902  48.280  -28.318  44.684 0.0000000000
67900  49.394  -28.128  44.811 0.0000000000
66775  50.338  -28.654  45.769 0.0000000000
67881  51.094  -28.210  46.368 0.0000000000
37973  8.532  -53.736  65.037 0.0000000000
37964  7.760  -54.302  65.727 0.0000000000
36678  7.833  -54.578  66.722 0.0000000000
68012  42.250  -28.028  40.460 0.0000000000
66844  41.814  -29.598  43.240 0.0000000000
54309  34.042  -39.743  53.279 0.0000000000
54286  33.391  -39.915  54.221 0.0000000000
54235  33.764  -40.645  55.852 0.0000000000
53262  34.780  -41.141  57.555 0.0000000000
53185  22.980  -41.373  61.351 0.0000000000
53149  22.369  -41.064  63.244 0.0000000000
53186  22.253  -41.475  61.241 0.0000000000
52129  21.298  -42.058  60.306 0.0000000000
52130  20.467  -42.518  60.313 0.0000000000
45183  15.746  -47.191  59.806 0.0000000000
46412  15.195  -47.087  58.739 0.0000000000
54266  24.528  -40.643  55.390 0.0000000000
53286  24.887  -41.242  56.433 0.0000000000
53247  25.387  -41.939  58.432 0.0000000000
53248  24.798  -41.593  58.465 0.0000000000
53229  24.193  -41.574  59.365 0.0000000000
51984  20.995  -42.028  68.335 0.0000000000
85489  55.394  -12.270  32.629 0.0000000000
86531  56.966  -11.211  34.249 0.0000000000
85479  56.248  -11.602  33.788 0.0000000000
85464  55.691  -11.743  35.667 0.0000000000
85447  56.292  -11.496  37.525 0.0000000000
80105  55.516  -16.909  37.479 0.0000000000
81146  55.967  -15.165  38.060 0.0000000000
80075  57.173  -16.294  39.085 0.0000000000
80052  57.520  -16.504  41.075 0.0000000000
74715  47.620  -21.921  35.903 0.0000000000
72379  47.483  -23.107  36.720 0.0000000000
72356  49.370  -23.520  38.387 0.0000000000
72340  50.969  -23.668  39.126 0.0000000000
70033  52.810  -25.229  42.598 0.0000000000
67884  37.576  -28.230  45.893 0.0000000000
67903  38.726  -28.466  45.884 0.0000000000
66740  40.257  -29.088  47.343 0.0000000000
66720  42.156  -29.041  48.980 0.0000000000
66700  43.676  -28.824  50.241 0.0000000000
54303  39.580  -39.865  53.799 0.0000000000
55396  39.946  -38.706  52.292 0.0000000000
55371  40.921  -39.758  54.126 0.0000000000
55369  42.938  -39.403  54.546 0.0000000000
56522  43.777  -38.452  54.660 0.0000000000
82287  48.307  -14.305  30.359 0.0000000000
83393  49.430  -13.408  29.259 0.0000000000
82298  50.188  -14.440  29.929 0.0000000000
82297  51.179  -14.530  29.796 0.0000000000
82295  53.653  -15.099  29.710 0.0000000000
82305  55.472  -14.563  29.193 0.0000000000
82281  54.893  -14.654  30.851 0.0000000000
83371  55.527  -13.317  31.447 0.0000000000
85618  55.273  -11.385  21.700 0.0000000000
85616  56.988  -11.404  21.662 0.0000000000
86663  57.899  -10.573  23.090 0.0000000000
87676  58.628  -9.740  23.981 0.0000000000
86643  57.851  -10.694  23.915 0.0000000000
86620  57.979  -10.671  24.832 0.0000000000
84523  57.417  -12.203  25.487 0.0000000000
52166  30.722  -43.128  58.157 0.0000000000
52165  31.811  -42.871  58.010 0.0000000000
51013  30.938  -43.683  60.286 0.0000000000
49811  31.791  -43.522  61.905 0.0000000000
52071  32.547  -43.161  64.077 0.0000000000
49766  17.235  -45.001  66.132 0.0000000000
49742  17.549  -43.822  68.106 0.0000000000
48596  16.194  -44.830  67.811 0.0000000000
48568  15.686  -44.927  69.619 0.0000000000
47416  13.733  -46.309  68.788 0.0000000000
47364  14.176  -45.523  70.555 0.0000000000
83346  50.797  -13.857  33.629 0.0000000000
84430  51.666  -13.200  34.231 0.0000000000
84431  50.640  -13.341  34.227 0.0000000000
82227  51.456  -14.503  35.086 0.0000000000
81170  52.809  -15.211  35.786 0.0000000000
81196  50.056  -16.036  34.285 0.0000000000
80124  51.805  -16.384  34.880 0.0000000000
79137  53.049  -16.879  36.662 0.0000000000
79122  54.831  -17.692  37.159 0.0000000000
78109  55.205  -18.635  37.605 0.0000000000
78084  55.434  -19.316  39.540 0.0000000000
70111  46.781  -26.379  39.883 0.0000000000
70109  48.432  -25.786  40.450 0.0000000000
70088  48.877  -26.838  41.320 0.0000000000
70062  50.081  -26.280  42.217 0.0000000000
70035  51.122  -26.092  42.921 0.0000000000
67921  50.537  -27.743  44.608 0.0000000000
68985  51.015  -27.122  44.078 0.0000000000
67943  52.325  -27.329  43.555 0.0000000000
62288  42.070  -33.117  47.357 0.0000000000
56408  42.554  -37.961  59.721 0.0000000000
83383  47.304  -13.514  30.427 0.0000000000
82275  47.800  -14.483  31.324 0.0000000000
83361  49.078  -14.320  33.005 0.0000000000
87715  53.368  -9.481  23.090 0.0000000000
87694  52.715  -9.445  24.111 0.0000000000
40425  11.679  -51.303  65.103 0.0000000000
40410  11.705  -51.194  66.210 0.0000000000
40411  11.197  -51.918  66.728 0.0000000000
39196  10.536  -52.432  68.322 0.0000000000
40381  9.849  -51.920  69.606 0.0000000000
39203  9.273  -53.716  68.157 0.0000000000
70154  45.014  -24.971  37.776 0.0000000000
70142  44.079  -25.801  38.140 0.0000000000
70130  45.665  -25.993  39.092 0.0000000000
69070  46.057  -27.312  40.107 0.0000000000
67987  46.518  -27.743  41.160 0.0000000000
67948  46.460  -28.295  43.015 0.0000000000
67990  43.241  -28.425  41.030 0.0000000000
66865  45.312  -28.928  42.544 0.0000000000
67925  46.775  -28.026  43.804 0.0000000000
66801  47.330  -28.935  45.159 0.0000000000
65660  47.649  -29.743  46.666 0.0000000000
65614  48.656  -29.864  48.074 0.0000000000
55399  37.337  -39.434  52.657 0.0000000000
54308  35.050  -39.733  53.403 0.0000000000
54307  36.025  -39.789  53.477 0.0000000000
54305  37.929  -39.996  53.601 0.0000000000
54256  38.502  -40.476  55.468 0.0000000000
54211  39.275  -40.511  57.547 0.0000000000
55274  40.134  -39.814  59.366 0.0000000000
52145  32.998  -42.473  59.331 0.0000000000
53226  33.816  -42.243  58.968 0.0000000000
53224  35.309  -41.570  59.739 0.0000000000
53161  35.095  -41.304  63.143 0.0000000000
53179  36.152  -41.100  62.117 0.0000000000
53241  36.882  -41.350  59.351 0.0000000000
54191  38.563  -41.114  60.146 0.0000000000
55254  39.466  -39.972  60.358 0.0000000000
56395  40.516  -38.997  60.434 0.0000000000
50893  25.708  -43.403  67.997 0.0000000000
51980  24.217  -42.503  67.959 0.0000000000
51981  23.534  -42.011  68.052 0.0000000000
53082  22.366  -41.544  67.161 0.0000000000
53136  21.909  -41.626  64.239 0.0000000000
53121  21.636  -41.556  65.498 0.0000000000
53084  21.333  -41.660  66.760 0.0000000000
52028  20.294  -41.992  66.605 0.0000000000
50938  19.123  -43.022  65.347 0.0000000000
49764  18.582  -43.525  65.550 0.0000000000
52186  20.216  -42.722  57.637 0.0000000000
52172  19.947  -42.783  58.601 0.0000000000
51019  19.148  -43.420  60.065 0.0000000000
49850  18.195  -44.347  57.858 0.0000000000
51020  18.783  -43.939  59.803 0.0000000000
50988  18.661  -43.729  61.641 0.0000000000
50972  18.674  -43.780  62.641 0.0000000000
49792  17.585  -44.379  63.938 0.0000000000
49779  17.338  -44.573  64.811 0.0000000000
48636  16.317  -45.365  65.069 0.0000000000
47473  15.715  -45.929  64.466 0.0000000000
46317  14.700  -46.898  64.534 0.0000000000
45159  15.322  -47.542  61.526 0.0000000000
45144  14.865  -47.811  62.365 0.0000000000
45106  13.998  -47.928  64.388 0.0000000000
43886  13.532  -48.699  64.312 0.0000000000
43904  13.279  -49.353  63.981 0.0000000000
42757  12.254  -50.247  63.973 0.0000000000
41654  11.897  -50.937  63.576 0.0000000000
40457  10.759  -51.439  62.852 0.0000000000
54333  30.769  -39.296  52.671 0.0000000000
54289  30.977  -40.727  53.612 0.0000000000
53283  30.439  -41.809  55.768 0.0000000000
54315  28.505  -40.626  53.027 0.0000000000
53299  29.422  -41.849  55.027 0.0000000000
53284  29.643  -42.265  55.994 0.0000000000
51048  28.969  -43.452  58.313 0.0000000000
51032  28.033  -43.531  59.412 0.0000000000
51002  27.469  -43.397  61.682 0.0000000000
52149  25.720  -42.247  59.383 0.0000000000
51003  26.689  -42.814  61.674 0.0000000000
50969  27.117  -43.097  63.595 0.0000000000
52043  26.268  -42.609  65.310 0.0000000000
52002  26.052  -43.179  66.531 0.0000000000
42711  11.205  -49.984  67.814 0.0000000000
43801  10.910  -48.777  69.930 0.0000000000
86529  58.446  -10.932  34.387 0.0000000000
84417  53.069  -13.058  35.001 0.0000000000
84402  54.718  -12.707  36.957 0.0000000000
84391  56.195  -12.219  38.011 0.0000000000
82177  57.263  -14.150  38.795 0.0000000000
84383  57.452  -12.928  38.884 0.0000000000
84388  58.340  -12.689  38.515 0.0000000000
77085  48.707  -19.735  34.121 0.0000000000
77072  49.315  -19.871  34.920 0.0000000000
74713  49.469  -21.507  36.286 0.0000000000
75874  50.310  -20.747  36.027 0.0000000000
75873  51.180  -20.412  36.137 0.0000000000
75857  52.636  -20.701  37.007 0.0000000000
75824  54.527  -20.434  39.183 0.0000000000
77005  55.235  -19.891  40.600 0.0000000000
71191  49.587  -25.368  40.302 0.0000000000
71190  50.678  -24.874  40.057 0.0000000000
72324  51.923  -23.900  40.484 0.0000000000
72276  53.165  -23.669  42.535 0.0000000000
73465  52.833  -23.026  42.306 0.0000000000
73485  53.021  -22.717  40.481 0.0000000000
75805  54.101  -21.187  41.478 0.0000000000
75796  54.706  -20.761  42.101 0.0000000000
66846  39.857  -28.990  43.375 0.0000000000
66829  41.391  -29.564  44.102 0.0000000000
66782  40.144  -28.709  46.238 0.0000000000
65666  42.114  -29.910  45.968 0.0000000000
65686  43.435  -29.975  45.520 0.0000000000
65641  44.905  -29.821  47.439 0.0000000000
65616  46.710  -29.796  48.499 0.0000000000
66717  47.930  -29.032  49.792 0.0000000000
56580  40.303  -38.194  51.365 0.0000000000
58997  41.225  -35.641  48.476 0.0000000000
60127  42.567  -34.911  48.888 0.0000000000
61254  43.596  -33.360  48.911 0.0000000000
56446  43.174  -38.011  57.802 0.0000000000
57659  44.144  -37.423  56.849 0.0000000000
57672  45.253  -37.082  55.173 0.0000000000
58850  45.418  -36.107  55.588 0.0000000000
57687  45.768  -36.461  53.652 0.0000000000
58908  45.863  -35.384  51.999 0.0000000000
61225  45.236  -33.435  50.586 0.0000000000
62266  44.423  -32.378  49.736 0.0000000000
63351  44.118  -30.626  50.601 0.0000000000
64486  44.326  -30.161  50.966 0.0000000000
66690  45.377  -29.044  51.415 0.0000000000
65542  47.231  -30.461  53.577 0.0000000000
66672  46.434  -29.064  52.548 0.0000000000
67786  46.045  -28.487  51.229 0.0000000000
68888  47.015  -28.178  50.746 0.0000000000
86644  52.958  -10.497  24.739 0.0000000000
85557  53.857  -11.868  25.025 0.0000000000
84525  55.473  -12.836  25.364 0.0000000000
84509  55.985  -13.108  26.186 0.0000000000
85522  57.772  -11.585  27.276 0.0000000000
83398  56.475  -14.033  29.108 0.0000000000
85515  57.615  -11.624  28.392 0.0000000000
86589  57.994  -10.722  27.911 0.0000000000
87626  58.963  -9.630  29.373 0.0000000000
50853  26.784  -44.141  68.181 0.0000000000
50852  27.745  -44.120  67.783 0.0000000000
42744  12.394  -50.129  64.777 0.0000000000
41635  12.666  -49.853  65.910 0.0000000000
41636  12.306  -50.424  65.643 0.0000000000
66734  49.457  -29.764  48.631 0.0000000000
66733  50.495  -29.368  48.026 0.0000000000
53272  22.776  -41.686  56.834 0.0000000000
53252  22.108  -41.841  58.220 0.0000000000
53273  21.919  -42.089  57.423 0.0000000000
50911  18.190  -43.269  67.882 0.0000000000
83359  52.464  -13.513  32.917 0.0000000000
84441  52.251  -12.965  33.549 0.0000000000
79070  56.188  -18.337  40.961 0.0000000000
78062  56.498  -18.687  42.047 0.0000000000
71229  46.651  -24.735  38.601 0.0000000000
71228  47.586  -24.461  38.556 0.0000000000
62305  42.225  -32.141  47.283 0.0000000000
64563  40.626  -30.847  46.574 0.0000000000
63405  41.763  -31.526  47.344 0.0000000000
64541  41.486  -30.790  47.805 0.0000000000
63386  42.700  -31.651  48.143 0.0000000000
55295  41.013  -39.513  58.579 0.0000000000
54208  41.743  -39.642  57.570 0.0000000000
55294  41.921  -38.780  58.898 0.0000000000
82248  51.324  -14.246  33.299 0.0000000000
82257  52.056  -14.312  32.716 0.0000000000
85577  55.236  -12.220  23.959 0.0000000000
50983  28.362  -43.840  63.111 0.0000000000
49802  29.066  -44.094  62.841 0.0000000000
50967  28.478  -44.040  64.058 0.0000000000
47433  14.912  -46.077  67.069 0.0000000000
46289  14.462  -46.634  66.497 0.0000000000
83324  47.525  -14.125  34.303 0.0000000000
83323  48.385  -14.126  34.424 0.0000000000
82231  47.904  -14.601  34.585 0.0000000000
78141  50.795  -18.477  34.869 0.0000000000
78140  51.221  -18.005  35.047 0.0000000000
78127  52.455  -18.451  36.483 0.0000000000
67947  47.389  -27.804  42.956 0.0000000000
69010  48.129  -27.255  43.003 0.0000000000
68988  48.346  -27.478  43.540 0.0000000000
39221  9.813  -52.921  64.992 0.0000000000
69085  42.304  -26.897  38.963 0.0000000000
68029  42.687  -27.324  39.580 0.0000000000
68028  43.316  -27.086  39.620 0.0000000000
66843  42.727  -29.375  43.272 0.0000000000
66842  43.637  -29.296  43.333 0.0000000000
66804  44.340  -29.694  44.888 0.0000000000
65707  43.911  -29.756  44.979 0.0000000000
53279  35.346  -40.746  56.909 0.0000000000
54233  35.859  -40.693  56.083 0.0000000000
54214  36.123  -40.687  56.828 0.0000000000
54213  36.879  -41.265  57.053 0.0000000000
53260  36.874  -41.402  58.217 0.0000000000
52070  32.904  -42.655  63.796 0.0000000000
52087  33.615  -42.458  62.579 0.0000000000
53145  33.883  -42.124  63.404 0.0000000000
53133  24.089  -41.581  64.319 0.0000000000
53118  23.853  -41.470  65.183 0.0000000000
50986  19.787  -42.635  62.566 0.0000000000
50970  19.796  -42.710  63.705 0.0000000000
50987  19.148  -43.131  62.062 0.0000000000
47555  16.630  -45.935  59.533 0.0000000000
48669  17.226  -45.116  61.644 0.0000000000
48684  17.016  -45.895  61.360 0.0000000000
47538  16.527  -46.426  61.054 0.0000000000
53318  25.831  -41.438  55.330 0.0000000000
53302  26.397  -41.707  55.868 0.0000000000
52208  26.801  -42.015  56.235 0.0000000000
51073  26.650  -42.528  57.093 0.0000000000
51074  26.287  -42.362  57.232 0.0000000000
52091  24.117  -41.906  62.419 0.0000000000
52090  24.831  -41.829  62.393 0.0000000000
52075  24.402  -41.779  63.051 0.0000000000
53132  24.591  -41.839  64.160 0.0000000000
51962  22.434  -41.669  68.928 0.0000000000
40375  10.431  -51.541  70.529 0.0000000000
41597  10.241  -50.716  70.195 0.0000000000
86553  57.706  -10.570  32.191 0.0000000000
86552  58.560  -10.555  32.362 0.0000000000
86542  57.708  -10.544  33.301 0.0000000000
86499  57.047  -11.255  37.396 0.0000000000
86497  58.167  -11.471  36.844 0.0000000000
85444  58.299  -11.698  37.391 0.0000000000
85436  58.416  -12.004  38.021 0.0000000000
81162  53.393  -15.053  36.828 0.0000000000
81149  53.756  -15.001  37.208 0.0000000000
81148  54.222  -14.920  37.685 0.0000000000
72354  51.303  -23.108  38.893 0.0000000000
73528  51.595  -22.510  37.808 0.0000000000
73514  51.917  -22.616  38.550 0.0000000000
73513  52.336  -22.415  38.749 0.0000000000
73498  52.399  -22.718  39.299 0.0000000000
70060  51.427  -25.425  42.662 0.0000000000
67927  37.915  -27.979  44.948 0.0000000000
67831  43.119  -28.271  49.191 0.0000000000
67830  43.868  -28.124  49.526 0.0000000000
67848  44.458  -28.427  49.027 0.0000000000
67829  44.768  -28.464  49.754 0.0000000000
55421  38.247  -38.662  51.546 0.0000000000
56549  43.779  -38.018  53.376 0.0000000000
56562  43.691  -37.518  52.222 0.0000000000
57772  43.460  -36.612  51.131 0.0000000000
61188  47.178  -33.590  55.530 0.0000000000
61202  47.167  -33.504  53.607 0.0000000000
62236  47.295  -32.457  53.755 0.0000000000
63335  46.772  -31.469  52.697 0.0000000000
63322  47.332  -31.834  53.874 0.0000000000
83400  53.269  -14.006  28.287 0.0000000000
83401  52.543  -13.717  28.378 0.0000000000
83414  53.425  -13.425  27.533 0.0000000000
83413  54.455  -13.913  27.423 0.0000000000
82312  54.513  -14.370  28.194 0.0000000000
86563  57.705  -10.533  31.108 0.0000000000
87713  59.036  -9.658  22.450 0.0000000000
87733  59.502  -9.642  21.754 0.0000000000
87711  60.048  -9.707  22.641 0.0000000000
87643  58.454  -9.725  26.896 0.0000000000
86595  58.304  -10.036  27.593 0.0000000000
52022  27.687  -43.138  66.090 0.0000000000
50922  28.090  -43.172  65.880 0.0000000000
52000  27.921  -43.407  66.542 0.0000000000
45096  13.330  -48.294  65.250 0.0000000000
45085  13.136  -48.113  66.250 0.0000000000
43836  11.990  -48.864  67.691 0.0000000000
43835  12.369  -48.263  67.869 0.0000000000
43819  12.004  -48.451  68.563 0.0000000000
45032  12.037  -47.910  69.420 0.0000000000
45033  11.409  -48.403  69.742 0.0000000000
79161  48.564  -17.761  33.556 0.0000000000
66800  48.626  -28.715  45.351 0.0000000000
37986  7.983  -53.445  64.609 0.0000000000
36691  7.237  -54.626  65.875 0.0000000000
36679  6.997  -54.875  67.115 0.0000000000
54311  32.073  -39.583  53.367 0.0000000000
54287  32.486  -39.928  54.185 0.0000000000
54217  33.169  -40.684  56.312 0.0000000000
54216  33.864  -41.256  56.441 0.0000000000
54215  34.447  -41.209  56.856 0.0000000000
53263  33.957  -41.551  57.322 0.0000000000
52151  21.566  -41.874  59.196 0.0000000000
52109  20.697  -42.332  61.141 0.0000000000
54240  24.068  -41.062  55.718 0.0000000000
54267  23.854  -40.541  55.109 0.0000000000
54239  24.581  -41.041  56.078 0.0000000000
54265  24.983  -40.723  55.874 0.0000000000
53287  24.616  -41.332  56.486 0.0000000000
53269  24.842  -41.402  57.512 0.0000000000
53270  24.308  -41.397  57.151 0.0000000000
53230  23.600  -41.415  59.353 0.0000000000
53207  23.647  -41.217  60.382 0.0000000000
52008  20.325  -42.238  67.527 0.0000000000
51985  20.084  -42.283  68.503 0.0000000000
85480  55.393  -12.003  33.502 0.0000000000
84427  54.672  -12.505  34.941 0.0000000000
85471  55.449  -12.024  34.542 0.0000000000
84414  55.323  -12.151  35.662 0.0000000000
85455  55.966  -11.577  36.681 0.0000000000
85456  55.114  -12.234  36.521 0.0000000000
80104  56.078  -17.035  37.582 0.0000000000
80091  56.419  -16.378  37.989 0.0000000000
80076  56.759  -16.870  38.608 0.0000000000
72380  46.319  -23.530  36.364 0.0000000000
71227  48.528  -24.347  38.764 0.0000000000
72355  50.534  -23.304  38.623 0.0000000000
72341  50.288  -23.847  38.963 0.0000000000
66785  37.686  -28.629  45.731 0.0000000000
66765  39.164  -29.059  46.641 0.0000000000
66764  39.543  -29.007  46.868 0.0000000000
66741  39.893  -29.228  47.215 0.0000000000
65603  41.803  -29.557  48.666 0.0000000000
66709  42.455  -29.153  49.387 0.0000000000
66708  42.848  -28.763  49.587 0.0000000000
65588  43.361  -29.379  50.010 0.0000000000
54279  40.116  -39.896  54.587 0.0000000000
54278  40.984  -40.025  54.872 0.0000000000
55356  42.397  -39.650  55.300 0.0000000000
55355  43.068  -39.146  55.598 0.0000000000
56523  43.369  -38.969  54.459 0.0000000000
56495  43.535  -38.403  55.685 0.0000000000
82286  49.413  -14.694  30.483 0.0000000000
82299  49.397  -14.180  29.715 0.0000000000
81211  52.228  -15.309  30.801 0.0000000000
82284  51.707  -15.141  30.723 0.0000000000
82296  52.458  -14.749  29.454 0.0000000000
82294  54.676  -14.906  29.920 0.0000000000
82282  53.898  -15.207  30.832 0.0000000000
83373  53.941  -13.670  32.197 0.0000000000
82268  55.074  -13.943  31.393 0.0000000000
84462  54.929  -12.782  32.262 0.0000000000
84461  55.373  -12.604  32.096 0.0000000000
84551  55.921  -12.180  22.676 0.0000000000
85605  55.758  -11.836  22.299 0.0000000000
85604  56.620  -11.685  22.455 0.0000000000
85603  57.447  -11.130  22.425 0.0000000000
85590  57.366  -11.322  23.220 0.0000000000
85575  57.401  -11.629  24.217 0.0000000000
84537  57.532  -12.013  24.865 0.0000000000
85556  57.822  -11.463  25.218 0.0000000000
51047  29.819  -43.156  58.670 0.0000000000
51030  30.411  -43.393  59.330 0.0000000000
49788  30.604  -44.060  63.614 0.0000000000
49800  30.836  -44.121  62.568 0.0000000000
49787  31.363  -43.963  63.245 0.0000000000
50964  32.259  -43.614  63.683 0.0000000000
50946  31.970  -43.567  64.410 0.0000000000
48608  16.447  -44.867  66.768 0.0000000000
48609  15.857  -45.181  67.069 0.0000000000
48582  14.767  -45.365  68.815 0.0000000000
48581  15.371  -45.161  68.569 0.0000000000
48547  14.711  -45.256  70.068 0.0000000000
46258  13.260  -46.658  68.344 0.0000000000
46257  13.914  -46.548  68.162 0.0000000000
47417  13.230  -46.545  68.823 0.0000000000
83347  49.737  -13.859  33.661 0.0000000000
84443  50.344  -13.512  33.875 0.0000000000
84432  49.815  -13.558  34.161 0.0000000000
83320  50.723  -13.834  34.837 0.0000000000
81180  52.173  -15.269  35.234 0.0000000000
81184  48.504  -15.510  34.629 0.0000000000
81183  49.363  -15.385  34.643 0.0000000000
79139  51.908  -17.191  35.696 0.0000000000
80116  51.910  -16.802  35.323 0.0000000000
80115  52.492  -16.262  35.773 0.0000000000
79123  53.490  -17.478  36.919 0.0000000000
78110  54.059  -18.651  37.025 0.0000000000
78097  55.411  -19.046  38.638 0.0000000000
77031  54.715  -19.653  38.079 0.0000000000
69068  47.477  -27.017  40.605 0.0000000000
70089  48.138  -26.803  40.568 0.0000000000
69009  48.859  -26.831  43.220 0.0000000000
70063  49.219  -26.538  42.331 0.0000000000
70037  49.605  -26.451  42.889 0.0000000000
70036  50.347  -26.358  42.911 0.0000000000
69007  50.651  -26.613  43.545 0.0000000000
66798  50.254  -28.263  45.001 0.0000000000
67922  49.625  -27.784  44.502 0.0000000000
67920  51.686  -27.820  44.618 0.0000000000
67944  51.574  -27.272  43.854 0.0000000000
69004  53.290  -26.831  42.956 0.0000000000
61294  40.510  -33.570  46.272 0.0000000000
62307  40.892  -32.636  46.590 0.0000000000
61280  41.278  -33.665  46.924 0.0000000000
83374  47.042  -14.065  31.388 0.0000000000
82288  47.555  -14.209  30.833 0.0000000000
83348  48.588  -13.872  33.549 0.0000000000
82249  50.586  -14.340  33.279 0.0000000000
40426  11.238  -52.039  65.627 0.0000000000
37954  10.348  -53.474  66.673 0.0000000000
39201  10.876  -52.743  67.294 0.0000000000
40389  9.906  -51.927  68.897 0.0000000000
39197  9.705  -52.868  68.641 0.0000000000
37963  8.413  -54.120  66.106 0.0000000000
37955  9.438  -53.852  67.004 0.0000000000
71238  45.563  -24.647  37.632 0.0000000000
69097  43.529  -26.298  38.671 0.0000000000
70143  43.082  -25.926  37.958 0.0000000000
70141  45.334  -25.547  38.383 0.0000000000
69095  45.242  -26.288  38.979 0.0000000000
69081  45.738  -26.614  39.451 0.0000000000
69082  44.851  -26.743  39.407 0.0000000000
68010  44.862  -27.692  40.362 0.0000000000
68009  45.501  -27.597  40.287 0.0000000000
67988  45.779  -27.857  41.008 0.0000000000
67967  46.738  -27.993  41.907 0.0000000000
67968  45.563  -28.581  42.234 0.0000000000
66916  42.148  -28.642  41.149 0.0000000000
67991  42.581  -28.498  41.063 0.0000000000
66841  44.565  -29.112  43.316 0.0000000000
66866  44.895  -29.034  42.486 0.0000000000
66840  45.330  -29.053  42.981 0.0000000000
67949  45.906  -28.797  43.224 0.0000000000
67926  46.168  -28.413  43.729 0.0000000000
66824  46.414  -28.588  44.327 0.0000000000
65683  46.355  -29.729  45.909 0.0000000000
65682  47.145  -29.672  46.068 0.0000000000
65638  48.076  -29.794  47.478 0.0000000000
65639  47.132  -29.984  47.659 0.0000000000
55423  36.262  -39.162  51.484 0.0000000000
54349  36.269  -39.448  51.963 0.0000000000
54285  34.337  -39.987  54.261 0.0000000000
54258  36.544  -40.461  55.240 0.0000000000
54283  36.301  -39.981  54.403 0.0000000000
54282  37.243  -40.133  54.438 0.0000000000
54306  37.039  -39.698  53.505 0.0000000000
54281  38.218  -40.457  54.445 0.0000000000
54212  38.153  -41.103  57.699 0.0000000000
54230  38.811  -40.511  56.533 0.0000000000
54199  39.834  -40.259  58.468 0.0000000000
54189  39.386  -40.038  59.045 0.0000000000
52146  31.953  -42.737  59.266 0.0000000000
52164  32.572  -42.535  58.474 0.0000000000
52122  34.083  -42.339  60.632 0.0000000000
52144  33.608  -42.170  59.792 0.0000000000
53225  34.417  -41.953  59.476 0.0000000000
53204  34.792  -41.864  60.429 0.0000000000
54154  36.977  -40.417  62.881 0.0000000000
53202  36.464  -41.191  61.522 0.0000000000
53223  36.149  -41.280  60.143 0.0000000000
53222  37.054  -41.317  60.418 0.0000000000
53240  37.774  -41.429  59.704 0.0000000000
53200  37.824  -41.156  61.066 0.0000000000
55236  39.048  -39.653  61.335 0.0000000000
55235  39.692  -39.489  60.880 0.0000000000
51979  24.959  -43.019  67.785 0.0000000000
52004  24.699  -42.141  67.170 0.0000000000
53099  23.593  -41.592  66.218 0.0000000000
52005  23.893  -42.005  67.185 0.0000000000
53081  23.058  -41.904  67.134 0.0000000000
53069  22.822  -41.639  67.992 0.0000000000
53166  22.297  -41.410  62.240 0.0000000000
53150  21.563  -41.057  62.977 0.0000000000
52061  21.168  -41.903  64.844 0.0000000000
53102  21.414  -41.565  66.301 0.0000000000
52027  20.905  -41.702  66.376 0.0000000000
50953  19.024  -43.184  64.286 0.0000000000
49777  18.698  -43.368  64.917 0.0000000000
49778  18.190  -43.837  64.499 0.0000000000
52187  19.742  -42.903  58.109 0.0000000000
51051  19.419  -43.115  58.538 0.0000000000
51034  19.562  -43.068  59.349 0.0000000000
51035  19.008  -43.650  59.163 0.0000000000
48725  17.687  -44.711  57.366 0.0000000000
48707  17.662  -44.815  58.163 0.0000000000
49829  17.808  -44.809  59.945 0.0000000000
49839  18.301  -44.293  59.075 0.0000000000
49828  18.404  -44.382  60.335 0.0000000000
51006  18.715  -43.767  60.700 0.0000000000
48657  17.235  -44.846  62.634 0.0000000000
48656  17.752  -44.591  62.851 0.0000000000
48646  17.539  -44.619  63.309 0.0000000000
48635  16.783  -45.025  64.576 0.0000000000
47500  16.204  -46.022  62.848 0.0000000000
47474  15.246  -46.428  64.582 0.0000000000
46316  15.297  -46.568  64.099 0.0000000000
45184  15.100  -47.566  59.430 0.0000000000
45171  15.565  -47.377  60.466 0.0000000000
43917  14.323  -48.566  61.988 0.0000000000
45123  14.555  -47.695  63.450 0.0000000000
45124  14.273  -48.286  63.154 0.0000000000
43903  13.692  -48.750  63.555 0.0000000000
43919  13.312  -49.523  62.986 0.0000000000
42768  12.687  -49.901  63.496 0.0000000000
41662  11.391  -50.959  62.543 0.0000000000
40446  11.257  -51.510  63.480 0.0000000000
54314  29.452  -40.110  52.805 0.0000000000
54313  30.361  -39.756  53.006 0.0000000000
54290  30.042  -40.589  53.489 0.0000000000
53298  30.767  -41.383  54.614 0.0000000000
53314  29.767  -41.180  54.066 0.0000000000
54316  27.483  -40.643  53.128 0.0000000000
54336  27.814  -40.440  52.137 0.0000000000
53329  28.040  -41.064  53.410 0.0000000000
52206  28.132  -42.193  55.620 0.0000000000
52181  29.257  -43.054  56.852 0.0000000000
51015  28.243  -43.837  60.570 0.0000000000
51016  26.941  -43.346  60.502 0.0000000000
53227  25.506  -42.091  58.898 0.0000000000
52169  25.895  -42.178  58.491 0.0000000000
52150  25.057  -42.250  59.802 0.0000000000
52089  25.572  -41.984  62.461 0.0000000000
52104  26.074  -42.380  61.606 0.0000000000
52088  26.215  -42.462  62.552 0.0000000000
50985  26.860  -43.035  62.634 0.0000000000
52072  26.404  -42.684  63.522 0.0000000000
52058  26.776  -42.826  64.510 0.0000000000
52059  25.947  -42.429  64.398 0.0000000000
52025  24.882  -42.131  66.130 0.0000000000
52024  25.749  -42.593  66.036 0.0000000000
51978  25.750  -43.278  67.309 0.0000000000
49731  17.193  -43.583  69.017 0.0000000000
49720  17.159  -43.827  69.570 0.0000000000
40398  11.666  -51.098  67.285 0.0000000000
41609  11.570  -50.314  67.547 0.0000000000
42693  10.231  -49.902  70.662 0.0000000000
42692  10.542  -49.418  70.309 0.0000000000
42689  10.593  -49.351  70.879 0.0000000000
43797  10.826  -48.934  71.295 0.0000000000
43793  10.855  -49.060  71.851 0.0000000000
86530  57.756  -10.835  34.413 0.0000000000
86518  57.744  -10.887  35.482 0.0000000000
84413  58.664  -11.971  35.578 0.0000000000
84418  52.332  -13.276  34.766 0.0000000000
83317  53.267  -13.284  35.623 0.0000000000
83294  54.678  -13.416  37.331 0.0000000000
84393  55.097  -12.894  37.344 0.0000000000
84400  55.759  -12.102  37.504 0.0000000000
83291  56.502  -12.835  38.315 0.0000000000
81129  57.391  -15.154  38.876 0.0000000000
82195  56.666  -14.446  38.165 0.0000000000
83279  57.766  -13.769  39.440 0.0000000000
84382  57.988  -13.162  39.043 0.0000000000
83290  58.685  -13.604  38.991 0.0000000000
83302  58.708  -13.544  38.213 0.0000000000
75915  47.831  -20.565  34.324 0.0000000000
77086  47.549  -19.699  33.682 0.0000000000
77073  48.894  -20.158  34.681 0.0000000000
73541  48.622  -22.416  36.669 0.0000000000
74714  48.220  -21.790  36.027 0.0000000000
73540  49.338  -22.295  36.888 0.0000000000
74712  50.768  -21.262  36.483 0.0000000000
74711  51.467  -21.069  36.485 0.0000000000
75872  51.957  -20.612  36.586 0.0000000000
75825  54.063  -21.072  39.583 0.0000000000
75838  53.783  -20.909  38.494 0.0000000000
77013  54.957  -19.865  39.743 0.0000000000
75814  54.680  -20.572  40.110 0.0000000000
71192  48.789  -25.268  40.034 0.0000000000
71168  51.419  -24.622  40.832 0.0000000000
71189  51.321  -24.244  39.939 0.0000000000
73450  53.556  -22.784  42.644 0.0000000000
73451  53.025  -23.276  42.493 0.0000000000
73464  53.335  -22.465  42.070 0.0000000000
73477  52.895  -22.911  41.577 0.0000000000
73476  53.481  -22.436  41.265 0.0000000000
74646  53.880  -21.942  41.720 0.0000000000
66830  40.421  -29.355  44.258 0.0000000000
66763  40.257  -28.846  46.957 0.0000000000
66760  43.021  -29.271  47.375 0.0000000000
66781  41.230  -29.501  46.188 0.0000000000
66780  42.311  -29.628  46.662 0.0000000000
65643  43.337  -30.043  47.170 0.0000000000
65664  43.626  -30.248  46.495 0.0000000000
65642  43.939  -29.942  47.302 0.0000000000
67846  46.306  -28.840  49.508 0.0000000000
66757  45.667  -29.232  48.464 0.0000000000
66737  46.259  -29.304  48.897 0.0000000000
66736  47.147  -29.340  49.330 0.0000000000
66718  47.350  -28.740  49.788 0.0000000000
55395  40.926  -39.130  52.564 0.0000000000
55419  39.894  -38.410  51.729 0.0000000000
56565  40.641  -38.758  51.975 0.0000000000
56597  40.620  -37.551  50.239 0.0000000000
56596  41.490  -37.222  49.942 0.0000000000
57822  41.218  -36.344  49.108 0.0000000000
57821  41.780  -36.388  49.259 0.0000000000
58952  43.457  -35.431  50.178 0.0000000000
60105  42.769  -35.311  49.399 0.0000000000
60104  43.160  -35.037  49.586 0.0000000000
60126  43.341  -34.235  49.184 0.0000000000
60103  44.172  -34.527  49.968 0.0000000000
57609  43.055  -37.556  59.785 0.0000000000
56425  42.621  -38.104  58.937 0.0000000000
57627  43.098  -37.457  59.088 0.0000000000
57644  43.834  -37.300  57.749 0.0000000000
57673  44.179  -37.630  55.661 0.0000000000
57658  44.888  -36.875  56.241 0.0000000000
58857  46.748  -34.980  54.692 0.0000000000
60026  46.298  -35.213  55.640 0.0000000000
58858  46.314  -35.585  55.024 0.0000000000
58859  45.685  -36.324  54.653 0.0000000000
58871  46.287  -36.012  53.881 0.0000000000
57745  45.566  -35.966  52.556 0.0000000000
58889  46.184  -35.515  52.873 0.0000000000
62255  46.460  -32.754  51.474 0.0000000000
61224  45.956  -33.741  51.327 0.0000000000
61239  44.597  -33.350  50.106 0.0000000000
62265  44.955  -32.420  50.360 0.0000000000
63373  43.938  -31.560  49.621 0.0000000000
63362  45.191  -31.605  50.676 0.0000000000
64469  45.546  -30.345  51.942 0.0000000000
64470  44.985  -30.279  51.431 0.0000000000
65579  45.250  -29.990  51.697 0.0000000000
65580  44.933  -29.599  51.308 0.0000000000
65571  45.384  -29.258  51.675 0.0000000000
64427  47.440  -31.111  54.205 0.0000000000
65523  48.211  -30.841  54.907 0.0000000000
66651  47.489  -29.624  53.438 0.0000000000
66671  47.192  -29.187  52.773 0.0000000000
67747  45.931  -28.595  52.297 0.0000000000
67768  46.149  -28.200  51.994 0.0000000000
67785  46.652  -28.309  51.340 0.0000000000
67767  47.083  -28.555  52.114 0.0000000000
87678  52.551  -9.907  24.781 0.0000000000
84477  49.265  -12.513  28.852 0.0000000000
84476  50.016  -13.010  28.740 0.0000000000
84512  53.295  -12.173  26.236 0.0000000000
85558  53.223  -11.401  25.460 0.0000000000
84527  53.741  -12.173  25.582 0.0000000000
84526  54.440  -12.530  25.257 0.0000000000
83429  56.336  -13.668  27.004 0.0000000000
84508  57.241  -12.727  26.548 0.0000000000
82304  55.929  -14.335  29.573 0.0000000000
85508  57.225  -11.652  29.570 0.0000000000
84482  57.354  -12.541  28.832 0.0000000000
86581  57.936  -10.857  28.954 0.0000000000
86588  58.461  -10.120  28.415 0.0000000000
86580  58.548  -10.226  29.285 0.0000000000
85629  56.655  -11.333  20.907 0.0000000000
86706  55.856  -10.853  20.339 0.0000000000
86705  57.015  -10.931  20.320 0.0000000000
50872  27.993  -43.990  67.477 0.0000000000
43871  12.869  -48.814  65.797 0.0000000000
42727  12.553  -49.350  66.193 0.0000000000
43856  12.035  -49.119  67.233 0.0000000000
42699  11.582  -49.078  68.131 0.0000000000
65658  49.080  -29.647  46.903 0.0000000000
54263  32.058  -40.643  54.840 0.0000000000
53281  32.505  -40.800  56.247 0.0000000000
53231  22.874  -41.491  59.282 0.0000000000
53232  22.189  -41.671  59.167 0.0000000000
54241  23.373  -41.166  55.626 0.0000000000
53271  23.565  -41.468  57.193 0.0000000000
50924  19.091  -43.043  66.538 0.0000000000
50894  19.402  -42.682  68.302 0.0000000000
50910  18.911  -42.967  67.674 0.0000000000
50895  18.780  -42.789  68.713 0.0000000000
50877  18.448  -42.808  69.609 0.0000000000
83344  53.897  -13.278  33.200 0.0000000000
85481  54.612  -12.546  33.370 0.0000000000
84440  53.634  -13.051  33.630 0.0000000000
84428  53.799  -12.762  34.458 0.0000000000
78082  56.342  -17.933  39.136 0.0000000000
79089  56.769  -17.273  39.285 0.0000000000
79077  56.845  -17.438  40.383 0.0000000000
79069  56.812  -17.792  41.388 0.0000000000
72366  47.227  -23.803  37.430 0.0000000000
72358  47.498  -24.115  38.026 0.0000000000
64564  40.050  -30.347  46.482 0.0000000000
65644  40.371  -30.062  47.286 0.0000000000
65619  40.675  -29.612  47.503 0.0000000000
64524  41.253  -30.163  47.794 0.0000000000
64523  41.731  -30.345  48.333 0.0000000000
64512  42.724  -30.273  49.358 0.0000000000
54228  40.826  -40.247  56.641 0.0000000000
54253  41.523  -39.950  55.705 0.0000000000
54227  41.661  -39.876  56.818 0.0000000000
54226  42.245  -39.455  57.120 0.0000000000
55336  42.699  -38.992  56.644 0.0000000000
82272  50.762  -14.952  31.620 0.0000000000
82271  51.810  -15.197  31.757 0.0000000000
82270  52.871  -14.916  31.653 0.0000000000
82255  53.652  -13.846  32.252 0.0000000000
85592  55.605  -12.189  23.046 0.0000000000
85591  56.599  -11.933  23.246 0.0000000000
51014  29.675  -44.028  60.645 0.0000000000
51000  29.391  -44.314  61.547 0.0000000000
49801  29.897  -44.395  62.783 0.0000000000
49775  30.131  -43.949  64.280 0.0000000000
47460  15.620  -45.709  65.559 0.0000000000
47446  15.510  -45.655  66.562 0.0000000000
47415  14.665  -45.830  68.312 0.0000000000
47400  12.566  -46.560  69.946 0.0000000000
47399  13.128  -46.374  69.524 0.0000000000
83333  49.073  -13.746  34.140 0.0000000000
84433  49.481  -13.756  34.408 0.0000000000
83322  49.277  -14.077  34.625 0.0000000000
82229  49.657  -14.632  34.825 0.0000000000
80136  49.904  -16.792  33.846 0.0000000000
80135  50.637  -16.714  34.293 0.0000000000
79150  51.455  -17.357  34.897 0.0000000000
79124  52.846  -17.958  36.735 0.0000000000
77051  52.638  -19.016  36.744 0.0000000000
77033  53.140  -19.642  36.837 0.0000000000
69033  47.422  -27.620  41.756 0.0000000000
69051  48.333  -27.152  41.853 0.0000000000
69032  47.887  -27.386  42.254 0.0000000000
67898  51.810  -27.893  45.639 0.0000000000
83349  47.584  -14.027  33.425 0.0000000000
39232  10.215  -52.561  64.267 0.0000000000
39220  10.547  -52.574  65.184 0.0000000000
39210  10.195  -53.038  65.619 0.0000000000
37961  10.284  -53.298  66.029 0.0000000000
69098  42.614  -26.402  38.411 0.0000000000
69083  43.895  -26.758  39.472 0.0000000000
66868  43.174  -29.060  42.534 0.0000000000
66803  44.946  -29.563  44.862 0.0000000000
65684  45.338  -29.891  45.757 0.0000000000
54351  34.544  -39.281  51.570 0.0000000000
52103  32.749  -42.804  61.004 0.0000000000
52102  33.437  -42.624  61.368 0.0000000000
52101  34.115  -42.302  61.828 0.0000000000
55220  37.213  -40.112  62.880 0.0000000000
54166  37.759  -40.259  61.976 0.0000000000
53098  24.268  -41.615  65.846 0.0000000000
53119  23.040  -41.457  65.261 0.0000000000
52092  21.024  -41.651  62.550 0.0000000000
52062  20.552  -42.338  64.290 0.0000000000
51065  18.880  -43.499  57.703 0.0000000000
48708  16.998  -45.008  58.381 0.0000000000
48692  17.589  -44.832  58.855 0.0000000000
48693  17.262  -45.207  59.283 0.0000000000
49816  17.792  -44.717  61.114 0.0000000000
48658  16.570  -45.302  63.220 0.0000000000
46352  15.500  -46.938  62.402 0.0000000000
43931  13.688  -48.909  61.339 0.0000000000
43918  13.820  -48.851  62.483 0.0000000000
55405  29.169  -39.329  52.039 0.0000000000
54292  25.824  -41.466  54.232 0.0000000000
53331  26.885  -41.474  53.930 0.0000000000
53316  27.583  -41.657  54.146 0.0000000000
53301  27.348  -42.015  55.180 0.0000000000
52194  27.951  -42.835  56.389 0.0000000000
52182  28.326  -43.229  57.020 0.0000000000
51060  27.632  -43.095  57.492 0.0000000000
51050  27.004  -42.912  58.421 0.0000000000
53205  24.636  -42.017  60.318 0.0000000000
52127  25.199  -42.305  60.382 0.0000000000
52106  24.558  -41.851  61.661 0.0000000000
52060  25.162  -42.098  64.288 0.0000000000
40388  10.720  -51.441  68.677 0.0000000000
41600  10.753  -50.478  69.009 0.0000000000
41596  10.446  -50.387  69.743 0.0000000000
41591  10.265  -50.474  71.036 0.0000000000
86506  57.711  -11.122  36.416 0.0000000000
85453  58.414  -11.675  36.445 0.0000000000
83308  58.433  -12.961  37.366 0.0000000000
82217  53.038  -14.365  36.075 0.0000000000
83311  53.141  -13.666  35.954 0.0000000000
82209  53.572  -14.229  36.707 0.0000000000
82198  54.065  -14.136  37.442 0.0000000000
82155  57.982  -15.088  40.446 0.0000000000
82162  57.791  -14.654  39.831 0.0000000000
75898  48.247  -20.829  34.967 0.0000000000
73530  49.782  -22.662  37.425 0.0000000000
74700  49.746  -22.118  36.889 0.0000000000
73529  50.856  -22.552  37.527 0.0000000000
74697  52.862  -21.347  37.487 0.0000000000
74679  52.718  -21.919  38.419 0.0000000000
74678  53.439  -21.513  39.230 0.0000000000
74663  53.612  -21.589  40.036 0.0000000000
71145  50.048  -26.011  41.747 0.0000000000
71144  50.474  -25.595  41.862 0.0000000000
71143  51.564  -24.879  42.061 0.0000000000
74623  54.360  -22.102  42.603 0.0000000000
67851  42.007  -28.335  47.971 0.0000000000
67867  41.778  -28.689  47.648 0.0000000000
67866  42.414  -28.503  47.749 0.0000000000
67865  43.355  -28.439  47.983 0.0000000000
67864  44.298  -28.546  48.328 0.0000000000
67847  45.332  -28.747  49.357 0.0000000000
67827  46.811  -28.390  49.978 0.0000000000
56564  41.418  -38.683  51.906 0.0000000000
57773  42.672  -36.688  50.624 0.0000000000
57795  42.378  -36.537  49.832 0.0000000000
58933  43.206  -35.992  50.608 0.0000000000
58932  44.098  -35.791  50.813 0.0000000000
58794  44.339  -37.207  59.076 0.0000000000
58824  45.040  -36.402  57.834 0.0000000000
60040  46.905  -34.377  54.254 0.0000000000
60051  46.928  -34.487  53.186 0.0000000000
61211  47.094  -33.438  52.727 0.0000000000
62248  46.266  -31.920  51.515 0.0000000000
63349  45.549  -31.403  51.331 0.0000000000
63324  46.468  -30.988  52.860 0.0000000000
64453  46.190  -30.416  52.691 0.0000000000
83391  51.776  -14.053  28.985 0.0000000000
83403  50.693  -12.961  28.475 0.0000000000
83402  51.545  -13.230  28.333 0.0000000000
83432  53.570  -12.881  26.678 0.0000000000
84510  54.914  -12.981  26.071 0.0000000000
84468  56.511  -12.515  30.767 0.0000000000
83389  56.669  -13.245  29.985 0.0000000000
85503  56.973  -11.555  30.398 0.0000000000
85627  57.889  -10.919  21.282 0.0000000000
86694  58.775  -9.905  21.567 0.0000000000
87651  58.060  -9.971  25.352 0.0000000000
87650  58.560  -9.830  25.862 0.0000000000
86602  59.287  -9.772  26.947 0.0000000000
50950  27.889  -43.470  64.739 0.0000000000
50949  28.792  -43.760  64.952 0.0000000000
50936  28.349  -43.403  65.554 0.0000000000
50921  28.647  -43.266  66.293 0.0000000000
50890  28.455  -43.752  67.255 0.0000000000
46303  13.868  -46.948  66.000 0.0000000000
46290  13.986  -47.201  66.905 0.0000000000
45084  13.504  -47.498  66.530 0.0000000000
45067  13.457  -47.383  67.113 0.0000000000
46275  12.898  -47.095  68.070 0.0000000000
45049  12.409  -47.708  68.444 0.0000000000
45031  12.451  -47.370  69.038 0.0000000000
46239  12.176  -46.883  70.089 0.0000000000
45023  11.845  -47.441  70.326 0.0000000000
46217  11.505  -47.626  71.383 0.0000000000
80126  48.252  -16.164  34.313 0.0000000000
79160  49.588  -17.713  33.833 0.0000000000
78150  50.039  -18.446  34.280 0.0000000000
77083  50.209  -18.907  34.667 0.0000000000
67923  48.693  -27.739  44.151 0.0000000000
66799  49.561  -28.407  45.155 0.0000000000
37957  7.799  -54.429  67.830 0.0000000000
66870  41.321  -29.467  42.410 0.0000000000
54261  33.619  -40.378  55.045 0.0000000000
54262  32.828  -40.363  54.988 0.0000000000
53280  34.814  -40.899  56.895 0.0000000000
53164  23.488  -41.712  62.410 0.0000000000
53148  23.101  -41.220  63.338 0.0000000000
53165  22.950  -41.375  62.349 0.0000000000
53209  22.051  -41.649  60.269 0.0000000000
53187  21.699  -41.633  61.166 0.0000000000
52108  21.195  -41.909  61.466 0.0000000000
47578  16.083  -46.133  58.722 0.0000000000
47556  16.244  -46.325  59.246 0.0000000000
46394  16.171  -46.707  60.220 0.0000000000
46411  15.911  -46.857  59.190 0.0000000000
54294  24.465  -40.320  54.539 0.0000000000
53303  25.506  -41.150  55.890 0.0000000000
53285  25.454  -41.807  56.739 0.0000000000
52184  25.892  -42.154  57.624 0.0000000000
53268  25.250  -41.762  57.763 0.0000000000
53249  24.268  -41.105  58.394 0.0000000000
53206  24.250  -41.510  60.331 0.0000000000
53184  23.690  -41.351  61.398 0.0000000000
85488  56.254  -11.643  32.783 0.0000000000
86543  56.874  -10.818  33.050 0.0000000000
85463  56.396  -11.306  35.047 0.0000000000
85470  56.150  -11.535  34.666 0.0000000000
86508  56.519  -11.222  36.413 0.0000000000
85446  56.750  -11.341  37.185 0.0000000000
86500  56.723  -11.238  37.856 0.0000000000
80093  54.208  -15.694  37.741 0.0000000000
81147  54.988  -14.994  37.919 0.0000000000
80092  55.248  -15.964  37.722 0.0000000000
80090  56.984  -15.766  38.517 0.0000000000
81119  57.646  -15.528  39.834 0.0000000000
79088  57.209  -16.775  39.638 0.0000000000
80062  57.494  -16.396  40.149 0.0000000000
81111  57.818  -15.641  40.540 0.0000000000
73543  47.060  -22.727  36.196 0.0000000000
72378  48.047  -22.762  36.805 0.0000000000
72365  48.401  -23.198  37.323 0.0000000000
72364  49.159  -23.042  37.562 0.0000000000
73516  50.293  -22.916  38.093 0.0000000000
69005  52.474  -26.251  42.744 0.0000000000
67904  38.200  -28.226  45.553 0.0000000000
67883  38.504  -28.521  45.947 0.0000000000
66783  39.180  -28.647  46.246 0.0000000000
66739  41.427  -28.856  47.920 0.0000000000
66719  42.380  -28.565  48.701 0.0000000000
67808  43.512  -28.269  49.965 0.0000000000
55382  39.333  -39.365  53.036 0.0000000000
55381  40.306  -39.562  53.344 0.0000000000
55380  41.373  -39.417  53.458 0.0000000000
55370  41.827  -39.717  54.487 0.0000000000
55379  42.331  -39.118  53.587 0.0000000000
56550  43.235  -38.828  53.808 0.0000000000
82300  48.742  -13.804  29.656 0.0000000000
82285  50.474  -14.807  30.641 0.0000000000
82308  52.837  -14.298  28.705 0.0000000000
82307  53.587  -14.555  28.730 0.0000000000
82306  54.523  -14.801  28.979 0.0000000000
82280  55.616  -13.965  30.712 0.0000000000
83381  55.648  -13.582  31.034 0.0000000000
84460  55.974  -12.824  31.407 0.0000000000
86696  55.281  -11.123  21.048 0.0000000000
85617  56.024  -11.557  21.417 0.0000000000
85615  57.655  -10.984  21.747 0.0000000000
86682  57.983  -10.567  22.359 0.0000000000
87692  58.546  -9.833  23.115 0.0000000000
87691  59.198  -9.590  23.360 0.0000000000
87677  58.213  -10.128  23.636 0.0000000000
87661  58.117  -10.017  24.452 0.0000000000
86603  57.877  -10.568  25.789 0.0000000000
85537  57.716  -11.467  26.199 0.0000000000
52180  30.414  -42.767  57.119 0.0000000000
52179  31.179  -42.573  57.253 0.0000000000
51029  31.321  -43.261  59.498 0.0000000000
51012  31.779  -43.301  60.182 0.0000000000
49827  30.628  -43.975  60.990 0.0000000000
50999  31.419  -43.526  60.828 0.0000000000
50998  31.935  -43.060  61.281 0.0000000000
50982  32.226  -43.349  62.362 0.0000000000
50963  32.683  -43.079  63.515 0.0000000000
50966  29.197  -44.086  64.456 0.0000000000
50948  29.774  -43.802  64.909 0.0000000000
50933  30.976  -43.160  65.699 0.0000000000
52020  31.279  -42.938  66.221 0.0000000000
52040  31.705  -43.190  65.398 0.0000000000
49754  16.948  -44.356  67.323 0.0000000000
49743  16.875  -44.307  68.413 0.0000000000
48597  15.630  -45.245  67.797 0.0000000000
48580  16.243  -44.709  68.848 0.0000000000
48567  16.393  -44.608  69.409 0.0000000000
49722  16.073  -44.855  70.070 0.0000000000
47398  14.156  -45.665  69.388 0.0000000000
47378  13.444  -45.882  70.270 0.0000000000
47377  14.153  -45.546  70.164 0.0000000000
48548  14.419  -45.380  69.627 0.0000000000
83345  51.420  -13.716  33.462 0.0000000000
84442  51.387  -13.289  33.524 0.0000000000
83319  51.702  -13.706  34.978 0.0000000000
84420  50.181  -13.605  34.597 0.0000000000
82226  52.341  -14.436  35.400 0.0000000000
81163  53.132  -15.182  36.441 0.0000000000
80108  52.982  -15.682  36.233 0.0000000000
81182  50.312  -15.318  34.626 0.0000000000
80134  51.233  -16.644  34.545 0.0000000000
81194  51.368  -16.142  34.582 0.0000000000
81181  51.393  -15.469  34.715 0.0000000000
80123  52.062  -15.848  35.060 0.0000000000
80107  53.258  -16.006  37.024 0.0000000000
80106  54.398  -16.651  37.382 0.0000000000
79121  55.762  -17.595  37.677 0.0000000000
78108  55.723  -18.055  37.906 0.0000000000
78083  56.062  -18.560  39.471 0.0000000000
78070  55.923  -19.059  40.448 0.0000000000
70129  46.470  -25.736  39.320 0.0000000000
70128  47.622  -25.439  39.707 0.0000000000
70110  47.334  -26.196  40.213 0.0000000000
70108  49.247  -25.938  41.047 0.0000000000
70087  49.572  -26.233  41.661 0.0000000000
67945  49.245  -27.336  43.773 0.0000000000
68986  50.221  -27.216  44.025 0.0000000000
69006  51.513  -26.660  43.276 0.0000000000
62306  41.817  -32.605  47.039 0.0000000000
62287  42.483  -32.739  47.675 0.0000000000
56410  41.271  -38.723  59.930 0.0000000000
56426  42.152  -38.452  59.182 0.0000000000
56392  42.577  -37.937  60.132 0.0000000000
82274  48.670  -14.740  31.253 0.0000000000
82261  48.164  -14.613  31.957 0.0000000000
82260  48.954  -14.605  32.161 0.0000000000
82259  49.968  -14.495  32.537 0.0000000000
86665  53.409  -10.481  23.760 0.0000000000
40399  11.111  -51.745  67.781 0.0000000000
40390  9.402  -52.471  69.090 0.0000000000
39192  9.548  -52.500  69.507 0.0000000000
71251  46.077  -24.202  37.091 0.0000000000
71230  45.994  -24.856  38.225 0.0000000000
70140  46.110  -25.214  38.631 0.0000000000
69080  46.405  -26.621  39.782 0.0000000000
69069  46.764  -26.846  40.394 0.0000000000
69071  45.238  -27.206  39.895 0.0000000000
66890  43.692  -28.845  41.809 0.0000000000
66889  44.401  -28.861  41.993 0.0000000000
67969  44.886  -28.838  41.917 0.0000000000
66823  47.047  -28.377  44.307 0.0000000000
66777  48.210  -29.356  45.969 0.0000000000
66778  47.614  -29.505  45.917 0.0000000000
65659  48.535  -29.618  46.745 0.0000000000
65637  48.791  -29.770  47.317 0.0000000000
55448  36.148  -38.772  50.706 0.0000000000
55422  37.040  -39.010  51.778 0.0000000000
55398  37.967  -39.071  52.434 0.0000000000
54330  33.626  -39.488  52.111 0.0000000000
54329  34.768  -39.628  52.388 0.0000000000
54328  35.730  -39.654  52.555 0.0000000000
54284  35.316  -40.003  54.334 0.0000000000
54327  36.606  -39.563  52.646 0.0000000000
55384  37.770  -39.484  53.043 0.0000000000
55383  38.462  -39.381  53.021 0.0000000000
54304  38.829  -39.986  53.660 0.0000000000
54280  39.143  -40.151  54.602 0.0000000000
54255  39.478  -40.331  55.554 0.0000000000
54229  39.858  -40.593  56.552 0.0000000000
54210  40.238  -40.384  57.528 0.0000000000
54198  40.491  -40.001  58.191 0.0000000000
53246  32.646  -42.364  57.554 0.0000000000
53245  33.362  -42.044  58.127 0.0000000000
53244  34.168  -41.548  58.383 0.0000000000
53243  35.049  -41.347  58.640 0.0000000000
53242  35.972  -41.130  58.985 0.0000000000
53180  35.603  -41.188  62.206 0.0000000000
53203  35.481  -41.522  60.910 0.0000000000
54201  38.555  -41.289  59.017 0.0000000000
54178  38.090  -40.677  61.174 0.0000000000
54177  38.772  -40.393  60.452 0.0000000000
54190  39.090  -40.473  59.563 0.0000000000
55275  39.541  -40.113  59.544 0.0000000000
55253  40.226  -39.258  60.277 0.0000000000
55252  40.665  -38.931  60.193 0.0000000000
50874  26.196  -43.691  68.243 0.0000000000
50875  25.414  -43.183  68.776 0.0000000000
51959  24.743  -42.702  68.648 0.0000000000
51960  24.094  -42.290  68.936 0.0000000000
53070  22.246  -41.526  67.973 0.0000000000
53135  22.671  -41.332  64.286 0.0000000000
53120  22.251  -41.269  65.319 0.0000000000
53101  21.955  -41.498  66.279 0.0000000000
53083  21.757  -41.524  67.143 0.0000000000
52006  21.721  -41.690  67.587 0.0000000000
52007  21.174  -41.881  67.304 0.0000000000
50923  19.774  -42.439  66.844 0.0000000000
50937  19.810  -42.605  65.960 0.0000000000
49752  18.337  -43.542  66.330 0.0000000000
49765  17.813  -43.950  65.673 0.0000000000
52185  21.230  -42.417  57.262 0.0000000000
52171  20.619  -42.421  58.451 0.0000000000
52153  20.185  -42.626  59.394 0.0000000000
51018  19.754  -42.965  60.260 0.0000000000
51005  19.246  -43.337  61.037 0.0000000000
49861  18.509  -43.851  57.374 0.0000000000
49849  18.618  -43.868  58.191 0.0000000000
49838  18.794  -43.862  58.703 0.0000000000
49803  18.063  -44.444  62.164 0.0000000000
49791  18.121  -44.282  63.295 0.0000000000
49767  16.745  -45.321  65.611 0.0000000000
48648  16.388  -45.306  64.129 0.0000000000
47461  15.144  -46.280  65.140 0.0000000000
46374  15.899  -46.862  61.268 0.0000000000
45160  14.841  -47.919  61.410 0.0000000000
45143  15.293  -47.474  62.119 0.0000000000
46353  15.040  -47.209  62.699 0.0000000000
46334  14.877  -46.988  63.320 0.0000000000
45105  14.598  -47.411  63.947 0.0000000000
46318  14.063  -47.116  65.201 0.0000000000
45107  13.479  -48.458  64.711 0.0000000000
42756  12.743  -49.736  64.427 0.0000000000
42769  11.997  -50.294  63.038 0.0000000000
40436  11.655  -51.359  64.202 0.0000000000
40447  10.422  -51.991  63.451 0.0000000000
39244  9.727  -52.401  63.660 0.0000000000
54332  31.589  -39.276  52.610 0.0000000000
54312  31.227  -39.734  53.270 0.0000000000
54334  30.357  -39.244  52.718 0.0000000000
54264  31.585  -41.035  54.286 0.0000000000
52218  27.940  -41.380  53.684 0.0000000000
53315  28.649  -41.435  53.878 0.0000000000
53267  30.141  -42.274  56.489 0.0000000000
52167  29.886  -43.204  57.821 0.0000000000
51059  28.421  -43.415  57.588 0.0000000000
50984  27.641  -43.502  62.779 0.0000000000
52183  26.319  -42.310  58.020 0.0000000000
52168  26.355  -42.461  58.528 0.0000000000
52125  26.446  -43.189  59.832 0.0000000000
52126  26.042  -42.638  60.435 0.0000000000
51017  26.425  -42.765  61.067 0.0000000000
50951  27.365  -43.138  64.297 0.0000000000
52042  27.049  -42.937  65.428 0.0000000000
52023  26.686  -42.849  66.035 0.0000000000
51977  26.491  -43.455  67.091 0.0000000000
41622  12.046  -50.315  66.827 0.0000000000
42710  11.696  -49.582  67.579 0.0000000000
42700  11.108  -49.593  68.416 0.0000000000
42695  10.755  -49.633  69.560 0.0000000000
43807  11.467  -48.802  69.183 0.0000000000
45016  10.820  -48.167  70.948 0.0000000000
84416  53.865  -12.734  35.542 0.0000000000
83310  53.592  -13.317  36.248 0.0000000000
84408  54.394  -12.615  36.450 0.0000000000
84407  54.741  -12.403  36.371 0.0000000000
85448  55.524  -11.986  37.126 0.0000000000
85438  57.236  -11.557  38.298 0.0000000000
82196  55.868  -14.071  37.809 0.0000000000
82179  56.278  -13.557  38.008 0.0000000000
83264  57.915  -14.238  39.935 0.0000000000
83280  56.952  -13.224  38.771 0.0000000000
83281  56.477  -13.300  38.263 0.0000000000
84390  56.917  -12.281  38.529 0.0000000000
84389  57.649  -12.303  38.606 0.0000000000
78152  48.119  -18.763  33.535 0.0000000000
77084  49.638  -19.188  34.463 0.0000000000
77071  50.206  -19.366  35.250 0.0000000000
74728  48.580  -21.198  35.524 0.0000000000
74727  49.131  -20.879  35.680 0.0000000000
75896  49.640  -20.374  35.649 0.0000000000
75895  50.490  -20.087  35.715 0.0000000000
77053  51.008  -19.381  35.838 0.0000000000
77034  52.447  -20.128  36.681 0.0000000000
75856  53.543  -20.615  37.446 0.0000000000
75854  54.498  -20.044  38.083 0.0000000000
77022  54.823  -19.687  38.942 0.0000000000
78071  55.381  -19.543  40.072 0.0000000000
77004  55.698  -19.442  41.204 0.0000000000
70127  48.342  -25.238  39.781 0.0000000000
71212  48.904  -24.888  39.454 0.0000000000
71211  49.837  -24.495  39.323 0.0000000000
71210  50.750  -24.250  39.420 0.0000000000
72339  51.711  -23.535  39.510 0.0000000000
72338  52.402  -23.341  40.126 0.0000000000
71121  52.443  -24.602  42.530 0.0000000000
72295  52.291  -24.188  41.999 0.0000000000
72294  52.701  -23.811  42.300 0.0000000000
72310  52.523  -23.563  41.834 0.0000000000
72323  52.604  -23.528  40.980 0.0000000000
74653  53.397  -22.093  40.337 0.0000000000
74652  53.772  -21.824  40.873 0.0000000000
75797  54.218  -21.488  42.152 0.0000000000
75804  54.625  -20.569  41.095 0.0000000000
76995  55.272  -20.061  41.555 0.0000000000
76994  55.897  -19.442  41.987 0.0000000000
66845  40.857  -29.270  43.313 0.0000000000
66828  42.282  -29.571  43.998 0.0000000000
66808  39.021  -28.584  45.424 0.0000000000
66807  40.211  -29.040  45.272 0.0000000000
66806  41.065  -29.782  45.021 0.0000000000
65688  41.770  -29.855  45.444 0.0000000000
65687  42.584  -29.904  45.285 0.0000000000
65709  42.659  -29.707  44.552 0.0000000000
65663  44.649  -30.171  46.587 0.0000000000
65662  45.655  -30.183  46.765 0.0000000000
66758  45.066  -29.090  48.022 0.0000000000
65640  45.955  -30.000  47.898 0.0000000000
65615  47.658  -29.928  48.424 0.0000000000
66735  48.305  -29.792  49.124 0.0000000000
55420  39.367  -38.396  51.485 0.0000000000
56581  39.613  -38.155  51.026 0.0000000000
60145  41.276  -34.696  47.882 0.0000000000
58976  42.241  -35.917  48.986 0.0000000000
58996  42.026  -35.357  48.613 0.0000000000
61256  42.301  -34.310  48.329 0.0000000000
61268  41.962  -33.794  47.749 0.0000000000
61255  42.746  -33.660  48.383 0.0000000000
62277  43.249  -32.473  48.414 0.0000000000
55293  42.602  -38.428  58.393 0.0000000000
56470  42.929  -38.398  56.984 0.0000000000
56445  43.652  -37.645  57.274 0.0000000000
56469  43.485  -37.957  56.643 0.0000000000
57689  44.568  -37.632  54.292 0.0000000000
58841  45.480  -36.075  56.688 0.0000000000
59995  46.206  -35.351  56.847 0.0000000000
58840  45.927  -35.504  56.352 0.0000000000
57688  45.313  -36.859  53.980 0.0000000000
57746  45.018  -36.450  52.227 0.0000000000
58909  45.200  -35.740  51.841 0.0000000000
58931  44.903  -35.483  51.107 0.0000000000
60067  46.497  -34.629  52.203 0.0000000000
60084  45.224  -34.609  50.714 0.0000000000
60102  44.759  -33.983  50.380 0.0000000000
61240  44.154  -33.336  49.458 0.0000000000
62276  43.807  -32.361  49.150 0.0000000000
63374  43.084  -31.118  49.135 0.0000000000
63364  43.701  -30.778  50.000 0.0000000000
64500  43.140  -30.071  49.687 0.0000000000
63350  44.807  -30.853  51.007 0.0000000000
64487  43.676  -30.079  50.421 0.0000000000
65587  44.031  -29.512  50.641 0.0000000000
66699  44.577  -29.057  50.755 0.0000000000
67788  44.748  -28.806  50.585 0.0000000000
64437  47.336  -31.044  53.823 0.0000000000
64438  46.968  -30.718  53.436 0.0000000000
64439  46.439  -30.196  53.094 0.0000000000
65556  47.218  -29.820  53.452 0.0000000000
65557  46.802  -29.977  53.342 0.0000000000
65558  46.105  -29.851  52.616 0.0000000000
66689  45.558  -28.773  51.984 0.0000000000
67769  45.614  -28.617  51.729 0.0000000000
67787  45.468  -28.888  50.988 0.0000000000
67805  45.908  -28.633  50.725 0.0000000000
68926  46.479  -28.464  50.479 0.0000000000
68904  47.134  -28.173  50.312 0.0000000000
67784  47.764  -28.325  51.335 0.0000000000
67804  47.799  -28.115  50.464 0.0000000000
85579  53.573  -11.275  24.506 0.0000000000
84540  55.030  -12.613  24.617 0.0000000000
84524  56.541  -12.695  25.487 0.0000000000
82311  55.168  -14.476  28.477 0.0000000000
83411  56.405  -13.846  28.010 0.0000000000
83397  57.040  -13.211  29.254 0.0000000000
83410  57.103  -13.350  28.409 0.0000000000
84492  57.568  -12.607  27.816 0.0000000000
87632  58.874  -9.519  28.762 0.0000000000
87625  59.168  -9.803  29.546 0.0000000000
36690  7.830  -54.483  66.084 0.0000000000
36704  6.659  -54.412  65.612 0.0000000000
40382  9.476  -52.439  69.295 0.0000000000
41621  12.440  -49.901  66.326 0.0000000000
41663  10.486  -51.073  62.174 0.0000000000
43796  10.851  -48.786  70.648 0.0000000000
43806  11.843  -48.397  69.068 0.0000000000
43818  12.291  -48.138  68.308 0.0000000000
45015  11.638  -47.539  70.891 0.0000000000
46238  12.511  -46.974  69.482 0.0000000000
46393  16.447  -46.268  59.955 0.0000000000
46410  16.308  -46.427  59.620 0.0000000000
47376  14.374  -45.422  70.399 0.0000000000
47397  14.526  -45.410  68.938 0.0000000000
47414  15.269  -45.461  68.050 0.0000000000
48526  14.421  -45.461  70.713 0.0000000000
48570  14.417  -45.376  69.419 0.0000000000
48621  16.688  -45.150  66.363 0.0000000000
49776  29.637  -44.028  64.360 0.0000000000
49780  16.934  -45.130  65.185 0.0000000000
49790  28.800  -44.100  63.419 0.0000000000
49799  31.637  -43.763  62.542 0.0000000000
49812  31.244  -43.843  61.557 0.0000000000
49814  29.350  -44.405  62.154 0.0000000000
49826  31.096  -43.819  60.880 0.0000000000
50965  31.413  -43.975  63.856 0.0000000000
50981  32.841  -43.102  62.978 0.0000000000
51036  18.759  -44.015  59.341 0.0000000000
51062  26.414  -42.392  57.584 0.0000000000
51072  27.216  -42.738  57.024 0.0000000000
51982  22.210  -41.586  68.406 0.0000000000
52021  28.239  -43.324  66.457 0.0000000000
52045  21.046  -41.607  65.727 0.0000000000
52055  32.258  -43.183  64.632 0.0000000000
52056  31.712  -43.290  64.932 0.0000000000
52057  27.317  -43.102  64.904 0.0000000000
52086  34.079  -42.240  62.365 0.0000000000
52107  23.961  -41.833  61.723 0.0000000000
52147  31.173  -42.835  58.923 0.0000000000
52148  26.330  -42.840  59.240 0.0000000000
52195  27.033  -42.418  56.501 0.0000000000
52205  28.718  -42.229  55.273 0.0000000000
52219  27.669  -41.410  53.776 0.0000000000
52229  27.880  -41.176  53.529 0.0000000000
52230  27.739  -41.239  53.606 0.0000000000
53060  22.680  -41.635  68.476 0.0000000000
53061  22.413  -41.622  68.476 0.0000000000
53071  21.933  -41.568  67.728 0.0000000000
53146  24.337  -41.776  63.672 0.0000000000
53163  34.003  -42.181  62.889 0.0000000000
53182  24.816  -41.899  60.982 0.0000000000
53201  37.445  -41.236  61.205 0.0000000000
53210  21.536  -41.779  60.817 0.0000000000
53221  37.832  -41.279  60.654 0.0000000000
53297  31.497  -41.050  54.927 0.0000000000
53313  30.422  -41.126  53.841 0.0000000000
54168  36.436  -40.744  62.393 0.0000000000
54180  36.754  -40.648  61.994 0.0000000000
54207  42.142  -39.378  57.667 0.0000000000
54218  24.383  -41.368  56.484 0.0000000000
54236  32.991  -40.239  55.850 0.0000000000
54238  24.851  -40.863  56.126 0.0000000000
55202  37.316  -40.081  63.207 0.0000000000
55203  36.733  -40.408  63.257 0.0000000000
55217  38.498  -39.198  61.897 0.0000000000
55238  37.879  -39.873  62.401 0.0000000000
55255  38.689  -40.019  61.009 0.0000000000
55273  41.063  -38.983  59.673 0.0000000000
55296  40.376  -39.942  58.685 0.0000000000
55316  41.822  -39.346  58.132 0.0000000000
55317  41.372  -39.567  57.967 0.0000000000
55354  43.494  -38.788  55.208 0.0000000000
55368  43.397  -39.020  54.877 0.0000000000
55385  30.144  -39.213  52.749 0.0000000000
55445  39.287  -38.166  50.861 0.0000000000
56409  41.831  -38.612  59.665 0.0000000000
56577  43.661  -37.158  51.536 0.0000000000
56615  41.433  -36.738  49.503 0.0000000000
57625  44.342  -36.873  57.958 0.0000000000
57626  43.849  -37.192  58.436 0.0000000000
57645  43.278  -37.510  58.444 0.0000000000
57716  45.868  -36.142  53.211 0.0000000000
57717  45.455  -36.625  53.058 0.0000000000
57747  44.263  -36.783  51.677 0.0000000000
57774  42.083  -37.033  50.191 0.0000000000
57820  42.167  -36.390  49.427 0.0000000000
58810  44.376  -36.965  58.507 0.0000000000
58849  45.905  -35.572  55.918 0.0000000000
58872  45.811  -36.480  54.074 0.0000000000
58888  46.538  -35.252  53.395 0.0000000000
58930  45.467  -35.260  51.357 0.0000000000
58954  42.610  -35.497  49.254 0.0000000000
58975  42.425  -36.205  49.479 0.0000000000
58977  41.649  -36.096  48.917 0.0000000000
60052  46.582  -35.009  52.900 0.0000000000
60083  45.856  -34.766  51.463 0.0000000000
60125  43.808  -33.874  49.380 0.0000000000
60144  41.907  -34.806  48.305 0.0000000000
61212  46.634  -33.484  52.070 0.0000000000
61267  42.428  -33.415  47.915 0.0000000000
61279  41.818  -33.299  47.232 0.0000000000
62246  47.257  -32.719  53.037 0.0000000000
62247  46.894  -32.301  52.233 0.0000000000
63307  47.432  -31.581  54.264 0.0000000000
63323  47.035  -31.359  53.307 0.0000000000
63336  46.128  -31.128  52.115 0.0000000000
63363  44.451  -31.414  50.280 0.0000000000
63387  42.041  -31.184  47.988 0.0000000000
64428  47.360  -30.719  53.761 0.0000000000
64452  46.580  -30.828  53.136 0.0000000000
64513  42.252  -30.217  49.064 0.0000000000
64543  40.340  -30.296  46.969 0.0000000000
65524  48.046  -31.015  54.985 0.0000000000
65541  47.659  -30.479  54.038 0.0000000000
65594  42.735  -29.402  49.589 0.0000000000
65595  42.264  -29.516  49.249 0.0000000000
65617  46.144  -29.589  48.454 0.0000000000
65620  40.086  -29.352  47.363 0.0000000000
65646  39.416  -29.240  46.756 0.0000000000
65665  42.826  -29.994  46.126 0.0000000000
65708  43.314  -29.736  44.749 0.0000000000
66652  46.893  -29.449  53.077 0.0000000000
66653  46.439  -29.435  52.730 0.0000000000
66670  47.772  -29.144  53.054 0.0000000000
66673  45.841  -29.044  52.355 0.0000000000
66674  45.491  -29.049  51.966 0.0000000000
66738  42.094  -28.418  48.226 0.0000000000
66779  42.926  -30.015  46.870 0.0000000000
66784  38.645  -28.791  46.219 0.0000000000
66805  41.964  -29.731  44.733 0.0000000000
66809  38.303  -28.339  45.112 0.0000000000
66821  50.072  -27.990  44.722 0.0000000000
66822  49.875  -28.154  44.812 0.0000000000
67746  46.537  -28.735  52.369 0.0000000000
67748  45.705  -28.661  52.144 0.0000000000
67766  47.646  -28.608  52.092 0.0000000000
67770  45.174  -28.993  51.074 0.0000000000
67789  44.075  -28.586  50.349 0.0000000000
67806  45.146  -28.634  50.384 0.0000000000
67826  47.443  -28.294  50.003 0.0000000000
67862  45.684  -29.024  48.978 0.0000000000
67882  38.824  -28.540  46.087 0.0000000000
67885  36.798  -27.943  45.718 0.0000000000
67901  49.017  -28.126  44.825 0.0000000000
68889  46.369  -28.426  50.951 0.0000000000
68890  45.987  -28.416  50.845 0.0000000000
68905  46.686  -28.325  50.550 0.0000000000
68906  46.230  -28.506  50.730 0.0000000000
68924  47.122  -28.211  50.078 0.0000000000
68925  46.869  -28.263  50.155 0.0000000000
68987  49.719  -27.283  43.940 0.0000000000
68989  47.934  -27.669  43.362 0.0000000000
69052  47.977  -27.383  41.276 0.0000000000
69054  46.438  -27.435  40.742 0.0000000000
71142  52.307  -24.401  42.251 0.0000000000
71209  51.208  -23.952  39.474 0.0000000000
71236  47.077  -24.285  38.067 0.0000000000
73484  53.483  -22.308  40.722 0.0000000000
73542  47.726  -22.378  36.365 0.0000000000
75784  54.559  -21.486  42.495 0.0000000000
75785  54.319  -21.768  42.399 0.0000000000
75837  54.479  -20.197  38.406 0.0000000000
75855  54.309  -20.260  37.858 0.0000000000
75914  48.527  -20.381  34.634 0.0000000000
78095  56.385  -17.715  38.756 0.0000000000
78096  55.925  -18.144  38.463 0.0000000000
79076  57.245  -17.035  40.013 0.0000000000
79090  56.450  -17.858  39.760 0.0000000000
79104  55.948  -17.799  38.053 0.0000000000
79120  56.262  -17.145  37.749 0.0000000000
79151  51.073  -17.889  34.734 0.0000000000
80063  57.238  -16.879  40.583 0.0000000000
80114  52.823  -16.639  36.483 0.0000000000
81145  56.883  -15.232  38.149 0.0000000000
81195  50.847  -16.058  34.485 0.0000000000
81206  52.265  -15.339  31.155 0.0000000000
81212  52.019  -15.329  30.907 0.0000000000
82178  56.593  -13.729  38.292 0.0000000000
82194  57.167  -14.681  38.373 0.0000000000
82216  53.316  -13.874  36.266 0.0000000000
82247  51.706  -13.952  33.273 0.0000000000
82267  55.461  -13.715  31.139 0.0000000000
82292  56.179  -14.102  30.012 0.0000000000
82293  55.517  -14.522  30.059 0.0000000000
83293  55.351  -13.400  37.587 0.0000000000
83330  51.061  -13.533  34.540 0.0000000000
83331  50.702  -13.528  34.559 0.0000000000
83343  54.092  -13.271  33.086 0.0000000000
83358  53.564  -13.451  32.751 0.0000000000
83370  55.859  -13.163  31.266 0.0000000000
83372  54.576  -13.255  32.114 0.0000000000
83380  56.019  -13.307  30.890 0.0000000000
83388  56.972  -13.063  29.596 0.0000000000
83399  55.840  -14.304  28.461 0.0000000000
84381  58.362  -13.369  39.040 0.0000000000
84392  55.614  -12.681  37.577 0.0000000000
84401  55.274  -12.426  37.208 0.0000000000
84419  50.475  -13.543  34.568 0.0000000000
84421  49.724  -13.735  34.606 0.0000000000
84426  55.261  -12.242  35.338 0.0000000000
84439  54.259  -13.069  33.215 0.0000000000
84444  49.946  -13.573  33.894 0.0000000000
84450  55.175  -12.463  32.449 0.0000000000
84451  54.780  -12.622  32.609 0.0000000000
84453  51.869  -12.924  32.942 0.0000000000
84454  51.594  -13.035  33.071 0.0000000000
84474  57.041  -12.655  29.539 0.0000000000
84538  56.947  -12.319  24.731 0.0000000000
84550  56.172  -12.216  22.856 0.0000000000
84560  56.197  -12.037  22.586 0.0000000000
85439  56.669  -11.489  38.139 0.0000000000
85445  57.917  -11.448  37.639 0.0000000000
85449  55.019  -12.359  36.927 0.0000000000
85454  56.544  -11.387  36.934 0.0000000000
85457  54.758  -12.465  36.752 0.0000000000
85465  55.257  -12.155  36.075 0.0000000000
85473  54.232  -12.704  33.919 0.0000000000
85482  54.235  -12.815  33.690 0.0000000000
85490  54.920  -12.399  32.854 0.0000000000
85496  55.691  -12.251  32.163 0.0000000000
85502  57.196  -11.271  30.018 0.0000000000
85509  56.926  -11.749  29.956 0.0000000000
86491  57.698  -11.387  37.724 0.0000000000
86492  57.393  -11.298  37.847 0.0000000000
86493  56.966  -11.140  38.021 0.0000000000
86498  57.766  -11.348  37.215 0.0000000000
86505  58.151  -11.378  36.317 0.0000000000
86520  56.214  -11.293  36.105 0.0000000000
86574  57.204  -11.099  30.501 0.0000000000
86601  59.630  -10.148  26.873 0.0000000000
86662  58.241  -10.216  22.834 0.0000000000
86681  58.476  -10.064  22.339 0.0000000000
87693  58.239  -10.159  23.186 0.0000000000
