#!ascii label  , from subject 3327 vox2ras=TkReg
934
50853  26.784  -44.141  68.181 0.0000000000
66715  50.237  -29.377  49.196 0.0000000000
67964  57.173  -27.774  42.499 0.0000000000
57657  48.689  -36.027  55.858 0.0000000000
53131  33.666  -41.854  64.449 0.0000000000
47404  31.301  -45.242  66.785 0.0000000000
68959  54.169  -27.645  46.631 0.0000000000
64498  54.288  -30.298  50.170 0.0000000000
57607  46.341  -36.843  59.257 0.0000000000
54122  38.662  -40.501  64.281 0.0000000000
80061  59.291  -16.296  40.671 0.0000000000
72291  56.612  -23.027  42.672 0.0000000000
62228  47.436  -32.508  54.710 0.0000000000
65536  50.515  -30.664  54.228 0.0000000000
51958  30.149  -42.635  67.947 0.0000000000
48534  29.437  -44.542  68.212 0.0000000000
68954  52.364  -27.829  47.839 0.0000000000
67820  55.295  -28.347  48.751 0.0000000000
68881  53.112  -28.553  50.154 0.0000000000
52142  44.033  -41.689  58.938 0.0000000000
49740  34.531  -43.271  65.637 0.0000000000
54126  35.692  -40.789  64.313 0.0000000000
49763  36.576  -43.466  64.760 0.0000000000
79068  57.749  -17.193  41.777 0.0000000000
75811  58.817  -19.444  40.975 0.0000000000
76975  58.058  -19.890  42.812 0.0000000000
69027  55.348  -26.774  42.642 0.0000000000
71141  53.916  -24.481  42.415 0.0000000000
69050  56.929  -26.365  41.615 0.0000000000
70107  57.467  -25.842  40.423 0.0000000000
66908  56.889  -27.777  41.077 0.0000000000
57622  47.727  -36.783  57.765 0.0000000000
59979  46.974  -34.370  57.329 0.0000000000
62194  48.180  -33.344  57.108 0.0000000000
64409  48.620  -31.252  55.455 0.0000000000
61187  50.374  -33.794  55.137 0.0000000000
61200  52.185  -33.919  53.514 0.0000000000
57684  50.770  -36.142  53.646 0.0000000000
51973  33.037  -42.984  66.432 0.0000000000
67919  52.634  -27.770  44.637 0.0000000000
68970  56.054  -27.518  44.925 0.0000000000
66753  55.767  -28.951  46.800 0.0000000000
62280  54.531  -30.506  48.252 0.0000000000
57555  42.137  -38.599  61.725 0.0000000000
55233  45.051  -38.736  61.164 0.0000000000
54187  46.360  -38.781  58.574 0.0000000000
54225  47.172  -38.990  56.410 0.0000000000
54301  48.930  -39.133  53.561 0.0000000000
56362  40.087  -39.478  61.692 0.0000000000
53127  40.611  -40.619  62.758 0.0000000000
79102  59.562  -17.304  38.246 0.0000000000
75783  55.936  -20.584  43.076 0.0000000000
73475  57.884  -22.497  41.581 0.0000000000
71224  57.104  -24.671  38.760 0.0000000000
68869  50.750  -28.538  51.763 0.0000000000
64451  52.777  -31.029  52.247 0.0000000000
61222  52.526  -33.308  51.450 0.0000000000
49718  27.133  -44.738  68.519 0.0000000000
49699  27.612  -44.470  68.169 0.0000000000
47368  28.328  -44.893  68.273 0.0000000000
67844  51.145  -28.864  48.581 0.0000000000
68922  52.509  -28.147  49.135 0.0000000000
67822  51.435  -28.528  49.840 0.0000000000
49738  35.770  -42.881  65.251 0.0000000000
79069  56.812  -17.792  41.388 0.0000000000
78054  58.308  -18.634  42.410 0.0000000000
78056  56.971  -18.823  42.641 0.0000000000
69001  56.064  -27.189  43.276 0.0000000000
70056  56.002  -26.081  42.090 0.0000000000
69025  57.154  -27.295  42.151 0.0000000000
67983  57.320  -27.543  41.486 0.0000000000
57641  48.363  -36.301  56.512 0.0000000000
59993  47.810  -35.579  57.308 0.0000000000
59991  48.625  -35.174  56.575 0.0000000000
61175  49.546  -33.684  56.210 0.0000000000
60024  49.676  -34.942  55.434 0.0000000000
60039  50.588  -34.799  54.557 0.0000000000
57670  50.005  -36.049  54.509 0.0000000000
50887  31.601  -42.961  67.387 0.0000000000
49713  31.926  -43.828  67.305 0.0000000000
48590  33.138  -44.375  65.943 0.0000000000
67879  52.564  -27.407  46.551 0.0000000000
66820  52.036  -28.083  44.877 0.0000000000
67896  53.824  -27.532  45.754 0.0000000000
67940  55.113  -27.611  44.516 0.0000000000
67894  55.473  -27.728  45.565 0.0000000000
66795  56.484  -28.726  45.816 0.0000000000
67875  55.571  -28.425  46.850 0.0000000000
65593  54.709  -29.678  49.608 0.0000000000
65601  55.481  -29.877  48.766 0.0000000000
64511  54.723  -30.336  49.043 0.0000000000
62282  53.510  -31.228  48.695 0.0000000000
63361  53.517  -31.208  50.036 0.0000000000
54153  42.855  -39.964  61.917 0.0000000000
56357  43.519  -38.770  61.295 0.0000000000
54151  43.902  -39.209  61.038 0.0000000000
52140  45.072  -40.115  59.255 0.0000000000
54197  46.548  -38.874  57.771 0.0000000000
54124  37.350  -40.331  64.361 0.0000000000
55202  37.316  -40.081  63.207 0.0000000000
55200  38.755  -39.633  62.890 0.0000000000
56327  40.407  -39.421  62.731 0.0000000000
54121  39.441  -40.439  63.506 0.0000000000
81118  58.562  -15.193  40.747 0.0000000000
79087  59.453  -17.293  39.280 0.0000000000
75813  57.851  -20.478  40.940 0.0000000000
72293  54.876  -23.796  42.649 0.0000000000
72275  53.885  -23.382  42.885 0.0000000000
73449  54.482  -22.581  42.948 0.0000000000
74622  55.031  -21.783  42.857 0.0000000000
73447  56.412  -22.239  43.249 0.0000000000
73446  57.217  -21.888  43.162 0.0000000000
72290  57.502  -22.816  42.211 0.0000000000
69077  56.812  -26.390  39.795 0.0000000000
70125  57.461  -25.527  39.640 0.0000000000
58793  44.760  -37.041  59.284 0.0000000000
58809  44.961  -36.667  58.578 0.0000000000
61177  47.140  -33.676  56.318 0.0000000000
60011  46.172  -35.039  56.050 0.0000000000
64407  49.316  -30.874  54.869 0.0000000000
66634  47.971  -29.998  53.880 0.0000000000
66648  49.309  -29.810  53.328 0.0000000000
67764  49.399  -28.795  52.281 0.0000000000
66666  50.717  -29.498  52.651 0.0000000000
67740  51.982  -29.234  51.962 0.0000000000
64436  51.904  -31.172  53.221 0.0000000000
58906  52.263  -35.063  52.537 0.0000000000
61210  52.590  -33.302  52.178 0.0000000000
58928  51.947  -35.153  51.706 0.0000000000
60098  51.630  -34.049  50.487 0.0000000000
49716  29.425  -43.420  68.143 0.0000000000
47386  30.320  -45.069  67.913 0.0000000000
46247  30.239  -46.228  66.965 0.0000000000
47406  29.651  -45.660  67.524 0.0000000000
68953  52.972  -27.636  47.660 0.0000000000
69969  54.737  -26.976  48.330 0.0000000000
68920  53.954  -27.427  48.916 0.0000000000
68896  54.253  -28.051  49.282 0.0000000000
66697  53.859  -29.475  50.854 0.0000000000
53078  34.610  -42.048  65.656 0.0000000000
53129  34.871  -41.253  64.401 0.0000000000
53077  35.177  -41.968  65.498 0.0000000000
52015  36.917  -41.959  64.755 0.0000000000
52037  37.713  -41.749  65.227 0.0000000000
50930  38.904  -42.094  64.095 0.0000000000
48614  38.067  -43.960  64.419 0.0000000000
80050  58.918  -16.244  41.352 0.0000000000
78061  58.879  -18.264  41.086 0.0000000000
78053  58.812  -18.588  41.885 0.0000000000
75793  58.783  -19.806  41.882 0.0000000000
74645  58.009  -21.344  41.719 0.0000000000
69029  53.211  -26.049  42.469 0.0000000000
70057  54.909  -25.617  42.146 0.0000000000
70086  55.122  -24.868  41.967 0.0000000000
71165  56.182  -24.591  41.729 0.0000000000
71164  56.943  -24.547  41.338 0.0000000000
70083  57.327  -25.610  40.972 0.0000000000
69067  57.181  -26.843  40.415 0.0000000000
57606  46.819  -36.959  59.003 0.0000000000
59964  46.193  -35.385  58.257 0.0000000000
59962  47.233  -35.287  58.098 0.0000000000
61143  47.560  -33.857  57.397 0.0000000000
63268  47.701  -32.869  56.495 0.0000000000
64411  47.806  -31.322  55.012 0.0000000000
63266  48.490  -32.377  56.599 0.0000000000
63264  49.645  -32.305  56.329 0.0000000000
62221  50.244  -32.254  55.273 0.0000000000
62226  51.472  -32.487  54.067 0.0000000000
61186  50.892  -33.644  54.692 0.0000000000
58886  51.770  -35.347  53.220 0.0000000000
56545  51.656  -36.370  52.653 0.0000000000
50919  30.520  -43.039  66.344 0.0000000000
52019  32.069  -43.113  65.977 0.0000000000
52017  33.173  -42.309  65.887 0.0000000000
50884  33.983  -43.052  66.259 0.0000000000
48589  34.106  -44.207  65.307 0.0000000000
69003  54.319  -27.127  43.220 0.0000000000
69002  55.328  -27.420  43.710 0.0000000000
67938  56.560  -28.175  43.684 0.0000000000
66817  57.137  -28.829  44.942 0.0000000000
65678  56.170  -29.447  45.498 0.0000000000
64576  55.673  -29.877  45.970 0.0000000000
66754  55.612  -28.841  47.375 0.0000000000
64536  55.560  -29.891  47.549 0.0000000000
56393  41.926  -38.398  60.542 0.0000000000
57590  42.704  -37.968  60.461 0.0000000000
57569  44.042  -37.991  60.441 0.0000000000
56391  45.307  -38.032  60.598 0.0000000000
53196  44.454  -39.984  59.870 0.0000000000
54176  45.961  -39.101  59.703 0.0000000000
56389  46.873  -37.833  59.836 0.0000000000
55291  47.278  -37.942  58.422 0.0000000000
55313  47.634  -37.652  57.591 0.0000000000
56467  48.064  -37.626  55.603 0.0000000000
56492  48.882  -37.378  54.852 0.0000000000
54250  48.136  -38.974  54.960 0.0000000000
56360  41.153  -38.507  61.968 0.0000000000
55199  41.828  -39.487  62.151 0.0000000000
53141  41.570  -40.339  62.192 0.0000000000
50943  39.601  -41.924  63.146 0.0000000000
50960  40.764  -41.936  62.556 0.0000000000
80103  59.506  -16.619  37.676 0.0000000000
76986  55.921  -19.853  42.733 0.0000000000
75781  57.485  -20.262  43.303 0.0000000000
74633  57.985  -21.282  42.518 0.0000000000
73482  58.067  -22.648  41.164 0.0000000000
71188  57.919  -24.194  40.670 0.0000000000
72336  57.815  -23.659  40.108 0.0000000000
72337  57.185  -23.422  39.597 0.0000000000
59981  45.753  -35.646  57.615 0.0000000000
67803  49.037  -28.445  50.811 0.0000000000
67802  50.232  -28.685  50.487 0.0000000000
68867  51.912  -28.583  51.242 0.0000000000
66684  53.188  -29.735  51.426 0.0000000000
64485  53.814  -30.500  51.112 0.0000000000
63321  52.363  -32.173  52.986 0.0000000000
62244  53.039  -31.841  51.846 0.0000000000
62262  53.583  -31.797  51.052 0.0000000000
62264  52.682  -32.356  50.415 0.0000000000
55378  49.901  -38.312  53.229 0.0000000000
55392  50.588  -37.713  52.426 0.0000000000
49700  26.544  -44.466  68.609 0.0000000000
49719  26.445  -44.743  68.826 0.0000000000
49717  27.567  -44.727  68.362 0.0000000000
67843  51.690  -28.638  49.021 0.0000000000
67823  50.831  -28.817  49.672 0.0000000000
79062  56.889  -18.279  42.149 0.0000000000
78062  56.498  -18.687  42.047 0.0000000000
67965  56.888  -27.663  43.029 0.0000000000
69026  56.670  -27.056  42.384 0.0000000000
58848  48.654  -35.493  56.210 0.0000000000
60008  49.166  -34.592  56.090 0.0000000000
58856  49.200  -35.403  55.566 0.0000000000
58855  50.000  -35.367  54.864 0.0000000000
57671  49.246  -36.233  55.141 0.0000000000
48555  31.246  -44.466  67.314 0.0000000000
46245  31.667  -46.116  66.380 0.0000000000
68973  53.155  -27.168  46.355 0.0000000000
67897  52.757  -27.329  45.837 0.0000000000
67878  54.192  -27.630  46.212 0.0000000000
67895  54.666  -27.679  45.670 0.0000000000
67877  54.678  -27.778  46.430 0.0000000000
67876  55.339  -27.977  46.529 0.0000000000
67859  54.808  -27.878  47.046 0.0000000000
64510  55.130  -30.039  49.127 0.0000000000
64499  54.360  -30.377  49.654 0.0000000000
63371  54.039  -30.747  49.528 0.0000000000
63360  53.758  -30.951  50.424 0.0000000000
53160  42.357  -40.069  61.741 0.0000000000
54152  43.035  -39.440  61.592 0.0000000000
53159  43.034  -39.971  60.971 0.0000000000
54123  38.107  -40.351  64.677 0.0000000000
55188  37.569  -39.819  63.732 0.0000000000
54135  38.041  -39.845  64.286 0.0000000000
55201  38.123  -39.701  62.825 0.0000000000
55174  38.566  -40.207  64.180 0.0000000000
55173  38.960  -40.296  63.615 0.0000000000
81117  59.029  -15.366  40.772 0.0000000000
80074  59.475  -16.366  39.630 0.0000000000
72292  55.572  -23.474  42.766 0.0000000000
72274  54.847  -23.164  43.051 0.0000000000
72273  55.848  -22.813  43.103 0.0000000000
73448  55.398  -22.321  43.152 0.0000000000
72272  56.305  -22.692  43.079 0.0000000000
73463  56.951  -22.402  43.045 0.0000000000
69078  56.135  -26.480  39.392 0.0000000000
69091  56.371  -26.103  39.089 0.0000000000
58792  45.182  -37.028  59.467 0.0000000000
58808  45.757  -36.498  58.786 0.0000000000
62222  47.435  -32.838  55.693 0.0000000000
61194  47.199  -33.514  54.565 0.0000000000
64423  49.828  -31.081  54.813 0.0000000000
65538  49.179  -30.549  54.386 0.0000000000
66630  50.316  -30.370  53.727 0.0000000000
66647  50.126  -29.950  53.193 0.0000000000
66629  51.027  -30.433  53.593 0.0000000000
66645  51.580  -30.349  53.075 0.0000000000
65535  51.260  -30.719  53.806 0.0000000000
57770  51.947  -35.558  52.202 0.0000000000
58927  52.389  -35.098  52.082 0.0000000000
58929  51.493  -35.602  51.354 0.0000000000
49698  28.714  -44.126  67.763 0.0000000000
50871  28.872  -43.439  67.855 0.0000000000
49697  29.616  -43.922  68.038 0.0000000000
48533  29.889  -44.233  68.105 0.0000000000
48557  29.994  -44.940  68.335 0.0000000000
47387  29.870  -45.254  68.003 0.0000000000
47366  29.493  -45.034  68.333 0.0000000000
67861  51.107  -28.383  47.504 0.0000000000
67880  52.036  -27.662  46.916 0.0000000000
68940  53.632  -27.379  48.186 0.0000000000
68941  52.791  -27.786  48.399 0.0000000000
68898  52.783  -28.331  49.631 0.0000000000
68897  53.507  -28.136  49.406 0.0000000000
67780  53.994  -28.876  50.451 0.0000000000
67781  53.397  -28.806  50.631 0.0000000000
51994  34.785  -42.478  65.640 0.0000000000
50901  35.014  -42.786  65.567 0.0000000000
49750  36.199  -42.986  64.845 0.0000000000
50916  36.257  -42.470  65.176 0.0000000000
50915  36.984  -42.447  64.840 0.0000000000
49749  37.073  -43.011  65.020 0.0000000000
50932  37.796  -42.459  65.217 0.0000000000
80051  58.265  -16.295  41.384 0.0000000000
79067  58.467  -17.128  41.692 0.0000000000
79066  58.981  -17.364  41.354 0.0000000000
79059  58.634  -17.876  42.025 0.0000000000
78046  57.914  -19.292  42.808 0.0000000000
76983  58.780  -19.277  41.976 0.0000000000
76984  58.419  -19.573  42.429 0.0000000000
75802  58.355  -20.479  41.646 0.0000000000
75794  58.355  -20.531  42.232 0.0000000000
69028  54.102  -26.320  42.552 0.0000000000
70055  56.572  -26.306  41.860 0.0000000000
70085  55.696  -25.214  41.830 0.0000000000
70084  56.530  -25.565  41.531 0.0000000000
68003  57.299  -27.428  40.883 0.0000000000
69066  57.431  -26.700  40.865 0.0000000000
68004  56.571  -27.148  40.402 0.0000000000
57623  47.475  -36.857  58.402 0.0000000000
58822  47.066  -36.542  58.626 0.0000000000
58821  47.439  -36.119  58.186 0.0000000000
59992  48.377  -34.940  57.105 0.0000000000
59977  47.804  -34.894  57.416 0.0000000000
61142  48.138  -33.851  57.353 0.0000000000
62207  47.572  -33.250  56.902 0.0000000000
62206  47.958  -32.949  56.900 0.0000000000
63267  47.973  -32.660  56.546 0.0000000000
62205  48.461  -32.991  56.745 0.0000000000
61174  50.029  -33.536  55.732 0.0000000000
62203  49.726  -32.597  56.363 0.0000000000
62214  50.076  -32.694  55.781 0.0000000000
63274  49.922  -32.145  55.823 0.0000000000
62213  50.328  -32.818  55.299 0.0000000000
62220  50.771  -32.655  54.791 0.0000000000
58868  50.799  -35.318  54.100 0.0000000000
58867  51.452  -34.927  53.921 0.0000000000
58887  51.212  -35.749  53.532 0.0000000000
57714  51.711  -36.141  52.899 0.0000000000
56546  51.413  -36.692  52.864 0.0000000000
50920  29.678  -43.234  66.395 0.0000000000
50934  30.240  -43.409  65.664 0.0000000000
50905  30.067  -43.094  66.983 0.0000000000
51974  32.051  -42.736  67.064 0.0000000000
51998  31.649  -42.768  66.694 0.0000000000
51997  32.553  -42.818  66.301 0.0000000000
52018  32.900  -42.508  65.762 0.0000000000
51996  33.033  -42.576  66.173 0.0000000000
53067  33.831  -42.781  66.521 0.0000000000
50885  33.245  -43.241  66.414 0.0000000000
67943  52.325  -27.329  43.555 0.0000000000
67942  53.436  -27.485  43.841 0.0000000000
68971  55.695  -27.448  45.041 0.0000000000
68983  56.006  -27.556  44.073 0.0000000000
67915  56.315  -27.971  44.413 0.0000000000
67914  56.835  -28.574  44.710 0.0000000000
66773  56.360  -29.024  46.088 0.0000000000
65677  56.854  -28.984  45.281 0.0000000000
65656  56.012  -29.378  46.158 0.0000000000
65657  55.876  -29.600  46.047 0.0000000000
67842  55.145  -27.861  48.323 0.0000000000
67857  55.455  -28.297  47.863 0.0000000000
67841  55.370  -28.292  48.518 0.0000000000
63381  55.438  -30.020  48.293 0.0000000000
64519  55.737  -29.983  47.872 0.0000000000
63397  55.346  -30.039  47.946 0.0000000000
64538  55.008  -30.354  46.982 0.0000000000
63399  54.546  -30.464  47.581 0.0000000000
57591  41.997  -38.279  60.990 0.0000000000
57571  42.402  -38.324  61.102 0.0000000000
55214  44.346  -38.788  61.221 0.0000000000
56375  43.875  -38.520  60.766 0.0000000000
56374  44.393  -38.483  60.842 0.0000000000
57568  44.828  -37.744  60.392 0.0000000000
55251  45.627  -38.419  60.547 0.0000000000
53197  43.869  -40.463  59.896 0.0000000000
52118  44.457  -40.401  59.552 0.0000000000
53220  45.662  -39.302  58.862 0.0000000000
53195  45.168  -39.627  59.769 0.0000000000
55250  46.214  -38.590  60.189 0.0000000000
55271  46.463  -38.585  59.608 0.0000000000
55270  47.028  -38.252  59.102 0.0000000000
54206  46.828  -39.184  57.075 0.0000000000
55314  47.360  -38.494  57.156 0.0000000000
55334  47.784  -37.613  56.588 0.0000000000
55335  47.397  -38.221  55.859 0.0000000000
56468  47.990  -38.130  55.359 0.0000000000
54251  47.556  -39.282  55.420 0.0000000000
54137  35.327  -40.942  64.119 0.0000000000
53143  35.067  -41.260  63.899 0.0000000000
54144  35.534  -40.877  63.588 0.0000000000
56363  39.107  -39.516  61.748 0.0000000000
56379  39.545  -39.508  61.308 0.0000000000
56378  40.147  -39.198  60.987 0.0000000000
56377  40.914  -38.805  61.183 0.0000000000
56361  40.818  -38.998  61.869 0.0000000000
54132  40.740  -40.187  62.930 0.0000000000
56326  41.222  -39.343  62.718 0.0000000000
54131  41.464  -39.983  62.548 0.0000000000
53126  41.354  -40.177  62.530 0.0000000000
53142  41.085  -40.505  62.538 0.0000000000
52035  38.886  -41.644  63.888 0.0000000000
50979  40.965  -42.318  61.930 0.0000000000
80089  59.620  -16.447  38.578 0.0000000000
79119  59.656  -17.391  37.383 0.0000000000
77001  58.894  -19.022  40.975 0.0000000000
70032  53.214  -24.917  42.468 0.0000000000
71121  52.443  -24.602  42.530 0.0000000000
71120  53.370  -24.385  42.510 0.0000000000
74634  55.506  -21.180  42.825 0.0000000000
74635  55.029  -21.188  42.557 0.0000000000
75795  55.419  -20.634  42.560 0.0000000000
76987  55.415  -20.134  42.229 0.0000000000
76978  56.419  -20.027  43.084 0.0000000000
75782  56.648  -20.556  43.245 0.0000000000
73461  57.747  -22.226  42.179 0.0000000000
73445  57.656  -21.700  42.797 0.0000000000
74650  57.832  -21.993  41.625 0.0000000000
70082  57.707  -24.980  40.807 0.0000000000
71163  57.720  -24.296  41.032 0.0000000000
70106  57.801  -25.005  40.486 0.0000000000
70137  57.280  -25.189  38.972 0.0000000000
71208  57.762  -24.633  39.756 0.0000000000
72351  57.414  -24.183  39.358 0.0000000000
72352  56.640  -23.716  38.976 0.0000000000
61127  46.514  -35.093  58.211 0.0000000000
59980  46.478  -35.031  57.642 0.0000000000
64410  48.207  -31.474  55.398 0.0000000000
66650  48.056  -29.613  53.582 0.0000000000
67763  50.306  -28.686  52.099 0.0000000000
68872  48.956  -28.489  51.672 0.0000000000
68886  49.770  -28.537  51.487 0.0000000000
68902  49.963  -28.554  51.069 0.0000000000
68885  50.433  -28.547  51.436 0.0000000000
68884  51.110  -28.553  51.204 0.0000000000
68868  51.340  -28.616  51.492 0.0000000000
66664  52.365  -29.992  52.291 0.0000000000
66685  52.577  -29.376  51.606 0.0000000000
66663  52.743  -30.069  51.777 0.0000000000
64450  53.073  -30.966  51.865 0.0000000000
62234  51.999  -32.879  53.360 0.0000000000
63306  52.010  -31.819  53.312 0.0000000000
62245  52.804  -32.298  52.138 0.0000000000
62254  52.966  -32.394  51.526 0.0000000000
62253  53.277  -31.822  51.596 0.0000000000
62263  53.259  -32.106  50.721 0.0000000000
61237  52.684  -32.752  50.895 0.0000000000
60120  51.315  -33.664  50.195 0.0000000000
55366  49.071  -38.357  54.188 0.0000000000
50852  27.745  -44.120  67.783 0.0000000000
48535  28.493  -44.627  68.176 0.0000000000
47367  28.833  -44.946  68.314 0.0000000000
48558  27.540  -44.976  68.501 0.0000000000
67860  51.782  -28.206  48.068 0.0000000000
68942  52.231  -28.226  48.602 0.0000000000
68923  51.958  -28.388  49.473 0.0000000000
68899  52.141  -28.321  50.029 0.0000000000
48588  34.900  -43.600  65.371 0.0000000000
49739  35.257  -43.087  65.472 0.0000000000
48603  34.958  -44.202  65.033 0.0000000000
48602  35.759  -43.924  64.771 0.0000000000
79060  58.111  -17.821  42.333 0.0000000000
79061  57.374  -18.042  42.236 0.0000000000
78055  57.703  -18.666  42.623 0.0000000000
78038  57.804  -19.560  43.604 0.0000000000
69049  57.215  -26.911  41.696 0.0000000000
57642  47.933  -36.569  57.034 0.0000000000
58838  47.736  -36.047  57.332 0.0000000000
58837  48.269  -35.760  56.767 0.0000000000
60009  48.802  -34.279  56.595 0.0000000000
61160  49.148  -33.251  56.522 0.0000000000
61176  49.066  -33.883  56.436 0.0000000000
60007  49.778  -34.056  55.837 0.0000000000
60023  50.178  -34.467  55.168 0.0000000000
60022  50.578  -34.113  54.819 0.0000000000
58869  50.404  -34.988  54.669 0.0000000000
58854  50.343  -35.657  54.406 0.0000000000
57685  50.180  -36.494  54.025 0.0000000000
51975  31.140  -42.838  67.346 0.0000000000
50868  31.529  -43.316  67.463 0.0000000000
50886  32.339  -43.186  67.046 0.0000000000
49730  32.714  -43.730  66.679 0.0000000000
48575  32.316  -44.509  66.727 0.0000000000
67898  51.810  -27.893  45.639 0.0000000000
66796  52.274  -28.016  45.145 0.0000000000
67918  53.612  -27.721  44.879 0.0000000000
67917  54.512  -27.689  45.016 0.0000000000
67916  55.248  -27.533  45.073 0.0000000000
67893  56.347  -28.241  45.578 0.0000000000
66774  56.050  -28.736  46.371 0.0000000000
66714  55.169  -29.033  49.225 0.0000000000
66732  55.394  -28.999  48.833 0.0000000000
65602  55.343  -29.591  49.029 0.0000000000
64522  54.807  -30.532  48.856 0.0000000000
62281  54.011  -30.778  48.492 0.0000000000
63383  54.440  -30.544  48.799 0.0000000000
63372  53.653  -31.129  49.592 0.0000000000
62272  53.151  -31.545  49.647 0.0000000000
56358  42.454  -39.010  61.704 0.0000000000
57554  42.880  -38.523  61.272 0.0000000000
55216  42.878  -39.131  61.627 0.0000000000
55215  43.792  -38.976  61.474 0.0000000000
54150  44.510  -39.406  60.674 0.0000000000
52141  44.619  -40.817  58.970 0.0000000000
53238  46.020  -39.392  58.212 0.0000000000
53257  46.355  -39.752  57.433 0.0000000000
53258  46.393  -40.229  56.927 0.0000000000
54125  36.469  -40.622  64.351 0.0000000000
55190  36.295  -40.528  63.555 0.0000000000
55189  36.917  -40.268  63.524 0.0000000000
55219  37.566  -40.038  62.791 0.0000000000
55218  37.962  -39.139  62.207 0.0000000000
56346  38.404  -39.161  62.156 0.0000000000
56345  39.075  -39.509  62.337 0.0000000000
56344  39.727  -39.510  62.200 0.0000000000
56328  39.761  -39.433  62.892 0.0000000000
55185  40.227  -39.807  63.255 0.0000000000
54120  40.056  -40.460  63.216 0.0000000000
81144  59.545  -15.489  38.959 0.0000000000
75812  58.650  -19.854  40.975 0.0000000000
71119  54.203  -23.908  42.689 0.0000000000
74621  55.943  -21.415  43.281 0.0000000000
74620  56.904  -21.255  43.276 0.0000000000
73462  57.356  -22.365  42.742 0.0000000000
72289  57.731  -22.696  42.027 0.0000000000
69076  57.320  -26.290  40.228 0.0000000000
70126  56.769  -25.867  39.347 0.0000000000
70138  56.528  -25.450  38.684 0.0000000000
58794  44.339  -37.207  59.076 0.0000000000
59994  46.878  -34.500  56.887 0.0000000000
60010  46.697  -34.446  56.173 0.0000000000
60025  46.765  -34.628  55.301 0.0000000000
64408  49.100  -31.151  55.363 0.0000000000
65540  48.261  -30.439  54.392 0.0000000000
65539  48.730  -30.503  54.434 0.0000000000
66633  48.368  -30.153  53.950 0.0000000000
66669  48.459  -29.318  53.120 0.0000000000
66688  47.914  -28.783  52.542 0.0000000000
66668  49.196  -29.356  52.882 0.0000000000
67743  49.825  -29.010  52.461 0.0000000000
67742  50.519  -28.981  52.306 0.0000000000
67741  51.227  -29.071  52.158 0.0000000000
66665  51.501  -29.664  52.547 0.0000000000
66644  51.954  -30.257  52.768 0.0000000000
65567  52.510  -30.647  52.417 0.0000000000
58885  52.147  -34.805  52.920 0.0000000000
61199  52.510  -33.197  52.812 0.0000000000
60049  52.436  -34.218  52.802 0.0000000000
60065  52.436  -34.303  52.151 0.0000000000
60081  52.286  -34.406  51.693 0.0000000000
61223  52.300  -33.891  51.273 0.0000000000
60082  52.054  -34.327  51.172 0.0000000000
50906  29.286  -42.938  67.059 0.0000000000
50889  29.063  -42.902  67.678 0.0000000000
50870  29.815  -42.822  68.215 0.0000000000
49715  30.135  -43.411  68.269 0.0000000000
48556  30.339  -44.500  67.907 0.0000000000
47385  30.707  -44.944  67.434 0.0000000000
46246  30.983  -46.125  66.685 0.0000000000
47405  30.433  -45.489  67.325 0.0000000000
47407  28.782  -45.662  67.603 0.0000000000
68961  52.891  -27.388  46.849 0.0000000000
68952  53.577  -27.436  47.377 0.0000000000
68951  54.240  -27.542  47.244 0.0000000000
69987  54.033  -27.220  47.762 0.0000000000
68939  54.345  -27.231  48.328 0.0000000000
68919  54.639  -27.599  48.685 0.0000000000
68921  53.167  -27.681  48.998 0.0000000000
67799  54.369  -28.577  49.734 0.0000000000
66707  54.565  -29.095  50.003 0.0000000000
65585  54.211  -29.973  50.690 0.0000000000
53177  43.153  -40.604  60.409 0.0000000000
53115  33.938  -41.521  65.163 0.0000000000
53130  34.330  -41.457  64.625 0.0000000000
53095  34.465  -41.545  65.486 0.0000000000
54113  35.130  -41.144  65.053 0.0000000000
54112  35.808  -40.982  64.959 0.0000000000
50900  35.666  -42.603  65.404 0.0000000000
53093  35.902  -41.572  65.220 0.0000000000
54111  36.704  -41.127  64.626 0.0000000000
53092  36.903  -41.407  64.732 0.0000000000
53091  37.696  -40.917  64.998 0.0000000000
53112  38.256  -40.929  65.113 0.0000000000
53111  38.810  -41.010  64.139 0.0000000000
52036  38.523  -41.641  65.032 0.0000000000
50931  38.611  -42.444  64.636 0.0000000000
49774  38.864  -43.386  64.372 0.0000000000
79075  59.299  -17.295  40.395 0.0000000000
76992  58.826  -19.131  41.543 0.0000000000
75801  58.766  -19.625  41.345 0.0000000000
75803  57.932  -20.981  41.539 0.0000000000
74651  57.772  -21.715  41.264 0.0000000000
69030  52.852  -25.764  42.531 0.0000000000
70058  53.643  -25.248  42.296 0.0000000000
71140  54.601  -24.543  42.288 0.0000000000
71167  55.142  -24.542  42.221 0.0000000000
71166  55.550  -24.538  42.045 0.0000000000
71138  55.977  -23.950  42.305 0.0000000000
72309  56.563  -23.865  41.869 0.0000000000
68022  56.346  -26.663  39.870 0.0000000000
58807  46.784  -36.227  58.592 0.0000000000
59963  46.529  -35.511  58.379 0.0000000000
61126  46.836  -34.807  58.089 0.0000000000
59978  47.655  -35.432  57.549 0.0000000000
61125  47.193  -34.483  57.674 0.0000000000
61144  47.120  -34.149  57.395 0.0000000000
61162  47.218  -33.887  56.895 0.0000000000
62215  47.442  -33.084  56.440 0.0000000000
63293  47.581  -31.928  54.984 0.0000000000
63278  47.858  -32.372  55.806 0.0000000000
63277  48.435  -32.097  55.948 0.0000000000
63291  48.663  -31.619  55.789 0.0000000000
62204  49.352  -32.614  56.568 0.0000000000
63265  49.123  -32.165  56.641 0.0000000000
63275  49.437  -31.838  55.892 0.0000000000
63290  49.486  -31.411  55.279 0.0000000000
63289  49.971  -31.769  55.152 0.0000000000
63288  50.766  -31.879  54.705 0.0000000000
64421  51.466  -31.352  53.953 0.0000000000
62219  51.222  -32.374  54.423 0.0000000000
62227  51.455  -33.220  54.164 0.0000000000
61201  52.021  -33.955  53.915 0.0000000000
60038  51.026  -34.473  54.394 0.0000000000
60037  51.867  -34.497  53.849 0.0000000000
57743  51.858  -35.786  52.551 0.0000000000
52054  33.038  -42.479  64.812 0.0000000000
51999  30.855  -42.781  66.881 0.0000000000
52039  32.489  -42.817  65.308 0.0000000000
52038  33.111  -42.406  65.336 0.0000000000
53116  33.424  -41.981  65.206 0.0000000000
53096  33.564  -41.982  65.721 0.0000000000
51995  34.297  -42.663  66.009 0.0000000000
50902  34.406  -42.889  65.840 0.0000000000
49729  33.429  -43.573  66.193 0.0000000000
49741  33.815  -43.611  65.743 0.0000000000
69004  53.290  -26.831  42.956 0.0000000000
67941  54.416  -27.591  44.167 0.0000000000
67939  56.485  -27.584  43.480 0.0000000000
66839  56.641  -28.511  43.453 0.0000000000
66818  56.871  -28.729  44.298 0.0000000000
65700  56.949  -29.055  44.812 0.0000000000
67892  57.099  -28.744  45.010 0.0000000000
65699  57.279  -29.076  44.967 0.0000000000
67858  55.052  -27.913  47.550 0.0000000000
65612  55.474  -29.423  48.196 0.0000000000
65636  55.643  -29.220  47.262 0.0000000000
65635  55.732  -29.448  46.917 0.0000000000
64558  55.639  -29.977  46.549 0.0000000000
57609  43.055  -37.556  59.785 0.0000000000
57553  43.505  -38.425  60.845 0.0000000000
57570  43.199  -38.051  60.676 0.0000000000
57589  43.772  -37.311  59.961 0.0000000000
57588  44.694  -37.334  59.924 0.0000000000
57587  45.620  -37.283  59.849 0.0000000000
53176  43.847  -39.959  60.231 0.0000000000
53175  44.700  -39.575  60.264 0.0000000000
52117  44.773  -40.015  59.625 0.0000000000
53174  45.116  -39.473  60.095 0.0000000000
55232  45.510  -38.882  60.637 0.0000000000
56390  46.109  -37.836  60.248 0.0000000000
57586  46.622  -37.171  59.867 0.0000000000
57585  47.031  -37.275  59.491 0.0000000000
56407  47.129  -37.623  59.009 0.0000000000
56423  47.481  -37.424  58.285 0.0000000000
55292  46.862  -38.069  58.121 0.0000000000
56444  47.815  -37.135  57.473 0.0000000000
55333  48.000  -37.234  56.949 0.0000000000
56466  48.448  -36.914  56.110 0.0000000000
56493  48.468  -38.062  55.101 0.0000000000
55352  48.489  -38.588  54.746 0.0000000000
54276  48.246  -39.271  54.313 0.0000000000
54277  47.545  -39.925  54.632 0.0000000000
53311  47.856  -40.159  53.914 0.0000000000
53144  34.563  -41.612  63.851 0.0000000000
54156  35.816  -40.910  62.892 0.0000000000
56394  41.002  -38.765  60.327 0.0000000000
56376  41.457  -38.522  61.445 0.0000000000
57556  41.589  -38.515  61.931 0.0000000000
56343  40.679  -39.199  62.142 0.0000000000
56342  41.178  -38.920  62.195 0.0000000000
56359  42.156  -38.947  61.905 0.0000000000
54142  42.007  -39.751  62.040 0.0000000000
52084  41.975  -40.580  61.496 0.0000000000
53110  39.540  -40.950  63.370 0.0000000000
52052  39.796  -41.356  62.962 0.0000000000
50961  39.983  -42.226  62.736 0.0000000000
52051  40.296  -41.137  62.712 0.0000000000
52068  40.851  -41.167  62.407 0.0000000000
50854  25.871  -43.966  68.841 0.0000000000
80112  59.478  -16.661  36.811 0.0000000000
76993  56.381  -19.246  42.486 0.0000000000
76977  56.963  -19.811  43.179 0.0000000000
75765  58.066  -20.098  43.852 0.0000000000
74619  57.521  -21.123  43.076 0.0000000000
74618  57.761  -21.146  42.826 0.0000000000
75780  57.879  -20.433  42.885 0.0000000000
74644  58.119  -21.506  41.958 0.0000000000
73483  57.816  -22.678  40.693 0.0000000000
72308  57.224  -23.528  41.715 0.0000000000
72307  57.825  -23.076  41.704 0.0000000000
72321  58.065  -23.428  41.071 0.0000000000
70124  57.896  -24.949  40.023 0.0000000000
72335  57.973  -23.815  40.593 0.0000000000
72322  58.063  -23.282  40.742 0.0000000000
73497  56.584  -22.719  39.462 0.0000000000
66716  49.049  -29.409  49.658 0.0000000000
58823  45.637  -35.863  58.147 0.0000000000
67784  47.764  -28.325  51.335 0.0000000000
67825  48.472  -28.590  50.145 0.0000000000
67824  49.681  -28.920  50.051 0.0000000000
67801  51.057  -28.611  50.267 0.0000000000
68900  51.486  -28.483  50.382 0.0000000000
68882  52.419  -28.499  50.618 0.0000000000
67761  51.625  -28.790  51.687 0.0000000000
67760  52.380  -28.804  51.367 0.0000000000
67782  52.879  -28.690  50.847 0.0000000000
66683  53.532  -29.470  51.103 0.0000000000
66698  53.822  -29.945  51.180 0.0000000000
64484  53.968  -30.496  50.825 0.0000000000
63305  52.361  -31.532  52.824 0.0000000000
63320  52.656  -31.630  52.420 0.0000000000
63319  52.933  -31.337  52.019 0.0000000000
64468  53.433  -30.869  51.451 0.0000000000
63348  53.679  -31.058  51.109 0.0000000000
63359  53.899  -30.672  50.718 0.0000000000
61238  52.268  -33.327  50.709 0.0000000000
61250  51.516  -33.137  50.320 0.0000000000
57686  49.609  -36.679  54.461 0.0000000000
56521  49.723  -37.346  53.894 0.0000000000
56548  50.281  -37.524  53.358 0.0000000000
55377  50.402  -37.712  53.016 0.0000000000
56547  50.757  -37.188  52.995 0.0000000000
56561  51.101  -37.121  52.550 0.0000000000
47388  29.130  -45.250  68.027 0.0000000000
48536  27.928  -44.800  68.288 0.0000000000
48559  27.019  -45.009  68.696 0.0000000000
48574  32.944  -44.054  66.436 0.0000000000
49696  30.139  -44.007  67.996 0.0000000000
49728  34.064  -43.182  65.973 0.0000000000
49751  35.484  -43.426  65.196 0.0000000000
49761  38.433  -43.239  64.670 0.0000000000
50888  29.801  -42.735  67.667 0.0000000000
50903  32.798  -42.654  66.210 0.0000000000
50904  32.794  -42.545  65.988 0.0000000000
50917  33.019  -42.336  66.024 0.0000000000
50918  32.961  -42.418  65.979 0.0000000000
51972  33.940  -42.946  66.384 0.0000000000
51976  30.437  -42.763  67.489 0.0000000000
51993  35.455  -42.269  65.460 0.0000000000
52016  36.167  -42.037  65.266 0.0000000000
52034  39.417  -41.364  63.467 0.0000000000
52053  39.357  -41.639  63.546 0.0000000000
52067  41.440  -40.628  62.072 0.0000000000
52069  40.201  -41.527  62.750 0.0000000000
52160  45.713  -39.797  58.200 0.0000000000
53068  33.323  -42.686  66.276 0.0000000000
53079  34.055  -42.237  66.133 0.0000000000
53080  33.467  -42.396  66.133 0.0000000000
53094  35.154  -41.478  65.359 0.0000000000
53097  33.318  -42.207  65.516 0.0000000000
53109  40.160  -40.611  63.016 0.0000000000
53113  37.559  -41.359  65.056 0.0000000000
53114  34.575  -41.278  64.994 0.0000000000
53128  39.933  -40.940  62.904 0.0000000000
53157  44.453  -39.544  60.430 0.0000000000
53158  44.067  -39.551  60.513 0.0000000000
53219  45.984  -39.088  58.529 0.0000000000
53239  45.686  -39.661  58.404 0.0000000000
54110  37.404  -40.800  64.716 0.0000000000
54114  34.806  -41.241  65.136 0.0000000000
54127  35.072  -41.096  64.703 0.0000000000
54133  40.405  -40.059  63.266 0.0000000000
54134  38.382  -39.982  64.280 0.0000000000
54136  35.795  -40.689  63.788 0.0000000000
54141  42.535  -39.410  61.847 0.0000000000
54143  35.984  -40.708  63.279 0.0000000000
54163  45.465  -39.291  60.271 0.0000000000
54164  45.086  -39.271  60.809 0.0000000000
54165  44.671  -39.148  61.108 0.0000000000
54167  37.225  -40.388  62.394 0.0000000000
54169  36.084  -40.829  62.690 0.0000000000
54188  46.234  -38.690  59.183 0.0000000000
54275  48.786  -38.922  54.096 0.0000000000
55172  39.541  -40.163  63.469 0.0000000000
55175  37.062  -40.169  64.017 0.0000000000
55176  36.154  -40.598  64.095 0.0000000000
55177  36.003  -40.596  63.875 0.0000000000
55183  41.390  -39.731  62.533 0.0000000000
55184  40.912  -39.823  62.860 0.0000000000
55186  39.589  -39.795  63.330 0.0000000000
55187  38.673  -39.851  63.528 0.0000000000
55198  42.235  -39.292  61.926 0.0000000000
55234  44.426  -38.985  61.341 0.0000000000
55235  39.692  -39.489  60.880 0.0000000000
55249  46.684  -38.293  59.715 0.0000000000
55269  47.188  -38.095  58.783 0.0000000000
55312  47.867  -37.249  57.208 0.0000000000
55351  48.772  -38.121  54.734 0.0000000000
55353  47.982  -38.597  55.248 0.0000000000
55367  48.677  -38.797  54.320 0.0000000000
55391  51.099  -37.264  52.261 0.0000000000
56325  41.234  -39.524  62.522 0.0000000000
56329  39.248  -39.571  62.803 0.0000000000
56340  41.943  -39.027  62.075 0.0000000000
56341  41.740  -39.178  62.151 0.0000000000
56356  44.044  -38.843  61.220 0.0000000000
56364  38.364  -39.032  61.965 0.0000000000
56406  47.251  -37.859  58.713 0.0000000000
56424  47.317  -37.274  58.680 0.0000000000
56443  48.102  -36.950  56.899 0.0000000000
56494  48.284  -38.372  55.141 0.0000000000
56519  50.995  -36.632  53.259 0.0000000000
56520  50.462  -36.891  53.533 0.0000000000
56559  51.691  -36.278  52.481 0.0000000000
57541  42.009  -38.767  61.993 0.0000000000
57542  41.765  -38.732  62.023 0.0000000000
57572  41.759  -38.462  61.572 0.0000000000
57605  47.021  -37.053  58.913 0.0000000000
57624  47.191  -36.758  58.646 0.0000000000
57669  50.443  -35.923  54.142 0.0000000000
57715  51.392  -36.163  53.245 0.0000000000
57742  52.107  -35.454  52.394 0.0000000000
57744  51.745  -36.097  52.308 0.0000000000
57769  52.242  -35.367  52.212 0.0000000000
58806  47.176  -35.867  58.334 0.0000000000
58820  47.628  -36.471  57.955 0.0000000000
58839  47.654  -35.809  57.555 0.0000000000
58907  52.021  -35.435  52.628 0.0000000000
59961  47.410  -34.719  57.684 0.0000000000
59996  45.610  -35.847  57.309 0.0000000000
60050  52.127  -34.570  53.266 0.0000000000
61124  47.599  -34.297  57.507 0.0000000000
61145  46.592  -34.835  57.989 0.0000000000
61159  49.738  -33.003  56.336 0.0000000000
61161  48.638  -33.814  56.786 0.0000000000
61173  50.351  -33.183  55.248 0.0000000000
61192  52.024  -34.199  53.935 0.0000000000
61193  51.713  -33.958  54.202 0.0000000000
62195  48.004  -33.272  57.192 0.0000000000
62196  47.602  -33.445  57.179 0.0000000000
62233  52.516  -32.431  52.749 0.0000000000
62235  51.854  -33.633  53.799 0.0000000000
62271  53.831  -31.020  49.114 0.0000000000
62296  54.557  -30.481  47.952 0.0000000000
63276  48.876  -31.809  56.033 0.0000000000
63287  51.339  -32.068  54.268 0.0000000000
63292  48.459  -31.580  55.658 0.0000000000
63333  53.134  -31.419  51.792 0.0000000000
63334  52.886  -31.787  52.036 0.0000000000
63347  53.836  -30.740  50.950 0.0000000000
63380  55.817  -29.998  48.144 0.0000000000
63382  54.951  -30.327  48.373 0.0000000000
63396  55.568  -30.089  48.030 0.0000000000
63398  54.896  -30.326  47.813 0.0000000000
64422  50.669  -31.215  54.494 0.0000000000
64424  49.364  -31.119  55.082 0.0000000000
64425  48.617  -31.386  55.647 0.0000000000
64426  48.412  -31.383  55.513 0.0000000000
64435  52.364  -31.195  52.769 0.0000000000
64509  55.513  -30.027  48.939 0.0000000000
64520  55.515  -29.947  48.518 0.0000000000
64521  55.213  -30.236  48.718 0.0000000000
64537  55.440  -30.128  47.192 0.0000000000
64557  55.709  -29.750  46.892 0.0000000000
65520  49.257  -30.695  54.660 0.0000000000
65521  49.038  -30.721  54.827 0.0000000000
65522  48.684  -30.768  54.941 0.0000000000
65537  49.696  -30.618  54.412 0.0000000000
65552  51.950  -30.607  52.913 0.0000000000
65553  51.656  -30.854  53.357 0.0000000000
65554  48.848  -29.568  53.244 0.0000000000
65555  48.599  -29.576  53.350 0.0000000000
65566  52.826  -30.437  51.848 0.0000000000
65568  48.772  -29.403  53.084 0.0000000000
65569  48.638  -29.425  53.173 0.0000000000
65578  53.452  -30.380  51.415 0.0000000000
65586  53.889  -30.184  51.139 0.0000000000
65611  55.486  -29.770  47.755 0.0000000000
65613  55.429  -29.466  48.845 0.0000000000
65676  57.166  -28.905  45.065 0.0000000000
66628  51.320  -30.527  53.473 0.0000000000
66631  49.564  -30.335  53.806 0.0000000000
66632  48.915  -30.292  53.873 0.0000000000
66646  50.910  -30.032  53.132 0.0000000000
66649  48.615  -29.764  53.517 0.0000000000
66667  49.955  -29.423  52.760 0.0000000000
66686  48.992  -29.134  52.681 0.0000000000
66687  48.500  -28.952  52.654 0.0000000000
66713  55.353  -28.574  48.760 0.0000000000
66731  55.476  -28.712  48.256 0.0000000000
66793  57.358  -28.794  45.033 0.0000000000
66794  56.778  -28.765  45.367 0.0000000000
66797  51.938  -28.155  45.091 0.0000000000
66819  52.202  -27.953  44.770 0.0000000000
67744  49.381  -29.069  52.565 0.0000000000
67758  53.499  -29.234  50.956 0.0000000000
67759  53.020  -29.048  51.203 0.0000000000
67762  51.005  -28.559  52.013 0.0000000000
67765  48.528  -28.586  52.003 0.0000000000
67783  48.702  -28.425  51.437 0.0000000000
67800  51.361  -28.511  50.178 0.0000000000
67821  55.022  -28.306  49.066 0.0000000000
67891  57.491  -28.557  45.080 0.0000000000
67913  57.194  -28.612  44.993 0.0000000000
68870  50.042  -28.588  51.851 0.0000000000
68871  49.342  -28.544  51.810 0.0000000000
68880  53.791  -28.520  49.930 0.0000000000
68883  51.748  -28.472  50.871 0.0000000000
68887  49.225  -28.468  51.404 0.0000000000
68901  50.742  -28.580  50.856 0.0000000000
68903  49.505  -28.483  51.194 0.0000000000
68938  54.730  -27.326  48.080 0.0000000000
68950  54.634  -27.431  47.733 0.0000000000
68960  53.678  -27.441  46.574 0.0000000000
68962  52.552  -27.632  47.329 0.0000000000
68972  53.364  -27.208  46.109 0.0000000000
68984  55.666  -27.470  44.592 0.0000000000
69970  54.597  -27.030  48.069 0.0000000000
69971  54.211  -27.141  48.134 0.0000000000
69985  54.599  -26.941  48.109 0.0000000000
69986  54.484  -27.211  47.913 0.0000000000
70059  53.093  -25.558  42.456 0.0000000000
71139  55.289  -24.141  42.421 0.0000000000
71207  57.959  -24.407  40.276 0.0000000000
71223  57.495  -24.877  39.249 0.0000000000
75766  57.853  -19.965  44.026 0.0000000000
76961  58.131  -19.750  43.788 0.0000000000
76962  58.016  -19.634  44.036 0.0000000000
76976  57.564  -19.600  44.126 0.0000000000
76985  56.624  -19.493  42.868 0.0000000000
78037  58.037  -19.539  43.650 0.0000000000
78047  57.409  -19.343  42.900 0.0000000000
78048  56.926  -19.301  42.881 0.0000000000
81109  58.617  -15.632  41.140 0.0000000000
