#!ascii label  , from subject 3327 vox2ras=TkReg
1258
62052  13.993  -31.894  74.273 0.0000000000
49890  6.540  -43.141  55.127 0.0000000000
55154  5.461  -38.649  69.820 0.0000000000
62158  8.357  -34.970  63.967 0.0000000000
62224  11.689  -32.431  56.020 0.0000000000
59752  9.330  -34.436  72.814 0.0000000000
63159  9.080  -32.021  71.156 0.0000000000
60957  15.806  -33.332  71.829 0.0000000000
57464  11.090  -36.589  70.690 0.0000000000
50832  7.896  -41.223  70.403 0.0000000000
64365  13.453  -30.579  64.264 0.0000000000
61116  10.664  -34.163  60.355 0.0000000000
66564  14.363  -28.679  60.274 0.0000000000
49771  4.034  -43.834  65.902 0.0000000000
53172  4.570  -40.767  63.279 0.0000000000
58713  5.700  -35.709  67.623 0.0000000000
64330  11.600  -31.138  67.680 0.0000000000
55290  4.872  -37.527  59.899 0.0000000000
60034  7.027  -36.761  55.949 0.0000000000
60116  7.318  -34.474  50.895 0.0000000000
65563  7.338  -29.535  54.746 0.0000000000
60905  11.334  -32.526  73.664 0.0000000000
63126  10.959  -30.955  74.628 0.0000000000
60921  14.467  -32.819  72.774 0.0000000000
59806  12.676  -34.237  70.690 0.0000000000
60943  12.575  -33.129  72.541 0.0000000000
57437  10.019  -35.668  72.159 0.0000000000
65475  14.203  -29.922  62.504 0.0000000000
53065  4.602  -40.823  67.987 0.0000000000
54109  4.324  -39.872  67.088 0.0000000000
57483  5.440  -37.162  68.346 0.0000000000
65394  11.734  -30.180  71.138 0.0000000000
63171  10.253  -31.409  69.834 0.0000000000
53047  6.011  -40.000  70.977 0.0000000000
48530  5.897  -43.041  68.952 0.0000000000
50883  4.576  -42.289  68.548 0.0000000000
48601  3.753  -44.439  67.361 0.0000000000
58757  5.095  -36.876  64.486 0.0000000000
54175  5.385  -38.796  61.782 0.0000000000
61091  6.087  -35.709  62.033 0.0000000000
62201  10.895  -33.573  58.374 0.0000000000
61153  8.449  -35.993  58.657 0.0000000000
60016  9.180  -34.903  56.245 0.0000000000
58905  7.147  -36.240  54.017 0.0000000000
61208  9.451  -33.529  53.371 0.0000000000
57453  6.608  -36.791  70.873 0.0000000000
59808  6.503  -34.618  70.578 0.0000000000
62068  8.363  -32.618  72.653 0.0000000000
64262  11.388  -30.219  73.447 0.0000000000
59801  17.770  -33.420  70.023 0.0000000000
57511  15.174  -35.443  66.957 0.0000000000
58680  14.181  -34.299  68.993 0.0000000000
55150  12.209  -37.591  69.367 0.0000000000
53036  9.291  -38.756  70.468 0.0000000000
55137  8.170  -38.078  71.029 0.0000000000
62164  11.225  -32.527  64.376 0.0000000000
61087  9.315  -34.884  62.322 0.0000000000
63248  12.401  -31.875  62.758 0.0000000000
64378  13.205  -31.250  60.506 0.0000000000
64392  13.133  -30.139  58.339 0.0000000000
62037  15.599  -32.103  75.120 0.0000000000
57476  21.115  -34.643  68.577 0.0000000000
58657  22.407  -34.953  70.669 0.0000000000
60938  18.330  -33.628  71.770 0.0000000000
60899  17.210  -33.039  74.219 0.0000000000
46337  3.935  -46.819  63.625 0.0000000000
48675  4.542  -44.716  62.438 0.0000000000
52066  4.397  -41.591  64.609 0.0000000000
57522  4.625  -37.225  65.800 0.0000000000
58755  6.531  -36.098  65.944 0.0000000000
60975  7.348  -33.456  69.593 0.0000000000
60983  8.606  -33.200  68.213 0.0000000000
62143  9.740  -32.814  66.604 0.0000000000
64346  12.348  -30.777  66.237 0.0000000000
49833  5.622  -43.111  61.098 0.0000000000
52159  6.594  -41.497  59.661 0.0000000000
54246  6.523  -39.682  57.637 0.0000000000
59972  7.211  -35.325  60.189 0.0000000000
57655  4.834  -36.973  57.644 0.0000000000
54273  4.971  -38.776  55.488 0.0000000000
55389  5.302  -38.502  53.740 0.0000000000
56590  5.210  -37.463  51.454 0.0000000000
68809  12.354  -26.696  59.640 0.0000000000
65513  10.956  -28.961  56.909 0.0000000000
66614  8.351  -28.484  57.378 0.0000000000
64434  9.862  -30.563  54.869 0.0000000000
63343  7.533  -31.226  52.303 0.0000000000
62053  12.940  -31.616  74.257 0.0000000000
63116  12.327  -31.095  75.408 0.0000000000
63105  13.890  -31.434  76.934 0.0000000000
60902  14.244  -32.463  73.669 0.0000000000
60942  13.403  -32.945  72.438 0.0000000000
60903  13.273  -32.297  73.709 0.0000000000
60924  11.515  -33.285  73.219 0.0000000000
49891  5.787  -43.390  54.585 0.0000000000
51092  5.908  -42.391  54.749 0.0000000000
54103  4.715  -39.502  68.809 0.0000000000
55161  5.053  -38.889  68.249 0.0000000000
56277  5.363  -38.073  69.069 0.0000000000
59854  17.113  -34.291  66.367 0.0000000000
54093  5.487  -39.255  70.721 0.0000000000
53058  5.386  -40.830  69.886 0.0000000000
53059  5.141  -40.283  69.254 0.0000000000
51971  4.751  -41.410  68.462 0.0000000000
61050  6.809  -35.278  64.049 0.0000000000
61052  5.650  -35.746  63.346 0.0000000000
61068  7.421  -35.180  63.472 0.0000000000
62211  11.685  -33.034  57.756 0.0000000000
61166  10.064  -34.605  57.462 0.0000000000
61180  11.153  -33.895  56.435 0.0000000000
60043  9.991  -34.333  54.555 0.0000000000
61197  10.323  -33.500  54.168 0.0000000000
58630  8.215  -35.220  72.207 0.0000000000
59774  7.812  -34.637  72.136 0.0000000000
60927  8.887  -33.408  72.935 0.0000000000
64256  10.696  -30.640  74.118 0.0000000000
65379  12.586  -29.798  72.731 0.0000000000
59802  16.401  -33.067  70.302 0.0000000000
59817  15.150  -33.495  69.520 0.0000000000
59803  15.243  -33.274  70.547 0.0000000000
57463  11.574  -36.080  70.653 0.0000000000
58683  12.520  -35.409  69.931 0.0000000000
56274  11.883  -36.913  70.253 0.0000000000
55134  10.233  -37.599  70.592 0.0000000000
58612  9.795  -35.055  72.632 0.0000000000
57438  9.494  -36.411  71.728 0.0000000000
57430  8.608  -36.173  72.021 0.0000000000
56255  7.683  -37.454  71.271 0.0000000000
64366  12.778  -30.965  64.460 0.0000000000
63249  12.017  -31.961  63.363 0.0000000000
63242  13.110  -31.348  63.225 0.0000000000
65484  14.616  -28.998  61.031 0.0000000000
64374  13.442  -30.757  61.116 0.0000000000
65485  14.063  -29.664  60.373 0.0000000000
63258  13.248  -31.212  59.592 0.0000000000
65493  13.601  -29.692  59.403 0.0000000000
58627  19.215  -34.277  71.283 0.0000000000
48639  4.150  -44.477  64.917 0.0000000000
48652  4.278  -44.020  64.110 0.0000000000
49783  4.391  -43.561  65.025 0.0000000000
57497  5.362  -37.510  67.484 0.0000000000
56314  4.737  -37.988  66.116 0.0000000000
58729  5.130  -36.650  66.412 0.0000000000
59858  5.419  -36.107  66.285 0.0000000000
59843  5.927  -35.390  67.249 0.0000000000
62091  7.883  -32.943  71.344 0.0000000000
60966  6.923  -33.738  70.493 0.0000000000
62101  8.677  -32.488  70.437 0.0000000000
64316  10.849  -31.281  68.818 0.0000000000
62120  9.477  -32.351  68.970 0.0000000000
63215  10.136  -32.115  68.132 0.0000000000
61011  9.264  -33.210  67.167 0.0000000000
63226  10.689  -31.898  66.764 0.0000000000
63234  10.980  -31.951  66.296 0.0000000000
64347  11.746  -31.339  66.675 0.0000000000
56295  14.137  -36.066  67.065 0.0000000000
55163  14.669  -36.922  66.243 0.0000000000
50864  8.307  -41.658  69.621 0.0000000000
49726  7.759  -43.536  68.095 0.0000000000
48549  7.323  -42.806  68.984 0.0000000000
46229  5.052  -44.650  67.703 0.0000000000
46242  6.005  -45.487  68.013 0.0000000000
49760  3.230  -44.342  66.447 0.0000000000
47464  3.490  -45.360  65.470 0.0000000000
50992  4.592  -42.417  62.964 0.0000000000
49821  4.882  -43.461  62.369 0.0000000000
52116  5.108  -41.341  62.200 0.0000000000
55248  5.248  -37.619  60.727 0.0000000000
54173  5.524  -40.123  60.938 0.0000000000
54195  5.844  -39.398  59.741 0.0000000000
54204  6.458  -39.865  58.696 0.0000000000
55309  5.468  -38.150  58.621 0.0000000000
61104  9.614  -34.568  61.606 0.0000000000
61106  8.096  -35.431  61.652 0.0000000000
59954  8.855  -35.152  60.398 0.0000000000
61182  7.920  -35.912  57.285 0.0000000000
61170  7.113  -35.924  58.321 0.0000000000
60036  6.187  -37.271  56.772 0.0000000000
56490  5.339  -37.696  56.876 0.0000000000
56544  4.898  -37.441  55.810 0.0000000000
55376  5.099  -38.421  54.559 0.0000000000
57712  5.638  -37.213  54.987 0.0000000000
58925  7.745  -35.812  52.446 0.0000000000
57767  6.673  -36.575  52.204 0.0000000000
58947  5.898  -36.094  51.195 0.0000000000
68811  10.553  -26.779  59.610 0.0000000000
67707  12.167  -27.868  58.241 0.0000000000
67709  10.289  -27.249  58.257 0.0000000000
66641  6.983  -28.550  56.277 0.0000000000
65533  8.014  -29.137  56.182 0.0000000000
65532  8.876  -29.167  55.895 0.0000000000
65562  8.213  -29.860  54.546 0.0000000000
64462  8.522  -30.856  53.221 0.0000000000
64463  7.612  -30.526  53.278 0.0000000000
60925  10.643  -33.432  73.344 0.0000000000
60906  10.538  -32.578  73.685 0.0000000000
62042  11.259  -31.687  74.093 0.0000000000
60940  15.619  -33.258  72.396 0.0000000000
59787  14.316  -33.575  71.377 0.0000000000
59767  14.283  -33.808  72.083 0.0000000000
59789  12.637  -34.022  71.342 0.0000000000
58645  11.161  -35.050  71.485 0.0000000000
58646  10.622  -35.657  71.547 0.0000000000
59771  10.936  -34.312  72.175 0.0000000000
59750  10.633  -34.112  72.602 0.0000000000
66505  14.929  -28.847  64.395 0.0000000000
65470  14.291  -29.917  63.213 0.0000000000
66521  14.941  -28.764  63.407 0.0000000000
66534  15.363  -28.062  62.233 0.0000000000
67655  14.669  -27.229  60.929 0.0000000000
50929  4.387  -42.868  66.615 0.0000000000
52033  4.632  -41.856  66.428 0.0000000000
53090  4.426  -40.980  67.140 0.0000000000
56297  5.371  -38.238  67.747 0.0000000000
58697  5.528  -36.651  67.943 0.0000000000
64277  10.666  -30.812  71.120 0.0000000000
63158  9.673  -31.301  70.928 0.0000000000
64286  10.698  -30.999  70.228 0.0000000000
64299  11.284  -30.754  69.331 0.0000000000
64314  12.074  -30.604  68.399 0.0000000000
65423  12.778  -29.932  67.660 0.0000000000
51928  6.606  -40.783  70.623 0.0000000000
49692  6.565  -42.472  69.539 0.0000000000
50848  5.905  -42.053  70.195 0.0000000000
49712  4.999  -42.836  68.600 0.0000000000
48573  4.487  -43.817  67.723 0.0000000000
47421  3.573  -45.082  67.977 0.0000000000
48587  4.144  -44.270  67.643 0.0000000000
50914  4.376  -42.809  67.377 0.0000000000
56339  5.111  -37.947  64.106 0.0000000000
54162  5.020  -38.928  62.682 0.0000000000
57566  5.111  -37.476  62.983 0.0000000000
58780  4.748  -36.432  62.213 0.0000000000
59941  5.060  -36.210  60.978 0.0000000000
61133  10.685  -34.287  59.507 0.0000000000
61118  9.405  -35.219  59.796 0.0000000000
62202  10.335  -34.299  58.441 0.0000000000
61167  9.475  -35.220  57.540 0.0000000000
60018  7.823  -35.631  56.515 0.0000000000
58864  6.769  -36.026  55.319 0.0000000000
60046  8.018  -35.534  54.722 0.0000000000
60063  9.200  -35.170  53.557 0.0000000000
61220  8.581  -33.580  52.458 0.0000000000
65564  6.473  -28.987  54.659 0.0000000000
64465  5.637  -29.960  53.730 0.0000000000
65575  5.112  -29.242  53.470 0.0000000000
56266  5.841  -37.735  70.183 0.0000000000
58649  6.201  -36.343  69.921 0.0000000000
58648  6.573  -36.218  70.419 0.0000000000
62081  7.195  -33.174  71.928 0.0000000000
63144  8.831  -32.228  72.078 0.0000000000
62056  10.008  -32.053  73.775 0.0000000000
64264  9.986  -31.372  73.159 0.0000000000
63133  10.108  -31.370  72.482 0.0000000000
64269  11.296  -30.436  72.422 0.0000000000
58678  18.273  -33.399  69.000 0.0000000000
59841  16.536  -34.051  67.534 0.0000000000
59827  16.271  -33.640  68.255 0.0000000000
59819  13.672  -34.358  69.946 0.0000000000
57480  13.160  -35.855  69.191 0.0000000000
55156  12.885  -37.273  68.457 0.0000000000
51937  9.289  -40.430  69.942 0.0000000000
51925  8.774  -40.402  70.505 0.0000000000
56247  9.650  -37.660  71.347 0.0000000000
54079  8.987  -38.483  71.151 0.0000000000
53038  8.233  -39.407  70.725 0.0000000000
54082  7.079  -39.018  70.646 0.0000000000
55146  6.495  -38.076  70.527 0.0000000000
62156  9.748  -33.717  64.647 0.0000000000
62167  9.080  -34.832  63.587 0.0000000000
62165  10.637  -33.354  64.008 0.0000000000
61085  10.951  -33.455  62.326 0.0000000000
61102  11.635  -33.207  61.756 0.0000000000
63247  13.319  -31.298  62.475 0.0000000000
63252  12.956  -31.746  61.634 0.0000000000
62188  12.411  -32.842  60.582 0.0000000000
62190  12.387  -32.308  59.391 0.0000000000
63262  12.596  -31.992  58.315 0.0000000000
63272  12.459  -31.368  57.585 0.0000000000
62038  14.556  -31.839  75.127 0.0000000000
58692  19.739  -34.136  68.189 0.0000000000
56284  24.578  -36.488  69.867 0.0000000000
58656  23.563  -35.363  70.708 0.0000000000
58673  23.237  -35.366  69.973 0.0000000000
58674  22.221  -35.004  69.697 0.0000000000
58676  19.861  -34.592  69.168 0.0000000000
58677  18.811  -34.141  69.065 0.0000000000
60955  18.169  -33.744  71.268 0.0000000000
59764  17.727  -33.547  71.992 0.0000000000
59744  18.131  -34.134  73.050 0.0000000000
59746  16.716  -33.356  72.525 0.0000000000
60900  16.115  -32.968  73.800 0.0000000000
62050  15.874  -32.543  74.350 0.0000000000
50977  4.415  -43.038  63.455 0.0000000000
52082  4.491  -41.359  63.706 0.0000000000
54119  4.786  -39.883  66.015 0.0000000000
54130  4.611  -39.920  65.158 0.0000000000
55197  4.765  -38.622  64.387 0.0000000000
57532  5.047  -37.360  65.075 0.0000000000
61017  5.958  -36.321  64.985 0.0000000000
61032  7.336  -34.872  65.378 0.0000000000
58665  5.790  -36.401  69.400 0.0000000000
62105  5.696  -34.969  69.324 0.0000000000
60986  6.339  -34.677  68.683 0.0000000000
62112  9.072  -32.445  69.650 0.0000000000
62122  7.927  -33.428  68.786 0.0000000000
60985  7.300  -33.990  68.403 0.0000000000
60997  7.454  -34.441  67.112 0.0000000000
61030  8.509  -34.064  66.130 0.0000000000
61046  9.297  -33.895  65.268 0.0000000000
62154  11.102  -32.295  65.314 0.0000000000
63232  11.874  -31.433  65.300 0.0000000000
64357  13.141  -30.510  65.082 0.0000000000
65438  12.873  -30.115  66.573 0.0000000000
65451  13.500  -29.853  65.718 0.0000000000
65462  14.270  -29.529  64.917 0.0000000000
47434  7.346  -44.748  66.895 0.0000000000
47380  6.644  -44.290  68.529 0.0000000000
52115  5.437  -41.208  61.379 0.0000000000
51024  6.063  -42.487  60.465 0.0000000000
53309  6.646  -40.891  56.198 0.0000000000
61089  7.565  -35.374  62.561 0.0000000000
61108  6.541  -35.658  61.304 0.0000000000
61140  5.103  -35.724  59.948 0.0000000000
61136  8.009  -35.526  59.552 0.0000000000
61156  5.947  -35.511  59.113 0.0000000000
57640  4.473  -36.888  58.905 0.0000000000
55330  5.452  -38.241  57.763 0.0000000000
53294  6.180  -39.711  56.320 0.0000000000
53310  6.182  -40.343  55.684 0.0000000000
53324  5.492  -40.488  54.719 0.0000000000
57711  6.226  -37.252  54.092 0.0000000000
56573  4.838  -38.228  52.318 0.0000000000
68791  14.323  -26.390  60.384 0.0000000000
68793  12.727  -26.020  60.059 0.0000000000
67690  13.080  -27.528  59.393 0.0000000000
66597  12.720  -28.541  58.379 0.0000000000
66610  12.293  -28.820  57.741 0.0000000000
65529  11.953  -30.330  56.626 0.0000000000
66623  9.883  -28.428  56.764 0.0000000000
65531  10.228  -29.191  55.898 0.0000000000
63303  11.010  -31.405  54.962 0.0000000000
62232  9.845  -32.059  54.098 0.0000000000
62242  8.807  -32.448  53.095 0.0000000000
61233  8.105  -32.983  51.763 0.0000000000
62260  6.583  -32.171  51.268 0.0000000000
62040  13.160  -31.170  74.809 0.0000000000
62039  13.739  -31.227  74.851 0.0000000000
60922  13.503  -32.620  73.128 0.0000000000
48770  6.365  -44.057  55.137 0.0000000000
54099  5.164  -39.349  69.492 0.0000000000
55158  5.090  -38.750  69.000 0.0000000000
56276  5.556  -37.855  69.663 0.0000000000
58710  18.717  -33.765  67.447 0.0000000000
59839  17.898  -33.678  66.565 0.0000000000
54094  5.409  -39.304  70.134 0.0000000000
53053  5.281  -39.700  69.833 0.0000000000
61049  7.528  -35.018  64.330 0.0000000000
62159  7.902  -35.151  63.719 0.0000000000
62218  11.918  -32.734  56.806 0.0000000000
61164  11.442  -33.515  57.061 0.0000000000
61179  11.623  -33.232  56.195 0.0000000000
61191  10.986  -33.363  55.421 0.0000000000
62225  11.269  -32.329  55.335 0.0000000000
59773  8.606  -34.627  72.573 0.0000000000
60945  8.702  -34.018  72.643 0.0000000000
59772  8.918  -34.133  72.747 0.0000000000
59785  16.369  -33.256  71.473 0.0000000000
56275  11.363  -36.874  70.499 0.0000000000
56260  11.557  -37.383  70.236 0.0000000000
56261  10.802  -37.165  70.562 0.0000000000
55143  10.659  -37.795  70.100 0.0000000000
58613  9.313  -35.303  72.592 0.0000000000
57429  9.178  -35.989  72.201 0.0000000000
58614  8.741  -35.477  72.428 0.0000000000
64370  13.164  -31.043  63.806 0.0000000000
66580  13.795  -28.527  59.569 0.0000000000
50942  4.475  -42.798  65.711 0.0000000000
58715  5.353  -36.939  67.262 0.0000000000
57512  5.032  -37.374  66.710 0.0000000000
58714  5.419  -36.162  67.267 0.0000000000
59844  5.473  -35.829  66.814 0.0000000000
62090  8.446  -32.542  71.251 0.0000000000
64315  11.367  -31.066  68.468 0.0000000000
63201  10.458  -31.745  68.406 0.0000000000
63200  11.013  -31.539  68.064 0.0000000000
63214  10.392  -31.984  67.616 0.0000000000
63213  11.077  -31.559  67.217 0.0000000000
50845  8.150  -41.576  70.130 0.0000000000
49710  7.734  -42.373  69.062 0.0000000000
49690  7.754  -42.115  69.702 0.0000000000
46244  4.725  -45.323  68.005 0.0000000000
45036  5.179  -46.109  68.228 0.0000000000
49772  3.086  -44.288  66.204 0.0000000000
47451  2.737  -45.109  65.992 0.0000000000
48626  3.306  -44.572  65.664 0.0000000000
52096  4.655  -41.096  63.343 0.0000000000
52097  4.769  -41.212  63.086 0.0000000000
53173  4.396  -40.242  62.798 0.0000000000
55268  5.199  -37.716  60.350 0.0000000000
55266  5.423  -38.787  60.272 0.0000000000
55289  5.211  -37.872  59.930 0.0000000000
55287  5.578  -39.111  59.268 0.0000000000
56440  5.299  -37.867  59.272 0.0000000000
59935  10.318  -34.358  60.803 0.0000000000
59937  9.197  -34.938  61.002 0.0000000000
59953  9.536  -34.803  60.396 0.0000000000
60019  7.518  -36.265  56.715 0.0000000000
60020  7.011  -36.739  57.014 0.0000000000
60035  6.551  -37.186  56.464 0.0000000000
57683  5.387  -37.357  56.039 0.0000000000
58884  5.830  -37.298  55.806 0.0000000000
56543  4.903  -37.567  55.194 0.0000000000
60047  6.658  -37.116  55.578 0.0000000000
58945  7.260  -35.325  51.220 0.0000000000
58926  7.099  -35.976  51.980 0.0000000000
58946  6.435  -35.856  51.356 0.0000000000
68795  10.583  -26.701  60.406 0.0000000000
67674  9.952  -27.011  59.977 0.0000000000
67693  10.100  -26.883  59.128 0.0000000000
67694  9.467  -27.099  59.390 0.0000000000
65550  7.187  -28.968  55.604 0.0000000000
65534  7.519  -28.781  56.476 0.0000000000
65549  8.142  -29.495  55.360 0.0000000000
64446  8.267  -30.421  53.981 0.0000000000
64447  7.380  -30.195  54.137 0.0000000000
60888  11.181  -32.202  73.714 0.0000000000
62055  11.457  -31.878  73.869 0.0000000000
64235  12.614  -30.884  76.995 0.0000000000
59747  14.926  -33.446  72.475 0.0000000000
59748  14.478  -33.365  72.414 0.0000000000
62077  13.044  -32.792  72.704 0.0000000000
59768  13.455  -33.595  71.885 0.0000000000
59769  12.609  -33.657  71.915 0.0000000000
59790  11.982  -34.377  71.559 0.0000000000
59770  11.600  -33.970  72.009 0.0000000000
67640  15.520  -27.345  62.395 0.0000000000
66549  15.311  -27.729  61.940 0.0000000000
66550  14.936  -28.159  61.601 0.0000000000
67654  15.129  -27.192  61.642 0.0000000000
52014  4.845  -41.832  67.321 0.0000000000
53089  4.609  -41.261  67.385 0.0000000000
53076  4.345  -40.406  67.770 0.0000000000
56289  5.405  -38.230  68.419 0.0000000000
57484  5.513  -37.662  68.041 0.0000000000
57496  5.457  -37.221  67.927 0.0000000000
64276  11.338  -30.526  71.511 0.0000000000
64285  11.547  -30.432  70.479 0.0000000000
64284  12.237  -30.203  70.153 0.0000000000
65413  12.650  -29.834  68.766 0.0000000000
53046  6.528  -40.206  70.854 0.0000000000
51940  6.293  -41.407  70.567 0.0000000000
51941  5.938  -41.325  70.580 0.0000000000
51956  5.169  -41.404  69.087 0.0000000000
50867  5.116  -42.216  69.049 0.0000000000
49727  4.615  -42.967  68.421 0.0000000000
48554  4.851  -43.505  68.282 0.0000000000
49737  4.367  -43.231  67.930 0.0000000000
51970  4.692  -41.149  68.150 0.0000000000
50899  4.344  -42.525  67.949 0.0000000000
51992  4.526  -41.859  67.904 0.0000000000
57540  5.040  -37.400  64.283 0.0000000000
56355  5.167  -37.901  63.471 0.0000000000
58769  4.976  -36.777  63.374 0.0000000000
61071  5.673  -35.695  62.585 0.0000000000
59905  5.181  -36.004  62.747 0.0000000000
58779  4.684  -36.160  62.043 0.0000000000
61092  5.526  -35.813  61.925 0.0000000000
62192  11.152  -33.489  59.158 0.0000000000
62193  10.676  -34.212  58.875 0.0000000000
60004  9.583  -34.775  56.910 0.0000000000
60005  9.061  -35.241  56.965 0.0000000000
61181  8.144  -35.512  57.011 0.0000000000
60017  8.458  -35.299  56.494 0.0000000000
60032  7.979  -35.496  55.485 0.0000000000
60031  8.864  -35.088  55.425 0.0000000000
61198  9.994  -34.111  54.123 0.0000000000
60044  9.537  -34.767  54.248 0.0000000000
60062  9.372  -34.362  53.361 0.0000000000
60079  9.087  -34.481  52.902 0.0000000000
61219  9.283  -34.016  52.955 0.0000000000
66660  6.223  -28.359  55.056 0.0000000000
66661  5.529  -28.358  54.610 0.0000000000
65565  5.703  -29.144  54.096 0.0000000000
66681  5.274  -28.645  53.907 0.0000000000
57454  6.164  -36.967  70.298 0.0000000000
58647  7.048  -35.885  71.009 0.0000000000
60928  7.856  -33.257  72.542 0.0000000000
60947  7.395  -33.718  72.099 0.0000000000
62069  7.412  -32.914  72.335 0.0000000000
62080  7.509  -32.726  71.945 0.0000000000
63135  8.741  -32.116  72.728 0.0000000000
62043  10.840  -31.796  73.857 0.0000000000
63127  10.397  -31.324  74.189 0.0000000000
64257  10.133  -31.000  73.777 0.0000000000
64263  10.565  -30.787  73.137 0.0000000000
64270  10.841  -31.059  72.069 0.0000000000
59815  17.470  -33.134  69.055 0.0000000000
60972  17.068  -33.268  68.664 0.0000000000
59816  16.381  -33.198  69.113 0.0000000000
58679  14.849  -33.830  68.361 0.0000000000
57478  14.080  -34.606  68.399 0.0000000000
59805  13.510  -33.840  70.561 0.0000000000
59804  14.388  -33.688  70.604 0.0000000000
58663  12.841  -34.582  70.058 0.0000000000
56288  12.268  -36.671  69.878 0.0000000000
57481  12.561  -36.001  69.621 0.0000000000
56287  12.544  -36.754  69.360 0.0000000000
56286  13.079  -36.512  68.810 0.0000000000
55149  12.439  -37.465  68.878 0.0000000000
54095  12.351  -37.856  68.786 0.0000000000
53064  11.276  -39.261  68.715 0.0000000000
54084  9.773  -38.425  70.481 0.0000000000
53043  9.522  -39.219  70.113 0.0000000000
51938  8.881  -40.740  70.225 0.0000000000
53044  9.034  -39.640  70.427 0.0000000000
57451  10.129  -36.195  71.545 0.0000000000
56263  9.785  -36.756  71.166 0.0000000000
57452  9.670  -36.632  71.398 0.0000000000
55136  8.732  -37.841  71.489 0.0000000000
56253  9.169  -37.485  71.601 0.0000000000
55130  8.925  -38.218  71.355 0.0000000000
54080  8.609  -38.682  70.741 0.0000000000
55131  8.441  -38.429  70.933 0.0000000000
53039  7.538  -39.600  70.863 0.0000000000
54085  7.689  -38.401  70.629 0.0000000000
57441  7.392  -36.601  71.401 0.0000000000
55145  6.825  -37.895  70.549 0.0000000000
56264  6.865  -37.497  70.843 0.0000000000
56265  6.277  -37.605  70.506 0.0000000000
62155  10.584  -32.940  65.002 0.0000000000
62176  11.529  -32.690  63.033 0.0000000000
62185  11.678  -32.853  62.314 0.0000000000
61084  11.475  -33.079  62.373 0.0000000000
62184  12.146  -32.545  62.133 0.0000000000
64369  13.781  -30.599  63.266 0.0000000000
63251  13.348  -31.098  61.833 0.0000000000
64375  13.019  -31.378  60.941 0.0000000000
62187  12.525  -32.596  61.277 0.0000000000
63255  12.662  -31.901  60.505 0.0000000000
63256  12.330  -32.386  60.195 0.0000000000
63260  12.374  -32.159  59.957 0.0000000000
64383  13.248  -30.696  58.989 0.0000000000
64384  12.880  -31.344  58.693 0.0000000000
64393  12.722  -30.674  58.020 0.0000000000
63112  16.294  -31.447  75.488 0.0000000000
57492  20.983  -34.845  68.092 0.0000000000
57508  20.768  -34.490  67.769 0.0000000000
57493  20.412  -34.298  68.017 0.0000000000
57477  20.474  -34.488  68.409 0.0000000000
58639  22.644  -34.822  71.870 0.0000000000
58638  23.552  -35.024  71.848 0.0000000000
58660  19.788  -34.327  70.034 0.0000000000
59813  19.514  -34.380  69.764 0.0000000000
59763  18.951  -33.835  71.996 0.0000000000
59783  18.560  -33.993  71.006 0.0000000000
60956  18.062  -33.638  71.529 0.0000000000
60917  18.186  -33.647  73.537 0.0000000000
60918  17.604  -33.446  73.404 0.0000000000
59745  17.267  -33.524  72.707 0.0000000000
60919  16.556  -33.106  72.985 0.0000000000
62036  16.832  -32.263  74.832 0.0000000000
62051  14.902  -32.368  74.425 0.0000000000
46338  3.538  -47.427  62.923 0.0000000000
47490  4.251  -45.543  63.591 0.0000000000
49784  4.383  -43.464  64.306 0.0000000000
49795  4.336  -43.543  63.714 0.0000000000
50959  4.419  -43.046  63.971 0.0000000000
50976  4.432  -42.380  63.883 0.0000000000
53108  4.314  -40.826  66.270 0.0000000000
55182  4.753  -38.922  65.402 0.0000000000
54140  4.585  -39.580  64.448 0.0000000000
56324  4.758  -37.856  65.048 0.0000000000
61015  5.967  -35.591  66.469 0.0000000000
61016  5.943  -35.938  65.645 0.0000000000
59874  6.629  -35.262  65.742 0.0000000000
61033  6.793  -35.343  64.996 0.0000000000
59793  6.454  -35.852  70.136 0.0000000000
59809  6.109  -35.480  69.905 0.0000000000
60965  7.590  -33.401  70.300 0.0000000000
60967  6.189  -34.580  69.825 0.0000000000
60976  6.746  -34.215  69.378 0.0000000000
62124  5.990  -34.732  68.940 0.0000000000
63172  9.724  -31.546  70.150 0.0000000000
63173  9.204  -31.854  70.359 0.0000000000
63187  9.388  -31.870  69.819 0.0000000000
62121  8.752  -32.937  68.571 0.0000000000
60984  8.256  -33.453  68.234 0.0000000000
60996  8.064  -33.805  67.502 0.0000000000
61012  8.627  -33.662  66.881 0.0000000000
61029  9.167  -33.624  66.129 0.0000000000
59885  9.007  -33.944  65.534 0.0000000000
62148  9.848  -33.187  65.591 0.0000000000
62147  10.650  -32.388  66.025 0.0000000000
64359  11.984  -31.287  65.882 0.0000000000
63233  11.364  -31.827  65.849 0.0000000000
64358  12.415  -30.931  65.326 0.0000000000
65452  12.845  -30.419  65.787 0.0000000000
58712  16.053  -34.819  67.107 0.0000000000
58725  16.357  -34.895  66.541 0.0000000000
57521  15.915  -35.273  66.764 0.0000000000
48572  7.364  -43.738  68.248 0.0000000000
47418  7.524  -44.329  67.520 0.0000000000
48529  6.397  -42.933  69.131 0.0000000000
48528  6.767  -42.775  69.286 0.0000000000
48551  6.113  -43.699  69.057 0.0000000000
47477  3.984  -45.554  64.382 0.0000000000
49820  5.473  -43.660  61.670 0.0000000000
48674  5.092  -44.449  61.805 0.0000000000
48673  5.625  -44.318  61.373 0.0000000000
49819  5.895  -43.799  61.127 0.0000000000
53194  5.035  -39.816  61.948 0.0000000000
53217  5.334  -39.726  61.411 0.0000000000
53236  6.288  -40.795  60.007 0.0000000000
53215  5.945  -41.190  60.449 0.0000000000
52136  6.230  -41.619  60.325 0.0000000000
51043  6.167  -42.982  59.813 0.0000000000
49843  6.971  -42.893  58.902 0.0000000000
54223  6.523  -39.758  58.146 0.0000000000
52190  7.259  -41.456  57.611 0.0000000000
52202  7.146  -41.527  56.494 0.0000000000
53293  6.711  -40.309  56.837 0.0000000000
62178  9.619  -34.489  63.007 0.0000000000
62180  8.141  -35.247  62.972 0.0000000000
61088  8.515  -35.358  62.375 0.0000000000
59939  7.846  -35.348  60.965 0.0000000000
61107  7.294  -35.503  61.385 0.0000000000
61120  6.856  -35.395  60.489 0.0000000000
61122  5.666  -35.677  60.424 0.0000000000
59957  6.163  -35.327  60.097 0.0000000000
61135  9.109  -35.804  59.270 0.0000000000
61185  6.042  -36.237  58.031 0.0000000000
61171  6.347  -35.847  58.458 0.0000000000
61172  5.646  -35.913  58.552 0.0000000000
58836  4.663  -36.444  58.768 0.0000000000
57639  4.596  -36.755  58.293 0.0000000000
56442  4.757  -37.302  58.420 0.0000000000
56465  4.931  -37.272  57.697 0.0000000000
54249  4.711  -38.369  56.082 0.0000000000
54248  5.191  -38.673  56.374 0.0000000000
54272  5.531  -39.418  56.013 0.0000000000
54299  5.444  -39.678  55.213 0.0000000000
55390  4.937  -38.839  53.411 0.0000000000
58881  7.062  -36.153  54.436 0.0000000000
57710  6.645  -36.631  54.266 0.0000000000
57740  6.990  -36.507  53.486 0.0000000000
57768  5.996  -37.024  51.892 0.0000000000
56572  5.555  -37.556  52.259 0.0000000000
56574  4.359  -38.239  51.746 0.0000000000
68808  13.306  -26.741  59.673 0.0000000000
66581  13.037  -28.196  59.037 0.0000000000
67691  12.167  -27.449  58.861 0.0000000000
66611  11.499  -28.378  57.486 0.0000000000
66598  12.108  -28.159  57.878 0.0000000000
65512  12.128  -29.586  57.164 0.0000000000
65530  11.288  -29.798  56.429 0.0000000000
66601  8.484  -28.062  58.420 0.0000000000
66613  9.241  -28.151  57.500 0.0000000000
65548  9.223  -29.741  54.912 0.0000000000
65547  9.950  -30.035  55.335 0.0000000000
64433  10.681  -30.456  55.349 0.0000000000
63304  10.419  -31.046  54.819 0.0000000000
63317  10.480  -31.524  54.685 0.0000000000
63318  9.942  -31.369  54.438 0.0000000000
64478  8.321  -31.045  52.747 0.0000000000
63331  8.863  -31.628  53.302 0.0000000000
63342  8.202  -31.453  52.493 0.0000000000
62258  8.366  -32.684  52.027 0.0000000000
62259  7.715  -32.305  51.655 0.0000000000
64464  6.543  -30.373  53.483 0.0000000000
62054  12.012  -31.853  73.954 0.0000000000
63125  12.310  -31.447  74.589 0.0000000000
63106  13.183  -31.764  76.759 0.0000000000
64233  13.772  -30.994  77.204 0.0000000000
62078  12.916  -32.757  72.939 0.0000000000
60944  11.884  -33.384  72.705 0.0000000000
60923  12.616  -32.794  73.174 0.0000000000
60904  12.260  -32.408  73.696 0.0000000000
51099  5.196  -42.623  54.103 0.0000000000
52225  5.441  -41.517  54.145 0.0000000000
53066  4.538  -40.410  68.405 0.0000000000
54106  4.323  -39.581  68.064 0.0000000000
57465  5.438  -37.247  69.068 0.0000000000
53048  5.589  -39.591  70.898 0.0000000000
53051  5.723  -40.669  70.493 0.0000000000
53052  5.436  -39.942  70.353 0.0000000000
61035  5.811  -36.023  64.218 0.0000000000
59890  5.329  -36.294  63.832 0.0000000000
61051  6.226  -35.553  63.713 0.0000000000
61069  6.768  -35.274  63.151 0.0000000000
61070  6.149  -35.511  62.850 0.0000000000
61150  10.237  -33.956  57.935 0.0000000000
62212  10.969  -33.632  57.744 0.0000000000
60002  10.738  -34.246  56.673 0.0000000000
60015  9.888  -34.535  56.126 0.0000000000
60030  9.598  -34.668  55.315 0.0000000000
60029  10.300  -34.186  55.231 0.0000000000
58631  7.679  -35.566  71.721 0.0000000000
60946  8.229  -33.923  72.447 0.0000000000
62058  8.813  -32.725  73.186 0.0000000000
65368  11.986  -29.897  73.868 0.0000000000
65374  12.057  -29.904  73.234 0.0000000000
59818  14.491  -34.161  69.871 0.0000000000
58664  12.238  -35.234  70.410 0.0000000000
57482  12.178  -36.100  70.162 0.0000000000
56273  12.169  -37.288  69.888 0.0000000000
55144  10.180  -38.096  70.338 0.0000000000
55135  10.006  -37.985  70.915 0.0000000000
57427  10.018  -35.411  72.421 0.0000000000
57428  9.682  -35.645  72.311 0.0000000000
57439  8.919  -36.745  71.855 0.0000000000
56254  8.519  -37.419  71.547 0.0000000000
57440  8.213  -36.783  71.692 0.0000000000
57431  8.065  -36.165  71.736 0.0000000000
63238  12.166  -31.453  64.622 0.0000000000
63244  11.827  -31.989  64.001 0.0000000000
63243  12.506  -31.529  63.750 0.0000000000
65479  14.576  -29.145  62.009 0.0000000000
65480  14.154  -29.878  61.511 0.0000000000
63254  13.148  -31.415  59.992 0.0000000000
64377  13.537  -30.722  59.985 0.0000000000
65502  13.289  -29.581  58.602 0.0000000000
57475  22.077  -34.938  68.759 0.0000000000
58642  19.631  -34.490  70.781 0.0000000000
59762  19.845  -34.435  72.362 0.0000000000
48651  4.428  -44.759  63.975 0.0000000000
48640  4.344  -43.890  64.574 0.0000000000
50958  4.464  -42.680  64.707 0.0000000000
56305  4.986  -38.088  67.053 0.0000000000
55171  4.776  -38.898  66.558 0.0000000000
60998  5.698  -35.625  66.780 0.0000000000
59857  6.578  -35.002  66.793 0.0000000000
62092  7.481  -33.357  71.389 0.0000000000
62103  7.669  -33.368  70.837 0.0000000000
60974  7.859  -33.326  70.016 0.0000000000
64300  10.691  -31.189  69.483 0.0000000000
63186  9.779  -31.791  69.439 0.0000000000
63185  10.342  -31.559  69.118 0.0000000000
63202  9.959  -31.998  68.646 0.0000000000
62133  9.547  -32.528  67.790 0.0000000000
60994  9.217  -32.977  67.586 0.0000000000
62132  10.035  -32.255  67.478 0.0000000000
62142  10.133  -32.242  67.024 0.0000000000
63225  11.170  -31.697  66.552 0.0000000000
56304  14.768  -36.210  66.599 0.0000000000
55159  14.467  -36.849  66.939 0.0000000000
49709  8.319  -41.951  68.879 0.0000000000
48571  7.432  -43.027  68.707 0.0000000000
46227  5.932  -44.931  68.117 0.0000000000
48612  3.558  -44.622  66.696 0.0000000000
47437  3.939  -45.234  67.096 0.0000000000
47450  3.462  -45.362  66.287 0.0000000000
46321  3.693  -46.477  64.824 0.0000000000
49807  4.487  -43.279  62.900 0.0000000000
51009  5.150  -42.457  62.237 0.0000000000
51026  5.339  -42.372  61.796 0.0000000000
55247  5.446  -37.981  61.176 0.0000000000
53218  5.289  -39.262  61.427 0.0000000000
54185  5.353  -39.298  60.816 0.0000000000
54184  5.733  -39.753  60.421 0.0000000000
53237  6.117  -40.066  60.116 0.0000000000
53256  6.729  -40.612  59.178 0.0000000000
54194  6.331  -39.974  59.498 0.0000000000
54224  5.975  -39.397  58.152 0.0000000000
61086  9.946  -33.990  62.266 0.0000000000
61105  8.927  -35.226  61.657 0.0000000000
59938  8.469  -35.231  60.989 0.0000000000
59955  8.064  -35.273  60.327 0.0000000000
61169  7.912  -36.178  58.120 0.0000000000
61183  7.460  -36.343  57.589 0.0000000000
61184  6.722  -36.360  57.826 0.0000000000
58847  5.352  -36.845  57.478 0.0000000000
56464  5.295  -37.256  57.309 0.0000000000
57668  5.510  -37.519  56.944 0.0000000000
56518  4.895  -37.652  56.334 0.0000000000
54274  4.659  -38.293  55.803 0.0000000000
55364  4.695  -38.115  55.497 0.0000000000
56542  5.554  -37.857  54.448 0.0000000000
58924  7.748  -36.221  53.116 0.0000000000
57766  7.427  -36.301  52.676 0.0000000000
57788  6.109  -36.462  51.544 0.0000000000
57789  5.560  -36.616  51.179 0.0000000000
68810  11.329  -26.652  59.620 0.0000000000
67692  10.963  -27.085  58.929 0.0000000000
67708  11.411  -27.607  58.067 0.0000000000
67719  11.026  -27.815  57.635 0.0000000000
65515  7.906  -28.842  56.869 0.0000000000
66625  8.433  -28.781  56.531 0.0000000000
66624  9.180  -28.626  56.584 0.0000000000
64445  9.220  -30.584  54.016 0.0000000000
65561  8.757  -30.117  54.348 0.0000000000
64479  7.911  -30.852  52.642 0.0000000000
60926  9.832  -33.528  73.335 0.0000000000
60889  10.977  -32.067  73.744 0.0000000000
63118  10.983  -31.393  74.464 0.0000000000
62041  11.791  -31.487  74.498 0.0000000000
63117  11.748  -31.190  74.945 0.0000000000
60958  15.554  -33.507  72.041 0.0000000000
59786  15.224  -33.509  71.491 0.0000000000
59766  15.041  -33.868  72.082 0.0000000000
59788  13.421  -33.543  71.258 0.0000000000
60941  14.073  -33.309  72.289 0.0000000000
58644  11.871  -34.917  70.971 0.0000000000
57449  11.327  -35.580  71.058 0.0000000000
57450  10.800  -36.149  71.051 0.0000000000
58629  10.576  -35.137  72.051 0.0000000000
59749  11.254  -33.788  72.520 0.0000000000
58611  10.163  -34.991  72.498 0.0000000000
59751  10.043  -34.243  72.832 0.0000000000
64364  14.084  -30.167  64.141 0.0000000000
65469  14.534  -29.572  63.813 0.0000000000
65474  14.428  -29.233  62.922 0.0000000000
66520  15.429  -28.113  62.942 0.0000000000
66535  14.965  -28.611  62.509 0.0000000000
66563  14.454  -28.051  60.707 0.0000000000
55166  4.817  -38.894  67.490 0.0000000000
58698  5.411  -37.104  67.676 0.0000000000
58696  5.739  -35.976  67.867 0.0000000000
63142  10.194  -31.242  71.595 0.0000000000
63157  10.156  -31.053  71.105 0.0000000000
64278  10.253  -31.076  70.776 0.0000000000
50833  7.225  -41.399  70.412 0.0000000000
49676  7.053  -41.938  70.159 0.0000000000
50834  6.541  -41.740  70.417 0.0000000000
49678  6.316  -42.254  69.868 0.0000000000
49693  6.034  -42.489  69.433 0.0000000000
51954  5.629  -41.667  70.170 0.0000000000
50849  5.571  -42.239  69.419 0.0000000000
48531  5.446  -43.046  68.716 0.0000000000
48553  5.210  -43.465  68.532 0.0000000000
47384  4.701  -44.359  67.737 0.0000000000
47403  4.021  -44.787  68.128 0.0000000000
49748  4.173  -43.569  67.478 0.0000000000
49759  3.619  -43.798  66.809 0.0000000000
54149  4.632  -39.237  63.551 0.0000000000
54148  4.905  -38.663  63.241 0.0000000000
55230  5.190  -38.192  62.837 0.0000000000
56372  5.216  -37.644  62.606 0.0000000000
57567  4.956  -37.150  62.544 0.0000000000
56373  5.234  -37.496  61.829 0.0000000000
57583  4.932  -37.004  61.415 0.0000000000
57603  4.985  -37.060  60.869 0.0000000000
57604  4.764  -36.983  60.522 0.0000000000
61117  10.094  -34.725  59.897 0.0000000000
61134  10.287  -35.293  59.045 0.0000000000
61152  9.459  -35.797  58.313 0.0000000000
61151  10.139  -35.020  58.079 0.0000000000
61168  8.645  -35.772  57.537 0.0000000000
60033  7.155  -35.740  55.925 0.0000000000
58863  7.324  -35.733  55.113 0.0000000000
58880  7.637  -35.697  54.486 0.0000000000
60045  8.660  -35.302  54.587 0.0000000000
60064  8.324  -35.516  53.983 0.0000000000
60080  8.532  -35.032  52.736 0.0000000000
60097  7.821  -34.709  51.702 0.0000000000
65551  6.636  -28.580  55.235 0.0000000000
64448  6.509  -29.887  54.283 0.0000000000
64449  6.048  -29.578  54.255 0.0000000000
66682  4.740  -28.434  53.487 0.0000000000
49889  7.188  -42.989  55.478 0.0000000000
55153  5.671  -38.223  70.098 0.0000000000
59792  6.571  -35.439  70.601 0.0000000000
59791  7.091  -34.716  71.348 0.0000000000
60959  7.222  -33.803  71.366 0.0000000000
62079  8.152  -32.592  71.874 0.0000000000
60907  9.515  -32.770  73.572 0.0000000000
60908  9.017  -32.765  73.400 0.0000000000
62057  9.053  -32.230  73.446 0.0000000000
63128  9.808  -31.615  73.583 0.0000000000
62067  8.720  -32.072  73.029 0.0000000000
63134  9.216  -31.707  72.890 0.0000000000
63143  9.583  -31.727  71.862 0.0000000000
65385  11.886  -30.212  71.725 0.0000000000
65380  11.929  -30.060  72.569 0.0000000000
58694  18.479  -33.598  68.534 0.0000000000
59840  17.510  -33.785  67.264 0.0000000000
59826  17.440  -33.503  68.294 0.0000000000
58695  15.403  -34.397  67.572 0.0000000000
57494  14.093  -35.073  67.702 0.0000000000
55155  13.435  -36.954  67.969 0.0000000000
58681  13.707  -34.879  69.318 0.0000000000
58682  13.066  -35.177  69.614 0.0000000000
57479  13.752  -35.512  68.667 0.0000000000
56285  13.478  -36.418  68.342 0.0000000000
54100  13.400  -37.742  67.964 0.0000000000
54096  11.912  -38.146  69.128 0.0000000000
51951  9.285  -40.642  69.462 0.0000000000
51952  8.820  -40.991  69.820 0.0000000000
51939  8.442  -40.987  70.350 0.0000000000
51926  8.220  -40.607  70.635 0.0000000000
56262  10.132  -36.753  70.903 0.0000000000
56251  9.867  -37.267  70.874 0.0000000000
55128  9.845  -37.939  71.406 0.0000000000
56252  9.497  -37.171  71.327 0.0000000000
56248  9.540  -37.799  71.539 0.0000000000
54078  9.652  -38.257  71.031 0.0000000000
53037  8.778  -39.106  70.472 0.0000000000
53045  8.545  -39.941  70.750 0.0000000000
51918  7.930  -40.153  71.043 0.0000000000
51919  7.198  -40.220  70.821 0.0000000000
51920  6.774  -40.246  70.799 0.0000000000
53041  6.297  -39.571  71.092 0.0000000000
55138  7.145  -38.210  70.535 0.0000000000
55132  6.757  -38.763  70.655 0.0000000000
54087  6.076  -39.279  71.216 0.0000000000
54088  5.708  -39.252  71.110 0.0000000000
55147  5.780  -38.542  70.672 0.0000000000
62157  9.080  -34.469  64.258 0.0000000000
62166  9.753  -34.063  63.750 0.0000000000
62177  10.450  -33.711  63.079 0.0000000000
61103  10.541  -33.927  61.348 0.0000000000
64372  13.742  -30.621  62.112 0.0000000000
61101  12.167  -32.897  61.583 0.0000000000
61114  12.262  -33.178  61.205 0.0000000000
61115  11.641  -33.491  60.684 0.0000000000
61132  11.212  -33.627  59.868 0.0000000000
62191  12.004  -32.700  59.700 0.0000000000
62200  11.761  -32.755  58.647 0.0000000000
63259  12.793  -31.875  59.410 0.0000000000
62199  12.370  -32.371  59.084 0.0000000000
63263  12.016  -32.442  58.052 0.0000000000
63273  12.187  -32.112  57.422 0.0000000000
63286  11.972  -31.712  56.471 0.0000000000
63113  15.135  -31.321  75.508 0.0000000000
58693  18.961  -34.111  68.392 0.0000000000
57462  24.402  -35.806  69.972 0.0000000000
58658  21.364  -34.697  70.430 0.0000000000
58643  19.134  -34.292  70.946 0.0000000000
59784  17.557  -33.622  71.088 0.0000000000
59743  19.485  -34.160  73.238 0.0000000000
59765  16.834  -33.496  72.201 0.0000000000
60939  16.203  -33.278  72.206 0.0000000000
60920  15.511  -32.866  72.924 0.0000000000
60901  15.181  -32.751  73.689 0.0000000000
48662  4.346  -44.121  63.505 0.0000000000
49808  4.370  -43.578  63.206 0.0000000000
50993  4.431  -43.101  63.128 0.0000000000
53156  4.451  -40.370  63.669 0.0000000000
52050  4.398  -41.753  65.519 0.0000000000
53125  4.422  -40.741  65.351 0.0000000000
53140  4.468  -40.582  64.495 0.0000000000
58743  5.061  -36.847  65.380 0.0000000000
61034  6.321  -35.805  64.608 0.0000000000
61048  8.258  -34.545  64.810 0.0000000000
57455  5.753  -37.090  69.773 0.0000000000
59820  5.766  -35.732  69.173 0.0000000000
60968  5.768  -35.089  69.506 0.0000000000
58684  5.558  -36.506  68.723 0.0000000000
59830  5.733  -35.786  68.503 0.0000000000
60987  5.748  -34.972  68.726 0.0000000000
59829  5.853  -35.284  68.071 0.0000000000
62113  8.236  -33.181  69.607 0.0000000000
62111  9.435  -32.100  69.494 0.0000000000
62114  7.603  -33.445  69.028 0.0000000000
62123  7.561  -33.583  68.760 0.0000000000
59828  6.387  -34.768  67.942 0.0000000000
59842  6.764  -34.767  67.344 0.0000000000
59856  6.926  -34.912  66.519 0.0000000000
61013  8.029  -34.214  66.607 0.0000000000
61014  7.441  -34.663  66.208 0.0000000000
61031  7.776  -34.512  65.911 0.0000000000
59887  8.477  -34.347  65.168 0.0000000000
61047  9.055  -34.263  64.762 0.0000000000
62146  11.063  -32.169  65.726 0.0000000000
63239  11.515  -31.828  64.875 0.0000000000
65463  13.680  -30.111  64.815 0.0000000000
64329  12.289  -30.705  67.220 0.0000000000
63114  14.019  -31.150  75.867 0.0000000000
59855  16.716  -34.396  66.970 0.0000000000
58724  16.603  -34.968  65.872 0.0000000000
57531  16.490  -35.794  65.402 0.0000000000
56303  15.303  -36.330  66.221 0.0000000000
49691  7.097  -42.362  69.598 0.0000000000
48550  6.874  -43.394  68.915 0.0000000000
47401  6.887  -44.570  68.307 0.0000000000
46260  7.244  -45.191  67.819 0.0000000000
47522  4.728  -45.323  61.528 0.0000000000
52138  5.356  -41.876  61.583 0.0000000000
53192  5.521  -40.722  61.078 0.0000000000
52137  5.635  -41.598  60.853 0.0000000000
51025  5.431  -42.403  61.235 0.0000000000
49832  5.905  -43.525  60.281 0.0000000000
48695  5.882  -44.505  59.756 0.0000000000
52175  7.052  -41.436  58.809 0.0000000000
51091  6.721  -42.302  55.514 0.0000000000
62168  8.385  -35.162  63.439 0.0000000000
62181  7.716  -35.228  63.094 0.0000000000
61090  6.734  -35.556  62.234 0.0000000000
61110  5.455  -36.029  61.147 0.0000000000
61123  5.222  -35.908  60.537 0.0000000000
57621  4.274  -36.947  59.822 0.0000000000
61119  8.652  -35.413  59.881 0.0000000000
61137  7.130  -35.356  59.710 0.0000000000
61154  7.521  -35.645  58.888 0.0000000000
61155  6.705  -35.481  59.021 0.0000000000
61138  6.306  -35.332  59.836 0.0000000000
61157  5.256  -35.745  59.238 0.0000000000
58819  4.518  -36.438  59.500 0.0000000000
56422  4.643  -37.272  59.396 0.0000000000
56441  5.044  -37.600  58.898 0.0000000000
55310  5.248  -37.724  58.168 0.0000000000
55347  5.555  -38.619  57.424 0.0000000000
55332  5.329  -37.686  57.429 0.0000000000
55348  5.476  -38.392  57.085 0.0000000000
54247  5.905  -39.146  57.045 0.0000000000
52214  6.629  -41.381  55.799 0.0000000000
52215  6.048  -41.398  55.077 0.0000000000
58882  6.443  -36.731  55.033 0.0000000000
56557  5.692  -38.084  53.369 0.0000000000
57741  6.191  -37.181  52.879 0.0000000000
56558  5.137  -38.426  53.217 0.0000000000
68777  14.951  -26.297  61.072 0.0000000000
67673  14.373  -27.305  60.160 0.0000000000
68792  13.611  -26.198  60.084 0.0000000000
68807  13.982  -26.778  59.865 0.0000000000
67689  13.874  -27.471  59.690 0.0000000000
66596  13.398  -28.892  58.934 0.0000000000
65503  12.782  -29.540  57.990 0.0000000000
64403  12.451  -30.691  57.087 0.0000000000
64418  12.153  -30.954  56.577 0.0000000000
66612  10.322  -27.951  57.488 0.0000000000
65514  10.360  -28.609  56.737 0.0000000000
64419  11.533  -30.703  56.010 0.0000000000
63302  11.515  -31.588  55.666 0.0000000000
62231  10.554  -32.273  54.549 0.0000000000
61207  9.977  -33.032  53.543 0.0000000000
63330  9.428  -31.493  53.793 0.0000000000
62241  9.464  -32.404  53.574 0.0000000000
61209  8.842  -33.028  52.872 0.0000000000
61234  7.468  -33.466  51.266 0.0000000000
64480  6.875  -30.792  52.559 0.0000000000
63355  6.893  -31.411  51.860 0.0000000000
60117  6.741  -34.445  50.613 0.0000000000
46228  5.459  -44.803  67.856 0.0000000000
46240  6.901  -45.247  68.044 0.0000000000
47382  5.746  -44.310  68.595 0.0000000000
47383  5.216  -44.101  68.212 0.0000000000
47402  6.512  -44.752  68.337 0.0000000000
47420  7.142  -45.246  67.526 0.0000000000
47465  2.811  -44.935  65.706 0.0000000000
48532  5.127  -43.078  68.575 0.0000000000
48586  7.621  -43.941  67.835 0.0000000000
48613  2.917  -44.724  66.272 0.0000000000
48627  2.685  -44.700  65.959 0.0000000000
48676  4.400  -44.178  63.019 0.0000000000
49677  6.673  -42.163  69.989 0.0000000000
49694  5.604  -42.582  68.987 0.0000000000
49695  5.261  -42.639  68.767 0.0000000000
49711  7.336  -42.552  69.238 0.0000000000
49725  7.929  -42.891  68.360 0.0000000000
49822  4.484  -43.824  62.806 0.0000000000
49834  5.296  -42.905  61.761 0.0000000000
50835  6.358  -42.109  70.185 0.0000000000
50846  7.581  -41.835  70.139 0.0000000000
50847  6.145  -41.694  70.556 0.0000000000
50850  5.367  -42.359  69.013 0.0000000000
50865  5.683  -41.901  70.100 0.0000000000
50866  5.541  -41.930  69.804 0.0000000000
51023  6.456  -42.034  60.049 0.0000000000
51081  6.952  -41.911  55.993 0.0000000000
51924  9.230  -40.109  70.262 0.0000000000
51927  7.527  -40.725  70.596 0.0000000000
51929  6.044  -40.705  70.719 0.0000000000
51953  8.538  -41.211  70.081 0.0000000000
51955  5.396  -41.538  69.721 0.0000000000
51991  4.645  -41.324  67.839 0.0000000000
52013  4.652  -41.375  67.601 0.0000000000
52081  4.545  -41.170  63.554 0.0000000000
52114  5.568  -41.081  60.974 0.0000000000
52139  5.355  -42.064  62.013 0.0000000000
52201  7.502  -42.113  56.588 0.0000000000
53040  6.746  -39.774  70.943 0.0000000000
53054  11.569  -38.674  68.869 0.0000000000
53057  5.583  -41.215  70.217 0.0000000000
53075  4.599  -40.998  67.631 0.0000000000
53155  4.562  -40.925  63.506 0.0000000000
53193  5.356  -40.417  61.474 0.0000000000
53216  5.754  -40.678  60.591 0.0000000000
53276  6.853  -40.388  58.125 0.0000000000
54081  7.935  -38.778  70.623 0.0000000000
54083  6.499  -39.242  70.989 0.0000000000
54086  7.460  -38.598  70.586 0.0000000000
54161  4.993  -38.500  63.005 0.0000000000
54174  5.416  -39.883  61.187 0.0000000000
54186  5.258  -38.724  61.126 0.0000000000
54196  5.564  -39.118  60.179 0.0000000000
54205  5.883  -39.477  59.002 0.0000000000
55129  9.495  -38.141  71.439 0.0000000000
55133  6.647  -38.972  70.819 0.0000000000
55139  6.343  -38.771  70.903 0.0000000000
55140  5.888  -38.922  71.205 0.0000000000
55148  5.498  -38.939  70.418 0.0000000000
55157  12.580  -37.123  68.953 0.0000000000
55212  5.089  -38.254  63.235 0.0000000000
55213  4.977  -38.437  63.689 0.0000000000
55231  5.471  -38.128  62.206 0.0000000000
55267  5.363  -38.365  60.468 0.0000000000
55288  5.448  -38.500  59.619 0.0000000000
55308  5.494  -38.955  58.743 0.0000000000
55311  5.105  -37.535  57.931 0.0000000000
55329  5.510  -38.789  57.929 0.0000000000
55331  5.409  -38.030  57.542 0.0000000000
55349  5.095  -38.054  56.667 0.0000000000
55350  5.368  -37.881  57.053 0.0000000000
55365  4.553  -38.036  56.055 0.0000000000
55375  5.490  -38.300  54.065 0.0000000000
56249  9.263  -37.992  71.524 0.0000000000
56250  10.141  -37.197  70.682 0.0000000000
56259  11.923  -37.436  70.125 0.0000000000
56354  5.172  -37.810  63.074 0.0000000000
56387  5.156  -37.357  61.000 0.0000000000
56388  5.059  -37.416  60.528 0.0000000000
56404  4.928  -37.183  60.595 0.0000000000
56405  4.709  -37.299  60.161 0.0000000000
56420  5.259  -37.893  59.612 0.0000000000
56421  5.003  -37.632  59.526 0.0000000000
56491  5.361  -37.477  57.210 0.0000000000
56517  4.661  -37.730  55.784 0.0000000000
56589  5.582  -37.217  51.661 0.0000000000
57448  24.358  -36.434  70.047 0.0000000000
57461  24.458  -35.805  70.265 0.0000000000
57466  5.443  -37.670  68.550 0.0000000000
57510  15.279  -35.918  66.516 0.0000000000
57551  5.150  -37.612  63.234 0.0000000000
57552  5.079  -37.442  63.429 0.0000000000
57584  4.955  -36.898  61.092 0.0000000000
57656  4.538  -37.037  58.137 0.0000000000
57713  5.419  -37.300  55.649 0.0000000000
57738  7.992  -36.301  53.075 0.0000000000
57739  7.771  -36.245  53.169 0.0000000000
57765  7.861  -36.231  52.897 0.0000000000
58615  8.270  -35.733  72.034 0.0000000000
58628  10.998  -34.617  71.892 0.0000000000
58672  23.861  -35.516  70.047 0.0000000000
58726  6.723  -35.263  66.378 0.0000000000
58727  6.588  -35.356  66.213 0.0000000000
58728  5.342  -36.215  66.728 0.0000000000
58741  6.771  -35.434  66.038 0.0000000000
58742  6.614  -35.208  66.018 0.0000000000
58756  6.612  -35.799  65.920 0.0000000000
58789  4.682  -36.078  61.774 0.0000000000
58790  4.821  -36.428  61.448 0.0000000000
58791  4.894  -36.599  60.734 0.0000000000
58805  4.544  -36.584  60.163 0.0000000000
58835  4.866  -36.498  58.073 0.0000000000
58853  6.012  -37.270  56.965 0.0000000000
58862  7.703  -35.616  54.966 0.0000000000
58865  6.369  -37.298  56.026 0.0000000000
58866  6.078  -37.305  56.113 0.0000000000
58883  6.130  -37.238  55.631 0.0000000000
58903  7.849  -36.215  53.373 0.0000000000
58904  7.781  -36.046  53.577 0.0000000000
58967  7.069  -34.882  50.651 0.0000000000
59753  8.909  -34.973  72.754 0.0000000000
59782  19.088  -34.248  70.643 0.0000000000
59807  6.909  -34.187  70.955 0.0000000000
59859  5.410  -36.352  65.578 0.0000000000
59870  8.756  -33.992  65.793 0.0000000000
59871  8.414  -34.281  65.623 0.0000000000
59872  8.192  -34.418  65.334 0.0000000000
59873  6.918  -35.094  65.948 0.0000000000
59875  5.493  -36.526  64.767 0.0000000000
59886  8.756  -34.169  65.388 0.0000000000
59888  6.768  -36.086  66.017 0.0000000000
59889  6.773  -35.403  65.920 0.0000000000
59902  9.006  -34.112  65.240 0.0000000000
59903  8.984  -34.210  64.960 0.0000000000
59904  8.490  -34.407  64.901 0.0000000000
59921  4.807  -35.906  61.897 0.0000000000
59922  5.042  -35.929  61.853 0.0000000000
59936  9.881  -34.557  60.956 0.0000000000
59940  4.850  -35.991  61.574 0.0000000000
59942  4.801  -36.307  60.387 0.0000000000
59952  10.101  -34.556  60.479 0.0000000000
59956  7.441  -35.367  60.542 0.0000000000
59958  5.970  -35.433  60.214 0.0000000000
59959  4.948  -35.915  60.194 0.0000000000
59960  4.631  -36.174  59.967 0.0000000000
59971  7.527  -35.299  60.055 0.0000000000
59973  5.965  -35.308  59.985 0.0000000000
59974  5.773  -35.436  60.084 0.0000000000
59975  4.766  -35.957  59.991 0.0000000000
59976  4.704  -36.047  59.658 0.0000000000
59989  5.060  -36.119  58.618 0.0000000000
59990  4.791  -36.070  59.211 0.0000000000
60003  10.277  -34.481  56.797 0.0000000000
60006  5.445  -36.333  57.978 0.0000000000
60014  10.628  -34.229  56.095 0.0000000000
60021  6.144  -36.828  57.351 0.0000000000
60048  6.630  -37.253  55.907 0.0000000000
60078  9.218  -34.274  52.947 0.0000000000
60929  7.343  -33.221  72.375 0.0000000000
60937  18.437  -33.754  71.524 0.0000000000
60973  16.893  -33.113  68.854 0.0000000000
60977  5.696  -35.193  69.069 0.0000000000
60981  16.853  -33.435  68.464 0.0000000000
60982  16.671  -33.328  68.669 0.0000000000
60995  8.832  -33.200  67.794 0.0000000000
60999  5.654  -35.793  66.430 0.0000000000
61065  9.056  -34.209  64.962 0.0000000000
61066  8.718  -34.368  64.818 0.0000000000
61067  8.462  -34.500  64.674 0.0000000000
61109  5.982  -35.932  61.208 0.0000000000
61121  6.213  -35.534  60.507 0.0000000000
61139  5.678  -35.458  59.798 0.0000000000
61141  4.845  -35.877  59.786 0.0000000000
61158  4.911  -35.866  59.548 0.0000000000
61165  10.758  -34.134  57.249 0.0000000000
61190  11.465  -32.876  55.717 0.0000000000
61221  8.066  -34.159  52.069 0.0000000000
61246  7.039  -34.011  50.751 0.0000000000
62028  12.636  -31.913  77.196 0.0000000000
62029  12.162  -31.701  77.173 0.0000000000
62030  11.932  -31.538  77.032 0.0000000000
62031  12.627  -32.175  77.029 0.0000000000
62032  12.218  -32.083  77.083 0.0000000000
62033  11.865  -31.850  77.055 0.0000000000
62065  13.217  -32.709  72.906 0.0000000000
62066  13.078  -32.669  73.110 0.0000000000
62070  7.127  -33.171  72.241 0.0000000000
62102  8.128  -33.120  70.563 0.0000000000
62104  5.873  -34.805  69.430 0.0000000000
62115  6.177  -34.657  69.241 0.0000000000
62116  5.790  -34.857  69.158 0.0000000000
62125  5.775  -34.857  68.929 0.0000000000
62134  9.020  -32.857  68.048 0.0000000000
62169  7.883  -35.210  63.345 0.0000000000
62175  12.012  -32.349  62.635 0.0000000000
62179  8.942  -35.216  62.987 0.0000000000
62240  10.134  -32.666  53.856 0.0000000000
62243  8.436  -32.088  52.710 0.0000000000
62251  8.546  -32.642  52.582 0.0000000000
62252  8.339  -32.067  52.120 0.0000000000
63101  13.764  -31.271  77.163 0.0000000000
63102  13.306  -31.440  77.172 0.0000000000
63103  12.627  -31.367  77.167 0.0000000000
63104  12.206  -31.245  77.006 0.0000000000
63107  12.655  -31.650  76.657 0.0000000000
63115  13.125  -31.171  75.615 0.0000000000
63124  12.754  -31.207  74.869 0.0000000000
63285  12.394  -31.383  56.969 0.0000000000
63332  8.467  -31.805  52.981 0.0000000000
63341  8.476  -31.319  52.924 0.0000000000
63354  7.794  -31.637  51.995 0.0000000000
64232  14.012  -31.176  77.140 0.0000000000
64234  13.180  -30.888  77.153 0.0000000000
64236  14.143  -30.860  76.719 0.0000000000
64237  13.708  -30.568  76.771 0.0000000000
64287  10.141  -31.291  70.415 0.0000000000
64368  14.248  -30.126  63.618 0.0000000000
64420  10.891  -30.073  55.978 0.0000000000
64432  11.309  -30.979  55.373 0.0000000000
64461  9.094  -31.062  53.480 0.0000000000
66579  14.305  -28.011  59.981 0.0000000000
66599  9.919  -27.447  57.979 0.0000000000
66642  6.403  -28.183  55.747 0.0000000000
67710  9.731  -27.075  58.784 0.0000000000
67720  10.768  -27.590  57.808 0.0000000000
