#!ascii label  , from subject 3327 vox2ras=TkReg
1259
121596  45.918  25.893  25.786 0.0000000000
124605  50.242  30.125  37.524 0.0000000000
117195  53.293  21.215  24.375 0.0000000000
118844  39.751  22.506  24.482 0.0000000000
118053  42.631  21.256  21.891 0.0000000000
125488  50.894  30.453  29.193 0.0000000000
125429  46.308  30.677  35.769 0.0000000000
130111  45.638  37.781  36.001 0.0000000000
113908  53.269  16.727  28.697 0.0000000000
113017  49.121  15.405  27.125 0.0000000000
123878  48.099  28.443  31.160 0.0000000000
118805  47.683  21.915  27.400 0.0000000000
119661  50.089  23.639  32.391 0.0000000000
117932  51.682  21.933  30.639 0.0000000000
130729  46.416  38.190  29.522 0.0000000000
127045  47.765  33.072  32.832 0.0000000000
114862  46.871  18.232  19.544 0.0000000000
120669  42.711  24.873  24.810 0.0000000000
118025  41.499  21.788  23.359 0.0000000000
118834  42.469  22.532  25.376 0.0000000000
123929  49.777  28.330  25.777 0.0000000000
123203  44.922  27.538  25.533 0.0000000000
127687  44.381  33.712  33.692 0.0000000000
112978  53.691  15.678  32.175 0.0000000000
111129  53.363  13.943  30.214 0.0000000000
110175  54.544  12.784  32.989 0.0000000000
131285  49.389  39.227  27.445 0.0000000000
123847  49.210  28.889  34.109 0.0000000000
121542  47.293  26.233  32.750 0.0000000000
122381  48.380  26.613  35.679 0.0000000000
117056  49.778  21.219  36.816 0.0000000000
117894  53.021  21.754  34.642 0.0000000000
117905  49.844  21.457  33.163 0.0000000000
116343  49.037  19.792  29.593 0.0000000000
128233  48.906  34.573  37.275 0.0000000000
128909  47.264  35.307  34.639 0.0000000000
126240  50.091  31.843  35.748 0.0000000000
125445  51.675  30.065  33.085 0.0000000000
117990  50.960  22.070  25.605 0.0000000000
117215  48.364  20.898  22.210 0.0000000000
116419  51.069  20.139  21.021 0.0000000000
115636  41.916  18.948  23.760 0.0000000000
114831  43.550  17.720  22.032 0.0000000000
127709  51.051  33.602  30.794 0.0000000000
127066  47.778  32.410  30.247 0.0000000000
125415  48.628  31.054  38.288 0.0000000000
123092  49.467  27.225  37.669 0.0000000000
129562  40.265  36.306  31.341 0.0000000000
130143  43.470  36.583  32.691 0.0000000000
127658  46.633  33.709  35.419 0.0000000000
116369  53.172  19.143  25.881 0.0000000000
114799  51.379  17.608  24.194 0.0000000000
113026  52.310  15.835  26.800 0.0000000000
111143  50.501  13.598  29.611 0.0000000000
123168  47.803  27.615  28.221 0.0000000000
120633  45.461  24.155  27.877 0.0000000000
120613  46.711  24.807  29.773 0.0000000000
119695  49.474  23.459  29.481 0.0000000000
119693  52.056  23.530  29.349 0.0000000000
120569  50.785  24.182  35.983 0.0000000000
119669  53.160  23.367  31.719 0.0000000000
117959  53.096  22.094  28.149 0.0000000000
116359  50.788  19.775  27.518 0.0000000000
113886  51.196  16.862  30.279 0.0000000000
130773  46.981  38.689  26.792 0.0000000000
130727  48.545  39.394  29.606 0.0000000000
130696  47.782  38.512  32.820 0.0000000000
128955  50.410  35.386  31.422 0.0000000000
127052  51.233  31.698  31.152 0.0000000000
124684  51.485  29.264  29.273 0.0000000000
117189  44.940  20.781  24.511 0.0000000000
117244  44.944  20.120  20.765 0.0000000000
113103  43.158  15.776  19.633 0.0000000000
114814  48.330  17.573  23.537 0.0000000000
121611  44.137  25.392  25.003 0.0000000000
119746  42.239  23.424  25.188 0.0000000000
120651  44.055  24.367  26.360 0.0000000000
122452  47.406  26.576  25.804 0.0000000000
123201  47.257  27.697  25.196 0.0000000000
122464  45.876  26.790  25.133 0.0000000000
122476  43.548  26.109  24.680 0.0000000000
112022  54.079  14.618  34.185 0.0000000000
112035  54.533  14.310  32.701 0.0000000000
111085  55.158  13.129  34.367 0.0000000000
113059  41.983  15.483  23.041 0.0000000000
124624  49.641  29.563  35.747 0.0000000000
123834  48.345  28.035  35.218 0.0000000000
123823  48.737  28.491  36.183 0.0000000000
117084  48.981  20.501  35.940 0.0000000000
117091  49.879  20.627  35.181 0.0000000000
126977  50.114  32.446  37.918 0.0000000000
127643  49.680  33.384  36.690 0.0000000000
126239  50.515  31.485  36.393 0.0000000000
124622  51.405  29.924  34.759 0.0000000000
117989  51.962  22.381  25.254 0.0000000000
118020  50.443  21.269  23.275 0.0000000000
117211  52.340  20.865  22.790 0.0000000000
117998  38.246  21.515  24.985 0.0000000000
117207  39.043  21.329  24.006 0.0000000000
118043  41.294  20.998  22.807 0.0000000000
117223  40.791  20.343  22.947 0.0000000000
117221  41.975  19.831  22.450 0.0000000000
115635  42.773  18.413  23.466 0.0000000000
116421  42.594  19.330  21.738 0.0000000000
126294  50.802  31.756  30.538 0.0000000000
127061  49.318  32.793  30.639 0.0000000000
126307  48.871  31.523  30.134 0.0000000000
121628  40.770  24.768  24.889 0.0000000000
119748  38.655  23.158  25.417 0.0000000000
125422  47.555  30.999  37.155 0.0000000000
124598  47.760  29.453  38.276 0.0000000000
124608  46.841  29.533  37.593 0.0000000000
126254  45.741  31.747  34.529 0.0000000000
127673  45.402  33.691  34.176 0.0000000000
126253  46.508  32.178  34.977 0.0000000000
126996  48.141  32.427  36.811 0.0000000000
114771  53.357  17.497  27.282 0.0000000000
113937  53.193  17.192  26.049 0.0000000000
113024  53.514  16.248  27.574 0.0000000000
111119  51.961  12.990  31.210 0.0000000000
111142  51.586  13.804  29.885 0.0000000000
110195  51.129  12.443  31.002 0.0000000000
123883  47.909  28.453  29.910 0.0000000000
122421  46.728  26.561  29.081 0.0000000000
122410  47.004  26.679  30.331 0.0000000000
120589  48.282  24.602  33.254 0.0000000000
120599  48.021  24.585  31.242 0.0000000000
119684  49.815  23.629  30.404 0.0000000000
119694  50.832  23.388  29.334 0.0000000000
119683  51.006  23.552  30.366 0.0000000000
123083  50.484  26.496  38.192 0.0000000000
122357  50.292  26.091  37.224 0.0000000000
120551  51.522  24.271  37.067 0.0000000000
117909  52.640  21.758  33.311 0.0000000000
119651  53.274  22.584  33.930 0.0000000000
118769  53.261  22.302  31.537 0.0000000000
119691  53.511  23.125  29.744 0.0000000000
117951  52.497  21.683  28.773 0.0000000000
117144  52.000  20.728  27.102 0.0000000000
117953  50.749  20.663  28.524 0.0000000000
115554  48.837  18.483  29.835 0.0000000000
114756  49.671  18.065  29.467 0.0000000000
130739  47.308  38.643  28.395 0.0000000000
131278  47.866  39.105  28.429 0.0000000000
131260  47.935  39.339  29.756 0.0000000000
130121  43.940  37.948  34.755 0.0000000000
130142  44.519  37.053  32.602 0.0000000000
130680  45.804  38.652  34.785 0.0000000000
128286  47.369  34.379  33.746 0.0000000000
129529  46.933  36.420  33.604 0.0000000000
128943  47.815  35.359  32.401 0.0000000000
130150  49.037  36.884  31.733 0.0000000000
128306  48.636  34.338  32.008 0.0000000000
127706  49.950  33.409  31.569 0.0000000000
127043  49.642  31.990  31.965 0.0000000000
124669  51.042  29.419  32.497 0.0000000000
124673  52.031  29.357  30.936 0.0000000000
123881  50.299  29.227  30.477 0.0000000000
123901  49.745  28.533  28.303 0.0000000000
118794  46.412  22.733  28.130 0.0000000000
117981  44.970  21.244  26.439 0.0000000000
117993  46.435  20.698  26.102 0.0000000000
117241  48.226  20.510  20.267 0.0000000000
117231  46.700  20.505  21.168 0.0000000000
116441  46.034  19.023  19.156 0.0000000000
115678  44.595  18.194  18.850 0.0000000000
114872  45.446  17.182  18.811 0.0000000000
113940  50.369  16.872  25.382 0.0000000000
114813  49.495  18.186  23.280 0.0000000000
114790  48.566  17.150  25.098 0.0000000000
120671  41.006  24.189  24.415 0.0000000000
118843  40.306  22.240  24.159 0.0000000000
119754  41.239  23.390  24.241 0.0000000000
118849  41.724  22.401  23.761 0.0000000000
118024  42.307  21.831  23.511 0.0000000000
124689  50.455  29.558  27.562 0.0000000000
121627  41.545  24.971  24.726 0.0000000000
113897  54.118  16.144  29.940 0.0000000000
112071  54.143  15.307  29.016 0.0000000000
112988  54.360  15.221  31.049 0.0000000000
111109  54.158  13.490  32.198 0.0000000000
123863  49.387  29.079  33.212 0.0000000000
123142  47.496  27.685  32.318 0.0000000000
123138  47.743  27.478  33.730 0.0000000000
122397  47.647  26.416  34.007 0.0000000000
120584  48.553  24.495  34.146 0.0000000000
119610  51.010  23.325  37.580 0.0000000000
119623  52.187  23.460  37.045 0.0000000000
117871  51.511  21.423  36.359 0.0000000000
117903  51.838  21.435  33.918 0.0000000000
117911  50.790  21.663  32.474 0.0000000000
117933  50.543  21.450  30.162 0.0000000000
117924  49.412  21.037  30.929 0.0000000000
116324  48.113  19.723  30.742 0.0000000000
114726  47.992  17.449  30.796 0.0000000000
130730  45.480  37.477  29.749 0.0000000000
129500  47.517  36.345  36.605 0.0000000000
130109  47.210  37.222  36.067 0.0000000000
129499  48.203  35.902  36.392 0.0000000000
128263  48.183  34.228  35.380 0.0000000000
127030  48.172  32.303  33.883 0.0000000000
126272  49.448  31.043  32.753 0.0000000000
125436  50.515  30.607  34.567 0.0000000000
124652  51.088  29.512  33.487 0.0000000000
118819  49.061  21.802  26.890 0.0000000000
117171  48.165  20.722  25.470 0.0000000000
117185  49.015  20.900  24.629 0.0000000000
117228  49.457  20.483  21.151 0.0000000000
115665  49.151  19.505  19.871 0.0000000000
112089  48.256  14.776  27.753 0.0000000000
113030  47.437  15.737  26.517 0.0000000000
115610  40.693  18.910  25.715 0.0000000000
117205  40.063  20.479  23.676 0.0000000000
116394  41.051  19.380  24.471 0.0000000000
115608  41.965  18.481  25.221 0.0000000000
114804  42.702  17.707  24.400 0.0000000000
113967  42.674  16.518  23.203 0.0000000000
113067  42.340  15.672  21.970 0.0000000000
128342  50.791  34.754  30.345 0.0000000000
128344  48.872  34.264  29.983 0.0000000000
126202  50.119  31.172  38.998 0.0000000000
124606  49.829  29.333  38.038 0.0000000000
124596  49.597  29.722  38.619 0.0000000000
123085  48.914  27.574  38.134 0.0000000000
122344  49.558  26.619  38.193 0.0000000000
120539  49.846  24.623  37.686 0.0000000000
119612  49.197  23.575  37.092 0.0000000000
129545  41.905  36.526  32.104 0.0000000000
130131  43.386  37.241  33.720 0.0000000000
129510  44.222  37.420  35.345 0.0000000000
128902  45.853  36.044  35.468 0.0000000000
128241  47.223  34.788  36.409 0.0000000000
126978  49.481  32.533  37.887 0.0000000000
116392  53.412  19.726  25.001 0.0000000000
115630  52.800  18.883  23.726 0.0000000000
114797  53.160  18.242  24.468 0.0000000000
113926  51.919  16.468  26.172 0.0000000000
113027  51.155  15.982  26.780 0.0000000000
112073  53.052  14.890  28.475 0.0000000000
112086  51.527  14.725  28.160 0.0000000000
112088  49.512  14.874  27.946 0.0000000000
122442  47.164  26.619  26.725 0.0000000000
121587  45.221  24.866  27.049 0.0000000000
122432  46.394  25.927  28.369 0.0000000000
120624  46.547  24.430  29.213 0.0000000000
119698  47.029  23.744  29.188 0.0000000000
121550  47.202  25.674  31.050 0.0000000000
120611  47.932  24.343  30.493 0.0000000000
119709  48.338  23.114  28.703 0.0000000000
118790  50.035  22.637  27.917 0.0000000000
118801  51.409  22.932  26.892 0.0000000000
119744  52.955  23.142  25.987 0.0000000000
123100  49.016  27.451  36.790 0.0000000000
121528  49.116  25.271  35.796 0.0000000000
119647  50.496  23.634  34.216 0.0000000000
119632  52.266  23.518  36.039 0.0000000000
119653  52.187  23.361  33.660 0.0000000000
119660  51.202  23.558  32.451 0.0000000000
119692  53.021  23.448  29.479 0.0000000000
119704  53.446  23.162  28.596 0.0000000000
117987  53.183  21.813  25.722 0.0000000000
117169  52.566  20.489  26.001 0.0000000000
115598  52.185  19.069  26.647 0.0000000000
114772  52.090  17.811  27.542 0.0000000000
116351  49.953  19.724  28.561 0.0000000000
115563  51.172  17.915  28.609 0.0000000000
113899  52.262  16.913  29.465 0.0000000000
113867  52.562  16.191  31.488 0.0000000000
130771  48.264  38.937  27.146 0.0000000000
131276  49.034  39.252  28.412 0.0000000000
130713  50.427  37.933  30.061 0.0000000000
130679  46.708  38.475  34.934 0.0000000000
130706  47.690  38.816  31.729 0.0000000000
130705  48.804  38.969  31.745 0.0000000000
130160  49.915  38.008  31.138 0.0000000000
129571  51.045  36.469  30.818 0.0000000000
128317  51.099  34.496  31.405 0.0000000000
127059  50.965  32.327  30.928 0.0000000000
126293  51.691  31.400  30.601 0.0000000000
125478  51.230  30.524  32.005 0.0000000000
125476  52.404  30.473  31.051 0.0000000000
124687  52.145  29.886  28.742 0.0000000000
123918  50.404  28.661  27.595 0.0000000000
123190  48.606  27.429  26.330 0.0000000000
119725  43.838  23.040  26.985 0.0000000000
117996  43.538  21.530  25.541 0.0000000000
117220  43.494  21.204  22.844 0.0000000000
117201  46.566  20.615  23.554 0.0000000000
117218  45.424  20.800  22.563 0.0000000000
117245  43.892  20.026  20.915 0.0000000000
115668  43.743  18.311  20.613 0.0000000000
113987  43.256  16.662  20.786 0.0000000000
115632  50.889  18.573  22.720 0.0000000000
115646  49.127  18.438  22.083 0.0000000000
114844  47.339  17.710  21.401 0.0000000000
113943  47.008  16.491  25.280 0.0000000000
113999  45.825  16.783  20.625 0.0000000000
109199  55.133  11.297  34.550 0.0000000000
108191  53.870  10.550  33.544 0.0000000000
121598  44.230  24.937  25.745 0.0000000000
120660  43.724  24.753  25.679 0.0000000000
121597  44.962  25.153  26.041 0.0000000000
122463  46.625  26.535  25.331 0.0000000000
121610  45.277  26.012  25.331 0.0000000000
111086  54.884  13.777  34.500 0.0000000000
124613  50.401  30.089  36.367 0.0000000000
124614  49.639  29.421  36.941 0.0000000000
126231  50.399  31.557  37.493 0.0000000000
125421  50.611  30.774  36.927 0.0000000000
118003  52.553  22.294  24.828 0.0000000000
118018  52.297  21.755  23.568 0.0000000000
117196  52.966  20.921  23.630 0.0000000000
118845  38.979  22.779  24.730 0.0000000000
118013  39.065  21.785  24.445 0.0000000000
118054  41.978  20.949  22.240 0.0000000000
118055  41.692  20.714  22.452 0.0000000000
117235  42.499  20.201  22.064 0.0000000000
116412  42.207  19.495  22.303 0.0000000000
126306  50.254  31.231  29.918 0.0000000000
126295  49.838  32.047  30.391 0.0000000000
120672  40.279  24.077  24.682 0.0000000000
120673  39.812  24.057  25.203 0.0000000000
119756  39.516  23.375  24.841 0.0000000000
118835  38.349  22.358  25.055 0.0000000000
125423  47.044  30.560  36.850 0.0000000000
125417  47.337  30.105  37.503 0.0000000000
126243  46.297  31.343  35.141 0.0000000000
126242  47.027  31.639  35.883 0.0000000000
114763  53.333  17.017  27.991 0.0000000000
113924  53.628  16.783  26.834 0.0000000000
113917  53.584  16.593  27.827 0.0000000000
123146  47.340  27.729  30.695 0.0000000000
120591  49.046  24.063  32.330 0.0000000000
119672  49.969  23.680  31.368 0.0000000000
121485  50.768  25.654  38.393 0.0000000000
122348  51.403  25.985  38.061 0.0000000000
121484  51.282  25.368  38.190 0.0000000000
117921  52.809  21.953  32.259 0.0000000000
117931  52.679  22.154  31.163 0.0000000000
118783  53.224  22.490  30.299 0.0000000000
117942  52.801  22.263  30.010 0.0000000000
117943  51.593  21.513  29.480 0.0000000000
113888  48.831  17.191  30.615 0.0000000000
130740  46.568  38.160  28.469 0.0000000000
130728  47.174  38.617  29.259 0.0000000000
131270  47.694  39.009  29.109 0.0000000000
130716  47.269  38.852  30.364 0.0000000000
130672  44.675  38.128  35.289 0.0000000000
130120  45.087  38.190  34.482 0.0000000000
130671  45.316  38.254  35.439 0.0000000000
127685  47.599  33.606  33.223 0.0000000000
128928  47.040  35.422  33.384 0.0000000000
128307  47.635  34.269  32.769 0.0000000000
127699  48.107  33.407  32.428 0.0000000000
127698  49.209  33.283  31.991 0.0000000000
127044  48.403  32.219  32.780 0.0000000000
123877  49.312  28.984  31.346 0.0000000000
123876  50.333  29.333  31.468 0.0000000000
123882  48.973  28.919  30.217 0.0000000000
118793  47.128  22.551  28.242 0.0000000000
117966  46.359  21.486  27.224 0.0000000000
117965  47.199  21.572  27.182 0.0000000000
116439  47.854  19.377  19.415 0.0000000000
116427  47.399  19.612  19.590 0.0000000000
116440  47.037  19.125  19.212 0.0000000000
115685  45.727  17.791  18.729 0.0000000000
114863  46.257  17.683  19.401 0.0000000000
113038  49.281  16.469  26.028 0.0000000000
113941  49.280  16.995  25.422 0.0000000000
113039  48.822  16.509  25.806 0.0000000000
120670  41.759  24.357  24.769 0.0000000000
118841  42.136  22.688  24.365 0.0000000000
118010  42.645  21.903  24.424 0.0000000000
124722  50.181  28.612  26.267 0.0000000000
124706  48.997  29.407  26.685 0.0000000000
124723  49.389  28.921  25.969 0.0000000000
123202  46.319  27.541  25.261 0.0000000000
123940  46.797  28.577  25.810 0.0000000000
121625  43.293  25.488  24.750 0.0000000000
122477  42.862  25.942  24.762 0.0000000000
121626  42.385  25.241  24.715 0.0000000000
113883  54.176  15.924  30.808 0.0000000000
112996  54.397  15.447  30.097 0.0000000000
111097  54.959  13.426  33.459 0.0000000000
111110  53.560  12.986  32.033 0.0000000000
110176  53.712  12.422  32.595 0.0000000000
131302  48.488  39.025  26.622 0.0000000000
131315  48.545  39.154  25.455 0.0000000000
123864  48.444  28.388  33.487 0.0000000000
123115  48.244  27.273  35.353 0.0000000000
123130  48.054  27.284  34.598 0.0000000000
122395  48.004  26.433  34.909 0.0000000000
121539  48.033  25.415  34.250 0.0000000000
121529  48.303  25.732  35.343 0.0000000000
118720  50.260  22.464  37.163 0.0000000000
118735  51.244  22.065  36.924 0.0000000000
117873  50.653  21.531  36.730 0.0000000000
117898  49.844  21.173  34.232 0.0000000000
117897  50.882  21.131  34.705 0.0000000000
117904  50.849  21.478  33.589 0.0000000000
117912  49.697  21.513  32.047 0.0000000000
117110  48.379  20.358  31.078 0.0000000000
116325  47.616  19.334  30.912 0.0000000000
115555  48.044  18.680  30.459 0.0000000000
115541  47.494  18.494  30.757 0.0000000000
128885  48.111  35.410  37.287 0.0000000000
128891  48.622  35.197  36.743 0.0000000000
127008  49.639  32.605  35.816 0.0000000000
127655  49.286  33.487  35.940 0.0000000000
127009  49.026  32.906  35.468 0.0000000000
127021  48.507  32.580  34.823 0.0000000000
126251  49.391  31.634  34.798 0.0000000000
125437  49.635  30.843  34.203 0.0000000000
124635  49.964  29.499  34.719 0.0000000000
124634  51.049  29.529  34.407 0.0000000000
124653  50.206  29.397  33.841 0.0000000000
124670  50.346  29.461  33.082 0.0000000000
117976  49.972  21.763  26.481 0.0000000000
117992  49.211  21.168  25.262 0.0000000000
117991  49.855  21.458  25.456 0.0000000000
117213  50.738  20.804  22.081 0.0000000000
118035  50.101  20.935  22.604 0.0000000000
117227  50.477  20.457  21.405 0.0000000000
116426  49.590  20.062  20.250 0.0000000000
115658  49.697  19.437  21.059 0.0000000000
116383  40.142  19.214  26.096 0.0000000000
118026  40.404  21.613  23.678 0.0000000000
118044  40.595  20.864  23.204 0.0000000000
116405  41.269  19.490  23.996 0.0000000000
116406  40.775  19.838  23.373 0.0000000000
115620  41.411  18.965  24.720 0.0000000000
114792  42.281  17.796  25.378 0.0000000000
115619  42.284  18.454  24.549 0.0000000000
114816  43.548  18.085  22.907 0.0000000000
114817  43.095  17.493  23.546 0.0000000000
114832  43.260  17.179  22.645 0.0000000000
113058  42.495  15.977  22.638 0.0000000000
113975  43.417  16.838  21.719 0.0000000000
128329  51.510  34.622  30.834 0.0000000000
128330  51.265  34.461  30.568 0.0000000000
127062  48.469  32.934  30.541 0.0000000000
127716  49.258  33.928  30.286 0.0000000000
127712  47.998  33.488  30.390 0.0000000000
127717  47.150  33.419  30.113 0.0000000000
126203  49.675  31.108  38.928 0.0000000000
125400  49.043  30.475  38.691 0.0000000000
123807  48.387  28.547  38.387 0.0000000000
121496  48.468  25.751  37.250 0.0000000000
129575  41.511  36.356  30.139 0.0000000000
129561  41.236  36.377  31.189 0.0000000000
130132  42.109  37.138  33.841 0.0000000000
130122  42.740  37.209  34.377 0.0000000000
129511  43.872  37.720  35.159 0.0000000000
128265  45.841  34.305  34.648 0.0000000000
128253  45.709  35.447  35.030 0.0000000000
128911  45.282  35.938  34.933 0.0000000000
128252  46.302  34.871  35.408 0.0000000000
128242  46.720  35.398  36.212 0.0000000000
128251  46.885  34.265  35.755 0.0000000000
126980  48.378  32.062  37.317 0.0000000000
127644  48.555  32.908  37.068 0.0000000000
126979  48.821  32.389  37.604 0.0000000000
126218  49.855  31.665  38.460 0.0000000000
115617  53.417  18.764  24.494 0.0000000000
115607  53.424  18.752  25.480 0.0000000000
113925  52.955  16.456  26.338 0.0000000000
113938  52.549  17.035  25.639 0.0000000000
112063  53.612  14.473  29.455 0.0000000000
112072  53.845  15.054  28.851 0.0000000000
111140  53.079  14.250  29.662 0.0000000000
112066  51.213  14.071  29.445 0.0000000000
112065  51.834  14.296  29.329 0.0000000000
112075  50.985  14.353  28.871 0.0000000000
112087  50.640  14.867  28.102 0.0000000000
111151  50.226  14.015  29.038 0.0000000000
112077  48.897  14.120  28.457 0.0000000000
111152  49.562  13.606  28.988 0.0000000000
122431  46.976  26.715  27.797 0.0000000000
122443  46.508  25.929  27.286 0.0000000000
121560  46.723  25.588  29.822 0.0000000000
121569  46.500  25.841  29.262 0.0000000000
121561  46.479  25.036  29.511 0.0000000000
120623  47.140  24.276  29.616 0.0000000000
122400  47.247  26.799  32.526 0.0000000000
121545  47.284  26.071  32.145 0.0000000000
120610  48.764  24.015  30.480 0.0000000000
120621  48.506  23.932  29.927 0.0000000000
119696  48.521  23.556  29.327 0.0000000000
119708  49.329  23.115  28.595 0.0000000000
119706  51.876  23.217  28.277 0.0000000000
119722  50.998  23.060  27.429 0.0000000000
119733  52.501  23.151  26.379 0.0000000000
119720  52.723  23.291  27.328 0.0000000000
123815  49.288  28.405  37.425 0.0000000000
120553  50.500  24.807  36.512 0.0000000000
121507  50.000  25.419  36.590 0.0000000000
120570  49.988  24.568  35.815 0.0000000000
120583  49.515  24.250  34.622 0.0000000000
120582  50.556  24.064  35.029 0.0000000000
118746  52.442  22.063  35.950 0.0000000000
119631  52.573  22.810  36.048 0.0000000000
119657  53.252  22.723  32.965 0.0000000000
119652  52.916  23.103  33.856 0.0000000000
119658  52.989  23.162  32.763 0.0000000000
119659  52.224  23.450  32.580 0.0000000000
119670  52.207  23.456  31.519 0.0000000000
119681  53.089  23.345  30.611 0.0000000000
118788  53.505  22.725  28.926 0.0000000000
118800  53.405  22.675  27.750 0.0000000000
118815  53.301  22.634  26.649 0.0000000000
117973  52.841  21.666  26.730 0.0000000000
117168  52.863  20.701  25.727 0.0000000000
117145  51.412  20.408  27.349 0.0000000000
117156  51.800  20.298  26.788 0.0000000000
115599  51.627  19.340  26.888 0.0000000000
115586  52.677  18.315  26.939 0.0000000000
115587  51.360  18.815  27.377 0.0000000000
117934  49.776  20.887  29.786 0.0000000000
117945  49.955  20.638  29.374 0.0000000000
116342  49.501  19.466  29.134 0.0000000000
114741  50.574  17.398  29.850 0.0000000000
114755  50.236  17.887  29.357 0.0000000000
114740  51.185  17.230  29.750 0.0000000000
114754  51.394  17.477  29.109 0.0000000000
113900  51.508  17.091  29.645 0.0000000000
113885  52.369  16.458  30.456 0.0000000000
131304  46.089  38.986  26.584 0.0000000000
131318  45.512  39.438  25.705 0.0000000000
130781  47.314  38.671  26.278 0.0000000000
131277  48.413  39.237  28.424 0.0000000000
130726  49.265  39.104  29.459 0.0000000000
130714  49.768  38.622  30.681 0.0000000000
130118  47.187  37.185  35.229 0.0000000000
130668  47.129  37.673  35.555 0.0000000000
130139  47.396  37.353  32.997 0.0000000000
130687  47.019  38.019  33.989 0.0000000000
130695  48.987  38.436  32.134 0.0000000000
129556  49.744  36.320  31.502 0.0000000000
130149  49.706  37.497  31.472 0.0000000000
130148  50.380  37.074  31.152 0.0000000000
129555  50.634  36.438  31.175 0.0000000000
128954  51.229  35.399  31.215 0.0000000000
127054  50.014  32.765  31.561 0.0000000000
127705  50.733  33.355  31.258 0.0000000000
127058  51.344  31.829  31.014 0.0000000000
125466  50.097  30.450  33.025 0.0000000000
125465  50.700  30.469  32.472 0.0000000000
125444  51.968  30.068  32.478 0.0000000000
124667  52.183  29.779  31.444 0.0000000000
124678  52.298  29.201  29.893 0.0000000000
124677  52.729  29.687  29.555 0.0000000000
124683  52.178  29.518  29.046 0.0000000000
124688  50.899  29.421  28.224 0.0000000000
123900  50.636  28.943  28.695 0.0000000000
123903  48.167  27.954  28.395 0.0000000000
123920  49.103  27.940  27.544 0.0000000000
123182  47.772  27.300  27.072 0.0000000000
123191  47.852  26.934  26.265 0.0000000000
121578  45.334  24.599  27.520 0.0000000000
120642  44.415  24.034  26.962 0.0000000000
119724  44.457  23.295  27.253 0.0000000000
117982  44.058  21.440  26.288 0.0000000000
118008  44.095  21.208  24.557 0.0000000000
118022  43.750  21.183  23.848 0.0000000000
117203  44.497  20.844  23.507 0.0000000000
117186  47.927  20.619  24.523 0.0000000000
117187  46.872  20.659  24.542 0.0000000000
117216  47.190  20.744  22.635 0.0000000000
117243  46.137  20.027  20.604 0.0000000000
118051  45.837  21.009  22.022 0.0000000000
117233  44.085  20.730  21.572 0.0000000000
116431  43.735  19.212  20.613 0.0000000000
116430  44.592  19.366  20.245 0.0000000000
114865  44.437  17.368  18.990 0.0000000000
115679  44.151  17.773  19.584 0.0000000000
114013  43.187  16.233  19.662 0.0000000000
114002  42.328  16.266  20.337 0.0000000000
113104  42.471  15.849  19.662 0.0000000000
114810  52.215  18.555  23.511 0.0000000000
115631  51.841  18.995  22.725 0.0000000000
114811  51.617  18.286  23.439 0.0000000000
114828  48.516  18.015  22.206 0.0000000000
114829  47.304  17.302  22.651 0.0000000000
113031  46.409  15.494  26.275 0.0000000000
113040  46.948  15.915  25.854 0.0000000000
113041  46.276  15.832  25.430 0.0000000000
121612  43.354  25.096  24.837 0.0000000000
120662  42.238  24.230  25.113 0.0000000000
120661  43.111  24.700  25.253 0.0000000000
120652  43.112  24.245  26.048 0.0000000000
119737  42.548  23.440  26.005 0.0000000000
123199  48.687  27.590  25.676 0.0000000000
123200  48.012  27.525  25.298 0.0000000000
122472  47.306  26.968  24.682 0.0000000000
123210  46.564  27.030  24.771 0.0000000000
122465  44.782  26.460  24.947 0.0000000000
123211  44.288  26.878  24.832 0.0000000000
122475  44.093  26.212  24.650 0.0000000000
121624  43.803  25.794  24.672 0.0000000000
112962  53.756  15.332  32.959 0.0000000000
112977  54.394  15.164  32.162 0.0000000000
112021  54.549  14.320  33.771 0.0000000000
111096  55.201  12.932  33.898 0.0000000000
123848  48.378  28.189  34.368 0.0000000000
123833  48.881  28.920  35.044 0.0000000000
123101  48.474  27.428  36.045 0.0000000000
117071  49.424  20.805  36.678 0.0000000000
117083  50.038  20.785  36.016 0.0000000000
117899  49.055  21.230  33.753 0.0000000000
127633  49.495  33.478  37.421 0.0000000000
128239  49.245  34.464  36.836 0.0000000000
127632  50.073  33.065  37.333 0.0000000000
127007  50.103  32.199  36.312 0.0000000000
126250  50.443  31.209  35.458 0.0000000000
125428  50.944  30.467  35.618 0.0000000000
124623  50.834  29.769  35.323 0.0000000000
118005  50.483  21.360  24.371 0.0000000000
118019  51.237  21.659  23.438 0.0000000000
118032  51.701  21.351  22.834 0.0000000000
116418  51.464  20.097  21.541 0.0000000000
116414  41.025  19.875  22.767 0.0000000000
116413  41.570  19.390  22.858 0.0000000000
115649  42.061  18.791  23.041 0.0000000000
115648  42.465  18.831  22.428 0.0000000000
115647  43.251  18.393  22.200 0.0000000000
127060  50.413  32.682  30.750 0.0000000000
126296  49.161  32.159  30.474 0.0000000000
120663  40.179  24.538  25.188 0.0000000000
120664  39.682  24.491  25.748 0.0000000000
126232  47.876  31.568  37.208 0.0000000000
125401  48.410  29.957  38.398 0.0000000000
125416  47.958  30.552  37.824 0.0000000000
124607  47.480  29.886  37.795 0.0000000000
127674  44.910  33.123  33.970 0.0000000000
127024  45.923  32.798  34.588 0.0000000000
127023  46.383  33.021  35.094 0.0000000000
127657  47.321  33.662  35.874 0.0000000000
127010  47.578  32.652  36.148 0.0000000000
126241  47.630  31.899  36.517 0.0000000000
115585  53.296  18.052  26.661 0.0000000000
114780  53.436  17.792  26.220 0.0000000000
113025  53.160  16.028  27.083 0.0000000000
111141  52.489  14.104  29.822 0.0000000000
111130  52.284  13.561  30.530 0.0000000000
111131  51.191  13.023  30.535 0.0000000000
123888  48.025  28.165  28.854 0.0000000000
123154  47.391  27.571  29.534 0.0000000000
121541  47.514  25.560  33.014 0.0000000000
121544  47.589  25.254  31.843 0.0000000000
120592  48.116  24.603  32.201 0.0000000000
120598  48.886  24.002  31.349 0.0000000000
123091  50.207  26.791  38.013 0.0000000000
122350  50.097  26.589  37.591 0.0000000000
122349  50.838  26.281  37.896 0.0000000000
121506  50.794  25.468  37.216 0.0000000000
120552  51.117  24.634  36.749 0.0000000000
117908  53.134  21.837  33.672 0.0000000000
119643  53.195  22.312  34.522 0.0000000000
118761  53.280  22.267  33.287 0.0000000000
118768  53.426  22.393  32.296 0.0000000000
119668  53.730  23.041  31.999 0.0000000000
119680  53.561  23.066  30.904 0.0000000000
118782  53.411  22.686  30.101 0.0000000000
117950  53.259  22.295  29.284 0.0000000000
117974  52.500  21.160  26.882 0.0000000000
117952  51.354  20.876  28.274 0.0000000000
117146  50.820  20.183  27.642 0.0000000000
115566  49.061  19.158  29.586 0.0000000000
114742  49.424  17.692  29.878 0.0000000000
113887  49.908  17.015  30.495 0.0000000000
131288  45.741  38.819  27.042 0.0000000000
130756  46.618  38.533  27.473 0.0000000000
130755  47.563  38.831  27.626 0.0000000000
130715  48.506  39.285  30.570 0.0000000000
130130  44.722  37.672  33.791 0.0000000000
130129  45.541  38.137  33.818 0.0000000000
129515  47.050  36.329  34.460 0.0000000000
129542  47.325  36.231  32.804 0.0000000000
130138  48.686  37.719  32.256 0.0000000000
129541  48.307  36.481  32.308 0.0000000000
128942  48.668  35.435  31.851 0.0000000000
128956  49.459  35.406  31.594 0.0000000000
128318  49.795  34.261  31.620 0.0000000000
128305  49.221  33.956  31.884 0.0000000000
127042  50.168  31.753  31.782 0.0000000000
124651  51.583  29.703  32.913 0.0000000000
124650  51.985  29.868  32.353 0.0000000000
124674  51.065  29.457  31.425 0.0000000000
124680  50.820  29.437  30.803 0.0000000000
123880  50.821  29.252  30.142 0.0000000000
123886  49.937  28.790  29.401 0.0000000000
123887  48.850  28.551  29.109 0.0000000000
119712  45.867  23.356  28.157 0.0000000000
119723  45.222  23.261  27.646 0.0000000000
118807  45.834  22.348  27.689 0.0000000000
117967  45.567  21.581  27.102 0.0000000000
117174  45.288  20.732  25.470 0.0000000000
118036  48.011  21.002  21.690 0.0000000000
118037  47.544  21.123  21.941 0.0000000000
117230  47.611  20.552  20.994 0.0000000000
116429  45.578  19.473  19.965 0.0000000000
116442  45.073  18.851  19.359 0.0000000000
115686  45.034  17.641  18.518 0.0000000000
114023  44.732  16.810  19.029 0.0000000000
113951  50.818  17.127  24.751 0.0000000000
114800  50.240  17.656  24.245 0.0000000000
113952  49.894  17.146  24.863 0.0000000000
114801  49.153  17.498  24.581 0.0000000000
114802  48.088  17.174  24.625 0.0000000000
119755  40.520  23.176  24.252 0.0000000000
119760  40.996  22.990  23.969 0.0000000000
118850  41.151  22.601  23.739 0.0000000000
119753  41.790  23.481  24.652 0.0000000000
118842  41.579  22.920  24.126 0.0000000000
118042  42.126  21.437  22.652 0.0000000000
125496  50.343  29.955  28.121 0.0000000000
125489  49.590  30.613  29.214 0.0000000000
124707  48.206  29.346  26.784 0.0000000000
123939  47.849  28.290  25.539 0.0000000000
122466  43.322  26.527  25.040 0.0000000000
122478  42.051  25.736  24.874 0.0000000000
127033  43.850  32.685  33.472 0.0000000000
126255  44.967  31.734  34.097 0.0000000000
125438  45.199  31.211  34.452 0.0000000000
113907  54.004  16.298  29.108 0.0000000000
113011  54.195  15.972  28.677 0.0000000000
113002  54.279  15.694  29.247 0.0000000000
112053  54.265  14.519  30.271 0.0000000000
112045  54.401  14.456  31.515 0.0000000000
111117  53.953  13.937  30.922 0.0000000000
111118  53.122  13.286  31.377 0.0000000000
110184  53.189  12.623  31.968 0.0000000000
123872  48.471  28.549  32.366 0.0000000000
123873  47.790  28.178  31.883 0.0000000000
123139  47.450  27.298  32.997 0.0000000000
122398  47.368  26.605  33.216 0.0000000000
120588  49.264  24.138  33.359 0.0000000000
120538  50.722  24.330  37.873 0.0000000000
120537  51.360  24.374  37.721 0.0000000000
119609  51.966  22.960  37.720 0.0000000000
118717  51.991  22.323  37.013 0.0000000000
117885  52.242  21.623  35.695 0.0000000000
117082  51.007  20.727  36.075 0.0000000000
117887  51.248  20.976  35.395 0.0000000000
117896  51.872  21.288  34.832 0.0000000000
117910  51.831  21.808  32.911 0.0000000000
117922  51.793  21.880  31.791 0.0000000000
117923  50.646  21.662  31.331 0.0000000000
117119  49.146  20.552  30.282 0.0000000000
116335  48.422  19.425  30.309 0.0000000000
114743  48.278  17.800  30.401 0.0000000000
113871  48.046  16.946  31.156 0.0000000000
129501  46.843  36.712  36.418 0.0000000000
130110  46.606  37.552  36.169 0.0000000000
130103  47.100  37.012  36.384 0.0000000000
130102  47.281  36.846  36.356 0.0000000000
129506  48.088  35.798  35.908 0.0000000000
128240  48.774  34.777  36.422 0.0000000000
128899  48.327  35.107  35.974 0.0000000000
128908  47.757  34.841  35.288 0.0000000000
128264  47.679  34.288  34.626 0.0000000000
127671  47.594  33.553  34.004 0.0000000000
127031  47.728  32.864  33.439 0.0000000000
126273  48.750  31.400  33.169 0.0000000000
125447  49.853  30.591  33.619 0.0000000000
125446  50.777  30.324  33.518 0.0000000000
125427  51.256  30.216  34.821 0.0000000000
125435  51.349  30.112  34.169 0.0000000000
124633  51.392  29.825  33.839 0.0000000000
123871  49.891  29.307  32.284 0.0000000000
118820  48.294  21.738  26.949 0.0000000000
117978  47.869  21.395  26.845 0.0000000000
117157  48.675  21.135  25.962 0.0000000000
117170  48.715  21.053  25.597 0.0000000000
117199  48.768  20.533  23.448 0.0000000000
117197  50.186  21.041  23.905 0.0000000000
117214  49.806  20.763  22.385 0.0000000000
117240  48.932  20.396  20.285 0.0000000000
116437  48.933  20.060  19.698 0.0000000000
115667  47.868  18.517  20.055 0.0000000000
113018  48.164  15.507  27.081 0.0000000000
112097  47.466  15.120  27.288 0.0000000000
115601  40.471  18.317  26.647 0.0000000000
118027  39.460  21.455  24.023 0.0000000000
117206  39.221  21.098  23.609 0.0000000000
117190  39.753  20.218  24.332 0.0000000000
116395  40.430  19.570  24.706 0.0000000000
115621  40.957  18.946  25.229 0.0000000000
115609  41.328  18.331  25.840 0.0000000000
114793  41.664  17.407  26.077 0.0000000000
113958  42.751  16.870  24.218 0.0000000000
113968  42.305  16.177  23.941 0.0000000000
127710  49.929  33.699  30.547 0.0000000000
128343  49.963  34.608  30.260 0.0000000000
125490  48.325  30.821  29.256 0.0000000000
125414  50.472  30.809  38.027 0.0000000000
123806  49.284  28.411  38.226 0.0000000000
124597  48.802  29.412  38.539 0.0000000000
123084  49.728  26.979  38.087 0.0000000000
122343  50.339  26.342  38.397 0.0000000000
120532  50.508  25.075  38.230 0.0000000000
119611  50.106  23.463  37.364 0.0000000000
118721  49.268  22.428  37.042 0.0000000000
129544  42.858  36.480  31.937 0.0000000000
129531  42.569  36.500  33.050 0.0000000000
130113  44.248  37.957  35.254 0.0000000000
130112  44.826  37.822  35.547 0.0000000000
128288  44.297  34.792  33.995 0.0000000000
129517  44.839  36.339  35.012 0.0000000000
129509  45.149  36.925  35.405 0.0000000000
129508  46.113  36.923  36.017 0.0000000000
128893  47.069  35.872  36.580 0.0000000000
128892  47.600  35.612  37.099 0.0000000000
128235  47.871  34.715  37.163 0.0000000000
127645  48.068  33.636  36.699 0.0000000000
127635  48.189  33.977  37.103 0.0000000000
127634  48.777  33.620  37.489 0.0000000000
126217  50.215  31.390  38.426 0.0000000000
117181  53.502  20.879  24.921 0.0000000000
116403  52.792  19.851  23.955 0.0000000000
116402  53.317  19.473  24.387 0.0000000000
115618  53.057  18.454  24.187 0.0000000000
114798  52.529  18.083  24.140 0.0000000000
114787  53.284  17.792  25.076 0.0000000000
114788  52.187  17.321  24.789 0.0000000000
114789  51.479  17.180  24.747 0.0000000000
113939  51.469  16.895  25.333 0.0000000000
113927  50.789  16.631  26.124 0.0000000000
113028  49.852  16.243  26.663 0.0000000000
113012  53.918  15.945  28.143 0.0000000000
113013  53.161  15.725  27.963 0.0000000000
113014  52.550  15.503  27.538 0.0000000000
112064  52.703  14.457  29.220 0.0000000000
112074  52.077  14.534  28.593 0.0000000000
113015  51.551  15.360  27.568 0.0000000000
113016  50.298  15.535  27.444 0.0000000000
122453  46.592  26.164  26.255 0.0000000000
121586  45.848  25.486  26.694 0.0000000000
121577  45.673  25.168  27.879 0.0000000000
122422  46.412  25.914  28.970 0.0000000000
121570  46.269  25.297  28.994 0.0000000000
120632  45.966  24.324  28.529 0.0000000000
119711  46.600  23.459  28.641 0.0000000000
119710  47.457  23.174  28.726 0.0000000000
122402  47.098  26.948  31.559 0.0000000000
120600  47.559  24.897  30.904 0.0000000000
120612  47.179  24.758  30.312 0.0000000000
120622  47.821  24.099  29.837 0.0000000000
119697  47.709  23.698  29.233 0.0000000000
118792  48.028  22.503  28.174 0.0000000000
118791  49.017  22.516  28.109 0.0000000000
118803  49.741  22.057  27.396 0.0000000000
117963  50.422  22.126  26.955 0.0000000000
119707  50.600  23.126  28.087 0.0000000000
118802  50.795  22.698  27.130 0.0000000000
118818  51.201  22.438  26.254 0.0000000000
118831  51.616  22.539  25.823 0.0000000000
118830  52.531  22.818  25.655 0.0000000000
118839  52.950  22.503  25.259 0.0000000000
122359  48.722  26.779  36.341 0.0000000000
122358  49.445  26.360  36.791 0.0000000000
122380  48.617  26.074  36.110 0.0000000000
121538  48.653  25.016  34.842 0.0000000000
119655  50.250  23.684  33.415 0.0000000000
120568  51.624  24.018  36.030 0.0000000000
119644  52.719  22.777  34.887 0.0000000000
119645  52.020  23.338  34.893 0.0000000000
120581  51.264  23.815  35.283 0.0000000000
119654  51.270  23.490  33.444 0.0000000000
119671  51.102  23.516  31.407 0.0000000000
119682  52.131  23.448  30.429 0.0000000000
119705  52.932  23.478  28.375 0.0000000000
119719  53.352  23.154  27.507 0.0000000000
118829  53.147  22.627  25.814 0.0000000000
118002  53.261  21.903  24.979 0.0000000000
116381  53.031  19.631  25.590 0.0000000000
117155  52.310  20.610  26.528 0.0000000000
116370  52.587  19.574  26.134 0.0000000000
115597  53.095  18.659  26.268 0.0000000000
117944  50.467  20.778  29.097 0.0000000000
117127  50.177  20.440  28.848 0.0000000000
116350  50.421  19.622  28.050 0.0000000000
115565  49.720  18.612  29.184 0.0000000000
115576  50.436  18.973  28.317 0.0000000000
115575  51.072  18.253  28.165 0.0000000000
114765  51.502  17.639  28.166 0.0000000000
114764  52.492  17.232  28.289 0.0000000000
113898  53.307  16.477  29.710 0.0000000000
113884  53.432  16.275  30.654 0.0000000000
113866  53.584  16.037  31.473 0.0000000000
130754  48.072  38.955  27.448 0.0000000000
131286  48.542  39.179  27.638 0.0000000000
130738  49.726  38.875  28.386 0.0000000000
130725  50.188  38.246  29.248 0.0000000000
130717  46.340  38.046  30.568 0.0000000000
130670  46.210  38.373  35.673 0.0000000000
130128  47.087  37.288  34.235 0.0000000000
130707  46.715  38.280  31.628 0.0000000000
130137  49.309  38.064  32.067 0.0000000000
130704  49.492  38.417  31.610 0.0000000000
130159  50.669  37.234  30.644 0.0000000000
130158  51.189  36.749  30.320 0.0000000000
129554  51.146  36.028  30.912 0.0000000000
127704  51.502  34.089  31.053 0.0000000000
126305  51.383  31.085  29.838 0.0000000000
126271  50.216  31.320  31.980 0.0000000000
126284  50.929  30.890  31.649 0.0000000000
125463  52.052  30.089  31.899 0.0000000000
125477  51.652  30.536  31.638 0.0000000000
126283  51.624  31.319  31.179 0.0000000000
126292  52.413  30.780  30.386 0.0000000000
125487  51.940  30.488  29.155 0.0000000000
125495  51.563  30.034  28.582 0.0000000000
124704  50.531  28.731  26.933 0.0000000000
124721  50.295  28.369  26.507 0.0000000000
123919  49.667  28.027  27.248 0.0000000000
123198  49.407  27.621  26.014 0.0000000000
122451  48.115  27.022  25.642 0.0000000000
120650  44.724  24.525  26.752 0.0000000000
119735  44.028  23.638  26.836 0.0000000000
118824  42.758  22.697  26.271 0.0000000000
118822  44.302  21.914  26.755 0.0000000000
118823  43.516  22.259  26.564 0.0000000000
117997  42.854  21.781  25.195 0.0000000000
118009  43.307  21.466  24.518 0.0000000000
118023  43.173  21.442  23.517 0.0000000000
118041  43.115  21.474  22.476 0.0000000000
117172  47.164  20.594  25.606 0.0000000000
117173  46.125  20.654  25.646 0.0000000000
117188  45.880  20.538  24.539 0.0000000000
118038  46.772  21.030  22.135 0.0000000000
117202  45.590  20.676  23.547 0.0000000000
117219  44.145  20.931  22.440 0.0000000000
118040  43.666  21.307  21.984 0.0000000000
117234  43.215  20.647  21.500 0.0000000000
117246  43.021  19.843  21.076 0.0000000000
116432  42.933  19.112  20.972 0.0000000000
115660  43.509  18.298  21.440 0.0000000000
116443  44.283  18.635  19.784 0.0000000000
114857  43.760  17.191  20.297 0.0000000000
114846  43.532  17.489  21.136 0.0000000000
113988  42.723  16.203  21.299 0.0000000000
116410  52.652  20.234  23.055 0.0000000000
116411  52.052  19.970  22.347 0.0000000000
115644  50.903  18.964  21.717 0.0000000000
115633  50.206  18.563  22.996 0.0000000000
115645  49.859  18.563  22.163 0.0000000000
115659  48.986  18.593  21.431 0.0000000000
114843  48.190  18.157  20.895 0.0000000000
114854  47.306  18.092  20.197 0.0000000000
113929  47.903  16.227  26.093 0.0000000000
113954  47.474  16.895  24.826 0.0000000000
114803  47.472  16.967  24.355 0.0000000000
113049  45.859  15.895  24.777 0.0000000000
113955  46.867  16.614  24.196 0.0000000000
114830  46.696  17.016  22.450 0.0000000000
114845  46.557  17.149  21.845 0.0000000000
114855  46.300  17.264  20.597 0.0000000000
114864  45.625  17.053  19.781 0.0000000000
114011  44.881  16.578  19.375 0.0000000000
110150  54.907  12.445  34.955 0.0000000000
109200  55.022  11.819  34.010 0.0000000000
109211  55.136  10.896  33.988 0.0000000000
110166  54.319  12.166  33.315 0.0000000000
109212  54.714  11.382  33.720 0.0000000000
110151  54.994  12.140  34.255 0.0000000000
110164  55.146  12.645  34.204 0.0000000000
110165  54.964  12.427  33.693 0.0000000000
111120  51.465  12.700  31.044 0.0000000000
111128  53.936  14.074  30.282 0.0000000000
112054  53.867  14.169  29.989 0.0000000000
112062  54.205  15.031  29.430 0.0000000000
112076  49.959  14.322  28.576 0.0000000000
112084  52.720  15.259  27.998 0.0000000000
112085  52.274  14.917  27.964 0.0000000000
112098  46.611  15.045  27.060 0.0000000000
112157  42.403  15.430  19.726 0.0000000000
112948  54.214  14.727  33.708 0.0000000000
112949  53.841  14.962  33.661 0.0000000000
112961  54.279  14.843  33.162 0.0000000000
113003  54.067  15.553  28.685 0.0000000000
113004  53.642  15.426  28.405 0.0000000000
113029  48.604  16.025  26.300 0.0000000000
113101  44.673  15.972  19.976 0.0000000000
113865  54.159  15.686  31.546 0.0000000000
113889  48.278  17.337  30.745 0.0000000000
113909  52.611  17.063  28.867 0.0000000000
113916  53.912  16.297  28.462 0.0000000000
113928  49.899  16.754  26.005 0.0000000000
113930  47.490  16.208  25.849 0.0000000000
113942  48.146  16.666  25.448 0.0000000000
113944  46.329  16.285  24.783 0.0000000000
113945  42.630  17.080  25.008 0.0000000000
113953  49.457  17.212  24.972 0.0000000000
113964  46.863  16.768  23.182 0.0000000000
113976  42.900  16.337  22.268 0.0000000000
114001  43.187  16.426  20.054 0.0000000000
114012  44.232  16.617  19.513 0.0000000000
114014  42.399  16.157  19.774 0.0000000000
114022  44.973  16.857  18.855 0.0000000000
114727  47.404  17.738  30.877 0.0000000000
114744  47.758  18.155  30.547 0.0000000000
114753  52.223  17.205  28.955 0.0000000000
114773  51.457  18.072  27.767 0.0000000000
114791  48.248  17.040  25.099 0.0000000000
114812  50.647  18.190  23.517 0.0000000000
114815  47.488  17.074  23.761 0.0000000000
114827  49.237  18.340  22.451 0.0000000000
114853  47.988  18.399  20.329 0.0000000000
114856  45.749  16.921  20.329 0.0000000000
114866  43.990  16.835  19.720 0.0000000000
114871  45.918  17.573  18.861 0.0000000000
114873  44.800  17.043  18.787 0.0000000000
115553  49.396  18.192  29.575 0.0000000000
115564  50.700  18.220  28.828 0.0000000000
115577  49.866  19.194  28.782 0.0000000000
115588  50.700  19.295  27.775 0.0000000000
115629  53.281  19.198  24.052 0.0000000000
115634  43.132  18.477  22.790 0.0000000000
115643  51.449  19.569  21.677 0.0000000000
115656  51.274  19.861  21.221 0.0000000000
115657  50.902  19.640  21.099 0.0000000000
115661  42.928  18.811  21.566 0.0000000000
115666  48.574  18.753  20.224 0.0000000000
115669  43.258  18.721  21.088 0.0000000000
115673  48.778  19.639  19.643 0.0000000000
115674  48.454  19.267  19.623 0.0000000000
115675  47.604  18.684  19.536 0.0000000000
115676  46.389  18.342  19.075 0.0000000000
115677  45.447  18.350  18.729 0.0000000000
115684  46.121  17.806  18.906 0.0000000000
116336  48.028  19.139  30.571 0.0000000000
116358  51.297  19.648  27.056 0.0000000000
116371  51.777  19.863  26.626 0.0000000000
116382  52.565  20.193  25.874 0.0000000000
116393  53.197  20.084  24.554 0.0000000000
116404  52.414  19.567  23.145 0.0000000000
116420  50.247  20.025  20.960 0.0000000000
116428  46.629  19.537  19.764 0.0000000000
116438  48.404  19.753  19.552 0.0000000000
117055  50.111  21.347  36.691 0.0000000000
117068  51.301  21.188  36.364 0.0000000000
117069  51.094  21.083  36.403 0.0000000000
117070  50.379  21.177  36.547 0.0000000000
117081  51.338  21.036  36.186 0.0000000000
117090  50.630  20.763  35.511 0.0000000000
117109  48.971  20.646  30.775 0.0000000000
117120  48.863  20.126  29.946 0.0000000000
117128  49.642  20.265  29.218 0.0000000000
117129  49.142  20.081  29.570 0.0000000000
117135  51.060  20.535  27.936 0.0000000000
117136  50.492  20.302  28.247 0.0000000000
117137  49.955  20.120  28.625 0.0000000000
117154  52.664  21.045  26.259 0.0000000000
117158  48.395  20.942  26.123 0.0000000000
117159  47.736  20.717  26.240 0.0000000000
117160  45.931  20.857  26.023 0.0000000000
117161  45.643  20.827  26.034 0.0000000000
117182  53.216  20.587  24.273 0.0000000000
117183  50.197  21.099  24.165 0.0000000000
117184  49.891  20.995  24.237 0.0000000000
117192  38.701  21.137  24.255 0.0000000000
117198  49.746  20.878  23.517 0.0000000000
117200  47.614  20.613  23.465 0.0000000000
117204  43.750  21.015  23.202 0.0000000000
117212  51.466  20.633  22.266 0.0000000000
117217  46.278  20.736  22.729 0.0000000000
117222  41.565  20.234  22.545 0.0000000000
117226  51.112  20.449  21.523 0.0000000000
117229  48.359  20.667  21.150 0.0000000000
117232  45.457  20.678  21.611 0.0000000000
117236  41.957  20.566  22.349 0.0000000000
117242  47.385  20.180  20.124 0.0000000000
117247  42.763  19.625  21.429 0.0000000000
117252  48.635  20.365  19.901 0.0000000000
117253  48.283  20.223  19.718 0.0000000000
117254  47.895  19.894  19.550 0.0000000000
117856  50.863  21.835  36.872 0.0000000000
117857  50.331  21.676  36.870 0.0000000000
117858  49.553  21.628  37.018 0.0000000000
117870  52.026  21.621  36.079 0.0000000000
117872  51.044  21.530  36.679 0.0000000000
117886  51.759  21.255  35.728 0.0000000000
117895  52.673  21.651  35.032 0.0000000000
117901  53.088  21.770  34.356 0.0000000000
117902  52.622  21.560  34.175 0.0000000000
117920  53.096  22.046  32.947 0.0000000000
117925  48.848  20.880  31.221 0.0000000000
117941  53.240  22.456  29.768 0.0000000000
117960  52.212  21.153  27.470 0.0000000000
117961  51.669  20.806  27.691 0.0000000000
117962  50.653  22.352  26.895 0.0000000000
117964  47.552  21.640  27.126 0.0000000000
117975  50.673  22.241  26.555 0.0000000000
117977  48.885  21.388  26.174 0.0000000000
117979  46.952  20.863  26.667 0.0000000000
117980  45.980  20.979  26.392 0.0000000000
117988  52.384  22.505  25.240 0.0000000000
117994  46.123  20.805  26.035 0.0000000000
117995  44.454  21.108  25.484 0.0000000000
118004  51.567  22.069  24.429 0.0000000000
118006  49.611  21.154  24.808 0.0000000000
118007  49.259  21.085  24.895 0.0000000000
118011  40.241  21.877  24.051 0.0000000000
118012  39.933  21.843  24.245 0.0000000000
118017  52.985  21.663  24.219 0.0000000000
118021  50.073  21.073  22.831 0.0000000000
118028  39.169  21.475  24.150 0.0000000000
118033  50.989  21.316  22.628 0.0000000000
118034  50.379  21.036  22.615 0.0000000000
118039  46.130  20.977  22.211 0.0000000000
118048  47.746  20.850  21.506 0.0000000000
118049  47.134  20.871  21.616 0.0000000000
118050  46.341  20.945  21.797 0.0000000000
118052  43.339  21.271  21.798 0.0000000000
118718  51.719  22.418  37.206 0.0000000000
118719  51.110  22.393  37.233 0.0000000000
118733  51.987  22.014  36.526 0.0000000000
118734  51.559  21.996  36.753 0.0000000000
118756  53.184  21.940  34.627 0.0000000000
118757  52.895  22.252  35.180 0.0000000000
118759  53.395  22.061  34.066 0.0000000000
118776  53.538  22.683  31.264 0.0000000000
118777  53.244  22.457  30.735 0.0000000000
118789  50.474  22.855  27.705 0.0000000000
118804  48.610  22.043  27.501 0.0000000000
118806  46.749  22.078  27.681 0.0000000000
118808  44.869  22.246  27.285 0.0000000000
118809  44.200  22.559  26.982 0.0000000000
118816  52.311  23.035  26.122 0.0000000000
118817  51.798  22.894  26.440 0.0000000000
118821  47.957  21.746  27.050 0.0000000000
118832  51.260  22.350  25.889 0.0000000000
118833  42.915  22.079  25.876 0.0000000000
118840  52.701  22.557  25.234 0.0000000000
118851  40.725  22.611  23.964 0.0000000000
119608  52.088  22.583  37.312 0.0000000000
119622  52.342  22.602  36.947 0.0000000000
119646  51.262  23.492  34.433 0.0000000000
119721  51.655  23.077  27.158 0.0000000000
119732  53.185  23.138  26.541 0.0000000000
119734  52.000  23.096  26.640 0.0000000000
119736  43.313  23.424  26.593 0.0000000000
119745  52.720  23.097  25.973 0.0000000000
119747  39.311  23.811  25.577 0.0000000000
119757  39.030  23.124  24.953 0.0000000000
119761  40.778  22.937  24.065 0.0000000000
120641  44.956  24.135  27.325 0.0000000000
120653  42.519  24.100  25.610 0.0000000000
121493  51.402  25.328  37.848 0.0000000000
121494  51.266  25.718  37.778 0.0000000000
121495  49.289  25.378  37.690 0.0000000000
121505  51.265  25.100  37.424 0.0000000000
121549  47.567  25.099  31.282 0.0000000000
121609  45.911  26.380  25.448 0.0000000000
122341  51.377  25.752  38.160 0.0000000000
122342  51.060  26.078  38.275 0.0000000000
122461  48.112  27.189  25.383 0.0000000000
122462  47.629  26.829  25.007 0.0000000000
122473  46.979  26.849  24.718 0.0000000000
122474  46.533  26.813  24.905 0.0000000000
123141  47.859  27.905  33.011 0.0000000000
123144  47.444  27.832  31.552 0.0000000000
123167  48.441  27.796  27.890 0.0000000000
123180  49.365  27.802  27.060 0.0000000000
123181  48.790  27.747  27.335 0.0000000000
123189  49.417  27.727  26.653 0.0000000000
123208  47.469  27.164  24.836 0.0000000000
123209  47.003  27.186  24.707 0.0000000000
123212  43.817  26.624  24.782 0.0000000000
123824  48.304  27.842  35.730 0.0000000000
123870  50.634  29.358  31.904 0.0000000000
123875  50.678  29.381  31.638 0.0000000000
123885  50.784  29.160  29.674 0.0000000000
123902  48.726  28.069  28.081 0.0000000000
123927  50.314  28.315  26.809 0.0000000000
123928  50.082  27.978  26.230 0.0000000000
123937  49.510  27.908  25.732 0.0000000000
123938  48.925  28.196  25.499 0.0000000000
124595  50.180  30.182  38.512 0.0000000000
124668  51.750  29.603  31.970 0.0000000000
124672  52.680  29.640  30.515 0.0000000000
124675  50.606  29.413  31.059 0.0000000000
124679  51.292  29.269  30.309 0.0000000000
124682  52.531  29.909  28.932 0.0000000000
124686  52.567  29.887  28.748 0.0000000000
124705  50.223  29.340  26.875 0.0000000000
124734  48.425  28.712  25.778 0.0000000000
125398  50.247  30.871  38.753 0.0000000000
125399  49.924  30.539  39.081 0.0000000000
125464  51.635  30.246  32.284 0.0000000000
125484  52.869  30.223  30.094 0.0000000000
125486  52.626  30.215  29.294 0.0000000000
125493  52.579  30.149  28.887 0.0000000000
125494  52.369  30.048  28.795 0.0000000000
125511  50.223  29.632  27.403 0.0000000000
126201  50.210  31.147  38.784 0.0000000000
126219  49.182  31.542  38.304 0.0000000000
126220  48.472  31.533  37.797 0.0000000000
126233  47.435  31.315  36.701 0.0000000000
126252  48.593  31.999  34.332 0.0000000000
126260  49.118  31.039  33.703 0.0000000000
126261  48.603  31.680  33.741 0.0000000000
126282  52.228  31.147  30.848 0.0000000000
126303  52.610  30.507  29.873 0.0000000000
126304  52.193  30.791  29.820 0.0000000000
126993  50.154  32.350  37.034 0.0000000000
126994  49.935  32.701  36.571 0.0000000000
126995  48.489  32.445  37.192 0.0000000000
127011  46.950  32.795  35.500 0.0000000000
127020  49.131  32.423  35.239 0.0000000000
127022  47.880  32.903  34.202 0.0000000000
127025  45.269  32.589  34.176 0.0000000000
127032  44.647  32.572  33.775 0.0000000000
127053  50.669  31.915  31.359 0.0000000000
127065  48.674  32.346  30.473 0.0000000000
127642  50.054  32.950  36.962 0.0000000000
127656  48.600  33.462  35.450 0.0000000000
127670  48.055  33.495  34.742 0.0000000000
127672  46.127  33.725  34.821 0.0000000000
127686  44.873  34.378  34.031 0.0000000000
127700  47.746  33.570  32.786 0.0000000000
127708  51.414  34.172  30.821 0.0000000000
127711  48.840  33.643  30.397 0.0000000000
127715  49.486  34.131  30.288 0.0000000000
128234  48.406  34.635  37.259 0.0000000000
128249  49.379  33.972  36.376 0.0000000000
128250  48.908  34.266  36.035 0.0000000000
128287  44.780  34.773  34.210 0.0000000000
128319  49.110  34.850  31.681 0.0000000000
128331  50.757  34.167  30.477 0.0000000000
128332  48.682  33.965  30.214 0.0000000000
128333  48.385  33.981  30.270 0.0000000000
128883  48.707  35.048  37.122 0.0000000000
128884  48.518  35.126  37.155 0.0000000000
128890  48.882  34.974  37.007 0.0000000000
128900  47.740  35.455  35.572 0.0000000000
128901  46.525  36.013  36.025 0.0000000000
128910  46.880  35.770  34.074 0.0000000000
128929  46.804  35.950  33.802 0.0000000000
128968  50.963  34.985  30.362 0.0000000000
129493  48.255  35.817  37.073 0.0000000000
129494  47.918  35.949  37.242 0.0000000000
129507  47.508  36.230  35.691 0.0000000000
129516  46.799  36.013  34.090 0.0000000000
129518  44.256  36.605  35.172 0.0000000000
129530  46.818  36.202  33.953 0.0000000000
129557  49.016  36.129  31.724 0.0000000000
130669  46.933  38.037  35.683 0.0000000000
130678  47.084  37.896  34.999 0.0000000000
130681  44.828  38.302  35.036 0.0000000000
130682  44.372  38.153  35.126 0.0000000000
130694  49.472  38.217  31.922 0.0000000000
130772  47.807  38.757  26.830 0.0000000000
131261  47.514  39.054  29.638 0.0000000000
131268  48.707  39.255  29.015 0.0000000000
131269  48.205  39.241  29.075 0.0000000000
131287  48.089  39.137  27.918 0.0000000000
131303  47.921  38.827  26.362 0.0000000000
