#!ascii label  , from subject 3327 vox2ras=TkReg
1013
92278  17.079  -4.827  -9.180 0.2500000000
92298  17.481  -5.377  -9.557 0.2500000000
92316  17.893  -5.534  -10.277 0.7500000000
95576  17.224  -2.401  -9.358 0.2500000000
95575  17.461  -2.907  -9.668 0.1250000000
95601  17.471  -2.290  -10.244 0.3750000000
94492  17.321  -3.491  -9.266 0.2500000000
93373  16.812  -4.360  -9.024 0.2500000000
93421  17.750  -4.994  -10.125 0.7500000000
92299  17.385  -4.723  -9.470 0.3750000000
91208  18.225  -6.073  -10.426 0.8750000000
91207  18.812  -6.652  -10.699 0.8750000000
94491  17.792  -3.489  -9.940 0.3750000000
94512  18.054  -3.771  -10.609 0.8750000000
94490  18.138  -3.938  -10.114 0.7500000000
93439  19.798  -4.679  -11.904 1.0000000000
93440  18.961  -4.609  -11.233 1.0000000000
93420  18.167  -4.566  -10.612 0.8750000000
92332  19.219  -5.640  -11.357 1.0000000000
92331  20.178  -5.790  -11.851 1.0000000000
95602  17.130  -1.777  -9.868 0.2500000000
95620  17.793  -2.190  -11.079 0.7500000000
94530  17.962  -2.747  -11.341 0.8750000000
94529  18.594  -3.333  -11.486 0.8750000000
94513  17.585  -3.085  -10.985 0.7500000000
93456  20.334  -4.365  -12.588 1.0000000000
94528  19.330  -3.976  -11.749 1.0000000000
92344  20.728  -5.705  -12.884 1.0000000000
92345  20.437  -5.064  -12.392 1.0000000000
96650  16.683  -1.362  -9.656 0.1250000000
95619  18.341  -2.209  -11.547 1.0000000000
94543  19.076  -2.833  -12.329 1.0000000000
93473  21.449  -4.123  -13.762 1.0000000000
94541  20.658  -3.973  -13.142 1.0000000000
94542  19.807  -3.373  -12.673 1.0000000000
92356  21.241  -5.027  -13.510 1.0000000000
93455  20.849  -4.731  -13.016 1.0000000000
91264  22.078  -5.473  -13.544 1.0000000000
91252  21.330  -5.608  -13.373 1.0000000000
99678  15.926  1.872  -9.801 0.2500000000
97661  16.862  -0.492  -10.483 0.3750000000
96649  16.959  -1.183  -10.345 0.5000000000
97682  17.813  -0.645  -11.311 1.0000000000
96685  18.555  -1.383  -12.042 1.0000000000
95630  19.434  -2.238  -12.713 1.0000000000
96684  19.097  -1.387  -12.622 1.0000000000
94555  21.724  -3.502  -14.082 1.0000000000
94556  20.829  -3.228  -13.733 1.0000000000
95645  19.956  -2.227  -13.450 1.0000000000
93487  22.113  -4.373  -14.334 1.0000000000
94554  22.239  -3.434  -13.807 1.0000000000
93471  22.534  -4.263  -13.572 1.0000000000
100633  16.673  1.966  -11.235 0.5000000000
99677  16.314  1.251  -10.286 0.3750000000
98730  16.801  0.423  -11.025 0.5000000000
98729  17.257  0.717  -11.500 0.5000000000
98750  17.845  0.518  -11.907 0.8750000000
97700  18.237  -0.358  -11.964 1.0000000000
98767  18.719  0.621  -13.159 1.0000000000
96697  20.241  -1.314  -13.899 1.0000000000
97712  19.150  -0.394  -13.239 1.0000000000
95656  21.429  -1.776  -14.624 1.0000000000
95657  21.076  -1.594  -14.611 1.0000000000
96695  22.893  -1.444  -13.732 1.0000000000
95642  22.312  -2.370  -14.170 1.0000000000
94553  22.987  -3.291  -13.253 0.8750000000
100609  16.980  2.786  -11.062 0.5000000000
99696  16.647  1.347  -11.183 0.5000000000
100632  17.065  2.298  -11.578 0.6250000000
100654  18.140  2.204  -12.729 0.6250000000
99717  18.424  1.517  -12.897 1.0000000000
98766  19.273  0.622  -13.745 1.0000000000
98765  22.382  0.479  -13.915 1.0000000000
98775  21.827  0.543  -14.440 1.0000000000
97735  21.090  -0.686  -14.836 1.0000000000
97722  20.366  -0.326  -14.222 1.0000000000
97709  22.627  -0.487  -13.752 1.0000000000
96696  22.392  -1.299  -14.358 1.0000000000
96707  21.318  -1.332  -14.895 1.0000000000
97698  23.297  -0.537  -13.234 0.8750000000
96683  23.493  -1.478  -13.087 0.8750000000
100655  17.694  2.614  -12.441 0.8750000000
100683  20.315  2.364  -14.976 1.0000000000
99734  19.433  1.453  -14.159 1.0000000000
99744  22.167  1.429  -14.224 1.0000000000
99756  21.149  1.463  -15.155 1.0000000000
98778  19.790  0.617  -14.338 1.0000000000
100671  22.454  2.311  -13.927 1.0000000000
98748  23.736  0.403  -12.853 1.0000000000
98764  23.025  0.430  -13.394 1.0000000000
99733  22.702  1.386  -13.607 1.0000000000
99732  23.427  1.368  -13.145 1.0000000000
101582  17.173  3.339  -11.314 0.5000000000
101597  17.401  3.426  -12.111 0.8750000000
100674  18.123  2.731  -12.889 1.0000000000
102596  20.244  4.651  -15.201 1.0000000000
100684  19.562  2.443  -14.402 1.0000000000
100685  19.098  2.664  -13.990 1.0000000000
102563  22.806  4.628  -12.737 1.0000000000
102580  22.539  4.089  -13.524 1.0000000000
102579  23.126  3.939  -12.814 1.0000000000
101625  22.328  3.275  -14.277 1.0000000000
100653  23.650  2.340  -12.767 1.0000000000
101611  23.061  3.172  -13.051 1.0000000000
99716  24.247  1.370  -12.671 0.8750000000
106619  19.431  8.092  -14.611 1.0000000000
105564  18.395  7.397  -13.453 0.3750000000
105576  18.889  7.332  -14.493 0.8750000000
103595  20.291  5.625  -15.254 1.0000000000
103552  22.271  5.403  -13.193 1.0000000000
103583  22.026  5.051  -14.391 1.0000000000
107673  19.261  8.823  -14.354 0.8750000000
107672  19.740  8.641  -14.595 1.0000000000
106618  20.037  8.285  -14.821 1.0000000000
105575  19.744  7.310  -15.207 1.0000000000
106609  20.491  8.448  -13.992 1.0000000000
104544  20.696  6.399  -15.076 1.0000000000
103553  21.723  5.928  -13.414 1.0000000000
104527  22.154  6.894  -13.165 1.0000000000
104509  23.572  6.460  -12.259 1.0000000000
107660  19.251  9.568  -13.898 0.7500000000
107658  21.028  9.451  -13.928 1.0000000000
106608  21.326  8.517  -13.712 1.0000000000
106592  22.992  8.376  -12.935 1.0000000000
106607  22.302  8.415  -13.468 1.0000000000
105561  22.118  7.526  -13.374 1.0000000000
107657  22.001  9.333  -13.847 1.0000000000
112513  19.612  14.552  -13.672 0.1250000000
113404  19.878  15.263  -13.311 0.1250000000
112524  19.721  14.551  -14.624 0.2500000000
113427  19.512  15.617  -15.270 0.3750000000
114308  18.926  16.631  -15.459 0.2500000000
113438  19.608  15.659  -16.141 0.5000000000
113428  18.949  16.013  -15.964 0.2500000000
113449  19.259  16.653  -16.544 0.3750000000
114294  19.590  16.555  -14.596 0.2500000000
114309  18.743  16.549  -16.085 0.2500000000
115143  18.858  18.081  -15.405 0.2500000000
114321  18.757  17.076  -16.427 0.2500000000
115169  18.741  17.947  -17.151 0.2500000000
114334  19.049  17.125  -16.651 0.3750000000
114320  18.612  17.036  -15.934 0.2500000000
115178  18.985  18.119  -17.705 0.3750000000
115179  18.839  18.387  -17.768 0.2500000000
93372  17.313  -4.590  -8.591 0.1250000000
93400  17.361  -4.230  -9.347 0.2500000000
94468  17.162  -3.533  -8.872 0.1250000000
91238  21.318  -6.438  -12.558 1.0000000000
100673  18.590  2.572  -13.440 0.8750000000
101626  21.584  3.362  -14.753 1.0000000000
92255  17.804  -5.719  -8.189 0.1250000000
91193  18.106  -6.510  -9.705 0.6250000000
91192  18.628  -7.077  -9.931 0.7500000000
90181  19.386  -7.705  -10.796 1.0000000000
91221  20.181  -6.713  -11.611 1.0000000000
91237  22.002  -6.483  -12.565 1.0000000000
97662  16.542  -0.431  -10.126 0.3750000000
99645  16.033  1.104  -9.477 0.2500000000
98682  16.353  0.415  -9.726 0.2500000000
93470  23.002  -3.927  -12.952 0.8750000000
97697  23.876  -0.534  -12.496 0.8750000000
95629  23.601  -2.406  -12.935 0.8750000000
98747  24.616  0.336  -12.440 0.8750000000
104514  17.738  6.553  -11.950 0.1250000000
104530  17.963  6.609  -12.937 0.1250000000
102526  17.053  3.868  -10.953 0.3750000000
102582  17.903  4.470  -13.271 0.6250000000
101596  23.680  3.358  -12.443 1.0000000000
104547  18.152  6.223  -13.307 0.3750000000
103588  18.202  5.843  -13.469 0.8750000000
103551  23.043  5.483  -12.397 1.0000000000
105546  24.094  7.311  -12.059 1.0000000000
107659  20.058  9.294  -14.391 1.0000000000
105548  22.570  7.474  -12.905 1.0000000000
108718  20.670  10.794  -15.492 0.8750000000
108717  21.274  10.867  -14.817 1.0000000000
108700  22.574  10.369  -13.856 1.0000000000
106606  22.730  8.690  -13.273 1.0000000000
112502  19.748  14.624  -12.821 0.1250000000
111608  19.302  13.708  -13.121 0.1250000000
111634  19.841  13.513  -14.910 0.6250000000
112535  20.211  14.721  -15.331 0.6250000000
113447  20.264  15.951  -16.488 0.5000000000
113415  19.993  15.532  -14.146 0.2500000000
114332  20.224  16.784  -16.547 0.5000000000
114293  20.225  16.685  -13.710 0.2500000000
115142  19.337  17.761  -14.717 0.2500000000
114333  19.541  17.032  -16.617 0.5000000000
115167  20.149  17.682  -16.546 0.5000000000
115925  19.142  18.737  -15.051 0.1250000000
115936  18.583  18.766  -15.708 0.2500000000
115961  18.669  19.146  -17.724 0.2500000000
115959  19.754  18.838  -17.670 0.3750000000
116736  19.120  20.708  -18.850 0.2500000000
92277  17.173  -5.452  -8.845 0.1250000000
91173  17.337  -6.541  -9.098 0.5000000000
92315  18.456  -5.538  -10.809 0.8750000000
91222  19.547  -6.399  -11.377 1.0000000000
92330  20.659  -6.356  -12.190 1.0000000000
96671  17.666  -1.296  -10.801 0.8750000000
93489  21.084  -4.153  -14.794 1.0000000000
91278  21.690  -5.077  -14.348 1.0000000000
91251  21.692  -5.779  -13.080 1.0000000000
97683  17.256  -0.289  -10.907 0.5000000000
97701  17.659  -0.010  -11.541 0.8750000000
97699  18.703  -0.727  -12.542 1.0000000000
96698  19.590  -1.395  -13.304 1.0000000000
94571  21.906  -3.912  -14.682 1.0000000000
94557  20.357  -2.718  -13.477 1.0000000000
95644  20.726  -2.099  -14.179 1.0000000000
95643  21.509  -2.536  -14.368 1.0000000000
95641  22.960  -2.415  -13.532 1.0000000000
99718  17.712  1.510  -12.150 0.6250000000
97713  18.553  -0.064  -12.733 1.0000000000
99735  18.943  1.484  -13.559 1.0000000000
96708  20.807  -1.146  -14.669 1.0000000000
97711  19.818  -0.694  -13.691 1.0000000000
97723  19.733  -0.010  -13.791 1.0000000000
95655  22.007  -1.875  -14.674 1.0000000000
94540  23.588  -3.289  -12.700 0.8750000000
100672  19.232  2.140  -13.839 1.0000000000
97710  22.103  -0.401  -14.311 1.0000000000
97721  20.922  -0.124  -14.536 1.0000000000
98776  21.173  0.709  -14.825 1.0000000000
101627  20.734  3.434  -14.943 1.0000000000
100682  21.159  2.278  -15.108 1.0000000000
99747  19.940  1.486  -14.720 1.0000000000
98787  20.777  1.074  -15.084 1.0000000000
100681  21.860  2.364  -14.491 1.0000000000
100670  22.928  2.275  -13.281 1.0000000000
101614  18.049  3.502  -12.984 0.7500000000
101629  19.055  3.504  -14.125 1.0000000000
101628  19.858  3.512  -14.791 1.0000000000
103570  21.294  5.531  -14.465 1.0000000000
102595  21.211  4.388  -14.915 1.0000000000
103568  22.379  5.017  -14.116 1.0000000000
102594  22.032  4.355  -14.463 1.0000000000
104546  18.487  6.433  -13.783 0.7500000000
102597  19.394  4.698  -14.773 1.0000000000
104529  21.054  6.035  -14.358 1.0000000000
103586  19.243  5.496  -14.676 1.0000000000
104556  20.115  6.337  -15.364 1.0000000000
108702  20.768  10.262  -14.518 0.8750000000
105585  19.947  6.834  -15.531 1.0000000000
105574  20.599  7.453  -14.810 1.0000000000
105573  21.215  7.308  -14.279 1.0000000000
104528  21.549  6.663  -13.755 1.0000000000
104510  22.600  6.493  -12.645 1.0000000000
108701  21.710  10.102  -14.459 1.0000000000
105562  21.532  7.683  -13.684 1.0000000000
113414  20.236  15.898  -13.362 0.2500000000
111621  19.360  13.630  -14.083 0.3750000000
113448  19.597  16.322  -16.551 0.5000000000
115949  18.504  18.877  -16.691 0.2500000000
115960  19.173  18.790  -18.012 0.2500000000
91153  17.689  -6.934  -8.541 0.1250000000
90197  19.575  -7.053  -11.208 1.0000000000
104515  17.591  6.010  -12.488 0.5000000000
102564  17.572  4.415  -12.564 0.6250000000
102598  18.903  4.444  -14.163 0.8750000000
103571  18.049  4.839  -13.651 0.7500000000
104531  17.836  6.009  -13.135 0.7500000000
103572  17.667  5.297  -13.252 0.8750000000
103587  18.565  5.294  -14.091 1.0000000000
104557  19.765  6.532  -15.258 1.0000000000
108716  22.053  10.773  -14.611 1.0000000000
110654  18.897  12.775  -13.633 0.3750000000
111633  20.520  13.607  -15.434 0.7500000000
113437  20.497  15.256  -16.060 0.7500000000
116729  19.948  19.715  -17.856 0.2500000000
116715  20.339  19.226  -17.393 0.3750000000
86066  19.401  -11.012  -9.530 0.7500000000
86082  20.928  -11.309  -10.309 0.7500000000
87143  18.459  -10.263  -9.199 0.7500000000
86065  20.230  -11.481  -9.839 0.7500000000
87157  19.797  -9.993  -10.209 0.7500000000
87142  19.059  -9.818  -9.766 0.7500000000
87155  21.654  -10.542  -10.590 0.7500000000
87156  20.733  -10.023  -10.646 0.7500000000
89172  18.580  -8.415  -9.797 0.7500000000
90166  18.339  -7.620  -9.530 0.6250000000
88203  19.341  -9.141  -10.239 0.7500000000
89191  19.710  -8.432  -10.657 0.8750000000
89192  19.045  -8.407  -10.357 0.8750000000
88217  20.812  -9.164  -10.797 0.7500000000
89208  20.131  -8.189  -10.933 0.8750000000
88215  22.021  -8.929  -11.090 0.7500000000
88216  21.303  -8.924  -10.969 0.7500000000
89207  20.691  -8.461  -11.159 0.8750000000
90196  20.227  -7.611  -11.291 0.8750000000
89219  22.050  -7.857  -11.952 0.7500000000
90195  21.274  -7.652  -11.677 0.8750000000
90210  21.471  -7.043  -11.968 0.8750000000
90208  22.486  -7.252  -12.272 0.8750000000
91236  22.784  -6.206  -12.524 0.8750000000
91250  22.196  -5.704  -12.898 0.8750000000
92328  24.491  -5.563  -11.478 0.3750000000
92329  23.961  -5.239  -11.780 0.6250000000
92342  23.472  -5.403  -12.272 0.7500000000
92343  22.759  -5.214  -12.689 0.7500000000
93436  25.455  -4.503  -11.653 0.5000000000
93437  24.460  -4.681  -11.750 0.5000000000
93452  24.190  -4.088  -11.869 0.7500000000
93453  23.441  -4.316  -12.419 0.7500000000
94537  27.368  -3.554  -11.970 0.1250000000
94525  26.415  -3.511  -11.690 0.3750000000
94526  25.381  -3.363  -11.717 0.6250000000
94539  24.135  -3.291  -12.009 0.6250000000
95628  23.968  -2.417  -12.168 0.6250000000
94536  28.133  -3.631  -12.488 0.1250000000
95626  27.686  -3.007  -12.255 0.1250000000
95616  26.126  -2.473  -11.609 0.1250000000
96694  26.983  -1.911  -12.517 0.1250000000
97680  25.315  -1.070  -11.737 0.6250000000
97696  24.878  -0.635  -12.075 0.6250000000
95640  27.214  -2.112  -12.655 0.1250000000
97707  27.913  -0.553  -12.999 0.1250000000
97694  26.835  -0.464  -11.934 0.1250000000
98745  26.457  0.338  -11.686 0.5000000000
98746  25.526  0.295  -11.980 0.6250000000
99715  25.122  1.266  -12.190 0.7500000000
95638  28.267  -2.655  -13.648 0.1250000000
98744  27.286  0.418  -11.909 0.5000000000
99713  26.867  1.329  -11.656 0.5000000000
100650  26.274  1.713  -11.795 0.6250000000
108703  19.778  10.515  -14.590 0.6250000000
109698  19.125  11.002  -14.269 0.5000000000
100626  25.538  2.940  -11.681 0.6250000000
101576  25.382  3.896  -11.557 0.6250000000
101595  24.279  3.758  -11.920 0.8750000000
101574  27.256  3.317  -11.589 0.5000000000
101575  26.225  3.566  -11.493 0.6250000000
102540  25.937  4.607  -11.732 0.6250000000
102541  25.090  4.768  -11.549 0.7500000000
108719  20.159  11.079  -15.333 0.7500000000
102561  24.323  4.718  -11.703 0.8750000000
105547  23.310  7.424  -12.481 0.8750000000
103531  24.720  5.637  -11.583 0.7500000000
105530  24.756  7.304  -11.607 0.8750000000
106576  24.466  7.830  -11.849 0.8750000000
106591  24.074  8.358  -12.178 0.8750000000
107644  24.534  9.387  -12.172 0.8750000000
102538  27.865  4.368  -11.717 0.3750000000
102539  26.875  4.400  -11.573 0.5000000000
103529  26.530  5.460  -11.801 0.5000000000
104488  26.079  6.430  -11.465 0.6250000000
103547  28.196  4.898  -12.630 0.2500000000
103548  27.816  5.358  -12.307 0.3750000000
104487  26.833  6.432  -11.920 0.5000000000
109710  19.451  11.620  -14.991 0.6250000000
109719  20.791  12.020  -15.442 0.7500000000
109709  20.420  11.458  -15.669 0.7500000000
110664  21.516  11.981  -14.881 0.8750000000
107656  22.863  9.245  -13.369 0.8750000000
108699  23.509  10.253  -13.156 0.7500000000
108686  24.245  10.252  -12.523 0.8750000000
105529  25.609  7.363  -11.415 0.6250000000
106575  25.094  8.245  -11.745 0.7500000000
104507  27.425  6.335  -12.431 0.3750000000
105545  27.178  7.283  -12.275 0.5000000000
108684  26.093  10.082  -12.358 0.7500000000
104506  27.851  6.088  -12.904 0.2500000000
109721  19.717  12.417  -15.156 0.6250000000
109708  21.168  11.491  -15.447 0.8750000000
109707  21.730  11.485  -14.733 0.8750000000
109697  22.586  11.464  -14.233 0.8750000000
111606  22.357  13.196  -14.707 0.7500000000
109696  23.552  11.353  -13.500 0.8750000000
109679  24.826  11.185  -12.487 0.7500000000
107631  25.963  8.833  -11.768 0.5000000000
106605  28.100  8.239  -13.420 0.2500000000
106588  27.517  8.371  -12.581 0.5000000000
106589  26.764  8.066  -12.084 0.5000000000
104526  27.918  6.329  -13.642 0.2500000000
110677  19.774  12.819  -14.960 0.5000000000
110676  20.129  12.853  -15.248 0.5000000000
111632  21.500  13.602  -15.409 0.7500000000
111619  22.395  13.874  -14.906 0.7500000000
111631  22.083  14.136  -15.388 0.7500000000
111618  22.807  14.156  -14.372 0.7500000000
112512  23.990  14.316  -13.780 0.7500000000
111605  23.031  13.551  -14.219 0.7500000000
112523  22.782  14.656  -14.517 0.7500000000
111604  24.092  13.392  -13.605 0.7500000000
111603  25.150  13.342  -13.356 0.7500000000
112511  24.911  14.224  -13.423 0.7500000000
109694  26.813  11.664  -12.986 0.5000000000
110647  27.064  12.127  -13.753 0.3750000000
110648  26.344  12.375  -13.023 0.6250000000
107654  28.325  8.802  -13.799 0.2500000000
108682  27.345  10.088  -13.143 0.3750000000
109693  27.379  11.051  -13.253 0.3750000000
112534  20.942  14.447  -15.722 0.6250000000
112533  21.751  14.559  -15.508 0.7500000000
113435  22.158  15.323  -15.238 0.7500000000
113425  23.324  15.327  -14.122 0.7500000000
114291  24.683  15.798  -13.763 0.7500000000
113411  25.554  14.907  -13.683 0.6250000000
111616  27.187  13.172  -14.297 0.3750000000
112520  26.715  14.046  -14.379 0.3750000000
107681  27.696  9.415  -15.231 0.1250000000
109718  27.639  11.400  -15.563 0.1250000000
109706  27.582  11.277  -14.303 0.2500000000
113436  21.388  15.340  -15.725 0.6250000000
114318  21.931  15.905  -15.254 0.7500000000
114306  22.594  16.173  -14.778 0.6250000000
114292  23.938  15.874  -13.778 0.7500000000
112521  26.175  14.747  -14.075 0.3750000000
114290  25.305  15.543  -13.892 0.3750000000
113412  24.740  15.014  -13.676 0.7500000000
111629  27.650  13.396  -15.071 0.2500000000
112519  27.260  13.669  -14.658 0.3750000000
112510  25.944  14.098  -13.577 0.6250000000
108749  27.126  11.078  -17.057 0.1250000000
109730  27.350  11.555  -16.601 0.1250000000
108728  27.560  10.236  -15.719 0.1250000000
113446  20.954  15.807  -16.208 0.6250000000
114319  21.536  16.329  -15.569 0.6250000000
115139  22.698  16.954  -14.910 0.3750000000
114307  22.086  16.456  -15.012 0.3750000000
115137  24.385  17.016  -14.444 0.3750000000
114329  26.421  16.549  -16.181 0.2500000000
114302  26.220  15.842  -14.758 0.3750000000
115136  24.994  16.905  -14.331 0.3750000000
111650  27.171  13.418  -16.734 0.1250000000
111643  27.364  13.851  -15.736 0.3750000000
112531  27.151  14.513  -15.210 0.3750000000
107705  26.087  9.934  -17.637 0.1250000000
111642  27.454  13.062  -15.922 0.1250000000
115946  21.124  18.453  -16.407 0.3750000000
114331  20.914  16.558  -16.197 0.3750000000
115140  21.946  16.972  -14.957 0.3750000000
115933  23.404  18.306  -15.237 0.3750000000
115153  22.551  17.627  -15.081 0.3750000000
115943  25.126  18.134  -15.621 0.3750000000
115931  24.903  17.980  -14.968 0.3750000000
115152  23.498  17.597  -15.020 0.3750000000
114330  26.077  16.878  -16.895 0.3750000000
114316  26.047  16.447  -15.218 0.3750000000
115150  25.328  17.308  -14.939 0.3750000000
111661  26.234  13.487  -18.588 0.1250000000
112543  27.049  14.595  -16.225 0.1250000000
113445  26.824  15.583  -16.717 0.2500000000
109750  26.097  11.695  -18.379 0.1250000000
117511  22.648  19.977  -15.811 0.2500000000
116711  24.553  19.222  -16.015 0.2500000000
116699  23.462  19.142  -15.475 0.3750000000
115934  22.384  18.416  -15.420 0.3750000000
115964  25.551  18.296  -17.614 0.1250000000
116710  25.008  18.644  -16.111 0.3750000000
116698  24.123  18.746  -15.461 0.3750000000
115177  25.740  17.476  -17.203 0.1250000000
115165  25.766  17.415  -16.137 0.2500000000
113464  25.560  15.520  -19.022 0.1250000000
114343  26.499  16.307  -17.100 0.1250000000
116714  21.111  19.455  -16.801 0.3750000000
115945  21.896  18.743  -15.877 0.3750000000
117520  23.550  20.553  -16.038 0.2500000000
115965  25.390  19.021  -17.563 0.1250000000
117530  24.575  20.443  -17.158 0.1250000000
116734  25.319  18.752  -18.107 0.1250000000
116735  25.047  19.474  -18.054 0.1250000000
112565  25.235  14.540  -19.486 0.1250000000
115185  24.782  17.536  -19.745 0.1250000000
118388  24.199  21.146  -17.747 0.1250000000
115969  25.165  18.326  -19.275 0.1250000000
116740  25.050  19.412  -19.312 0.1250000000
114355  23.805  16.177  -20.481 0.1250000000
112566  24.636  14.556  -20.146 0.1250000000
90207  23.302  -6.982  -12.333 0.6250000000
100625  26.564  2.374  -11.710 0.6250000000
104508  24.328  6.471  -11.759 0.8750000000
106574  26.055  8.253  -11.674 0.5000000000
105544  27.885  7.162  -12.963 0.3750000000
109720  20.188  12.168  -15.484 0.6250000000
111607  22.100  12.922  -14.738 0.8750000000
111620  21.971  13.147  -14.985 0.7500000000
110652  22.189  12.484  -14.558 0.8750000000
110651  23.266  12.451  -13.844 0.7500000000
110650  24.365  12.407  -13.271 0.7500000000
109695  24.346  11.587  -12.999 0.7500000000
108683  26.950  10.064  -12.544 0.5000000000
109676  27.144  10.558  -12.885 0.5000000000
109677  26.672  10.893  -12.699 0.7500000000
107641  27.346  9.404  -12.650 0.5000000000
113463  26.060  15.165  -18.432 0.1250000000
116727  25.183  19.538  -16.921 0.2500000000
116739  25.252  18.826  -18.688 0.1250000000
114354  24.358  16.623  -20.298 0.1250000000
96667  25.717  -1.593  -11.605 0.5000000000
96668  24.934  -1.588  -11.622 0.6250000000
96682  23.947  -1.436  -12.224 0.7500000000
99694  27.292  1.884  -11.758 0.3750000000
102559  28.343  4.228  -12.446 0.2500000000
114344  25.964  16.576  -17.716 0.1250000000
102578  27.854  4.716  -13.988 0.1250000000
83890  20.552  -13.160  -9.794 0.7500000000
85008  18.972  -12.371  -9.148 0.7500000000
86067  18.398  -11.298  -8.838 0.7500000000
83911  21.212  -13.224  -9.993 0.7500000000
85020  22.378  -12.510  -10.335 0.7500000000
89173  18.168  -8.437  -9.381 0.6250000000
88187  18.910  -9.287  -9.909 0.7500000000
87169  22.346  -9.892  -10.787 0.7500000000
89205  22.427  -8.099  -11.700 0.6250000000
91206  24.725  -6.713  -11.039 0.3750000000
91219  23.809  -6.688  -12.030 0.5000000000
92327  25.684  -5.782  -11.217 0.1250000000
93435  26.848  -4.694  -11.783 0.1250000000
93450  27.623  -4.142  -12.066 0.1250000000
94551  28.358  -3.991  -13.784 0.1250000000
96705  28.451  -1.690  -14.186 0.1250000000
97719  28.420  -0.609  -13.726 0.1250000000
98763  27.758  0.381  -12.626 0.1250000000
99711  28.247  1.802  -12.642 0.1250000000
101594  27.914  2.851  -11.940 0.2500000000
101573  28.000  3.572  -11.735 0.2500000000
109711  18.743  12.100  -14.378 0.5000000000
103582  27.695  5.469  -14.248 0.1250000000
103567  28.069  5.249  -13.278 0.2500000000
105572  27.656  7.651  -14.923 0.1250000000
106625  27.461  8.521  -15.582 0.1250000000
107691  27.281  9.430  -16.350 0.1250000000
110666  19.386  12.608  -14.467 0.3750000000
107704  26.680  9.425  -17.370 0.1250000000
108751  25.924  10.193  -17.860 0.1250000000
107717  25.748  9.429  -18.293 0.1250000000
110708  25.343  12.314  -19.510 0.1250000000
110713  24.408  12.388  -20.382 0.1250000000
118379  22.255  21.256  -16.818 0.2500000000
118378  23.026  21.148  -16.490 0.1250000000
119283  23.336  22.454  -17.969 0.1250000000
118396  24.549  21.390  -18.741 0.1250000000
112569  23.886  14.468  -20.521 0.1250000000
114358  23.911  17.248  -20.690 0.1250000000
100627  24.893  3.432  -11.720 0.7500000000
100652  24.617  2.535  -12.128 0.7500000000
107674  18.677  8.908  -13.826 0.3750000000
107645  23.648  9.337  -12.655 0.8750000000
90165  18.782  -7.664  -10.210 0.7500000000
91220  20.915  -6.943  -11.817 0.8750000000
103550  24.005  5.687  -12.191 0.8750000000
115166  20.940  17.463  -16.245 0.3750000000
115947  20.135  18.512  -17.055 0.3750000000
117532  20.619  20.689  -17.511 0.1250000000
117522  21.426  20.445  -17.035 0.2500000000
85007  19.886  -12.233  -9.614 0.7500000000
85006  20.615  -12.124  -9.864 0.7500000000
85021  21.338  -12.491  -10.140 0.7500000000
86081  21.947  -11.551  -10.340 0.7500000000
86083  20.214  -10.769  -10.122 0.7500000000
88204  18.854  -8.913  -9.992 0.7500000000
88202  20.190  -9.092  -10.612 0.8750000000
87170  21.510  -9.612  -10.812 0.7500000000
89206  21.636  -8.279  -11.574 0.7500000000
89218  22.155  -7.644  -12.032 0.7500000000
90209  21.880  -7.301  -12.106 0.8750000000
90193  23.061  -7.571  -11.897 0.6250000000
92314  24.769  -6.114  -10.989 0.2500000000
91234  24.019  -6.185  -11.925 0.5000000000
91235  23.573  -6.246  -12.259 0.6250000000
93438  23.824  -4.731  -11.906 0.7500000000
93451  24.862  -4.056  -11.901 0.5000000000
95627  27.050  -2.541  -12.162 0.2500000000
95618  24.528  -2.383  -11.719 0.6250000000
95639  27.770  -2.518  -12.805 0.1250000000
94552  28.126  -3.192  -13.175 0.1250000000
96680  26.686  -1.501  -11.917 0.5000000000
96679  27.137  -0.966  -12.142 0.1250000000
96693  27.461  -1.456  -12.565 0.1250000000
97695  25.958  -0.641  -11.628 0.5000000000
96692  28.137  -1.579  -13.309 0.1250000000
97708  27.443  -0.448  -12.321 0.1250000000
99714  25.983  1.155  -11.845 0.6250000000
99712  27.776  1.546  -12.251 0.1250000000
100651  25.684  1.989  -11.925 0.6250000000
103530  25.603  5.576  -11.638 0.6250000000
107643  25.486  9.213  -11.880 0.7500000000
108685  25.143  10.228  -12.184 0.7500000000
105528  26.473  7.321  -11.703 0.5000000000
110675  20.762  12.767  -15.425 0.6250000000
109680  24.017  10.981  -12.809 0.7500000000
110634  26.299  11.636  -12.572 0.6250000000
110636  24.913  11.957  -12.848 0.7500000000
107642  26.603  9.087  -12.045 0.5000000000
106616  28.327  8.562  -14.214 0.1250000000
105571  28.109  8.103  -14.355 0.1250000000
105560  28.279  7.525  -13.985 0.2500000000
104542  27.726  6.526  -14.591 0.1250000000
112522  23.286  14.533  -14.100 0.7500000000
111602  26.103  13.233  -13.475 0.6250000000
111601  26.684  12.892  -13.688 0.3750000000
108698  27.786  10.246  -13.835 0.1250000000
115138  23.520  16.929  -14.754 0.3750000000
110663  27.559  12.344  -14.713 0.3750000000
108715  27.752  10.326  -14.808 0.1250000000
110684  27.505  12.294  -16.151 0.1250000000
108739  27.160  10.539  -16.584 0.1250000000
113434  26.668  15.556  -15.562 0.3750000000
114317  25.642  16.755  -14.938 0.3750000000
109740  27.009  11.647  -17.248 0.1250000000
108757  26.237  11.188  -18.012 0.1250000000
107692  26.872  9.888  -16.771 0.1250000000
110690  27.301  12.382  -16.815 0.1250000000
110691  26.901  12.538  -17.461 0.1250000000
111660  26.757  13.503  -17.792 0.1250000000
112551  26.784  14.515  -17.245 0.1250000000
115935  21.534  18.112  -15.845 0.3750000000
115957  25.389  18.246  -16.627 0.3750000000
115164  25.895  16.961  -15.533 0.3750000000
110699  25.794  12.523  -18.766 0.1250000000
112559  26.446  14.456  -18.168 0.1250000000
112560  25.884  14.437  -18.866 0.1250000000
111670  25.588  13.427  -19.379 0.1250000000
113456  26.382  15.511  -17.693 0.1250000000
108758  25.794  10.676  -18.361 0.1250000000
109751  25.414  11.563  -18.877 0.1250000000
117521  22.231  20.397  -16.327 0.2500000000
117519  24.377  19.930  -16.401 0.2500000000
115181  25.649  17.423  -18.135 0.1250000000
114353  25.149  16.536  -19.458 0.1250000000
113457  25.889  15.860  -18.292 0.1250000000
113467  24.880  15.545  -19.813 0.1250000000
117531  23.769  21.075  -16.878 0.1250000000
117537  24.809  20.431  -18.450 0.1250000000
115184  25.321  17.426  -18.973 0.1250000000
111671  24.966  13.775  -19.875 0.1250000000
114350  25.587  16.551  -18.610 0.1250000000
119282  24.073  21.932  -17.997 0.1250000000
118389  23.287  21.600  -17.300 0.1250000000
83891  19.562  -13.258  -9.502 0.7500000000
89174  17.470  -9.127  -9.048 0.5000000000
88188  18.465  -9.282  -9.601 0.6250000000
88214  22.939  -9.160  -11.146 0.6250000000
89204  23.518  -8.192  -11.249 0.5000000000
98762  28.276  0.350  -13.257 0.1250000000
98774  28.533  0.454  -14.236 0.1250000000
99731  28.005  0.956  -12.898 0.1250000000
111675  25.066  12.905  -20.085 0.1250000000
84987  18.255  -12.120  -8.547 0.7500000000
87144  17.722  -10.582  -8.546 0.5000000000
82796  20.008  -14.096  -9.588 0.6250000000
82795  20.774  -14.087  -9.501 0.6250000000
82815  22.587  -14.389  -10.230 0.3750000000
83910  21.874  -13.470  -10.098 0.6250000000
83908  23.856  -13.241  -10.826 0.2500000000
90179  24.130  -7.465  -11.159 0.3750000000
110667  18.740  12.410  -14.137 0.2500000000
86080  22.859  -11.663  -10.506 0.5000000000
81761  20.136  -15.483  -10.210 0.6250000000
82818  19.619  -14.829  -10.178 0.6250000000
83875  18.348  -13.204  -8.793 0.6250000000
80720  22.586  -16.104  -10.996 0.3750000000
81759  22.229  -15.376  -10.555 0.5000000000
82817  20.510  -14.782  -9.900 0.6250000000
87145  17.198  -10.290  -8.279 0.2500000000
81782  23.800  -15.406  -10.958 0.3750000000
85019  23.337  -12.456  -10.601 0.2500000000
82814  23.525  -14.313  -10.858 0.2500000000
90143  17.512  -7.647  -9.124 0.3750000000
86079  23.777  -11.522  -10.800 0.2500000000
87168  23.431  -10.381  -10.784 0.3750000000
87167  24.465  -10.343  -11.131 0.2500000000
89188  24.204  -7.872  -10.885 0.2500000000
98683  15.781  0.428  -8.986 0.1250000000
101560  16.815  3.324  -10.785 0.2500000000
91205  25.450  -6.845  -11.090 0.2500000000
103554  17.355  5.315  -12.097 0.3750000000
102547  17.104  4.412  -11.519 0.2500000000
106620  18.704  8.192  -14.124 0.2500000000
97630  16.444  -0.440  -9.103 0.2500000000
90122  17.330  -7.215  -8.949 0.2500000000
87154  22.567  -10.843  -10.537 0.5000000000
86045  18.101  -11.550  -8.500 0.5000000000
83889  21.200  -13.708  -9.669 0.6250000000
90178  24.686  -7.351  -10.911 0.2500000000
88190  17.171  -9.884  -8.569 0.3750000000
88189  17.957  -9.699  -9.024 0.3750000000
83892  18.911  -13.435  -9.278 0.6250000000
88213  23.981  -9.351  -10.916 0.2500000000
82816  21.502  -14.513  -9.890 0.5000000000
83909  22.976  -13.404  -10.357 0.2500000000
87153  23.174  -11.091  -10.566 0.3750000000
81783  23.029  -15.666  -10.825 0.3750000000
82797  19.097  -14.210  -9.640 0.6250000000
81760  21.119  -15.496  -10.314 0.5000000000
97631  15.763  -0.210  -8.430 0.1250000000
81742  19.126  -15.502  -9.135 0.5000000000
80697  21.784  -16.405  -10.563 0.2500000000
79659  21.172  -17.193  -9.902 0.3750000000
80698  20.684  -16.334  -10.162 0.5000000000
80701  18.771  -15.078  -9.877 0.5000000000
81721  18.920  -15.762  -8.791 0.3750000000
82777  18.273  -14.233  -8.642 0.5000000000
82798  18.573  -14.035  -9.394 0.5000000000
81743  18.729  -15.017  -9.231 0.5000000000
79618  18.017  -16.785  -7.773 0.1250000000
80656  18.470  -16.326  -8.267 0.3750000000
84988  17.659  -12.668  -8.317 0.2500000000
77592  18.923  -19.338  -7.868 0.1250000000
79617  18.591  -17.434  -7.968 0.2500000000
79616  19.597  -17.591  -8.614 0.3750000000
79658  22.065  -17.383  -10.428 0.2500000000
79640  20.560  -17.410  -9.467 0.3750000000
80677  20.204  -16.587  -9.658 0.5000000000
79600  18.067  -18.036  -7.687 0.1250000000
80655  19.208  -16.618  -8.594 0.3750000000
79641  19.843  -16.831  -9.112 0.3750000000
81724  17.729  -14.742  -7.901 0.1250000000
83877  17.140  -13.783  -8.157 0.1250000000
101610  28.437  3.368  -12.970 0.1250000000
82819  18.229  -14.935  -10.517 0.5000000000
80721  19.059  -15.185  -10.292 0.5000000000
86046  17.771  -11.590  -8.218 0.2500000000
80696  22.762  -16.783  -10.788 0.2500000000
80678  19.524  -15.941  -9.264 0.5000000000
80700  19.215  -15.391  -9.964 0.5000000000
81722  18.246  -15.279  -8.451 0.5000000000
80699  19.774  -15.949  -10.088 0.3750000000
79639  20.831  -17.192  -9.716 0.3750000000
82778  17.950  -14.290  -7.926 0.1250000000
83876  17.743  -13.558  -8.226 0.1250000000
80638  17.515  -16.537  -7.474 0.1250000000
80657  18.042  -15.957  -7.852 0.1250000000
84989  17.012  -13.161  -8.198 0.1250000000
78601  18.645  -18.569  -7.758 0.1250000000
78666  20.919  -17.723  -9.908 0.2500000000
81723  17.818  -15.051  -8.028 0.1250000000
82779  17.353  -14.182  -7.991 0.1250000000
78624  19.494  -18.641  -8.338 0.2500000000
79615  20.330  -18.172  -8.788 0.2500000000
89150  17.353  -9.192  -8.853 0.2500000000
78665  21.406  -17.984  -10.174 0.2500000000
78600  19.150  -18.921  -7.912 0.1250000000
78625  19.038  -18.072  -8.224 0.1250000000
78623  20.362  -19.002  -8.787 0.1250000000
89128  17.835  -9.001  -8.188 0.1250000000
108704  18.834  10.409  -13.454 0.1250000000
108705  18.305  9.937  -12.865 0.1250000000
109699  18.632  11.524  -13.798 0.1250000000
108688  18.223  10.377  -12.433 0.1250000000
108687  18.612  10.956  -13.005 0.1250000000
110639  18.484  12.186  -13.309 0.1250000000
107661  18.561  9.306  -12.870 0.1250000000
109684  18.229  10.809  -12.038 0.1250000000
109683  18.483  11.474  -12.461 0.1250000000
108672  18.744  11.385  -10.996 0.1250000000
106610  18.434  8.286  -13.030 0.1250000000
102527  16.503  4.383  -10.490 0.1250000000
88147  17.472  -9.502  -7.899 0.1250000000
104497  16.642  5.881  -11.200 0.1250000000
105552  18.065  7.403  -12.168 0.1250000000
107648  17.979  9.194  -12.204 0.1250000000
107649  17.750  9.447  -11.639 0.1250000000
108668  17.760  10.676  -10.468 0.1250000000
108666  18.731  11.636  -10.770 0.1250000000
109682  18.750  12.101  -11.765 0.1250000000
89149  17.454  -8.567  -9.078 0.1250000000
110655  18.400  12.255  -13.966 0.1250000000
87122  16.957  -10.149  -8.068 0.1250000000
103538  16.819  5.418  -11.432 0.1250000000
90123  17.550  -7.807  -8.791 0.1250000000
90144  17.427  -8.332  -9.004 0.1250000000
89151  17.413  -9.115  -8.605 0.1250000000
89108  18.150  -8.799  -8.018 0.1250000000
88148  17.798  -9.042  -7.978 0.1250000000
107662  18.104  9.645  -12.417 0.1250000000
107635  17.530  9.898  -10.888 0.1250000000
109668  18.594  11.467  -11.528 0.1250000000
109669  18.346  10.994  -11.727 0.1250000000
106582  17.655  9.206  -10.648 0.1250000000
109659  18.803  11.957  -10.404 0.1250000000
80719  23.363  -16.206  -11.071 0.1250000000
82838  24.293  -14.719  -11.207 0.1250000000
83907  24.612  -12.964  -11.260 0.1250000000
85018  24.168  -12.383  -10.844 0.1250000000
86078  24.358  -11.890  -10.999 0.1250000000
86097  24.072  -10.919  -11.051 0.1250000000
87184  25.779  -11.017  -12.157 0.1250000000
87166  25.517  -10.464  -11.684 0.1250000000
88211  26.066  -9.323  -11.633 0.1250000000
89203  24.499  -8.563  -10.888 0.1250000000
89217  26.714  -8.811  -12.071 0.1250000000
89202  25.514  -8.405  -11.140 0.1250000000
90177  25.369  -7.614  -10.923 0.1250000000
78649  21.614  -18.730  -9.874 0.1250000000
78650  20.846  -18.394  -9.603 0.1250000000
78664  22.242  -18.171  -10.274 0.1250000000
78663  22.942  -18.234  -10.120 0.1250000000
79656  23.704  -17.365  -10.316 0.1250000000
80694  24.753  -16.575  -10.985 0.1250000000
80695  23.745  -16.828  -10.781 0.1250000000
81781  24.731  -15.365  -11.314 0.1250000000
82836  25.766  -14.210  -11.609 0.1250000000
85060  25.642  -13.218  -12.051 0.1250000000
85039  25.232  -12.455  -11.790 0.1250000000
85038  25.660  -12.036  -12.156 0.1250000000
88228  26.664  -9.575  -12.346 0.1250000000
90190  26.222  -7.481  -11.299 0.1250000000
90189  26.974  -7.711  -11.898 0.1250000000
89216  27.119  -8.388  -12.327 0.1250000000
91217  26.268  -6.567  -11.368 0.1250000000
80718  24.297  -16.143  -11.211 0.1250000000
83933  24.372  -13.890  -11.337 0.1250000000
88212  25.033  -9.431  -11.175 0.1250000000
79657  23.002  -17.581  -10.499 0.1250000000
82837  25.034  -14.483  -11.373 0.1250000000
85017  24.660  -12.222  -11.184 0.1250000000
83932  25.296  -13.579  -11.630 0.1250000000
86096  24.676  -11.417  -11.353 0.1250000000
86095  25.449  -11.493  -11.945 0.1250000000
87183  26.377  -10.572  -12.329 0.1250000000
89201  26.489  -8.366  -11.555 0.1250000000
77636  21.933  -19.334  -9.446 0.1250000000
80716  25.592  -15.487  -11.195 0.1250000000
90205  27.289  -7.763  -12.504 0.1250000000
79660  20.875  -17.448  -9.790 0.3750000000
79671  18.974  -14.620  -10.074 0.5000000000
79678  19.163  -15.024  -10.380 0.5000000000
79679  19.052  -14.867  -10.303 0.5000000000
80676  20.750  -16.936  -9.724 0.3750000000
80679  19.083  -15.404  -9.479 0.5000000000
80702  18.122  -14.798  -10.029 0.5000000000
80722  18.840  -15.071  -10.290 0.5000000000
80723  18.623  -15.035  -10.183 0.5000000000
81758  23.092  -15.082  -10.533 0.5000000000
81762  19.347  -15.218  -10.237 0.5000000000
81763  18.547  -14.938  -10.006 0.5000000000
81764  18.037  -14.978  -10.634 0.5000000000
81765  17.404  -14.970  -10.849 0.5000000000
81784  18.548  -14.960  -10.414 0.5000000000
81785  17.690  -15.255  -10.731 0.5000000000
82820  17.654  -14.598  -11.060 0.5000000000
82821  17.578  -15.192  -11.133 0.5000000000
82839  19.211  -15.021  -10.341 0.5000000000
82840  18.400  -15.267  -11.063 0.5000000000
82841  17.823  -14.916  -11.015 0.5000000000
83912  18.233  -14.859  -11.143 0.5000000000
83913  18.026  -14.829  -11.243 0.5000000000
83914  17.818  -14.988  -11.187 0.5000000000
83934  18.175  -14.631  -11.049 0.5000000000
83935  18.371  -15.042  -11.156 0.5000000000
83936  18.006  -15.125  -11.279 0.5000000000
86068  17.973  -11.232  -8.504 0.5000000000
87102  16.980  -9.906  -7.850 0.1250000000
87165  26.182  -10.006  -11.961 0.1250000000
87171  21.078  -9.432  -10.827 0.7500000000
88131  17.600  -9.256  -8.015 0.1250000000
88132  17.921  -8.997  -8.052 0.1250000000
88168  17.068  -9.596  -8.182 0.1250000000
88169  17.484  -9.256  -8.015 0.1250000000
88227  27.122  -8.932  -12.478 0.1250000000
89109  17.941  -8.691  -8.212 0.1250000000
89127  17.812  -9.159  -7.989 0.1250000000
89187  24.843  -7.968  -10.704 0.2500000000
89189  23.864  -7.717  -11.211 0.5000000000
89190  20.190  -8.525  -10.799 0.8750000000
89200  26.946  -8.287  -11.952 0.1250000000
89231  27.456  -8.449  -12.775 0.1250000000
90105  18.116  -8.224  -8.232 0.1250000000
90145  16.966  -9.061  -8.902 0.1250000000
90180  19.853  -7.974  -10.889 0.8750000000
90188  27.174  -8.051  -12.123 0.1250000000
90191  24.328  -7.102  -11.315 0.3750000000
90192  23.786  -7.315  -11.668 0.3750000000
90194  21.811  -7.792  -11.829 0.8750000000
91218  24.245  -6.529  -11.492 0.3750000000
91265  21.778  -5.274  -13.824 1.0000000000
91266  21.644  -5.049  -13.882 1.0000000000
91279  21.512  -5.040  -14.544 1.0000000000
92313  25.153  -6.353  -10.963 0.2500000000
92341  23.908  -5.769  -11.988 0.6250000000
92355  22.451  -5.126  -13.379 0.7500000000
92366  22.186  -5.017  -14.058 1.0000000000
92367  21.905  -5.144  -14.442 1.0000000000
92368  21.594  -4.644  -14.014 1.0000000000
92377  22.078  -4.944  -14.662 1.0000000000
92378  21.702  -5.167  -14.953 1.0000000000
92379  21.135  -4.891  -14.968 1.0000000000
93398  18.136  -4.177  -10.291 0.7500000000
93399  17.835  -4.428  -9.891 0.3750000000
93454  22.712  -4.550  -12.933 0.7500000000
93472  21.671  -3.901  -14.111 1.0000000000
93488  21.482  -3.921  -14.432 1.0000000000
93498  22.060  -4.557  -15.015 1.0000000000
93499  21.536  -4.529  -15.170 1.0000000000
93500  21.180  -4.337  -15.238 1.0000000000
94527  24.809  -2.988  -11.791 0.6250000000
94538  24.681  -3.563  -11.863 0.7500000000
94572  21.457  -3.871  -15.001 1.0000000000
94573  21.122  -4.043  -15.294 1.0000000000
94587  21.779  -4.062  -15.282 1.0000000000
94588  21.395  -4.093  -15.401 1.0000000000
94589  21.168  -4.205  -15.448 1.0000000000
95617  25.247  -2.385  -11.585 0.6250000000
95631  18.828  -2.243  -12.139 1.0000000000
96669  24.303  -1.758  -11.776 0.6250000000
96670  18.127  -1.336  -11.413 1.0000000000
96681  24.556  -1.191  -11.840 0.6250000000
96706  21.871  -1.153  -14.859 1.0000000000
96725  21.517  -0.974  -15.078 1.0000000000
96726  21.114  -1.009  -15.174 1.0000000000
96727  20.903  -0.882  -14.978 1.0000000000
97681  24.945  -1.044  -11.834 0.6250000000
97684  16.800  -0.046  -10.600 0.3750000000
97720  21.485  -0.391  -14.591 1.0000000000
97734  21.311  -0.836  -14.958 1.0000000000
97736  20.834  -0.647  -14.645 1.0000000000
98715  16.532  0.479  -10.545 0.5000000000
98749  18.289  0.644  -12.441 1.0000000000
98777  20.469  0.676  -14.720 1.0000000000
98786  21.002  1.162  -15.166 1.0000000000
99693  27.529  1.913  -11.961 0.3750000000
99695  17.144  1.478  -11.616 0.5000000000
99745  21.580  1.463  -14.746 1.0000000000
99746  20.483  1.484  -15.066 1.0000000000
99757  20.850  1.470  -15.221 1.0000000000
100610  16.471  2.302  -10.750 0.5000000000
100624  27.487  2.299  -11.835 0.3750000000
100648  28.266  2.407  -12.558 0.2500000000
100649  27.860  2.281  -12.174 0.2500000000
100694  20.985  1.773  -15.289 1.0000000000
100695  20.746  1.880  -15.228 1.0000000000
101561  16.211  3.303  -10.324 0.2500000000
101577  24.768  4.111  -11.637 0.6250000000
101593  28.252  3.385  -12.207 0.2500000000
101612  22.769  3.045  -13.716 1.0000000000
101613  18.532  3.454  -13.577 1.0000000000
102537  28.260  3.912  -11.864 0.2500000000
102548  16.722  4.954  -11.121 0.1250000000
102560  28.124  4.745  -12.204 0.3750000000
102562  23.613  4.494  -12.310 0.8750000000
102577  28.204  4.258  -13.423 0.1250000000
102581  18.495  4.240  -13.650 0.8750000000
102607  19.972  5.245  -15.342 1.0000000000
102608  19.773  5.049  -15.268 1.0000000000
103528  27.277  5.087  -11.796 0.3750000000
103549  27.206  5.756  -11.987 0.3750000000
103566  28.272  4.678  -12.963 0.2500000000
103569  21.663  5.553  -13.985 1.0000000000
103584  21.564  5.070  -14.584 1.0000000000
103585  20.916  5.395  -14.894 1.0000000000
103596  19.711  5.668  -15.129 1.0000000000
104489  25.170  6.468  -11.469 0.6250000000
104511  21.974  6.265  -13.152 1.0000000000
104543  21.207  6.817  -14.669 1.0000000000
104545  19.220  6.303  -14.682 1.0000000000
105559  28.356  8.144  -14.100 0.2500000000
105563  20.887  7.798  -13.889 1.0000000000
105584  20.249  6.925  -15.368 1.0000000000
106590  24.771  8.823  -11.917 0.7500000000
106593  22.519  7.957  -13.209 1.0000000000
106604  28.427  8.355  -13.930 0.2500000000
106617  27.882  8.601  -14.736 0.1250000000
107632  25.644  8.650  -11.735 0.5000000000
107655  27.814  9.215  -13.387 0.2500000000
107670  28.478  8.780  -14.053 0.1250000000
107671  28.209  9.295  -14.266 0.2500000000
107703  27.187  8.926  -16.926 0.1250000000
108673  18.527  10.882  -11.090 0.1250000000
108674  18.006  10.408  -11.478 0.1250000000
108740  26.658  10.128  -16.953 0.1250000000
108750  26.497  10.661  -17.471 0.1250000000
109658  19.098  12.244  -10.858 0.1250000000
109667  18.830  11.939  -11.103 0.1250000000
109678  25.774  11.009  -12.416 0.6250000000
109741  26.533  11.715  -17.802 0.1250000000
109761  24.873  11.432  -19.624 0.1250000000
109769  24.513  11.715  -20.180 0.1250000000
110635  25.602  11.878  -12.553 0.7500000000
110649  25.420  12.576  -13.064 0.7500000000
110653  21.900  12.787  -14.806 0.8750000000
110665  21.450  12.523  -15.131 0.8750000000
110674  27.631  12.519  -15.483 0.3750000000
110698  26.458  12.568  -18.192 0.1250000000
110712  24.954  12.114  -20.082 0.1250000000
111617  26.616  13.426  -13.949 0.3750000000
111630  27.385  13.942  -15.230 0.2500000000
111649  27.385  12.801  -16.422 0.1250000000
112509  26.338  13.713  -13.854 0.3750000000
112530  27.301  13.954  -14.890 0.3750000000
112532  22.363  14.643  -15.116 0.7500000000
113413  23.970  15.159  -13.800 0.7500000000
113423  26.565  15.085  -14.653 0.3750000000
113424  25.899  15.434  -14.241 0.3750000000
113426  22.728  15.398  -14.629 0.7500000000
113439  19.035  16.385  -16.426 0.3750000000
113468  24.092  15.485  -20.344 0.1250000000
114303  25.470  16.347  -14.385 0.3750000000
114304  24.509  16.486  -13.988 0.3750000000
114305  23.487  16.261  -14.224 0.3750000000
115149  25.710  16.873  -15.190 0.3750000000
115151  24.357  17.559  -14.840 0.3750000000
115154  21.580  17.373  -15.489 0.3750000000
115155  18.815  17.431  -15.519 0.2500000000
115156  18.696  17.836  -16.148 0.2500000000
115168  19.315  17.853  -16.975 0.3750000000
115188  24.247  17.715  -20.472 0.1250000000
115932  24.330  18.192  -15.214 0.3750000000
115944  24.665  18.620  -15.673 0.3750000000
115948  19.385  18.327  -17.615 0.3750000000
115958  25.511  18.877  -17.030 0.1250000000
115968  25.465  18.185  -18.511 0.1250000000
116690  18.973  19.399  -15.367 0.1250000000
116700  22.575  19.279  -15.671 0.2500000000
116712  23.847  19.742  -15.919 0.2500000000
116713  21.968  19.362  -16.202 0.3750000000
116726  25.240  18.954  -16.520 0.3750000000
116728  20.680  19.875  -17.313 0.3750000000
116730  19.289  20.066  -18.328 0.2500000000
117510  23.222  19.819  -15.628 0.2500000000
117534  19.394  20.746  -18.976 0.2500000000
140786  18.840  -14.993  -10.642 0.5000000000
