#!ascii label  , from subject 3353 vox2ras=TkReg
1506
55079  -44.742  -31.708  62.427 0.0000000000
41081  -34.555  -45.483  68.413 0.0000000000
56998  -53.807  -29.577  47.605 0.0000000000
56943  -38.710  -30.101  51.970 0.0000000000
57778  -48.585  -28.503  55.692 0.0000000000
46236  -42.355  -40.191  63.858 0.0000000000
47296  -33.554  -39.610  59.441 0.0000000000
51513  -37.130  -36.299  53.416 0.0000000000
42218  -24.905  -44.034  69.184 0.0000000000
68316  -54.348  -17.647  50.526 0.0000000000
41229  -27.439  -45.391  58.315 0.0000000000
55150  -41.756  -31.587  57.161 0.0000000000
56916  -43.417  -29.011  53.751 0.0000000000
57722  -45.489  -28.829  59.086 0.0000000000
50380  -45.881  -36.681  62.684 0.0000000000
47333  -41.220  -38.970  58.225 0.0000000000
50493  -43.247  -35.896  55.631 0.0000000000
53429  -39.209  -34.053  50.082 0.0000000000
73399  -53.747  -13.921  47.247 0.0000000000
39979  -29.284  -45.927  68.716 0.0000000000
42323  -25.668  -45.093  63.998 0.0000000000
40062  -30.333  -45.977  63.916 0.0000000000
58812  -50.589  -27.417  51.608 0.0000000000
42273  -39.126  -43.947  66.596 0.0000000000
43344  -35.375  -43.373  63.578 0.0000000000
45283  -38.969  -41.258  61.019 0.0000000000
47358  -36.000  -40.111  55.477 0.0000000000
41052  -20.078  -43.815  69.832 0.0000000000
58746  -53.130  -27.884  57.183 0.0000000000
57834  -54.735  -28.195  52.256 0.0000000000
63990  -55.267  -22.228  52.034 0.0000000000
60894  -51.845  -25.376  48.906 0.0000000000
65160  -50.726  -21.120  46.012 0.0000000000
42298  -21.364  -43.894  64.442 0.0000000000
43379  -29.859  -42.942  60.693 0.0000000000
54244  -42.977  -31.787  60.209 0.0000000000
56015  -43.477  -29.837  58.214 0.0000000000
56826  -44.344  -29.249  60.939 0.0000000000
53291  -45.756  -33.982  62.111 0.0000000000
50441  -44.846  -36.278  59.790 0.0000000000
52398  -43.834  -34.581  59.615 0.0000000000
53361  -41.913  -34.240  56.659 0.0000000000
57924  -53.230  -28.568  45.399 0.0000000000
57016  -54.659  -28.882  46.395 0.0000000000
41079  -32.389  -45.493  67.967 0.0000000000
40021  -29.746  -45.663  66.135 0.0000000000
41138  -32.218  -45.667  65.732 0.0000000000
57871  -40.012  -28.495  49.604 0.0000000000
56907  -46.038  -28.811  55.096 0.0000000000
57842  -44.587  -28.272  51.458 0.0000000000
57830  -47.409  -27.747  52.977 0.0000000000
59825  -49.166  -26.548  50.878 0.0000000000
58784  -49.725  -27.539  53.173 0.0000000000
44258  -40.738  -42.079  65.705 0.0000000000
43348  -39.399  -43.355  63.825 0.0000000000
44318  -41.466  -41.923  62.144 0.0000000000
49414  -39.479  -37.443  55.552 0.0000000000
47343  -38.727  -40.132  56.438 0.0000000000
48347  -36.249  -38.993  53.658 0.0000000000
54324  -38.580  -32.381  51.533 0.0000000000
57802  -54.535  -28.232  54.355 0.0000000000
62948  -53.899  -23.394  50.579 0.0000000000
65124  -52.693  -21.633  50.134 0.0000000000
62987  -50.899  -23.761  47.683 0.0000000000
67317  -51.361  -19.391  49.047 0.0000000000
71414  -52.176  -15.408  45.960 0.0000000000
42216  -22.749  -43.654  69.463 0.0000000000
42246  -21.047  -43.475  67.662 0.0000000000
42267  -23.161  -43.792  66.660 0.0000000000
41211  -26.636  -44.908  60.927 0.0000000000
42377  -24.487  -44.236  59.466 0.0000000000
42392  -25.797  -44.942  57.705 0.0000000000
45279  -34.872  -41.438  61.997 0.0000000000
44293  -32.558  -42.745  62.161 0.0000000000
46284  -31.815  -40.783  60.394 0.0000000000
55182  -40.075  -31.475  54.347 0.0000000000
56929  -41.408  -29.219  53.017 0.0000000000
56890  -42.878  -29.591  55.921 0.0000000000
56876  -45.184  -29.458  56.491 0.0000000000
57741  -47.547  -28.793  57.549 0.0000000000
47257  -44.125  -38.334  63.395 0.0000000000
46295  -42.912  -40.270  60.910 0.0000000000
48279  -44.163  -38.089  60.537 0.0000000000
49407  -42.267  -36.773  57.030 0.0000000000
50517  -39.793  -36.138  54.013 0.0000000000
51550  -38.344  -35.104  52.056 0.0000000000
51518  -41.419  -35.227  53.030 0.0000000000
53384  -40.206  -33.471  53.665 0.0000000000
71376  -54.420  -15.420  49.150 0.0000000000
74355  -55.390  -12.321  48.709 0.0000000000
41056  -27.021  -45.188  69.475 0.0000000000
41111  -25.272  -45.027  66.392 0.0000000000
40019  -27.330  -46.125  66.367 0.0000000000
41156  -28.166  -45.428  64.448 0.0000000000
41201  -28.351  -45.512  61.530 0.0000000000
57857  -42.889  -28.557  50.557 0.0000000000
59865  -50.439  -26.695  48.635 0.0000000000
57876  -52.102  -28.721  49.017 0.0000000000
41098  -36.639  -44.736  67.665 0.0000000000
41141  -35.548  -45.026  65.608 0.0000000000
42307  -37.805  -44.135  65.002 0.0000000000
44298  -37.348  -41.586  62.608 0.0000000000
46288  -36.321  -40.045  60.297 0.0000000000
46309  -40.581  -40.663  59.820 0.0000000000
46322  -37.753  -40.432  58.239 0.0000000000
47313  -35.537  -39.458  57.826 0.0000000000
56810  -46.068  -29.251  63.619 0.0000000000
41041  -35.934  -44.513  70.021 0.0000000000
44240  -39.510  -41.480  67.929 0.0000000000
46184  -41.040  -39.474  66.450 0.0000000000
58682  -46.064  -27.364  62.104 0.0000000000
58692  -48.144  -27.050  60.018 0.0000000000
57712  -49.934  -27.957  58.858 0.0000000000
59741  -51.172  -26.642  59.317 0.0000000000
57761  -50.548  -28.440  56.450 0.0000000000
57799  -52.031  -28.357  54.567 0.0000000000
57847  -53.519  -29.179  51.978 0.0000000000
56093  -54.544  -29.932  49.661 0.0000000000
60861  -55.310  -24.562  52.129 0.0000000000
58831  -53.549  -27.244  50.861 0.0000000000
57896  -53.820  -28.334  47.906 0.0000000000
59891  -53.081  -26.656  46.647 0.0000000000
70378  -52.054  -16.616  47.887 0.0000000000
41089  -18.835  -45.452  67.442 0.0000000000
41196  -20.202  -45.635  60.919 0.0000000000
42321  -23.611  -44.144  63.781 0.0000000000
42367  -22.625  -44.129  60.355 0.0000000000
42326  -33.037  -44.558  63.507 0.0000000000
42346  -30.783  -44.465  62.453 0.0000000000
41222  -28.695  -44.797  59.674 0.0000000000
43385  -28.515  -43.617  57.703 0.0000000000
55088  -43.638  -31.775  61.428 0.0000000000
55982  -43.522  -30.507  60.396 0.0000000000
55089  -44.139  -31.240  61.919 0.0000000000
54204  -45.121  -33.198  62.008 0.0000000000
52362  -44.719  -34.338  61.012 0.0000000000
54222  -44.134  -33.285  60.988 0.0000000000
53302  -42.995  -33.222  60.121 0.0000000000
57903  -52.354  -28.610  47.110 0.0000000000
57913  -53.296  -29.211  46.602 0.0000000000
57925  -54.149  -29.101  45.779 0.0000000000
57007  -54.263  -29.318  46.773 0.0000000000
41080  -33.441  -45.445  68.219 0.0000000000
41094  -32.333  -45.635  66.993 0.0000000000
41119  -33.764  -45.659  66.482 0.0000000000
56977  -38.705  -29.148  50.176 0.0000000000
56962  -39.584  -29.059  51.163 0.0000000000
57777  -47.373  -28.697  55.774 0.0000000000
57811  -46.634  -28.256  53.797 0.0000000000
57812  -47.722  -27.899  53.752 0.0000000000
58782  -48.056  -27.640  53.020 0.0000000000
57796  -48.759  -28.287  54.737 0.0000000000
45240  -41.812  -40.976  64.432 0.0000000000
44284  -41.756  -41.915  63.634 0.0000000000
45253  -42.209  -41.306  63.633 0.0000000000
50500  -38.039  -37.155  54.406 0.0000000000
48334  -38.122  -38.181  54.986 0.0000000000
49437  -37.063  -37.394  53.878 0.0000000000
49435  -35.216  -38.005  53.387 0.0000000000
56062  -38.726  -30.917  52.332 0.0000000000
55212  -37.931  -31.835  50.878 0.0000000000
56960  -37.818  -30.106  50.643 0.0000000000
66261  -53.720  -20.324  50.671 0.0000000000
66260  -53.263  -19.681  50.437 0.0000000000
66278  -51.783  -20.616  49.483 0.0000000000
68315  -52.687  -18.238  50.049 0.0000000000
42217  -23.870  -43.748  69.301 0.0000000000
42231  -23.047  -43.729  68.551 0.0000000000
42232  -24.219  -43.774  68.422 0.0000000000
41219  -26.841  -45.272  59.733 0.0000000000
42379  -26.402  -44.870  58.987 0.0000000000
41228  -26.692  -45.318  58.357 0.0000000000
41271  -26.248  -46.038  56.733 0.0000000000
40101  -26.886  -45.993  56.875 0.0000000000
46286  -34.240  -40.519  60.713 0.0000000000
46285  -32.986  -40.816  61.050 0.0000000000
46301  -32.355  -40.330  59.691 0.0000000000
55164  -40.877  -31.530  55.806 0.0000000000
56888  -41.472  -30.155  55.354 0.0000000000
56025  -41.802  -30.521  56.202 0.0000000000
56850  -45.089  -29.347  58.630 0.0000000000
56864  -43.855  -29.634  57.859 0.0000000000
56865  -45.103  -29.446  57.482 0.0000000000
56866  -46.086  -29.411  57.122 0.0000000000
56851  -46.063  -29.078  57.938 0.0000000000
49321  -45.550  -37.118  63.129 0.0000000000
48245  -44.453  -38.516  61.996 0.0000000000
49350  -45.255  -37.385  61.380 0.0000000000
50479  -44.265  -36.267  57.323 0.0000000000
49392  -44.132  -37.259  58.256 0.0000000000
49418  -43.162  -36.369  55.825 0.0000000000
50491  -41.695  -36.370  55.204 0.0000000000
50504  -41.689  -36.090  54.372 0.0000000000
51517  -40.833  -35.544  53.122 0.0000000000
51504  -42.143  -35.232  54.291 0.0000000000
53347  -41.394  -33.055  57.284 0.0000000000
53371  -40.768  -33.379  55.596 0.0000000000
54300  -40.708  -32.558  56.030 0.0000000000
54305  -39.789  -32.378  54.298 0.0000000000
39969  -28.112  -45.415  69.543 0.0000000000
40003  -26.901  -46.016  67.381 0.0000000000
39991  -28.692  -46.133  68.044 0.0000000000
40050  -30.361  -46.130  64.655 0.0000000000
40035  -28.745  -45.599  64.989 0.0000000000
40049  -29.480  -45.780  64.306 0.0000000000
41189  -28.338  -45.373  62.580 0.0000000000
41190  -29.184  -45.286  62.443 0.0000000000
56930  -42.525  -29.051  52.848 0.0000000000
56964  -41.911  -28.965  51.126 0.0000000000
56947  -42.749  -28.934  51.814 0.0000000000
58823  -45.283  -27.494  50.621 0.0000000000
58822  -44.345  -28.070  50.655 0.0000000000
58843  -45.422  -27.082  49.739 0.0000000000
58827  -50.132  -27.052  51.073 0.0000000000
59835  -50.011  -26.577  50.414 0.0000000000
59836  -50.640  -26.968  50.204 0.0000000000
58866  -50.944  -27.459  49.045 0.0000000000
58829  -51.555  -27.969  50.369 0.0000000000
41100  -38.174  -44.527  66.830 0.0000000000
41143  -37.163  -44.565  65.913 0.0000000000
42289  -38.621  -44.471  65.786 0.0000000000
44300  -39.149  -41.881  62.020 0.0000000000
44280  -38.275  -42.424  63.048 0.0000000000
45267  -38.372  -41.317  61.757 0.0000000000
45281  -36.897  -40.878  61.594 0.0000000000
45282  -37.947  -40.751  61.049 0.0000000000
47302  -42.458  -39.574  60.032 0.0000000000
46311  -42.199  -40.297  60.474 0.0000000000
47315  -40.757  -40.062  59.269 0.0000000000
45340  -37.123  -40.319  55.720 0.0000000000
46335  -38.736  -40.504  57.534 0.0000000000
46333  -36.899  -40.246  57.159 0.0000000000
46321  -36.936  -40.045  58.292 0.0000000000
52482  -39.461  -34.665  51.257 0.0000000000
45213  -39.945  -40.790  67.384 0.0000000000
49267  -43.958  -36.287  65.341 0.0000000000
57686  -45.713  -28.516  63.205 0.0000000000
60720  -47.839  -25.763  61.653 0.0000000000
59702  -49.107  -25.996  61.019 0.0000000000
58709  -48.768  -27.395  59.604 0.0000000000
58694  -49.877  -26.835  59.870 0.0000000000
58728  -52.533  -27.630  57.866 0.0000000000
57728  -51.194  -28.285  58.089 0.0000000000
57746  -52.260  -28.500  57.175 0.0000000000
57781  -51.733  -28.361  55.477 0.0000000000
57782  -52.607  -28.615  55.406 0.0000000000
57819  -54.848  -28.502  53.244 0.0000000000
56920  -53.798  -29.261  53.197 0.0000000000
56936  -54.341  -29.061  52.402 0.0000000000
56966  -53.529  -29.602  50.836 0.0000000000
56952  -54.314  -29.178  51.316 0.0000000000
62929  -55.454  -23.129  51.902 0.0000000000
61938  -52.539  -24.422  49.848 0.0000000000
60870  -53.874  -25.407  51.128 0.0000000000
59850  -52.806  -26.764  49.507 0.0000000000
58848  -53.356  -27.658  49.615 0.0000000000
59867  -52.789  -26.856  48.513 0.0000000000
58882  -53.533  -27.792  47.551 0.0000000000
59880  -51.955  -26.014  47.720 0.0000000000
64071  -50.519  -21.799  46.910 0.0000000000
62991  -51.798  -23.863  46.068 0.0000000000
64089  -52.005  -22.262  45.568 0.0000000000
72411  -54.241  -14.645  48.261 0.0000000000
70379  -52.477  -16.380  48.515 0.0000000000
71400  -52.705  -15.240  47.928 0.0000000000
42283  -21.632  -43.796  65.537 0.0000000000
42282  -20.435  -44.296  65.365 0.0000000000
42297  -20.363  -44.595  64.255 0.0000000000
42339  -20.157  -44.954  62.602 0.0000000000
42340  -20.773  -44.452  62.131 0.0000000000
41153  -25.695  -45.310  65.143 0.0000000000
41152  -25.056  -44.759  65.447 0.0000000000
42322  -24.767  -44.499  63.948 0.0000000000
42368  -23.832  -44.095  60.526 0.0000000000
39082  -23.764  -47.603  57.316 0.0000000000
42304  -35.162  -44.476  64.633 0.0000000000
41160  -33.550  -45.137  64.711 0.0000000000
43342  -33.640  -43.778  63.381 0.0000000000
44311  -31.596  -42.523  61.506 0.0000000000
43361  -31.382  -43.684  62.428 0.0000000000
43371  -30.273  -43.437  61.470 0.0000000000
42359  -29.284  -44.685  61.189 0.0000000000
43378  -29.181  -43.446  60.132 0.0000000000
42393  -28.573  -44.408  57.032 0.0000000000
55132  -41.926  -31.731  57.975 0.0000000000
55151  -42.350  -30.953  57.528 0.0000000000
55134  -43.063  -30.774  59.232 0.0000000000
56835  -43.856  -29.644  59.324 0.0000000000
57706  -44.690  -28.992  60.437 0.0000000000
51404  -46.114  -35.625  62.327 0.0000000000
50428  -45.510  -36.533  61.100 0.0000000000
52381  -45.001  -35.229  60.591 0.0000000000
52399  -44.362  -35.190  59.490 0.0000000000
51483  -43.738  -35.401  57.815 0.0000000000
52445  -42.635  -35.103  55.912 0.0000000000
52418  -42.796  -34.575  57.800 0.0000000000
53331  -41.768  -32.972  57.933 0.0000000000
57916  -55.480  -28.011  45.873 0.0000000000
39980  -30.258  -46.024  68.390 0.0000000000
39992  -29.675  -46.168  67.790 0.0000000000
39994  -31.075  -45.654  67.355 0.0000000000
40038  -31.222  -45.826  65.616 0.0000000000
40051  -31.195  -46.066  64.927 0.0000000000
57792  -44.993  -28.819  54.352 0.0000000000
56932  -44.417  -28.657  52.718 0.0000000000
56933  -45.139  -28.550  53.013 0.0000000000
57844  -45.968  -27.849  52.378 0.0000000000
58809  -47.308  -27.213  51.478 0.0000000000
58825  -47.465  -26.720  50.660 0.0000000000
58796  -48.163  -27.303  52.265 0.0000000000
58797  -49.172  -27.190  52.331 0.0000000000
58798  -50.212  -27.423  52.427 0.0000000000
43314  -40.068  -43.333  66.036 0.0000000000
43321  -39.689  -44.071  65.176 0.0000000000
43334  -40.583  -43.120  64.685 0.0000000000
44302  -40.931  -42.257  62.616 0.0000000000
44316  -40.278  -41.766  61.214 0.0000000000
48312  -40.085  -38.364  56.883 0.0000000000
47345  -39.888  -39.133  57.285 0.0000000000
47361  -38.910  -39.226  56.278 0.0000000000
47359  -37.500  -39.628  55.387 0.0000000000
47373  -36.413  -39.703  54.336 0.0000000000
46393  -35.112  -40.032  53.857 0.0000000000
48346  -35.033  -38.822  53.209 0.0000000000
53411  -38.784  -33.126  50.941 0.0000000000
54340  -38.047  -32.735  49.786 0.0000000000
59769  -53.776  -27.115  57.182 0.0000000000
57765  -53.517  -28.128  56.101 0.0000000000
58767  -54.305  -27.314  55.174 0.0000000000
58775  -54.802  -27.509  54.300 0.0000000000
58787  -55.285  -27.180  53.470 0.0000000000
65082  -55.128  -21.371  51.718 0.0000000000
64016  -54.977  -22.401  51.480 0.0000000000
65081  -54.634  -21.432  51.132 0.0000000000
64035  -53.324  -22.572  50.348 0.0000000000
62966  -51.990  -23.521  49.298 0.0000000000
61944  -51.380  -24.622  48.306 0.0000000000
64056  -51.131  -22.659  48.194 0.0000000000
65138  -50.656  -20.983  48.077 0.0000000000
66307  -50.489  -20.386  47.545 0.0000000000
73415  -53.484  -13.575  46.639 0.0000000000
72446  -52.067  -14.757  46.741 0.0000000000
72457  -52.845  -13.753  45.887 0.0000000000
42215  -21.750  -43.703  69.783 0.0000000000
41074  -20.305  -43.862  68.713 0.0000000000
42230  -21.686  -43.586  68.755 0.0000000000
42266  -21.945  -43.779  66.618 0.0000000000
42284  -22.916  -43.860  65.732 0.0000000000
41199  -26.464  -44.862  62.263 0.0000000000
42357  -25.513  -44.485  62.110 0.0000000000
42369  -25.343  -44.436  60.689 0.0000000000
42385  -24.949  -44.523  58.456 0.0000000000
41245  -24.554  -45.581  57.064 0.0000000000
40100  -24.275  -46.762  56.844 0.0000000000
40120  -25.025  -46.901  56.417 0.0000000000
45263  -34.585  -42.097  62.342 0.0000000000
43364  -34.207  -43.159  63.033 0.0000000000
45278  -33.871  -41.750  62.099 0.0000000000
44326  -32.078  -42.035  61.358 0.0000000000
44324  -30.320  -41.889  60.318 0.0000000000
56064  -39.742  -30.435  53.058 0.0000000000
56945  -40.510  -29.248  52.138 0.0000000000
56913  -40.622  -30.133  54.195 0.0000000000
56903  -42.060  -29.426  54.895 0.0000000000
56904  -43.228  -29.222  54.803 0.0000000000
56874  -43.020  -29.654  56.933 0.0000000000
56875  -44.025  -29.240  56.762 0.0000000000
56905  -44.458  -29.136  54.658 0.0000000000
56892  -45.312  -29.300  55.605 0.0000000000
56878  -46.841  -29.023  56.195 0.0000000000
57758  -47.630  -28.826  56.755 0.0000000000
47236  -42.939  -39.414  63.587 0.0000000000
46255  -43.097  -40.251  62.506 0.0000000000
47272  -43.813  -39.229  62.175 0.0000000000
47292  -43.321  -39.407  60.586 0.0000000000
47318  -43.097  -38.658  59.110 0.0000000000
49378  -44.886  -37.107  59.806 0.0000000000
49391  -43.230  -37.761  58.519 0.0000000000
49398  -41.601  -37.672  57.457 0.0000000000
49415  -40.589  -37.241  55.982 0.0000000000
49426  -39.382  -36.732  54.731 0.0000000000
50516  -38.693  -36.425  53.840 0.0000000000
51531  -38.052  -35.482  52.792 0.0000000000
51532  -39.008  -35.546  52.739 0.0000000000
51552  -40.075  -35.117  51.774 0.0000000000
52484  -40.372  -34.502  51.584 0.0000000000
52451  -41.808  -34.807  54.157 0.0000000000
53385  -41.009  -33.909  53.164 0.0000000000
53392  -40.245  -33.620  52.592 0.0000000000
53391  -39.543  -33.103  53.111 0.0000000000
55189  -39.400  -31.512  53.304 0.0000000000
70371  -54.563  -16.355  49.986 0.0000000000
71377  -55.119  -15.692  49.962 0.0000000000
72401  -54.957  -14.584  49.304 0.0000000000
73401  -54.806  -12.853  47.758 0.0000000000
74365  -54.701  -12.367  47.352 0.0000000000
75366  -53.697  -11.684  46.364 0.0000000000
41031  -26.052  -44.968  69.376 0.0000000000
42250  -25.338  -44.557  67.621 0.0000000000
41076  -26.137  -45.172  68.095 0.0000000000
40017  -26.247  -45.789  66.405 0.0000000000
41154  -26.413  -45.589  64.992 0.0000000000
40020  -28.464  -45.685  66.053 0.0000000000
41137  -27.829  -45.635  65.292 0.0000000000
41174  -27.375  -45.404  63.849 0.0000000000
41188  -27.455  -45.245  62.882 0.0000000000
41212  -27.549  -45.448  60.637 0.0000000000
41220  -27.514  -45.427  59.489 0.0000000000
56963  -40.883  -28.876  51.239 0.0000000000
57855  -41.333  -28.583  50.513 0.0000000000
57841  -43.935  -28.535  51.357 0.0000000000
58867  -51.513  -28.089  48.547 0.0000000000
57895  -52.765  -29.115  48.642 0.0000000000
41097  -35.362  -45.392  67.554 0.0000000000
41120  -34.877  -45.399  66.565 0.0000000000
41121  -36.055  -45.084  66.623 0.0000000000
42286  -36.446  -44.686  65.281 0.0000000000
42330  -36.420  -43.962  64.302 0.0000000000
43331  -38.587  -43.686  64.503 0.0000000000
43346  -37.512  -43.064  63.682 0.0000000000
44278  -35.900  -42.406  63.270 0.0000000000
45280  -35.898  -41.197  61.841 0.0000000000
46269  -36.108  -40.445  61.174 0.0000000000
46304  -35.467  -39.707  59.714 0.0000000000
45287  -42.716  -40.706  61.556 0.0000000000
45299  -41.416  -41.218  60.867 0.0000000000
45298  -40.401  -41.192  60.351 0.0000000000
46336  -39.486  -40.327  57.760 0.0000000000
45323  -39.193  -40.921  58.811 0.0000000000
46291  -38.674  -40.709  59.821 0.0000000000
46306  -37.602  -40.402  59.138 0.0000000000
46305  -36.568  -39.769  59.255 0.0000000000
52465  -36.550  -34.947  52.106 0.0000000000
55071  -45.760  -31.639  63.445 0.0000000000
55960  -45.852  -30.404  63.552 0.0000000000
42177  -22.438  -43.525  71.015 0.0000000000
42180  -25.564  -44.200  70.919 0.0000000000
41010  -26.673  -44.613  70.652 0.0000000000
41033  -27.443  -44.781  69.870 0.0000000000
41037  -31.559  -45.502  69.840 0.0000000000
41061  -32.527  -45.499  69.027 0.0000000000
41062  -33.716  -45.389  69.208 0.0000000000
41082  -35.605  -45.098  68.561 0.0000000000
41083  -36.410  -44.331  68.829 0.0000000000
42236  -37.563  -43.725  68.504 0.0000000000
42238  -38.561  -43.064  67.837 0.0000000000
43287  -38.911  -41.904  68.986 0.0000000000
42239  -39.431  -42.346  67.445 0.0000000000
44253  -40.271  -41.783  66.416 0.0000000000
45224  -40.688  -40.597  65.953 0.0000000000
46219  -41.503  -40.077  64.945 0.0000000000
48195  -42.230  -38.829  64.522 0.0000000000
48196  -42.935  -37.966  64.652 0.0000000000
48198  -44.575  -37.208  64.392 0.0000000000
54181  -46.176  -32.467  63.636 0.0000000000
56821  -44.622  -29.332  62.106 0.0000000000
57699  -44.912  -28.623  61.066 0.0000000000
58690  -45.777  -27.621  60.441 0.0000000000
60702  -46.729  -25.978  62.645 0.0000000000
59717  -46.567  -27.001  60.884 0.0000000000
58707  -46.516  -27.538  59.672 0.0000000000
57710  -48.018  -28.265  59.082 0.0000000000
57725  -48.270  -28.481  58.273 0.0000000000
57743  -49.402  -28.461  57.381 0.0000000000
57713  -50.756  -28.023  58.764 0.0000000000
57744  -50.385  -28.481  57.326 0.0000000000
57779  -49.689  -28.491  55.623 0.0000000000
57797  -49.909  -28.387  54.704 0.0000000000
57815  -51.329  -28.170  53.889 0.0000000000
58799  -51.387  -27.783  52.513 0.0000000000
57800  -52.902  -28.757  54.477 0.0000000000
57816  -52.349  -28.359  53.390 0.0000000000
57831  -52.499  -28.238  52.045 0.0000000000
57861  -52.913  -29.285  50.427 0.0000000000
56979  -53.400  -29.986  49.935 0.0000000000
56991  -54.288  -29.921  48.667 0.0000000000
60849  -55.092  -25.444  52.760 0.0000000000
59819  -54.763  -26.405  52.392 0.0000000000
61923  -54.777  -23.991  51.272 0.0000000000
60859  -54.291  -25.726  51.507 0.0000000000
58815  -54.458  -27.296  51.575 0.0000000000
57863  -54.377  -28.848  50.101 0.0000000000
57879  -54.192  -28.797  49.189 0.0000000000
56999  -54.298  -29.409  47.783 0.0000000000
57906  -54.303  -28.496  47.257 0.0000000000
58894  -54.495  -27.677  46.497 0.0000000000
59893  -55.058  -27.066  46.040 0.0000000000
61947  -52.152  -25.215  46.790 0.0000000000
60920  -53.199  -25.800  46.157 0.0000000000
60933  -54.589  -25.466  45.512 0.0000000000
69332  -52.842  -17.150  49.603 0.0000000000
68326  -50.816  -18.594  48.124 0.0000000000
68338  -50.912  -18.591  47.022 0.0000000000
71413  -51.882  -15.584  46.749 0.0000000000
68339  -51.179  -18.036  46.710 0.0000000000
67352  -51.889  -19.674  45.872 0.0000000000
41090  -19.811  -44.251  67.502 0.0000000000
42268  -24.172  -44.273  66.667 0.0000000000
42285  -23.811  -44.398  65.970 0.0000000000
42320  -22.313  -43.813  63.521 0.0000000000
42356  -24.269  -44.011  61.734 0.0000000000
42342  -23.255  -44.222  62.623 0.0000000000
42341  -21.995  -43.941  62.360 0.0000000000
42353  -20.942  -44.668  60.981 0.0000000000
41140  -34.282  -45.410  65.666 0.0000000000
41159  -32.087  -45.607  64.816 0.0000000000
41178  -31.262  -45.567  63.572 0.0000000000
43341  -32.959  -43.814  63.161 0.0000000000
42347  -31.636  -44.499  62.955 0.0000000000
41191  -30.112  -45.175  62.433 0.0000000000
41202  -29.078  -45.266  61.465 0.0000000000
41214  -28.848  -45.141  60.379 0.0000000000
41221  -28.198  -45.261  59.350 0.0000000000
46282  -30.820  -40.841  59.970 0.0000000000
44333  -29.632  -41.788  59.641 0.0000000000
43383  -28.668  -42.980  59.288 0.0000000000
43382  -28.414  -43.731  58.626 0.0000000000
41230  -27.927  -44.998  58.232 0.0000000000
41248  -27.599  -45.321  57.373 0.0000000000
54202  -43.759  -32.273  61.400 0.0000000000
54188  -44.863  -32.179  62.346 0.0000000000
54203  -44.357  -32.458  61.803 0.0000000000
57904  -52.923  -29.330  47.788 0.0000000000
57006  -53.833  -29.481  46.857 0.0000000000
41095  -33.171  -45.558  67.247 0.0000000000
41096  -34.219  -45.597  67.424 0.0000000000
56961  -38.327  -29.748  51.277 0.0000000000
57795  -47.598  -28.421  54.760 0.0000000000
46235  -41.916  -40.090  64.334 0.0000000000
45241  -42.433  -40.752  63.648 0.0000000000
50515  -37.682  -36.804  53.957 0.0000000000
56072  -38.512  -30.623  51.975 0.0000000000
56081  -38.014  -30.778  50.983 0.0000000000
68304  -54.626  -17.987  50.828 0.0000000000
67290  -53.684  -19.267  50.560 0.0000000000
67289  -53.273  -19.220  50.386 0.0000000000
67305  -52.766  -19.228  50.181 0.0000000000
69319  -53.867  -17.849  50.238 0.0000000000
42199  -24.720  -43.846  70.030 0.0000000000
41247  -26.587  -45.673  57.385 0.0000000000
40080  -27.022  -45.718  57.635 0.0000000000
46303  -34.423  -39.908  59.965 0.0000000000
46302  -33.443  -40.263  60.012 0.0000000000
47295  -32.944  -39.887  59.579 0.0000000000
55165  -41.428  -31.181  56.375 0.0000000000
55166  -41.998  -31.019  56.950 0.0000000000
57723  -46.064  -28.616  58.614 0.0000000000
49334  -45.483  -37.305  62.270 0.0000000000
50486  -44.047  -35.992  56.795 0.0000000000
49409  -43.967  -36.476  56.819 0.0000000000
50492  -42.512  -36.124  55.119 0.0000000000
50505  -42.106  -35.713  54.334 0.0000000000
51498  -42.525  -35.563  55.073 0.0000000000
54290  -41.156  -32.447  56.652 0.0000000000
54289  -40.837  -31.954  56.141 0.0000000000
39978  -28.375  -45.744  69.039 0.0000000000
40061  -29.777  -45.776  63.702 0.0000000000
41177  -30.002  -45.698  63.194 0.0000000000
56931  -43.536  -28.853  52.769 0.0000000000
58824  -46.375  -27.058  50.509 0.0000000000
58828  -50.740  -27.378  50.706 0.0000000000
58845  -51.019  -27.411  49.909 0.0000000000
58813  -51.498  -27.883  51.352 0.0000000000
42272  -38.547  -44.429  66.433 0.0000000000
42290  -39.407  -44.344  65.860 0.0000000000
47316  -41.507  -39.363  59.075 0.0000000000
45339  -36.847  -40.266  55.655 0.0000000000
46347  -37.373  -40.402  56.244 0.0000000000
46346  -36.532  -40.048  56.038 0.0000000000
46332  -36.252  -39.833  56.485 0.0000000000
47342  -36.021  -39.890  55.715 0.0000000000
52502  -39.492  -34.309  50.809 0.0000000000
52519  -38.750  -34.186  49.909 0.0000000000
59720  -49.531  -26.495  60.412 0.0000000000
58729  -53.433  -27.377  57.491 0.0000000000
59757  -52.531  -26.663  58.396 0.0000000000
58745  -52.730  -28.112  57.277 0.0000000000
57747  -52.847  -28.314  56.806 0.0000000000
57763  -52.366  -28.438  56.244 0.0000000000
57764  -53.062  -28.514  56.149 0.0000000000
57835  -55.347  -28.060  52.892 0.0000000000
65052  -54.335  -21.351  52.418 0.0000000000
63989  -54.833  -22.225  52.372 0.0000000000
62904  -55.124  -23.068  52.265 0.0000000000
60882  -51.981  -25.091  49.383 0.0000000000
60883  -52.394  -25.391  49.819 0.0000000000
60895  -52.422  -26.083  49.006 0.0000000000
59866  -52.081  -26.136  48.280 0.0000000000
64084  -50.542  -21.562  46.386 0.0000000000
64085  -51.011  -22.219  46.207 0.0000000000
65171  -51.616  -21.254  45.710 0.0000000000
72428  -53.966  -14.197  47.498 0.0000000000
72410  -53.613  -14.876  48.045 0.0000000000
72427  -53.148  -14.509  47.526 0.0000000000
42318  -20.248  -44.693  63.217 0.0000000000
42319  -21.065  -43.945  63.307 0.0000000000
41172  -25.953  -45.355  64.601 0.0000000000
42301  -25.241  -44.708  64.746 0.0000000000
39081  -23.088  -47.611  57.898 0.0000000000
42328  -34.883  -44.212  63.964 0.0000000000
43343  -34.471  -43.673  63.544 0.0000000000
44310  -30.788  -42.694  61.086 0.0000000000
43372  -30.986  -42.994  61.979 0.0000000000
42372  -29.430  -43.804  61.084 0.0000000000
55113  -42.694  -31.560  59.469 0.0000000000
55133  -42.559  -31.099  58.544 0.0000000000
55983  -43.847  -29.913  60.725 0.0000000000
55993  -43.873  -30.015  60.107 0.0000000000
56836  -44.397  -29.495  59.764 0.0000000000
52364  -45.785  -34.714  61.922 0.0000000000
51428  -45.712  -35.458  61.786 0.0000000000
52379  -43.995  -34.358  60.177 0.0000000000
52380  -44.478  -34.544  60.434 0.0000000000
51469  -43.919  -35.342  58.744 0.0000000000
52419  -43.150  -34.691  58.525 0.0000000000
52431  -43.321  -34.978  57.294 0.0000000000
54243  -42.767  -32.527  59.897 0.0000000000
53315  -42.590  -33.371  59.303 0.0000000000
54264  -42.181  -32.402  58.754 0.0000000000
57912  -52.335  -28.482  45.990 0.0000000000
57015  -54.531  -29.040  46.171 0.0000000000
57915  -54.833  -28.296  46.198 0.0000000000
41060  -31.208  -45.808  68.778 0.0000000000
39981  -30.944  -45.834  67.950 0.0000000000
41078  -31.616  -45.642  67.518 0.0000000000
41117  -32.083  -45.700  66.225 0.0000000000
41116  -31.837  -45.703  66.225 0.0000000000
40039  -31.702  -45.722  65.782 0.0000000000
40052  -31.664  -45.766  65.392 0.0000000000
56978  -39.538  -28.762  50.166 0.0000000000
57793  -45.614  -28.743  54.485 0.0000000000
56918  -44.940  -28.651  53.406 0.0000000000
57810  -45.652  -28.530  53.764 0.0000000000
57829  -46.674  -27.813  52.787 0.0000000000
58808  -46.196  -27.598  51.750 0.0000000000
58795  -47.209  -27.593  52.354 0.0000000000
57813  -49.040  -27.820  53.806 0.0000000000
58783  -48.828  -27.392  52.969 0.0000000000
43323  -40.434  -42.841  65.461 0.0000000000
44303  -41.559  -41.901  62.786 0.0000000000
44283  -40.985  -42.763  63.700 0.0000000000
44301  -40.215  -42.394  62.207 0.0000000000
44317  -41.180  -41.934  61.566 0.0000000000
48325  -40.006  -37.833  56.240 0.0000000000
48324  -39.274  -38.391  56.110 0.0000000000
48333  -37.310  -38.877  54.805 0.0000000000
47374  -36.906  -39.799  54.898 0.0000000000
48332  -36.701  -39.367  54.423 0.0000000000
47392  -35.965  -39.913  54.013 0.0000000000
53398  -38.840  -32.936  51.441 0.0000000000
54331  -38.274  -32.639  50.436 0.0000000000
59781  -53.486  -26.683  56.660 0.0000000000
59782  -53.760  -27.220  56.609 0.0000000000
60815  -54.375  -25.539  54.644 0.0000000000
59793  -54.205  -26.391  55.142 0.0000000000
59802  -54.744  -26.555  54.265 0.0000000000
58776  -55.181  -27.343  53.845 0.0000000000
59803  -55.169  -26.886  53.777 0.0000000000
67272  -54.597  -19.563  51.423 0.0000000000
68279  -54.774  -19.173  51.897 0.0000000000
67273  -54.765  -19.725  51.713 0.0000000000
66238  -54.949  -20.513  51.689 0.0000000000
66237  -54.658  -20.414  51.343 0.0000000000
65125  -53.258  -20.894  50.568 0.0000000000
65105  -53.325  -21.924  50.401 0.0000000000
64046  -52.558  -22.572  49.992 0.0000000000
64045  -51.804  -22.568  49.378 0.0000000000
65123  -51.763  -21.557  49.457 0.0000000000
65139  -51.057  -21.368  48.550 0.0000000000
66295  -51.145  -20.314  48.682 0.0000000000
65147  -50.431  -21.063  47.561 0.0000000000
67316  -50.860  -19.683  48.313 0.0000000000
74381  -53.610  -12.629  46.351 0.0000000000
42248  -23.594  -43.767  67.572 0.0000000000
42247  -22.291  -43.764  67.722 0.0000000000
41210  -26.010  -44.697  61.571 0.0000000000
42386  -26.036  -44.782  58.181 0.0000000000
42378  -25.611  -44.524  59.273 0.0000000000
42391  -25.306  -44.836  57.648 0.0000000000
42390  -24.404  -44.732  57.757 0.0000000000
41269  -24.746  -46.255  56.546 0.0000000000
41270  -25.385  -46.057  56.562 0.0000000000
40122  -26.729  -46.619  56.275 0.0000000000
39096  -26.468  -47.601  56.098 0.0000000000
45262  -34.157  -42.119  62.301 0.0000000000
45295  -32.536  -41.563  61.596 0.0000000000
45294  -32.013  -41.426  60.961 0.0000000000
44325  -31.344  -41.985  60.972 0.0000000000
45293  -31.189  -41.290  60.521 0.0000000000
56056  -39.902  -30.807  53.606 0.0000000000
56928  -40.350  -29.989  53.080 0.0000000000
56889  -41.854  -29.940  55.474 0.0000000000
56902  -41.170  -30.023  54.938 0.0000000000
56915  -42.337  -29.275  53.865 0.0000000000
56003  -42.794  -30.463  58.047 0.0000000000
56013  -42.674  -30.194  57.502 0.0000000000
56863  -42.975  -29.825  57.503 0.0000000000
56891  -44.203  -29.294  55.701 0.0000000000
56867  -46.854  -29.076  56.909 0.0000000000
56877  -46.140  -29.391  56.303 0.0000000000
47237  -43.546  -38.620  63.619 0.0000000000
47256  -43.640  -39.091  62.988 0.0000000000
48265  -44.456  -38.177  61.267 0.0000000000
47285  -43.888  -39.132  61.377 0.0000000000
48278  -43.630  -38.557  60.188 0.0000000000
47303  -43.166  -39.000  59.692 0.0000000000
48286  -43.513  -38.298  59.452 0.0000000000
50442  -45.004  -36.404  60.197 0.0000000000
49362  -45.118  -37.179  60.519 0.0000000000
50457  -44.912  -36.747  59.749 0.0000000000
49400  -43.354  -37.305  57.499 0.0000000000
49399  -42.305  -37.535  57.809 0.0000000000
49390  -42.615  -37.936  58.368 0.0000000000
50477  -41.792  -37.215  57.417 0.0000000000
49406  -41.422  -37.325  56.834 0.0000000000
50503  -40.887  -36.264  54.551 0.0000000000
50490  -40.824  -36.600  55.334 0.0000000000
50502  -40.159  -36.398  54.833 0.0000000000
49439  -39.197  -36.620  54.151 0.0000000000
50534  -39.140  -35.926  53.429 0.0000000000
50535  -39.653  -35.818  53.189 0.0000000000
51534  -40.747  -35.266  52.342 0.0000000000
51553  -40.548  -34.920  51.830 0.0000000000
51535  -41.084  -34.921  52.275 0.0000000000
52439  -42.332  -34.751  56.210 0.0000000000
52444  -42.375  -34.876  55.158 0.0000000000
52438  -41.684  -34.268  55.828 0.0000000000
53378  -40.901  -33.735  54.237 0.0000000000
53393  -40.857  -34.137  52.340 0.0000000000
55181  -39.712  -31.824  53.855 0.0000000000
55190  -39.779  -31.400  53.773 0.0000000000
56055  -39.443  -31.013  53.244 0.0000000000
73374  -55.394  -13.435  49.374 0.0000000000
73387  -54.990  -13.354  48.378 0.0000000000
75352  -54.947  -11.684  47.569 0.0000000000
76361  -54.950  -10.824  47.622 0.0000000000
75367  -54.338  -11.407  47.064 0.0000000000
41055  -26.565  -45.292  69.141 0.0000000000
41054  -26.061  -45.084  68.767 0.0000000000
41077  -26.470  -45.319  68.518 0.0000000000
40018  -26.581  -45.993  66.303 0.0000000000
40033  -26.672  -45.962  65.873 0.0000000000
40034  -26.894  -46.122  65.980 0.0000000000
40006  -30.127  -46.047  66.882 0.0000000000
40005  -29.129  -46.223  66.991 0.0000000000
40048  -28.841  -45.537  64.468 0.0000000000
41155  -27.196  -45.607  64.726 0.0000000000
41175  -28.247  -45.348  63.541 0.0000000000
41213  -28.312  -45.533  60.451 0.0000000000
56965  -42.599  -28.829  51.010 0.0000000000
57856  -42.177  -28.608  50.488 0.0000000000
57827  -44.930  -28.410  52.336 0.0000000000
56949  -44.315  -28.562  51.956 0.0000000000
58842  -44.449  -27.476  49.791 0.0000000000
58826  -48.269  -26.389  50.653 0.0000000000
59848  -49.688  -26.336  49.281 0.0000000000
58846  -51.542  -28.050  49.456 0.0000000000
57894  -52.257  -28.598  48.122 0.0000000000
42287  -37.134  -44.531  65.424 0.0000000000
42306  -36.956  -44.260  64.708 0.0000000000
43329  -37.009  -43.624  64.174 0.0000000000
43349  -40.168  -43.469  63.978 0.0000000000
43332  -39.415  -43.858  64.659 0.0000000000
44279  -37.070  -42.041  63.278 0.0000000000
43345  -36.449  -43.280  63.700 0.0000000000
45252  -36.205  -41.850  63.070 0.0000000000
45265  -36.665  -41.464  62.486 0.0000000000
46270  -37.047  -40.423  60.796 0.0000000000
46287  -35.287  -40.189  60.563 0.0000000000
46272  -43.172  -40.268  61.707 0.0000000000
45269  -42.786  -40.904  62.209 0.0000000000
47300  -41.018  -40.239  59.874 0.0000000000
45311  -41.777  -40.655  60.625 0.0000000000
46293  -40.868  -40.857  60.319 0.0000000000
45310  -39.868  -41.040  59.484 0.0000000000
47344  -39.259  -39.907  56.926 0.0000000000
47331  -39.644  -40.014  57.570 0.0000000000
46349  -39.029  -40.384  57.158 0.0000000000
46323  -38.392  -40.549  58.134 0.0000000000
46324  -39.063  -40.685  58.259 0.0000000000
45322  -38.635  -40.742  58.648 0.0000000000
45308  -38.747  -40.875  59.060 0.0000000000
45307  -38.233  -40.644  58.856 0.0000000000
46307  -38.382  -40.672  59.356 0.0000000000
47314  -36.349  -39.680  57.578 0.0000000000
47299  -36.256  -39.568  58.352 0.0000000000
47298  -35.526  -39.453  58.772 0.0000000000
47312  -34.582  -39.337  58.181 0.0000000000
51549  -37.601  -35.184  52.238 0.0000000000
52466  -37.155  -35.067  52.157 0.0000000000
52480  -37.460  -34.568  51.527 0.0000000000
42176  -21.666  -43.541  71.309 0.0000000000
40992  -26.251  -44.483  71.165 0.0000000000
41036  -30.318  -45.562  69.900 0.0000000000
41064  -35.709  -44.752  69.415 0.0000000000
42237  -38.224  -43.436  68.040 0.0000000000
43295  -38.199  -42.926  68.495 0.0000000000
44239  -39.345  -41.809  68.603 0.0000000000
43288  -39.388  -41.801  68.732 0.0000000000
43297  -39.063  -41.896  68.086 0.0000000000
43307  -38.985  -42.601  67.660 0.0000000000
43298  -39.547  -41.934  67.453 0.0000000000
43308  -39.825  -42.124  66.910 0.0000000000
44248  -39.824  -41.502  67.083 0.0000000000
46183  -40.634  -39.972  66.844 0.0000000000
45223  -40.411  -40.921  66.564 0.0000000000
46200  -40.586  -40.311  66.258 0.0000000000
46201  -40.779  -39.795  65.764 0.0000000000
48176  -42.187  -38.222  65.593 0.0000000000
48177  -43.215  -37.186  65.449 0.0000000000
49286  -44.002  -36.689  64.855 0.0000000000
49287  -44.615  -36.565  64.738 0.0000000000
49305  -45.230  -37.071  64.057 0.0000000000
54180  -45.853  -32.135  63.259 0.0000000000
55966  -45.011  -30.187  62.762 0.0000000000
56815  -45.349  -29.359  62.996 0.0000000000
58674  -45.835  -27.576  62.688 0.0000000000
57692  -45.296  -28.492  62.293 0.0000000000
58681  -45.731  -27.602  61.605 0.0000000000
59698  -46.141  -27.300  61.458 0.0000000000
59718  -47.545  -26.601  60.503 0.0000000000
59700  -47.202  -26.203  61.449 0.0000000000
59736  -46.813  -26.965  60.136 0.0000000000
59737  -47.308  -27.047  59.866 0.0000000000
57709  -46.922  -28.280  59.129 0.0000000000
58708  -47.643  -27.617  59.516 0.0000000000
57711  -49.029  -28.071  58.967 0.0000000000
57726  -49.234  -28.287  58.170 0.0000000000
57742  -48.460  -28.579  57.456 0.0000000000
59742  -51.843  -26.655  58.850 0.0000000000
58711  -50.530  -27.262  59.416 0.0000000000
58712  -51.580  -27.502  58.702 0.0000000000
57745  -51.328  -28.461  57.224 0.0000000000
57780  -50.745  -28.383  55.562 0.0000000000
57798  -51.006  -28.336  54.688 0.0000000000
58786  -51.502  -27.964  53.327 0.0000000000
57784  -53.937  -28.146  55.303 0.0000000000
57783  -53.341  -28.572  55.360 0.0000000000
57801  -53.706  -28.609  54.450 0.0000000000
56935  -53.834  -29.349  52.621 0.0000000000
57817  -53.399  -28.983  53.511 0.0000000000
57832  -53.247  -29.091  52.561 0.0000000000
57846  -53.213  -29.111  51.453 0.0000000000
57845  -52.363  -28.474  50.918 0.0000000000
56967  -54.142  -29.989  50.398 0.0000000000
56980  -54.060  -30.223  49.491 0.0000000000
56102  -54.442  -30.084  49.357 0.0000000000
61880  -55.229  -24.075  52.457 0.0000000000
61852  -54.996  -24.736  53.371 0.0000000000
59820  -55.008  -26.387  52.901 0.0000000000
60848  -54.851  -25.735  52.384 0.0000000000
62949  -54.697  -23.271  51.161 0.0000000000
62928  -55.149  -23.189  51.600 0.0000000000
61922  -54.240  -24.160  50.955 0.0000000000
59838  -53.549  -26.359  51.144 0.0000000000
58814  -54.115  -26.968  51.288 0.0000000000
58832  -54.260  -28.085  50.723 0.0000000000
57862  -53.847  -28.297  50.044 0.0000000000
58870  -53.818  -28.474  48.575 0.0000000000
56992  -54.408  -29.416  48.626 0.0000000000
57897  -54.219  -28.824  48.221 0.0000000000
57000  -54.360  -29.076  47.805 0.0000000000
58892  -53.085  -27.211  47.260 0.0000000000
58883  -54.018  -27.972  47.084 0.0000000000
58893  -53.703  -27.389  46.815 0.0000000000
59892  -54.106  -26.597  46.157 0.0000000000
61946  -51.661  -24.675  47.135 0.0000000000
61958  -53.062  -24.009  45.626 0.0000000000
61952  -52.517  -24.712  46.133 0.0000000000
61953  -53.341  -25.175  45.889 0.0000000000
60932  -53.865  -25.639  45.732 0.0000000000
70370  -53.617  -16.187  49.333 0.0000000000
69345  -51.492  -17.276  48.025 0.0000000000
69344  -50.988  -17.917  47.394 0.0000000000
70402  -51.785  -16.296  46.080 0.0000000000
69364  -51.783  -17.211  45.832 0.0000000000
67341  -51.374  -19.457  46.289 0.0000000000
42265  -20.669  -43.929  66.473 0.0000000000
41109  -19.544  -44.746  66.372 0.0000000000
41150  -19.715  -45.362  63.951 0.0000000000
41185  -20.064  -45.495  62.076 0.0000000000
40069  -20.404  -46.772  60.405 0.0000000000
42270  -25.616  -44.988  67.045 0.0000000000
42269  -24.960  -44.594  66.900 0.0000000000
41110  -24.714  -44.702  66.334 0.0000000000
42300  -24.127  -44.214  65.034 0.0000000000
42299  -22.662  -43.926  64.672 0.0000000000
42343  -24.477  -44.327  62.895 0.0000000000
42355  -22.947  -44.062  61.465 0.0000000000
42354  -21.760  -44.092  61.204 0.0000000000
42366  -21.697  -44.653  60.211 0.0000000000
39094  -24.529  -47.900  56.661 0.0000000000
41180  -33.290  -44.909  64.007 0.0000000000
41179  -32.622  -45.271  63.929 0.0000000000
44294  -33.152  -42.739  62.371 0.0000000000
43363  -33.410  -43.270  62.798 0.0000000000
43362  -32.451  -43.527  62.596 0.0000000000
43360  -30.606  -43.732  62.162 0.0000000000
41192  -30.997  -45.048  62.790 0.0000000000
41203  -29.474  -44.857  61.857 0.0000000000
42371  -29.081  -44.396  60.309 0.0000000000
45306  -30.048  -41.159  59.355 0.0000000000
44332  -29.149  -41.932  58.903 0.0000000000
44336  -28.855  -42.893  57.484 0.0000000000
44331  -28.543  -42.792  58.291 0.0000000000
41273  -28.234  -45.340  56.404 0.0000000000
41249  -28.028  -44.851  57.349 0.0000000000
41272  -27.582  -45.582  56.717 0.0000000000
55098  -43.246  -31.367  60.737 0.0000000000
55973  -43.606  -30.748  61.248 0.0000000000
55974  -44.086  -30.003  61.757 0.0000000000
53275  -45.674  -33.413  62.314 0.0000000000
53290  -45.414  -33.929  61.768 0.0000000000
53289  -44.662  -33.808  61.309 0.0000000000
53304  -44.284  -33.862  60.771 0.0000000000
53303  -43.718  -33.854  60.382 0.0000000000
53316  -43.177  -33.969  59.489 0.0000000000
54221  -43.408  -32.547  60.785 0.0000000000
57914  -53.896  -29.394  46.492 0.0000000000
41118  -32.781  -45.638  66.394 0.0000000000
57794  -46.470  -28.554  54.776 0.0000000000
45239  -41.295  -41.517  65.287 0.0000000000
44266  -41.270  -42.173  64.654 0.0000000000
44267  -41.835  -41.638  64.110 0.0000000000
45268  -42.266  -41.440  62.840 0.0000000000
49425  -38.564  -37.368  54.771 0.0000000000
49413  -38.728  -38.032  55.427 0.0000000000
49424  -37.658  -37.691  54.412 0.0000000000
48348  -36.916  -38.114  53.994 0.0000000000
49436  -36.230  -37.489  53.458 0.0000000000
49453  -35.296  -37.091  53.080 0.0000000000
55206  -38.271  -31.405  51.551 0.0000000000
55211  -37.566  -31.299  50.266 0.0000000000
67291  -54.276  -19.364  51.033 0.0000000000
66262  -54.342  -20.267  50.956 0.0000000000
66280  -53.286  -20.526  50.522 0.0000000000
66279  -52.826  -20.332  50.294 0.0000000000
67304  -52.127  -19.671  49.753 0.0000000000
68314  -52.094  -18.778  49.578 0.0000000000
42198  -23.612  -43.684  70.113 0.0000000000
42370  -26.238  -44.730  59.917 0.0000000000
42387  -26.435  -45.000  58.508 0.0000000000
41227  -26.301  -45.138  57.926 0.0000000000
41246  -25.910  -45.358  57.438 0.0000000000
46268  -35.091  -40.717  61.371 0.0000000000
46267  -34.107  -40.990  61.557 0.0000000000
55172  -40.709  -31.290  55.225 0.0000000000
56047  -40.639  -30.628  54.668 0.0000000000
56038  -40.962  -30.749  55.147 0.0000000000
56039  -41.376  -30.559  55.566 0.0000000000
56040  -42.157  -30.161  56.025 0.0000000000
56849  -43.898  -29.503  58.829 0.0000000000
56852  -46.745  -28.960  57.552 0.0000000000
48230  -44.798  -37.799  63.316 0.0000000000
48229  -44.316  -38.489  62.733 0.0000000000
48246  -45.020  -37.921  62.551 0.0000000000
48266  -45.084  -37.972  61.864 0.0000000000
49349  -44.691  -37.669  60.782 0.0000000000
50469  -44.462  -36.498  58.119 0.0000000000
50456  -44.767  -36.665  59.278 0.0000000000
49401  -44.159  -36.958  57.278 0.0000000000
49408  -43.382  -36.747  56.598 0.0000000000
49416  -41.566  -36.789  56.033 0.0000000000
49417  -42.512  -36.585  55.892 0.0000000000
50518  -40.865  -35.907  53.842 0.0000000000
50519  -41.426  -35.573  53.804 0.0000000000
50520  -41.708  -35.311  53.864 0.0000000000
53360  -41.379  -33.593  56.592 0.0000000000
53370  -40.418  -32.918  55.338 0.0000000000
53376  -39.781  -32.809  54.402 0.0000000000
54299  -40.508  -32.332  55.504 0.0000000000
54306  -40.145  -32.082  54.900 0.0000000000
39977  -27.549  -45.497  69.273 0.0000000000
39989  -26.992  -45.564  68.550 0.0000000000
39990  -27.734  -45.930  68.286 0.0000000000
40004  -28.017  -46.190  67.199 0.0000000000
40037  -30.492  -45.906  65.410 0.0000000000
40036  -29.569  -45.822  65.235 0.0000000000
41157  -28.818  -45.480  64.048 0.0000000000
41176  -29.159  -45.511  63.404 0.0000000000
56946  -41.644  -28.928  52.041 0.0000000000
57840  -43.252  -28.713  51.202 0.0000000000
58807  -45.006  -27.825  51.311 0.0000000000
58806  -44.627  -28.054  51.138 0.0000000000
59826  -49.737  -26.802  50.993 0.0000000000
59849  -50.551  -26.789  49.618 0.0000000000
57860  -52.307  -28.541  49.918 0.0000000000
41099  -37.724  -44.623  67.118 0.0000000000
41122  -37.229  -44.667  66.474 0.0000000000
41123  -37.944  -44.582  66.608 0.0000000000
42288  -37.782  -44.400  65.748 0.0000000000
44281  -39.327  -42.603  63.080 0.0000000000
44299  -37.976  -41.786  62.437 0.0000000000
45266  -37.571  -41.238  62.033 0.0000000000
46271  -37.591  -40.491  60.459 0.0000000000
47291  -42.841  -39.814  60.544 0.0000000000
47301  -41.532  -39.961  59.885 0.0000000000
46364  -37.914  -40.351  56.031 0.0000000000
46348  -38.451  -40.358  56.643 0.0000000000
46334  -37.929  -40.473  57.328 0.0000000000
47330  -36.309  -39.867  57.018 0.0000000000
52481  -38.648  -34.658  51.264 0.0000000000
41065  -36.279  -44.210  69.654 0.0000000000
42205  -36.527  -43.588  69.938 0.0000000000
45201  -39.608  -40.896  68.128 0.0000000000
57681  -46.491  -28.698  64.210 0.0000000000
57680  -46.116  -28.597  63.673 0.0000000000
58663  -46.109  -27.849  63.638 0.0000000000
59683  -46.052  -27.233  63.371 0.0000000000
59684  -46.247  -26.650  62.781 0.0000000000
59701  -48.184  -26.066  61.143 0.0000000000
59719  -48.668  -26.515  60.432 0.0000000000
59738  -49.094  -26.800  60.024 0.0000000000
59739  -49.450  -26.934  59.833 0.0000000000
58710  -49.645  -27.414  59.430 0.0000000000
58713  -52.203  -27.140  58.524 0.0000000000
58727  -51.833  -27.938  58.124 0.0000000000
57729  -51.887  -28.263  57.759 0.0000000000
57762  -51.515  -28.400  56.364 0.0000000000
57818  -54.109  -28.845  53.652 0.0000000000
56921  -54.272  -29.187  53.054 0.0000000000
57833  -53.641  -29.267  52.216 0.0000000000
56950  -53.543  -29.430  51.282 0.0000000000
56951  -53.835  -29.430  51.612 0.0000000000
56968  -54.389  -29.509  50.229 0.0000000000
61879  -54.884  -23.623  52.537 0.0000000000
61904  -55.495  -23.929  52.009 0.0000000000
61921  -53.242  -24.379  50.381 0.0000000000
60869  -53.056  -25.382  50.549 0.0000000000
58847  -52.926  -27.121  50.319 0.0000000000
59851  -53.204  -27.258  49.123 0.0000000000
58869  -53.333  -27.649  48.552 0.0000000000
58881  -52.888  -27.359  47.944 0.0000000000
59881  -52.500  -26.506  47.511 0.0000000000
64072  -50.718  -22.721  47.184 0.0000000000
62990  -51.201  -23.579  46.599 0.0000000000
62994  -51.570  -23.118  45.897 0.0000000000
62995  -52.487  -23.385  45.679 0.0000000000
71387  -54.046  -15.324  48.620 0.0000000000
70380  -53.087  -16.080  48.902 0.0000000000
71386  -53.314  -15.394  48.486 0.0000000000
71385  -52.642  -15.650  48.229 0.0000000000
71399  -52.316  -15.778  47.725 0.0000000000
70403  -51.996  -15.823  45.598 0.0000000000
70414  -51.944  -16.700  45.518 0.0000000000
41073  -19.156  -44.901  68.508 0.0000000000
41171  -19.772  -45.425  63.027 0.0000000000
41186  -20.535  -45.068  61.446 0.0000000000
41134  -25.555  -45.380  65.868 0.0000000000
41133  -24.869  -44.920  65.941 0.0000000000
42376  -23.321  -44.167  59.458 0.0000000000
40078  -22.356  -46.444  58.325 0.0000000000
40079  -22.797  -47.019  57.993 0.0000000000
38103  -23.480  -48.412  57.821 0.0000000000
37160  -23.783  -48.887  57.692 0.0000000000
41162  -35.342  -44.742  65.052 0.0000000000
41161  -34.719  -44.935  65.053 0.0000000000
42303  -34.432  -44.632  64.497 0.0000000000
42327  -33.912  -44.454  63.926 0.0000000000
43373  -31.874  -42.932  62.123 0.0000000000
42360  -29.896  -44.281  61.920 0.0000000000
43390  -28.976  -43.606  57.117 0.0000000000
56004  -43.294  -30.108  58.656 0.0000000000
55114  -43.137  -30.991  59.948 0.0000000000
55992  -43.591  -30.136  59.576 0.0000000000
56848  -43.600  -29.738  59.115 0.0000000000
56837  -45.085  -29.150  59.303 0.0000000000
51405  -46.658  -35.930  62.830 0.0000000000
50407  -45.705  -36.513  62.047 0.0000000000
51403  -45.671  -35.935  61.689 0.0000000000
51427  -45.438  -35.568  61.076 0.0000000000
51451  -45.029  -35.742  60.454 0.0000000000
52363  -45.057  -34.610  61.193 0.0000000000
51470  -44.546  -35.842  58.873 0.0000000000
51484  -44.274  -35.831  57.984 0.0000000000
51491  -44.138  -35.747  57.274 0.0000000000
51494  -43.576  -35.573  56.502 0.0000000000
51499  -42.950  -35.381  55.765 0.0000000000
52430  -42.560  -34.450  57.130 0.0000000000
53333  -42.793  -33.998  58.910 0.0000000000
53332  -42.422  -33.803  58.227 0.0000000000
53348  -41.875  -33.711  57.336 0.0000000000
54277  -41.626  -32.346  57.509 0.0000000000
41059  -29.857  -45.834  69.287 0.0000000000
39993  -30.500  -45.917  67.547 0.0000000000
40007  -30.868  -45.632  66.819 0.0000000000
40008  -31.404  -45.613  66.888 0.0000000000
40023  -31.463  -45.678  66.204 0.0000000000
40022  -30.674  -45.664  66.136 0.0000000000
40063  -30.963  -46.196  64.235 0.0000000000
56917  -44.398  -28.768  53.655 0.0000000000
57828  -45.709  -28.102  52.914 0.0000000000
57843  -45.420  -28.083  52.000 0.0000000000
59832  -46.816  -26.496  49.900 0.0000000000
58810  -48.457  -26.914  51.409 0.0000000000
58811  -49.648  -26.988  51.567 0.0000000000
42291  -39.781  -43.874  66.157 0.0000000000
43322  -40.061  -43.693  65.434 0.0000000000
43333  -40.121  -43.680  64.674 0.0000000000
44282  -40.205  -42.842  63.230 0.0000000000
44315  -39.548  -41.585  61.247 0.0000000000
48303  -40.673  -38.756  57.593 0.0000000000
48311  -39.466  -39.006  56.707 0.0000000000
48323  -38.302  -38.829  55.641 0.0000000000
47360  -38.358  -39.928  55.902 0.0000000000
46363  -37.345  -40.153  55.601 0.0000000000
46380  -36.739  -40.186  55.148 0.0000000000
46379  -36.300  -40.231  54.743 0.0000000000
46378  -35.602  -40.223  54.507 0.0000000000
46395  -35.823  -40.162  54.314 0.0000000000
47391  -35.271  -39.603  53.614 0.0000000000
48369  -34.740  -39.189  53.316 0.0000000000
53412  -39.402  -33.794  50.785 0.0000000000
53428  -38.446  -33.451  49.825 0.0000000000
54339  -37.411  -32.651  49.298 0.0000000000
54330  -37.649  -32.204  50.082 0.0000000000
59759  -53.705  -27.095  57.579 0.0000000000
58747  -53.638  -27.610  56.877 0.0000000000
57748  -53.297  -28.148  56.658 0.0000000000
58757  -53.784  -27.583  56.028 0.0000000000
58766  -54.008  -26.787  55.525 0.0000000000
57803  -55.032  -27.927  53.825 0.0000000000
57820  -55.393  -27.798  53.367 0.0000000000
64017  -55.281  -22.277  51.804 0.0000000000
64037  -54.631  -22.572  51.097 0.0000000000
64036  -54.241  -22.572  50.725 0.0000000000
65080  -54.284  -21.322  51.011 0.0000000000
65106  -53.846  -21.577  50.746 0.0000000000
62947  -53.266  -23.449  50.310 0.0000000000
62967  -52.582  -23.489  49.863 0.0000000000
61937  -51.984  -24.443  49.286 0.0000000000
62978  -51.560  -23.591  48.675 0.0000000000
65148  -50.809  -21.923  47.660 0.0000000000
65159  -50.212  -21.041  46.588 0.0000000000
72447  -52.737  -14.165  46.449 0.0000000000
72456  -52.246  -14.490  45.490 0.0000000000
41075  -20.916  -43.620  69.437 0.0000000000
42229  -21.104  -43.502  68.368 0.0000000000
43305  -21.593  -43.585  68.204 0.0000000000
42345  -26.118  -44.814  63.218 0.0000000000
42344  -25.433  -44.570  63.160 0.0000000000
42358  -25.913  -44.623  62.687 0.0000000000
40121  -25.894  -46.801  56.298 0.0000000000
44277  -35.291  -42.791  63.180 0.0000000000
44296  -34.891  -42.648  62.761 0.0000000000
44295  -33.985  -42.516  62.473 0.0000000000
44313  -32.955  -42.122  61.959 0.0000000000
46266  -33.494  -41.026  61.859 0.0000000000
44312  -32.281  -42.408  61.761 0.0000000000
56073  -38.913  -30.338  52.224 0.0000000000
56944  -39.374  -29.919  52.175 0.0000000000
56927  -39.667  -30.295  52.745 0.0000000000
56901  -40.788  -30.231  54.619 0.0000000000
56914  -41.288  -29.596  54.016 0.0000000000
56026  -42.329  -30.348  56.738 0.0000000000
56027  -42.655  -29.840  56.470 0.0000000000
56906  -45.463  -29.079  54.942 0.0000000000
56893  -46.196  -29.145  55.604 0.0000000000
57776  -46.559  -28.805  55.438 0.0000000000
56894  -46.749  -28.916  55.775 0.0000000000
57759  -48.514  -28.585  56.609 0.0000000000
46248  -42.818  -40.237  63.252 0.0000000000
47255  -43.206  -39.756  62.954 0.0000000000
46256  -43.403  -39.849  62.071 0.0000000000
46273  -43.545  -39.703  61.682 0.0000000000
47284  -43.419  -39.828  61.232 0.0000000000
47317  -42.549  -38.991  59.145 0.0000000000
48295  -41.981  -38.660  58.577 0.0000000000
49361  -44.532  -37.619  60.132 0.0000000000
49377  -44.119  -37.630  59.282 0.0000000000
49376  -43.512  -37.981  59.052 0.0000000000
48297  -43.235  -38.252  58.932 0.0000000000
48305  -42.242  -38.142  58.301 0.0000000000
48304  -41.601  -38.271  57.866 0.0000000000
48313  -41.039  -38.061  57.175 0.0000000000
49405  -40.652  -37.791  56.598 0.0000000000
50489  -40.041  -36.782  55.351 0.0000000000
49438  -38.874  -36.912  54.263 0.0000000000
51514  -37.835  -36.005  53.418 0.0000000000
51530  -37.042  -35.580  52.772 0.0000000000
51515  -38.541  -35.834  53.284 0.0000000000
51516  -40.250  -35.766  53.341 0.0000000000
51533  -40.015  -35.509  52.576 0.0000000000
51551  -39.286  -35.090  51.922 0.0000000000
52483  -39.992  -34.683  51.390 0.0000000000
52503  -39.915  -34.444  51.239 0.0000000000
52458  -41.587  -34.740  53.569 0.0000000000
52443  -41.489  -34.302  54.764 0.0000000000
52450  -41.405  -34.365  53.755 0.0000000000
52457  -41.445  -34.588  52.881 0.0000000000
52467  -40.967  -34.555  52.175 0.0000000000
53401  -40.655  -34.320  51.918 0.0000000000
53400  -40.200  -33.944  51.669 0.0000000000
53399  -39.224  -33.187  51.886 0.0000000000
54325  -38.891  -32.536  52.109 0.0000000000
53383  -39.653  -32.947  54.034 0.0000000000
54319  -39.117  -32.376  52.726 0.0000000000
54318  -38.818  -32.070  52.253 0.0000000000
55199  -38.983  -31.628  52.667 0.0000000000
56063  -39.177  -30.792  52.709 0.0000000000
69333  -53.931  -17.321  50.095 0.0000000000
70372  -55.091  -16.147  50.344 0.0000000000
72400  -54.587  -14.888  48.903 0.0000000000
72412  -54.694  -14.082  48.549 0.0000000000
73386  -54.560  -13.847  48.168 0.0000000000
73400  -54.315  -13.427  47.451 0.0000000000
75339  -55.578  -11.262  48.975 0.0000000000
74366  -55.098  -12.339  47.933 0.0000000000
74382  -54.130  -12.420  46.871 0.0000000000
76370  -53.469  -10.550  46.526 0.0000000000
75378  -53.088  -11.151  46.088 0.0000000000
42200  -25.737  -44.434  69.912 0.0000000000
42233  -25.144  -44.153  68.342 0.0000000000
42219  -25.621  -44.573  68.998 0.0000000000
42251  -25.787  -45.016  67.681 0.0000000000
41091  -26.160  -45.474  67.354 0.0000000000
41092  -26.607  -45.394  67.947 0.0000000000
41112  -25.888  -45.512  66.542 0.0000000000
41113  -26.107  -45.731  66.131 0.0000000000
41135  -26.276  -45.731  65.685 0.0000000000
41115  -27.517  -45.860  65.850 0.0000000000
41136  -26.971  -45.888  65.538 0.0000000000
41173  -26.478  -45.420  64.161 0.0000000000
41187  -26.692  -45.165  63.339 0.0000000000
41200  -27.484  -45.358  61.781 0.0000000000
47310  -32.520  -39.654  58.933 0.0000000000
57854  -40.359  -28.625  50.434 0.0000000000
57872  -40.899  -28.358  49.800 0.0000000000
57892  -41.443  -28.201  49.258 0.0000000000
56948  -43.707  -28.764  51.951 0.0000000000
57858  -43.617  -28.386  50.637 0.0000000000
57875  -43.113  -28.323  50.229 0.0000000000
59834  -48.710  -25.993  49.961 0.0000000000
58879  -51.040  -27.344  48.088 0.0000000000
58880  -51.578  -28.053  47.584 0.0000000000
41142  -36.602  -44.818  65.888 0.0000000000
42305  -35.954  -44.513  64.800 0.0000000000
42329  -35.721  -44.011  64.137 0.0000000000
42309  -39.179  -44.253  65.332 0.0000000000
42308  -38.585  -44.174  65.180 0.0000000000
43330  -37.726  -43.595  64.371 0.0000000000
43347  -38.489  -43.147  63.741 0.0000000000
44297  -35.435  -42.466  62.939 0.0000000000
45264  -35.606  -41.972  62.612 0.0000000000
45254  -42.702  -40.875  63.026 0.0000000000
45286  -42.026  -41.379  61.737 0.0000000000
46312  -42.424  -40.507  60.889 0.0000000000
45300  -42.028  -40.840  61.181 0.0000000000
45285  -41.582  -41.550  61.359 0.0000000000
44329  -40.991  -41.823  60.969 0.0000000000
45284  -39.713  -41.393  60.744 0.0000000000
47332  -40.264  -39.809  58.009 0.0000000000
46337  -39.916  -40.339  58.105 0.0000000000
46325  -39.913  -40.677  58.664 0.0000000000
45324  -39.563  -40.995  59.032 0.0000000000
45309  -39.266  -40.934  59.284 0.0000000000
45297  -39.331  -40.909  60.062 0.0000000000
45296  -38.620  -40.792  60.380 0.0000000000
46290  -38.050  -40.520  60.014 0.0000000000
46289  -37.227  -40.274  59.994 0.0000000000
47297  -34.527  -39.395  59.169 0.0000000000
55080  -45.152  -31.186  63.001 0.0000000000
56811  -46.644  -29.829  63.983 0.0000000000
41030  -20.967  -43.560  70.602 0.0000000000
42196  -21.633  -43.598  70.598 0.0000000000
42197  -22.589  -43.631  70.305 0.0000000000
41032  -26.539  -44.823  69.815 0.0000000000
39968  -27.874  -45.138  69.669 0.0000000000
41057  -28.418  -45.534  69.576 0.0000000000
41058  -28.897  -45.697  69.518 0.0000000000
41035  -29.234  -45.623  70.109 0.0000000000
41063  -34.836  -45.260  69.327 0.0000000000
42235  -36.995  -43.800  68.809 0.0000000000
42252  -37.111  -44.249  68.381 0.0000000000
42253  -37.671  -44.258  67.854 0.0000000000
42254  -38.401  -44.189  67.205 0.0000000000
42255  -38.926  -43.333  67.386 0.0000000000
43296  -38.549  -42.597  68.221 0.0000000000
42274  -39.683  -43.331  66.689 0.0000000000
42275  -39.919  -42.934  66.919 0.0000000000
43315  -40.136  -42.654  66.412 0.0000000000
45230  -40.777  -41.301  65.882 0.0000000000
45231  -41.251  -40.766  65.431 0.0000000000
47216  -41.837  -39.549  64.577 0.0000000000
47181  -41.382  -39.207  66.928 0.0000000000
47182  -41.472  -39.030  66.160 0.0000000000
47198  -41.623  -39.238  65.250 0.0000000000
47235  -42.306  -39.549  64.126 0.0000000000
48213  -42.601  -39.111  64.042 0.0000000000
48214  -42.954  -38.643  64.039 0.0000000000
48215  -43.590  -38.044  64.072 0.0000000000
48197  -43.882  -37.281  64.631 0.0000000000
48216  -44.328  -37.707  63.943 0.0000000000
49306  -45.781  -36.594  64.108 0.0000000000
49322  -45.920  -36.731  63.742 0.0000000000
51364  -45.588  -35.387  64.808 0.0000000000
51365  -46.063  -35.317  64.337 0.0000000000
51380  -46.503  -35.595  63.621 0.0000000000
52337  -46.608  -35.242  63.195 0.0000000000
52350  -46.317  -34.746  62.804 0.0000000000
54190  -46.120  -33.133  62.781 0.0000000000
54189  -45.508  -32.314  62.640 0.0000000000
55965  -44.603  -30.734  62.404 0.0000000000
55975  -44.588  -30.064  62.278 0.0000000000
56827  -44.500  -29.100  61.429 0.0000000000
57707  -45.109  -28.510  59.771 0.0000000000
58706  -45.752  -27.911  59.688 0.0000000000
59685  -46.755  -26.217  62.191 0.0000000000
60703  -47.398  -25.563  62.312 0.0000000000
59699  -46.378  -26.983  61.743 0.0000000000
60733  -46.395  -27.143  61.097 0.0000000000
57708  -45.917  -28.213  59.221 0.0000000000
57724  -47.122  -28.685  58.325 0.0000000000
58695  -50.243  -26.666  59.825 0.0000000000
57727  -50.188  -28.430  58.176 0.0000000000
57760  -49.533  -28.496  56.528 0.0000000000
57814  -50.273  -28.187  53.886 0.0000000000
58785  -50.755  -27.802  53.257 0.0000000000
57877  -52.856  -29.251  49.458 0.0000000000
56990  -53.525  -29.637  48.821 0.0000000000
59812  -55.021  -26.406  53.444 0.0000000000
58801  -55.208  -27.270  52.874 0.0000000000
58800  -54.814  -27.312  52.307 0.0000000000
61903  -55.239  -24.008  51.629 0.0000000000
60871  -54.646  -24.584  51.368 0.0000000000
60860  -54.765  -25.445  51.859 0.0000000000
59828  -54.542  -26.372  51.852 0.0000000000
57848  -54.446  -28.568  51.040 0.0000000000
56981  -54.511  -29.481  49.480 0.0000000000
56103  -54.569  -29.871  49.157 0.0000000000
57008  -54.573  -28.982  47.064 0.0000000000
57905  -53.960  -28.176  47.444 0.0000000000
58895  -55.196  -27.703  45.988 0.0000000000
60906  -51.680  -25.478  47.927 0.0000000000
60907  -52.053  -25.626  47.290 0.0000000000
60919  -52.511  -25.801  46.692 0.0000000000
61951  -51.726  -24.245  46.448 0.0000000000
59905  -54.896  -26.297  45.676 0.0000000000
69318  -53.430  -17.894  50.232 0.0000000000
68328  -52.252  -17.954  49.403 0.0000000000
70369  -52.959  -16.406  49.167 0.0000000000
69346  -52.028  -17.340  48.968 0.0000000000
68327  -51.648  -18.222  48.854 0.0000000000
67329  -50.621  -19.645  47.552 0.0000000000
66318  -50.748  -20.311  46.449 0.0000000000
72426  -52.296  -15.100  47.462 0.0000000000
71398  -52.040  -15.684  47.238 0.0000000000
70389  -51.826  -16.350  47.286 0.0000000000
69355  -51.344  -17.371  46.777 0.0000000000
66330  -51.401  -20.352  45.994 0.0000000000
40065  -19.597  -46.355  62.776 0.0000000000
42249  -24.593  -44.113  67.564 0.0000000000
41151  -24.436  -44.612  65.707 0.0000000000
42352  -20.646  -45.143  60.715 0.0000000000
41208  -20.907  -45.583  59.969 0.0000000000
41207  -20.489  -45.917  60.163 0.0000000000
41139  -33.114  -45.579  65.645 0.0000000000
41158  -31.384  -45.978  64.376 0.0000000000
42348  -32.413  -44.199  63.218 0.0000000000
42325  -32.160  -44.803  63.515 0.0000000000
46300  -31.350  -40.421  59.737 0.0000000000
46299  -30.745  -40.706  59.734 0.0000000000
46283  -31.058  -40.778  60.136 0.0000000000
45292  -30.675  -41.085  60.023 0.0000000000
44323  -29.348  -42.430  59.893 0.0000000000
42381  -28.680  -44.014  59.513 0.0000000000
42380  -28.356  -44.604  58.901 0.0000000000
42388  -28.297  -44.409  57.963 0.0000000000
40081  -27.276  -45.551  57.622 0.0000000000
40102  -27.257  -45.707  57.059 0.0000000000
40123  -27.494  -46.126  56.191 0.0000000000
39976  -27.008  -45.488  69.173 0.0000000000
40002  -26.346  -45.821  66.778 0.0000000000
40024  -31.815  -45.714  65.979 0.0000000000
41093  -31.829  -45.671  66.644 0.0000000000
41114  -27.147  -46.082  65.922 0.0000000000
41132  -24.366  -44.649  66.084 0.0000000000
41197  -20.550  -45.085  61.014 0.0000000000
41198  -26.024  -44.668  61.957 0.0000000000
42201  -26.264  -44.606  70.268 0.0000000000
42234  -25.684  -44.776  68.269 0.0000000000
42240  -39.643  -42.250  67.200 0.0000000000
42256  -39.536  -42.898  67.239 0.0000000000
42257  -39.786  -42.568  67.036 0.0000000000
42271  -38.020  -44.501  66.216 0.0000000000
42302  -25.635  -45.134  64.648 0.0000000000
42324  -26.215  -45.196  63.663 0.0000000000
42364  -20.627  -45.441  60.397 0.0000000000
42365  -21.031  -45.099  60.350 0.0000000000
43293  -21.453  -43.570  68.419 0.0000000000
43294  -21.643  -43.612  68.502 0.0000000000
43304  -21.282  -43.465  68.161 0.0000000000
43306  -38.715  -42.881  67.757 0.0000000000
43350  -40.509  -43.339  64.234 0.0000000000
43365  -34.842  -43.107  63.252 0.0000000000
44230  -39.424  -41.739  68.998 0.0000000000
44231  -39.333  -41.555  68.550 0.0000000000
44314  -33.494  -42.269  62.244 0.0000000000
44327  -32.492  -42.069  61.627 0.0000000000
44328  -40.800  -41.547  60.812 0.0000000000
45251  -35.882  -42.016  63.045 0.0000000000
45277  -33.045  -41.265  62.021 0.0000000000
45301  -42.432  -40.689  61.232 0.0000000000
45312  -42.040  -40.653  60.853 0.0000000000
45313  -42.257  -40.644  61.052 0.0000000000
45321  -38.250  -40.585  58.535 0.0000000000
45348  -36.665  -40.214  55.233 0.0000000000
45349  -36.994  -40.201  55.435 0.0000000000
45360  -36.636  -40.235  54.982 0.0000000000
45361  -36.892  -40.285  55.284 0.0000000000
46292  -40.614  -40.877  60.173 0.0000000000
46294  -42.616  -39.968  60.517 0.0000000000
46308  -38.892  -40.795  59.460 0.0000000000
46310  -41.349  -40.529  60.288 0.0000000000
46345  -36.175  -39.800  56.001 0.0000000000
46361  -35.800  -40.361  55.034 0.0000000000
46362  -36.345  -40.224  55.338 0.0000000000
46377  -35.070  -40.166  54.190 0.0000000000
46394  -35.464  -40.107  54.042 0.0000000000
47238  -43.901  -38.155  63.726 0.0000000000
47271  -43.418  -39.649  62.506 0.0000000000
47293  -43.909  -38.692  60.791 0.0000000000
47390  -34.712  -39.794  53.794 0.0000000000
48178  -43.708  -36.819  65.000 0.0000000000
48287  -43.960  -38.010  59.933 0.0000000000
48296  -42.748  -38.396  58.671 0.0000000000
48322  -37.805  -39.303  55.510 0.0000000000
49268  -44.518  -35.972  65.072 0.0000000000
50356  -46.123  -36.175  63.955 0.0000000000
50381  -46.448  -36.364  63.209 0.0000000000
50382  -46.812  -36.050  63.046 0.0000000000
50408  -46.313  -36.240  62.672 0.0000000000
50409  -46.671  -36.172  62.943 0.0000000000
50478  -42.049  -36.959  57.438 0.0000000000
50483  -41.837  -36.885  57.245 0.0000000000
50484  -42.074  -36.777  57.260 0.0000000000
50485  -43.617  -36.202  56.328 0.0000000000
50501  -38.362  -36.920  54.267 0.0000000000
51381  -46.792  -35.792  63.108 0.0000000000
51450  -44.765  -35.738  59.888 0.0000000000
51490  -43.832  -35.448  57.125 0.0000000000
51495  -43.956  -35.694  56.907 0.0000000000
51519  -41.676  -35.011  53.617 0.0000000000
51554  -40.770  -34.758  51.936 0.0000000000
52351  -46.601  -35.475  62.845 0.0000000000
52440  -42.983  -35.011  56.446 0.0000000000
52485  -40.710  -34.563  51.884 0.0000000000
52520  -39.145  -34.226  50.254 0.0000000000
53276  -45.916  -33.962  62.572 0.0000000000
53377  -40.055  -33.019  54.780 0.0000000000
53413  -39.894  -34.193  51.188 0.0000000000
54220  -43.017  -32.768  60.303 0.0000000000
54263  -41.817  -32.353  58.069 0.0000000000
54311  -39.512  -32.364  53.560 0.0000000000
55173  -41.121  -31.132  55.728 0.0000000000
55198  -38.639  -31.399  52.201 0.0000000000
56005  -43.627  -29.728  58.383 0.0000000000
56014  -43.155  -29.979  57.986 0.0000000000
56041  -42.484  -29.951  56.286 0.0000000000
56048  -41.043  -30.500  55.093 0.0000000000
56080  -37.594  -30.486  50.309 0.0000000000
56082  -54.243  -30.151  50.067 0.0000000000
56083  -54.421  -30.032  50.020 0.0000000000
56092  -54.353  -30.130  49.805 0.0000000000
56820  -44.300  -29.364  61.583 0.0000000000
56862  -42.731  -29.955  57.429 0.0000000000
56873  -42.670  -29.932  57.193 0.0000000000
56919  -53.581  -29.201  53.259 0.0000000000
56934  -53.564  -29.307  53.048 0.0000000000
57698  -44.684  -28.995  60.788 0.0000000000
57809  -45.093  -28.620  53.949 0.0000000000
57859  -44.139  -28.375  50.998 0.0000000000
57878  -53.744  -28.343  49.477 0.0000000000
58675  -46.138  -27.152  62.336 0.0000000000
58691  -46.421  -27.294  60.253 0.0000000000
58693  -48.717  -26.901  59.981 0.0000000000
58730  -53.708  -27.285  57.343 0.0000000000
58794  -46.694  -27.699  52.281 0.0000000000
58821  -43.784  -28.157  50.392 0.0000000000
58830  -52.962  -27.001  50.705 0.0000000000
58849  -53.656  -28.263  49.070 0.0000000000
58868  -52.997  -27.307  48.342 0.0000000000
59716  -46.113  -27.276  61.120 0.0000000000
59768  -53.514  -26.774  57.518 0.0000000000
59827  -54.166  -26.355  51.443 0.0000000000
59837  -52.925  -26.375  50.648 0.0000000000
59868  -53.100  -27.104  48.920 0.0000000000
59904  -54.337  -26.053  45.652 0.0000000000
60718  -46.296  -27.206  61.310 0.0000000000
60719  -46.473  -27.045  61.289 0.0000000000
60734  -46.531  -27.060  61.109 0.0000000000
65107  -54.496  -22.102  51.035 0.0000000000
66236  -54.221  -20.918  51.039 0.0000000000
66294  -50.676  -20.494  48.065 0.0000000000
66317  -50.317  -20.303  47.029 0.0000000000
67340  -50.795  -19.540  46.805 0.0000000000
68290  -54.735  -19.210  51.657 0.0000000000
68302  -53.329  -18.692  50.338 0.0000000000
68303  -54.052  -18.289  50.409 0.0000000000
68348  -51.173  -18.969  46.585 0.0000000000
69354  -51.006  -17.951  46.964 0.0000000000
70390  -52.208  -16.307  47.833 0.0000000000
71375  -53.890  -15.603  48.871 0.0000000000
72425  -52.158  -15.452  47.380 0.0000000000
72445  -51.949  -15.261  47.157 0.0000000000
73416  -53.954  -13.028  46.773 0.0000000000
