#!ascii label  , from subject 3353 vox2ras=TkReg
1273
96318  -40.452  9.047  40.386 0.0000000000
97366  -52.875  10.229  29.256 0.0000000000
100738  -45.294  14.939  46.013 0.0000000000
94479  -48.925  7.798  35.675 0.0000000000
93457  -47.122  6.344  44.471 0.0000000000
100832  -45.931  14.044  33.834 0.0000000000
103413  -47.580  17.703  37.289 0.0000000000
102478  -40.069  17.270  41.367 0.0000000000
90600  -39.881  4.015  47.773 0.0000000000
93512  -44.265  6.944  37.036 0.0000000000
97308  -46.693  10.358  33.025 0.0000000000
97259  -43.360  10.838  37.261 0.0000000000
103304  -49.202  17.513  48.551 0.0000000000
100759  -49.407  15.337  42.523 0.0000000000
102463  -47.887  17.154  43.613 0.0000000000
102533  -43.586  16.495  38.695 0.0000000000
104186  -43.364  18.527  44.421 0.0000000000
99158  -49.507  13.189  27.789 0.0000000000
97201  -38.524  10.546  46.339 0.0000000000
98145  -42.394  12.016  43.002 0.0000000000
97242  -52.676  10.790  39.844 0.0000000000
92530  -48.899  5.950  39.829 0.0000000000
91611  -42.819  4.377  40.508 0.0000000000
91565  -41.039  4.148  44.631 0.0000000000
99995  -50.269  13.794  29.415 0.0000000000
103504  -49.317  17.803  30.072 0.0000000000
99026  -46.117  13.075  39.886 0.0000000000
102567  -48.876  16.410  36.446 0.0000000000
105927  -47.720  21.281  32.033 0.0000000000
105119  -42.841  20.396  32.547 0.0000000000
105082  -39.543  19.215  35.069 0.0000000000
94438  -41.956  7.497  38.120 0.0000000000
96346  -43.235  9.167  37.048 0.0000000000
97240  -41.797  10.489  39.160 0.0000000000
105788  -48.648  20.290  49.011 0.0000000000
104174  -50.051  18.484  45.867 0.0000000000
104162  -47.674  19.173  47.408 0.0000000000
103337  -45.415  17.637  45.261 0.0000000000
98283  -51.272  11.562  28.423 0.0000000000
97187  -37.607  10.716  48.607 0.0000000000
98130  -40.066  11.614  47.388 0.0000000000
92494  -47.812  5.866  42.474 0.0000000000
92514  -45.835  5.337  39.960 0.0000000000
91588  -45.002  4.734  42.113 0.0000000000
91533  -40.450  4.774  46.460 0.0000000000
91582  -36.545  4.700  42.761 0.0000000000
94402  -35.918  7.518  43.052 0.0000000000
93444  -34.313  6.194  43.772 0.0000000000
96402  -50.223  9.687  33.552 0.0000000000
99084  -45.820  12.184  33.225 0.0000000000
98240  -47.808  11.650  31.378 0.0000000000
99976  -47.485  13.840  31.102 0.0000000000
101739  -49.379  15.922  29.746 0.0000000000
101722  -47.468  15.824  31.905 0.0000000000
99877  -44.084  12.957  44.832 0.0000000000
99018  -44.530  12.462  41.414 0.0000000000
99883  -46.472  13.181  43.284 0.0000000000
102503  -48.630  16.640  40.476 0.0000000000
100774  -49.355  15.478  39.477 0.0000000000
104241  -49.895  18.648  37.264 0.0000000000
104302  -49.457  19.127  34.374 0.0000000000
104269  -47.609  19.101  35.121 0.0000000000
105925  -45.063  20.797  32.219 0.0000000000
103460  -44.771  18.177  34.931 0.0000000000
102497  -41.920  16.389  40.616 0.0000000000
103424  -41.178  16.989  36.221 0.0000000000
102545  -39.664  16.686  37.936 0.0000000000
105075  -37.941  19.370  36.101 0.0000000000
103384  -38.270  17.850  39.491 0.0000000000
93540  -46.631  6.938  35.964 0.0000000000
95444  -47.792  8.349  34.398 0.0000000000
95426  -45.209  8.358  35.319 0.0000000000
97287  -44.327  10.511  35.494 0.0000000000
99055  -44.527  12.402  36.192 0.0000000000
102439  -46.892  16.325  47.090 0.0000000000
100751  -48.187  14.318  44.404 0.0000000000
101617  -49.716  16.037  45.124 0.0000000000
103350  -49.816  17.130  43.141 0.0000000000
102501  -46.762  16.637  40.506 0.0000000000
102550  -44.938  16.765  37.601 0.0000000000
102483  -44.922  16.677  41.577 0.0000000000
102470  -43.185  16.566  42.376 0.0000000000
103344  -41.473  18.182  43.108 0.0000000000
100884  -47.690  14.665  27.900 0.0000000000
97223  -39.352  10.075  42.656 0.0000000000
97226  -41.364  10.908  41.864 0.0000000000
98137  -40.492  11.487  44.751 0.0000000000
98991  -41.678  12.516  45.629 0.0000000000
99868  -43.936  13.811  47.069 0.0000000000
100709  -42.739  14.393  48.882 0.0000000000
100699  -45.276  14.989  48.978 0.0000000000
95400  -51.159  8.936  37.531 0.0000000000
94434  -50.849  7.383  39.900 0.0000000000
94451  -48.851  6.620  37.591 0.0000000000
92548  -46.667  5.732  37.896 0.0000000000
92536  -44.151  5.877  38.511 0.0000000000
93434  -45.454  6.447  45.865 0.0000000000
92443  -42.891  5.539  47.793 0.0000000000
91536  -43.362  5.358  46.022 0.0000000000
92472  -44.530  5.241  44.433 0.0000000000
90668  -42.233  3.629  42.596 0.0000000000
94418  -39.472  7.351  41.016 0.0000000000
98262  -54.243  11.721  30.415 0.0000000000
97322  -48.945  10.371  32.155 0.0000000000
98258  -51.145  11.642  30.547 0.0000000000
99999  -53.739  13.218  29.449 0.0000000000
101750  -52.500  15.358  28.376 0.0000000000
103537  -51.160  17.115  27.897 0.0000000000
104345  -48.801  18.311  29.089 0.0000000000
99022  -42.860  11.945  40.378 0.0000000000
99034  -43.858  12.730  38.525 0.0000000000
99933  -46.213  13.946  36.944 0.0000000000
99896  -47.763  13.711  40.658 0.0000000000
100782  -47.645  14.493  38.497 0.0000000000
101682  -47.177  15.466  35.257 0.0000000000
102599  -48.216  17.426  33.344 0.0000000000
105147  -48.701  19.705  31.312 0.0000000000
104343  -46.787  18.743  29.680 0.0000000000
103426  -43.156  17.213  36.059 0.0000000000
105092  -41.181  19.377  33.991 0.0000000000
104307  -39.281  18.580  32.095 0.0000000000
104279  -38.216  18.802  33.628 0.0000000000
104261  -36.642  18.490  35.221 0.0000000000
95381  -41.116  8.317  39.345 0.0000000000
95386  -41.773  8.480  38.525 0.0000000000
96325  -41.231  9.384  39.493 0.0000000000
104991  -48.153  19.576  47.947 0.0000000000
105001  -46.077  19.980  46.601 0.0000000000
97378  -51.711  10.842  28.772 0.0000000000
92484  -48.135  6.004  43.374 0.0000000000
92493  -46.763  5.446  42.273 0.0000000000
92482  -45.539  5.142  43.154 0.0000000000
91574  -35.928  4.439  43.520 0.0000000000
92479  -35.414  5.561  43.288 0.0000000000
95430  -50.144  8.677  35.634 0.0000000000
95446  -50.082  8.790  35.075 0.0000000000
99958  -45.677  13.276  33.944 0.0000000000
99095  -46.632  12.516  31.884 0.0000000000
99967  -46.325  13.448  32.560 0.0000000000
100849  -47.438  14.983  31.249 0.0000000000
101715  -46.656  15.397  32.982 0.0000000000
99873  -45.072  14.065  45.246 0.0000000000
99001  -45.126  12.701  43.677 0.0000000000
99878  -45.385  13.493  44.409 0.0000000000
103387  -48.308  17.386  39.063 0.0000000000
103388  -49.174  17.574  38.992 0.0000000000
103414  -48.699  18.475  37.367 0.0000000000
104253  -48.655  18.803  36.348 0.0000000000
104252  -47.768  18.641  35.841 0.0000000000
104268  -46.495  18.670  34.807 0.0000000000
103429  -46.717  18.158  36.169 0.0000000000
102496  -41.001  16.668  40.607 0.0000000000
102530  -40.311  16.107  38.911 0.0000000000
102512  -39.555  16.759  39.828 0.0000000000
103396  -38.704  17.330  38.574 0.0000000000
103376  -38.914  17.338  40.212 0.0000000000
93524  -45.050  6.979  36.294 0.0000000000
94476  -45.531  7.676  35.563 0.0000000000
94461  -44.562  7.801  36.255 0.0000000000
96360  -42.888  10.086  37.065 0.0000000000
96373  -43.947  9.720  36.005 0.0000000000
97277  -43.932  10.671  36.186 0.0000000000
98199  -44.606  11.748  35.247 0.0000000000
98188  -43.874  11.557  36.750 0.0000000000
102434  -48.034  16.583  48.094 0.0000000000
101609  -48.757  15.928  46.085 0.0000000000
102442  -50.032  16.645  46.898 0.0000000000
103329  -48.988  17.935  45.702 0.0000000000
103341  -50.121  17.279  44.350 0.0000000000
103349  -49.082  17.403  43.548 0.0000000000
103365  -48.963  17.349  41.754 0.0000000000
103363  -47.365  17.195  42.451 0.0000000000
102484  -46.563  17.033  41.708 0.0000000000
102473  -46.768  16.748  42.828 0.0000000000
104187  -44.457  18.442  45.256 0.0000000000
102460  -44.607  16.798  43.500 0.0000000000
103346  -43.256  17.223  43.648 0.0000000000
102458  -42.874  16.994  43.002 0.0000000000
103334  -42.690  18.079  43.792 0.0000000000
100022  -49.173  13.974  27.787 0.0000000000
97213  -38.655  10.526  44.273 0.0000000000
97219  -39.731  10.571  43.188 0.0000000000
98132  -39.658  11.174  45.534 0.0000000000
98126  -40.705  12.124  48.401 0.0000000000
98985  -40.698  12.023  47.008 0.0000000000
98977  -42.070  12.795  47.450 0.0000000000
98978  -42.704  12.983  46.893 0.0000000000
99856  -42.221  13.016  48.085 0.0000000000
101555  -42.022  16.078  49.375 0.0000000000
100710  -43.777  14.660  49.164 0.0000000000
101557  -44.461  15.673  49.793 0.0000000000
101576  -46.131  15.786  49.267 0.0000000000
102393  -44.791  16.336  50.420 0.0000000000
97260  -52.181  10.152  38.133 0.0000000000
96334  -51.847  9.594  38.617 0.0000000000
93489  -50.778  6.975  40.879 0.0000000000
93495  -49.783  6.387  39.930 0.0000000000
94441  -49.997  7.055  39.200 0.0000000000
93505  -48.623  5.981  38.475 0.0000000000
92549  -47.432  5.710  38.023 0.0000000000
92540  -47.911  5.650  38.722 0.0000000000
91613  -44.692  4.681  40.456 0.0000000000
92525  -44.639  5.208  39.075 0.0000000000
91619  -43.263  4.703  39.730 0.0000000000
92429  -41.006  4.821  48.176 0.0000000000
91534  -41.605  5.086  46.643 0.0000000000
91553  -42.558  4.603  45.502 0.0000000000
92471  -43.821  5.161  45.015 0.0000000000
91567  -43.442  4.689  44.452 0.0000000000
91578  -44.028  4.274  43.403 0.0000000000
90658  -41.907  3.696  43.357 0.0000000000
95367  -38.629  8.335  41.982 0.0000000000
94411  -38.086  7.680  42.068 0.0000000000
97354  -54.255  10.840  30.991 0.0000000000
95455  -47.280  8.793  33.798 0.0000000000
96401  -48.845  9.435  33.445 0.0000000000
96410  -47.716  10.032  32.707 0.0000000000
99110  -49.100  12.193  30.066 0.0000000000
98242  -49.297  11.418  30.716 0.0000000000
99125  -50.758  12.799  29.613 0.0000000000
99127  -52.516  12.846  29.727 0.0000000000
99997  -52.361  13.655  29.353 0.0000000000
100876  -52.954  14.419  28.470 0.0000000000
100867  -51.955  14.696  29.154 0.0000000000
102630  -49.466  16.938  29.887 0.0000000000
103516  -50.855  17.328  29.069 0.0000000000
104347  -50.150  17.746  29.143 0.0000000000
103524  -49.408  17.280  28.081 0.0000000000
104346  -49.369  18.163  29.445 0.0000000000
98144  -41.847  11.559  42.422 0.0000000000
98147  -41.959  11.366  41.434 0.0000000000
98148  -42.671  12.095  41.981 0.0000000000
99019  -45.399  12.494  41.022 0.0000000000
99024  -44.538  12.486  40.428 0.0000000000
99031  -45.494  13.117  39.256 0.0000000000
99908  -45.015  13.164  38.146 0.0000000000
99909  -45.713  13.520  38.504 0.0000000000
100755  -48.908  14.678  43.289 0.0000000000
99888  -47.603  13.638  42.622 0.0000000000
99893  -48.381  14.090  42.052 0.0000000000
101666  -49.811  16.222  37.820 0.0000000000
100773  -48.841  14.998  39.178 0.0000000000
101675  -48.468  15.793  36.762 0.0000000000
101674  -47.766  15.343  36.451 0.0000000000
101684  -48.413  15.911  36.084 0.0000000000
102586  -47.657  16.613  34.790 0.0000000000
102587  -48.352  17.413  34.426 0.0000000000
105123  -48.645  20.433  32.674 0.0000000000
104312  -49.326  19.819  33.027 0.0000000000
105135  -48.649  20.265  31.642 0.0000000000
105952  -48.054  20.216  29.731 0.0000000000
105951  -47.442  20.565  30.077 0.0000000000
105146  -46.294  19.901  29.837 0.0000000000
106730  -46.175  21.720  29.959 0.0000000000
105121  -44.284  20.276  32.539 0.0000000000
106716  -43.929  21.357  30.987 0.0000000000
102534  -44.726  16.547  38.611 0.0000000000
102565  -43.956  16.886  36.831 0.0000000000
102564  -42.951  16.793  36.926 0.0000000000
103440  -40.504  17.708  35.606 0.0000000000
103441  -41.473  17.629  35.472 0.0000000000
105091  -40.294  19.407  34.346 0.0000000000
105920  -39.932  20.356  32.579 0.0000000000
105100  -39.201  19.937  33.465 0.0000000000
105114  -38.700  18.934  32.805 0.0000000000
105089  -38.309  19.278  34.265 0.0000000000
104249  -37.441  19.175  36.474 0.0000000000
105074  -37.571  19.500  35.792 0.0000000000
104248  -36.845  19.306  36.040 0.0000000000
104247  -36.144  18.437  36.204 0.0000000000
94439  -42.769  7.358  37.871 0.0000000000
94449  -43.534  7.717  36.915 0.0000000000
95397  -42.434  8.568  37.863 0.0000000000
96345  -42.604  9.554  37.494 0.0000000000
97247  -42.391  10.837  38.000 0.0000000000
103316  -50.141  18.109  47.426 0.0000000000
104992  -49.121  19.468  47.746 0.0000000000
104173  -49.196  18.560  46.150 0.0000000000
103328  -47.717  18.013  45.774 0.0000000000
102451  -46.297  17.117  44.332 0.0000000000
103327  -46.484  17.880  45.892 0.0000000000
104177  -44.835  19.001  45.980 0.0000000000
99142  -50.878  12.361  28.075 0.0000000000
97195  -38.451  10.596  47.542 0.0000000000
98129  -39.340  11.096  46.743 0.0000000000
97189  -38.931  10.822  48.442 0.0000000000
92517  -48.327  5.770  40.623 0.0000000000
92528  -47.245  5.413  39.518 0.0000000000
92504  -46.701  5.353  41.155 0.0000000000
91602  -45.230  4.839  41.126 0.0000000000
91601  -44.434  4.407  41.351 0.0000000000
91516  -39.609  4.522  47.271 0.0000000000
91532  -39.266  4.155  46.062 0.0000000000
92490  -36.895  5.347  42.315 0.0000000000
94409  -36.471  7.417  42.677 0.0000000000
93467  -35.975  6.234  42.737 0.0000000000
94401  -35.248  7.519  43.419 0.0000000000
98221  -46.219  11.087  33.163 0.0000000000
97320  -47.058  10.577  32.559 0.0000000000
98239  -47.138  11.863  31.670 0.0000000000
99096  -47.460  12.679  31.150 0.0000000000
99984  -48.537  13.906  30.019 0.0000000000
100865  -49.848  14.844  29.385 0.0000000000
100858  -48.034  14.929  30.282 0.0000000000
101730  -48.664  16.020  30.634 0.0000000000
102622  -48.477  17.095  31.392 0.0000000000
98999  -43.525  12.559  44.334 0.0000000000
99016  -43.354  12.303  42.233 0.0000000000
99006  -44.566  12.455  43.214 0.0000000000
99013  -45.350  12.624  41.958 0.0000000000
99014  -46.132  12.793  41.547 0.0000000000
101634  -48.556  15.679  40.963 0.0000000000
100761  -48.735  14.787  41.436 0.0000000000
102504  -49.348  16.557  40.032 0.0000000000
101656  -50.206  16.912  38.476 0.0000000000
102569  -50.054  17.750  36.663 0.0000000000
103461  -49.373  18.200  35.044 0.0000000000
104271  -49.262  18.752  35.875 0.0000000000
104287  -48.551  19.313  34.679 0.0000000000
104300  -47.658  19.790  33.597 0.0000000000
105926  -46.328  20.975  31.959 0.0000000000
105094  -46.040  19.732  33.772 0.0000000000
104299  -45.112  19.091  33.789 0.0000000000
104298  -44.408  18.997  33.531 0.0000000000
102515  -42.227  16.316  39.688 0.0000000000
102548  -42.739  16.545  37.826 0.0000000000
102531  -41.451  16.505  38.828 0.0000000000
102561  -40.161  16.673  37.251 0.0000000000
103439  -39.694  17.809  35.753 0.0000000000
104262  -39.105  18.508  35.660 0.0000000000
103409  -38.744  17.425  37.434 0.0000000000
103408  -38.086  17.793  37.837 0.0000000000
104227  -37.434  18.713  38.521 0.0000000000
94478  -47.666  7.229  35.803 0.0000000000
94488  -48.276  7.944  35.044 0.0000000000
94487  -47.374  7.846  34.958 0.0000000000
95443  -46.603  8.474  34.538 0.0000000000
96387  -45.982  9.065  34.360 0.0000000000
95425  -44.386  8.709  35.802 0.0000000000
96385  -44.553  9.642  35.190 0.0000000000
97298  -45.363  10.606  34.136 0.0000000000
98209  -44.992  11.502  34.614 0.0000000000
99070  -45.477  12.425  34.384 0.0000000000
99952  -45.596  13.367  34.924 0.0000000000
101606  -45.822  15.536  46.292 0.0000000000
100744  -46.905  14.747  45.097 0.0000000000
101615  -47.540  15.210  45.767 0.0000000000
101616  -48.880  15.492  45.422 0.0000000000
101626  -49.621  15.441  43.505 0.0000000000
102447  -50.435  17.020  46.090 0.0000000000
102465  -50.004  16.507  43.783 0.0000000000
102475  -50.109  16.391  42.654 0.0000000000
102486  -48.596  16.686  41.132 0.0000000000
102502  -47.793  16.996  40.416 0.0000000000
102519  -46.948  16.730  39.481 0.0000000000
102551  -46.057  16.896  37.710 0.0000000000
102518  -45.697  16.613  39.558 0.0000000000
102500  -45.427  16.629  40.595 0.0000000000
102499  -44.137  16.442  40.593 0.0000000000
102461  -45.890  16.829  43.511 0.0000000000
102471  -44.247  16.565  42.480 0.0000000000
102482  -43.675  16.435  41.532 0.0000000000
102481  -42.568  16.377  41.536 0.0000000000
102480  -41.553  16.541  41.532 0.0000000000
102467  -40.556  17.200  42.036 0.0000000000
96310  -39.720  9.272  41.451 0.0000000000
96311  -40.594  9.769  41.094 0.0000000000
97224  -39.957  10.209  42.308 0.0000000000
97220  -40.655  10.767  43.131 0.0000000000
98141  -41.521  11.634  43.653 0.0000000000
98133  -40.153  11.659  46.227 0.0000000000
98996  -41.228  12.107  45.078 0.0000000000
98997  -41.888  12.229  44.650 0.0000000000
98993  -43.104  12.710  44.868 0.0000000000
99867  -43.139  13.443  46.440 0.0000000000
100737  -44.699  14.403  46.493 0.0000000000
99843  -42.100  13.380  48.528 0.0000000000
99844  -43.270  13.663  48.963 0.0000000000
100724  -44.601  14.405  47.624 0.0000000000
100725  -45.362  14.927  46.995 0.0000000000
102432  -46.123  16.267  48.065 0.0000000000
102414  -46.749  16.326  49.039 0.0000000000
103285  -47.740  17.390  49.656 0.0000000000
96363  -50.768  9.379  36.531 0.0000000000
94466  -50.285  8.262  36.779 0.0000000000
95369  -51.866  8.833  40.828 0.0000000000
95376  -51.753  8.983  39.949 0.0000000000
94443  -51.234  8.470  38.826 0.0000000000
94453  -50.295  8.048  37.407 0.0000000000
94464  -48.609  6.943  36.791 0.0000000000
93527  -47.800  6.510  36.999 0.0000000000
93514  -46.386  6.006  37.139 0.0000000000
93513  -45.364  6.325  37.270 0.0000000000
92527  -46.375  5.397  39.355 0.0000000000
92537  -45.176  5.652  38.267 0.0000000000
93502  -43.546  6.702  37.884 0.0000000000
93501  -42.552  6.731  38.341 0.0000000000
93408  -44.162  6.391  48.275 0.0000000000
91518  -41.425  5.164  47.355 0.0000000000
92453  -42.309  5.371  47.097 0.0000000000
92455  -44.081  5.930  47.021 0.0000000000
93433  -44.594  6.296  46.018 0.0000000000
92463  -45.030  5.925  45.257 0.0000000000
92473  -45.798  5.609  44.452 0.0000000000
92481  -44.578  4.826  43.570 0.0000000000
91587  -44.218  4.268  42.348 0.0000000000
91599  -42.340  4.108  41.256 0.0000000000
95374  -39.828  8.195  40.985 0.0000000000
96309  -39.111  8.810  41.826 0.0000000000
96298  -38.242  9.455  43.287 0.0000000000
97212  -37.834  10.232  44.488 0.0000000000
97200  -37.429  10.305  46.517 0.0000000000
96424  -53.408  9.354  31.410 0.0000000000
96450  -53.658  9.963  30.308 0.0000000000
97367  -53.717  10.677  29.744 0.0000000000
95457  -48.822  9.141  34.070 0.0000000000
96412  -49.360  9.937  32.872 0.0000000000
97338  -48.375  10.947  31.553 0.0000000000
97339  -49.538  10.808  31.241 0.0000000000
98244  -52.065  11.379  31.318 0.0000000000
99098  -53.248  12.109  31.038 0.0000000000
99987  -54.212  12.910  29.856 0.0000000000
99145  -53.734  12.489  29.126 0.0000000000
99144  -52.916  12.651  28.459 0.0000000000
100025  -52.081  13.853  27.806 0.0000000000
100888  -51.827  14.725  27.633 0.0000000000
102641  -51.706  16.359  28.631 0.0000000000
102659  -51.997  16.495  27.772 0.0000000000
101761  -50.400  15.632  27.554 0.0000000000
101760  -49.398  15.607  27.698 0.0000000000
102648  -48.514  16.510  28.310 0.0000000000
102647  -47.781  16.159  28.614 0.0000000000
97235  -41.353  10.499  40.051 0.0000000000
98158  -41.776  11.000  39.824 0.0000000000
98165  -42.722  11.387  38.475 0.0000000000
99023  -43.535  12.196  40.798 0.0000000000
99029  -43.631  12.437  39.692 0.0000000000
98173  -43.805  12.069  37.281 0.0000000000
99931  -44.467  12.925  36.755 0.0000000000
99932  -45.143  13.295  36.527 0.0000000000
99945  -46.010  13.946  35.825 0.0000000000
99879  -46.892  13.623  44.252 0.0000000000
99887  -46.724  13.371  42.084 0.0000000000
99895  -46.798  13.390  40.320 0.0000000000
100764  -48.568  14.669  40.385 0.0000000000
100772  -47.891  14.405  39.595 0.0000000000
99910  -46.605  13.952  38.733 0.0000000000
100790  -47.002  14.732  37.469 0.0000000000
100799  -46.828  14.832  36.399 0.0000000000
100824  -46.383  14.617  34.333 0.0000000000
102597  -46.885  15.840  33.383 0.0000000000
102614  -48.145  17.475  32.358 0.0000000000
103471  -49.179  18.329  33.933 0.0000000000
103496  -49.025  18.400  32.012 0.0000000000
104337  -49.198  18.779  30.321 0.0000000000
105159  -48.994  19.107  29.564 0.0000000000
104344  -47.763  18.614  29.243 0.0000000000
106728  -44.908  21.618  30.185 0.0000000000
103428  -45.385  17.450  36.174 0.0000000000
103444  -44.576  17.717  35.294 0.0000000000
103458  -43.451  18.155  34.422 0.0000000000
103425  -42.183  16.981  36.092 0.0000000000
104265  -41.865  18.162  34.815 0.0000000000
105103  -41.895  19.798  33.495 0.0000000000
105921  -40.674  20.590  32.360 0.0000000000
105130  -40.211  19.528  31.950 0.0000000000
102607  -39.901  17.042  32.244 0.0000000000
105080  -37.628  19.489  35.189 0.0000000000
105088  -37.417  19.127  34.712 0.0000000000
104197  -40.308  18.647  42.132 0.0000000000
104204  -39.543  18.626  41.292 0.0000000000
104215  -38.861  18.661  40.642 0.0000000000
104221  -37.605  18.728  39.498 0.0000000000
105062  -37.150  19.495  38.818 0.0000000000
96324  -40.753  8.766  39.723 0.0000000000
97379  -52.610  10.892  28.831 0.0000000000
93458  -47.780  6.351  44.151 0.0000000000
92483  -46.902  5.953  43.592 0.0000000000
91562  -35.889  3.878  44.323 0.0000000000
95412  -49.886  8.260  35.911 0.0000000000
95429  -49.489  8.404  35.473 0.0000000000
99959  -45.961  13.648  33.334 0.0000000000
100833  -46.300  14.501  33.258 0.0000000000
100743  -45.781  14.517  45.322 0.0000000000
103398  -47.606  17.326  38.312 0.0000000000
103399  -48.486  17.725  38.196 0.0000000000
103430  -48.012  18.440  36.632 0.0000000000
103412  -46.336  17.386  37.015 0.0000000000
102495  -40.190  16.842  40.643 0.0000000000
102494  -39.570  17.217  40.716 0.0000000000
93523  -44.490  7.285  36.531 0.0000000000
97276  -43.527  10.637  36.752 0.0000000000
98187  -43.568  11.135  37.147 0.0000000000
103314  -48.860  16.948  48.346 0.0000000000
102435  -49.325  16.772  47.771 0.0000000000
102416  -49.589  17.104  48.119 0.0000000000
102453  -48.340  17.305  44.187 0.0000000000
103340  -49.121  17.469  44.579 0.0000000000
102464  -48.538  17.335  43.723 0.0000000000
103356  -48.084  17.323  42.937 0.0000000000
103355  -47.403  17.096  42.827 0.0000000000
102462  -46.997  16.671  43.649 0.0000000000
103336  -44.058  17.407  44.413 0.0000000000
103335  -43.056  17.819  43.969 0.0000000000
104185  -42.956  18.252  43.968 0.0000000000
99141  -49.867  12.413  28.153 0.0000000000
99157  -48.584  13.286  27.870 0.0000000000
97207  -38.521  10.514  45.200 0.0000000000
97208  -39.178  10.863  44.939 0.0000000000
97202  -39.145  10.662  45.751 0.0000000000
98962  -41.165  12.644  48.454 0.0000000000
98976  -41.097  12.263  47.865 0.0000000000
98963  -41.720  12.801  48.164 0.0000000000
102392  -43.807  16.287  50.357 0.0000000000
96335  -52.366  9.866  39.031 0.0000000000
96327  -52.342  10.110  39.628 0.0000000000
93506  -49.274  6.270  38.891 0.0000000000
92541  -48.628  5.748  39.101 0.0000000000
92529  -48.097  5.594  39.708 0.0000000000
91612  -43.823  4.383  40.520 0.0000000000
91620  -44.201  4.791  39.750 0.0000000000
91618  -42.379  4.860  39.799 0.0000000000
91502  -40.634  4.700  48.030 0.0000000000
91552  -41.518  4.601  45.633 0.0000000000
91566  -42.149  4.218  44.319 0.0000000000
91576  -42.389  3.923  43.579 0.0000000000
90648  -41.362  3.931  43.888 0.0000000000
94416  -37.935  6.853  41.790 0.0000000000
98230  -53.193  11.123  32.094 0.0000000000
96399  -46.368  9.509  33.817 0.0000000000
96400  -47.571  9.569  33.200 0.0000000000
97309  -47.322  10.199  32.734 0.0000000000
99124  -49.560  12.766  29.763 0.0000000000
99126  -51.724  12.860  29.527 0.0000000000
99996  -51.350  13.782  29.385 0.0000000000
100866  -50.905  14.775  29.144 0.0000000000
102629  -48.967  17.079  30.518 0.0000000000
103515  -49.895  17.490  29.431 0.0000000000
99025  -45.422  12.690  40.111 0.0000000000
99032  -46.052  13.329  39.482 0.0000000000
100756  -49.419  15.149  42.846 0.0000000000
100758  -48.928  14.971  42.399 0.0000000000
102554  -49.254  16.546  37.110 0.0000000000
101665  -48.788  15.782  37.522 0.0000000000
102553  -48.784  16.160  36.982 0.0000000000
102576  -48.638  16.961  35.529 0.0000000000
105913  -47.855  20.714  32.671 0.0000000000
105939  -47.701  21.033  30.837 0.0000000000
105950  -46.437  21.112  30.021 0.0000000000
105938  -46.549  21.550  30.997 0.0000000000
105120  -43.370  20.321  32.495 0.0000000000
105924  -43.814  20.835  32.077 0.0000000000
105923  -42.662  20.645  32.135 0.0000000000
105910  -42.583  20.469  32.595 0.0000000000
102549  -43.810  16.567  37.726 0.0000000000
104263  -39.951  18.487  35.304 0.0000000000
105083  -40.125  18.948  34.896 0.0000000000
105101  -39.892  20.053  33.599 0.0000000000
105090  -39.266  19.560  34.354 0.0000000000
104237  -37.472  18.505  37.465 0.0000000000
94448  -42.852  7.888  37.451 0.0000000000
95396  -42.046  8.099  37.974 0.0000000000
96332  -41.895  9.534  38.315 0.0000000000
96333  -42.357  9.137  38.063 0.0000000000
97257  -42.282  10.274  37.709 0.0000000000
97246  -41.984  10.352  38.186 0.0000000000
104975  -49.515  18.866  48.130 0.0000000000
104163  -48.762  19.026  47.173 0.0000000000
104172  -47.972  18.443  46.680 0.0000000000
104179  -48.574  18.293  46.022 0.0000000000
103321  -47.022  18.351  46.305 0.0000000000
104170  -45.580  18.868  46.424 0.0000000000
97377  -50.676  10.576  28.826 0.0000000000
97188  -38.318  10.625  48.489 0.0000000000
97175  -38.405  10.810  49.039 0.0000000000
92506  -48.611  6.104  41.588 0.0000000000
92505  -47.605  5.691  41.422 0.0000000000
92492  -45.850  5.156  41.769 0.0000000000
90663  -38.013  3.761  42.722 0.0000000000
91583  -37.344  4.411  42.550 0.0000000000
93468  -36.595  6.396  42.470 0.0000000000
92489  -36.054  5.435  42.802 0.0000000000
93454  -34.847  6.521  43.514 0.0000000000
98227  -46.077  11.693  33.018 0.0000000000
99085  -46.139  12.334  32.651 0.0000000000
99975  -46.913  13.568  31.672 0.0000000000
99108  -47.704  13.240  30.665 0.0000000000
99983  -47.925  13.828  30.488 0.0000000000
100857  -47.651  14.404  30.738 0.0000000000
100841  -47.295  15.210  31.993 0.0000000000
100850  -47.933  15.531  30.793 0.0000000000
101723  -48.031  15.977  31.368 0.0000000000
102621  -47.888  16.576  31.929 0.0000000000
99005  -43.757  12.410  43.457 0.0000000000
99000  -44.465  12.596  44.060 0.0000000000
99882  -45.630  12.901  43.608 0.0000000000
99007  -45.453  12.567  42.961 0.0000000000
99008  -46.082  12.756  42.385 0.0000000000
103400  -49.326  17.979  38.036 0.0000000000
103389  -49.658  17.488  38.724 0.0000000000
103401  -49.884  17.684  38.158 0.0000000000
102538  -50.214  17.258  38.133 0.0000000000
104242  -50.010  18.181  37.403 0.0000000000
103449  -50.332  18.733  36.034 0.0000000000
104255  -50.085  19.120  36.745 0.0000000000
104270  -48.490  18.928  35.497 0.0000000000
104286  -47.283  19.216  34.012 0.0000000000
105107  -46.694  20.085  33.520 0.0000000000
105095  -46.443  19.604  33.920 0.0000000000
104267  -45.689  18.658  34.650 0.0000000000
104285  -45.847  19.298  34.203 0.0000000000
104284  -44.893  18.625  34.405 0.0000000000
102546  -40.709  16.554  37.977 0.0000000000
103423  -40.126  17.116  36.415 0.0000000000
103410  -39.519  17.030  37.038 0.0000000000
103422  -39.152  17.655  36.380 0.0000000000
103395  -37.818  17.965  38.489 0.0000000000
103383  -37.745  18.279  39.009 0.0000000000
95427  -45.899  8.154  35.094 0.0000000000
95442  -45.645  8.739  34.749 0.0000000000
95398  -43.083  8.601  37.234 0.0000000000
95411  -44.205  8.331  36.331 0.0000000000
95410  -43.712  8.741  36.573 0.0000000000
96386  -45.370  9.609  34.443 0.0000000000
97297  -44.707  10.490  34.709 0.0000000000
99063  -44.543  12.048  35.601 0.0000000000
99064  -44.944  12.477  35.287 0.0000000000
99056  -45.051  12.799  35.945 0.0000000000
101607  -46.815  16.002  46.476 0.0000000000
102445  -49.131  16.016  45.984 0.0000000000
101621  -49.028  15.038  44.445 0.0000000000
101622  -49.624  15.857  44.501 0.0000000000
103317  -50.371  18.090  46.814 0.0000000000
102443  -50.401  17.388  46.831 0.0000000000
104175  -50.407  18.059  45.782 0.0000000000
103358  -49.641  17.126  42.264 0.0000000000
102487  -49.540  16.633  41.849 0.0000000000
103366  -49.467  17.103  41.921 0.0000000000
102485  -47.794  17.201  41.235 0.0000000000
102517  -44.476  16.508  39.614 0.0000000000
102450  -45.228  17.108  44.228 0.0000000000
102459  -43.630  16.684  43.195 0.0000000000
102498  -42.976  16.247  40.604 0.0000000000
103345  -42.191  17.700  43.339 0.0000000000
102469  -42.151  16.848  42.431 0.0000000000
103354  -41.641  17.320  42.655 0.0000000000
102468  -41.167  16.893  42.289 0.0000000000
103353  -41.031  17.743  42.621 0.0000000000
99156  -48.021  13.440  27.878 0.0000000000
100875  -47.327  14.994  28.081 0.0000000000
96304  -39.496  9.705  42.232 0.0000000000
97215  -40.269  10.883  43.842 0.0000000000
98140  -40.750  11.168  43.852 0.0000000000
98138  -41.296  11.852  44.537 0.0000000000
98124  -39.377  11.242  47.978 0.0000000000
98986  -41.473  12.426  46.714 0.0000000000
98990  -40.887  12.167  45.890 0.0000000000
98992  -42.507  12.710  45.279 0.0000000000
99872  -44.187  13.887  45.595 0.0000000000
101573  -42.248  15.617  48.799 0.0000000000
100708  -41.620  14.353  48.353 0.0000000000
100698  -44.657  14.978  49.407 0.0000000000
100711  -44.495  14.509  48.683 0.0000000000
100712  -45.377  14.927  48.098 0.0000000000
101593  -45.961  15.916  47.412 0.0000000000
101575  -45.945  15.710  48.637 0.0000000000
102394  -45.924  16.534  50.335 0.0000000000
103302  -47.476  16.877  49.266 0.0000000000
103284  -46.895  17.098  49.913 0.0000000000
98174  -52.811  11.157  37.247 0.0000000000
96348  -51.596  9.561  37.666 0.0000000000
96347  -51.128  9.291  37.103 0.0000000000
95399  -50.685  8.712  37.038 0.0000000000
94426  -51.190  7.633  40.816 0.0000000000
94427  -51.473  8.190  40.363 0.0000000000
94435  -51.350  8.258  39.422 0.0000000000
94452  -49.584  7.094  37.857 0.0000000000
94465  -49.750  7.791  36.502 0.0000000000
93515  -47.251  6.150  37.416 0.0000000000
92547  -45.845  5.767  37.762 0.0000000000
92515  -46.597  5.299  40.206 0.0000000000
92535  -43.147  6.048  38.711 0.0000000000
93435  -46.367  6.578  45.708 0.0000000000
92431  -42.502  5.137  48.737 0.0000000000
92432  -43.557  5.880  48.644 0.0000000000
91517  -40.781  4.958  47.509 0.0000000000
91535  -42.617  5.164  46.180 0.0000000000
92454  -43.436  5.722  46.702 0.0000000000
93419  -44.057  5.935  46.692 0.0000000000
93420  -44.383  6.384  46.786 0.0000000000
93432  -44.061  6.040  46.347 0.0000000000
90669  -42.852  3.795  42.682 0.0000000000
91586  -43.481  3.960  42.638 0.0000000000
90678  -43.123  3.847  42.237 0.0000000000
91600  -43.397  4.060  41.600 0.0000000000
90677  -42.673  3.717  42.008 0.0000000000
93486  -39.816  6.498  40.512 0.0000000000
94424  -40.128  7.395  40.596 0.0000000000
95368  -39.242  8.223  41.465 0.0000000000
95361  -37.851  8.569  42.681 0.0000000000
95360  -36.764  8.246  42.786 0.0000000000
95359  -36.241  8.011  42.946 0.0000000000
96283  -36.347  9.805  45.557 0.0000000000
97211  -37.211  10.116  44.866 0.0000000000
97199  -36.737  10.146  46.097 0.0000000000
95476  -53.242  9.043  31.949 0.0000000000
96425  -54.041  9.596  31.944 0.0000000000
97368  -54.211  11.108  30.280 0.0000000000
95445  -48.968  8.726  34.740 0.0000000000
95456  -48.218  8.893  33.849 0.0000000000
96411  -48.340  9.890  32.700 0.0000000000
98229  -47.365  11.248  31.809 0.0000000000
97321  -47.680  10.540  32.178 0.0000000000
97351  -49.677  11.174  30.684 0.0000000000
97352  -50.209  11.050  30.696 0.0000000000
97340  -50.968  10.823  31.435 0.0000000000
98243  -51.533  11.161  31.269 0.0000000000
98259  -52.328  11.966  30.912 0.0000000000
99998  -53.280  13.231  29.643 0.0000000000
99986  -53.953  12.992  30.119 0.0000000000
100000  -54.048  12.913  29.479 0.0000000000
99146  -54.082  12.630  29.464 0.0000000000
100010  -53.939  12.877  29.258 0.0000000000
98285  -53.115  11.747  28.940 0.0000000000
100009  -53.620  13.325  28.879 0.0000000000
100008  -52.839  13.685  28.190 0.0000000000
100889  -52.579  14.491  27.882 0.0000000000
101763  -52.420  15.512  27.863 0.0000000000
101740  -50.528  15.799  29.303 0.0000000000
103526  -51.037  17.243  28.455 0.0000000000
103527  -51.528  16.979  28.546 0.0000000000
101762  -51.478  15.653  27.575 0.0000000000
102658  -50.946  16.482  27.622 0.0000000000
102657  -49.979  16.390  27.644 0.0000000000
104352  -49.165  17.724  28.640 0.0000000000
103514  -48.735  17.387  28.692 0.0000000000
102638  -48.183  16.799  28.849 0.0000000000
97229  -40.892  10.369  41.448 0.0000000000
96312  -41.031  10.098  41.047 0.0000000000
97230  -41.452  10.525  41.025 0.0000000000
98152  -42.767  11.564  40.897 0.0000000000
98151  -41.862  11.172  40.475 0.0000000000
98159  -42.376  11.634  39.637 0.0000000000
99017  -43.785  12.279  41.846 0.0000000000
98149  -43.259  12.235  41.877 0.0000000000
99030  -44.630  12.709  39.452 0.0000000000
98166  -43.124  12.068  38.939 0.0000000000
99042  -43.851  12.605  37.629 0.0000000000
99918  -44.045  13.000  37.920 0.0000000000
99920  -45.459  13.516  37.574 0.0000000000
100750  -47.353  14.165  44.669 0.0000000000
99880  -47.608  13.854  44.312 0.0000000000
99892  -47.767  13.487  41.605 0.0000000000
99891  -46.884  13.270  41.141 0.0000000000
100765  -49.267  15.319  39.860 0.0000000000
100783  -48.566  15.033  38.087 0.0000000000
99911  -47.225  14.027  39.260 0.0000000000
100781  -46.837  14.381  38.182 0.0000000000
100800  -47.345  15.115  35.830 0.0000000000
100811  -46.755  14.850  35.348 0.0000000000
101693  -46.956  15.372  34.702 0.0000000000
101705  -46.786  15.448  33.834 0.0000000000
101706  -47.266  15.921  34.410 0.0000000000
102598  -47.551  16.305  33.724 0.0000000000
103470  -49.333  19.167  33.474 0.0000000000
104324  -49.470  19.889  32.299 0.0000000000
103483  -49.266  19.136  32.738 0.0000000000
104326  -49.233  19.098  31.906 0.0000000000
104336  -48.928  19.150  31.344 0.0000000000
105149  -49.231  19.107  29.870 0.0000000000
105148  -48.666  19.738  30.408 0.0000000000
105157  -47.487  19.483  29.407 0.0000000000
105158  -48.257  19.432  29.498 0.0000000000
103512  -47.093  17.596  29.517 0.0000000000
103511  -46.515  18.025  29.633 0.0000000000
105937  -45.432  21.507  31.381 0.0000000000
105142  -42.980  20.248  30.798 0.0000000000
105947  -43.489  20.780  30.699 0.0000000000
103411  -45.434  17.257  37.126 0.0000000000
103427  -44.169  17.377  36.056 0.0000000000
103443  -43.364  17.716  35.036 0.0000000000
102563  -41.946  16.532  36.955 0.0000000000
105093  -41.762  19.108  33.914 0.0000000000
105908  -41.203  20.470  32.834 0.0000000000
105116  -39.944  19.977  32.250 0.0000000000
105129  -39.643  19.088  31.962 0.0000000000
103488  -40.000  18.281  31.692 0.0000000000
103477  -39.670  17.868  31.909 0.0000000000
104293  -38.153  18.513  33.010 0.0000000000
103467  -38.303  18.171  32.601 0.0000000000
104292  -37.666  18.117  33.182 0.0000000000
103455  -37.336  17.693  33.385 0.0000000000
105081  -38.454  19.437  35.428 0.0000000000
105079  -37.098  19.321  35.258 0.0000000000
104277  -37.098  18.585  34.620 0.0000000000
103454  -36.651  17.764  34.235 0.0000000000
105046  -39.320  19.258  40.845 0.0000000000
105045  -38.638  19.614  40.495 0.0000000000
104214  -37.904  19.103  40.295 0.0000000000
105054  -37.218  19.618  39.757 0.0000000000
105803  -48.423  19.947  48.365 0.0000000000
104990  -47.407  20.121  47.681 0.0000000000
104171  -46.734  18.965  46.947 0.0000000000
105002  -46.774  19.848  47.196 0.0000000000
105816  -46.288  21.168  46.531 0.0000000000
98284  -52.254  11.689  28.590 0.0000000000
98112  -37.355  11.068  48.624 0.0000000000
98113  -38.207  11.285  49.009 0.0000000000
92480  -35.764  5.114  43.157 0.0000000000
96374  -50.470  9.280  35.848 0.0000000000
96390  -50.592  9.533  35.211 0.0000000000
96389  -50.261  9.224  34.452 0.0000000000
99077  -45.652  12.464  33.674 0.0000000000
99966  -45.857  12.899  33.198 0.0000000000
100848  -47.242  14.235  31.600 0.0000000000
100840  -46.879  14.617  32.203 0.0000000000
101716  -47.117  15.583  32.459 0.0000000000
102521  -48.921  17.083  39.697 0.0000000000
103415  -49.255  18.468  37.516 0.0000000000
104239  -48.927  19.022  36.933 0.0000000000
103431  -48.535  18.840  36.877 0.0000000000
104251  -47.009  18.552  35.444 0.0000000000
103446  -46.431  18.362  35.411 0.0000000000
103445  -45.592  18.211  35.239 0.0000000000
102514  -41.219  16.482  39.721 0.0000000000
102513  -40.331  16.523  39.783 0.0000000000
101644  -40.055  16.131  39.336 0.0000000000
101653  -39.769  16.121  39.191 0.0000000000
102544  -39.083  16.998  38.266 0.0000000000
102529  -39.347  16.710  38.874 0.0000000000
103385  -38.993  17.201  39.318 0.0000000000
93525  -46.057  6.578  36.477 0.0000000000
93539  -45.837  7.103  35.867 0.0000000000
93538  -45.357  7.283  35.893 0.0000000000
94462  -45.054  7.503  35.913 0.0000000000
94475  -44.939  8.001  35.769 0.0000000000
96361  -43.289  9.752  36.657 0.0000000000
96372  -43.693  9.313  36.333 0.0000000000
96362  -43.616  10.195  36.350 0.0000000000
98208  -44.511  11.146  35.112 0.0000000000
98198  -44.339  11.435  35.802 0.0000000000
102440  -47.565  16.326  47.048 0.0000000000
102441  -48.883  16.321  46.730 0.0000000000
102446  -49.883  16.282  45.803 0.0000000000
103323  -49.555  18.328  45.727 0.0000000000
104181  -50.276  18.040  45.572 0.0000000000
103330  -49.877  17.892  45.307 0.0000000000
103357  -49.012  17.388  42.578 0.0000000000
103364  -47.986  17.397  42.077 0.0000000000
102472  -45.494  16.763  42.588 0.0000000000
104188  -44.954  18.063  45.464 0.0000000000
103347  -43.857  16.965  43.741 0.0000000000
100021  -48.275  13.974  27.911 0.0000000000
97218  -38.846  10.289  43.293 0.0000000000
97214  -39.557  10.792  44.161 0.0000000000
98136  -39.705  11.119  44.831 0.0000000000
98125  -40.250  11.737  48.268 0.0000000000
98975  -40.566  11.854  47.726 0.0000000000
98987  -42.274  12.933  46.260 0.0000000000
99857  -42.888  13.392  47.766 0.0000000000
101574  -43.148  15.417  48.780 0.0000000000
101556  -43.633  15.759  49.380 0.0000000000
100697  -44.187  15.259  49.417 0.0000000000
101558  -45.455  15.661  49.599 0.0000000000
97261  -52.650  10.817  37.787 0.0000000000
95389  -51.305  8.816  38.270 0.0000000000
93496  -50.383  6.767  40.277 0.0000000000
94433  -50.316  6.812  39.799 0.0000000000
93517  -48.941  6.374  38.076 0.0000000000
93516  -48.203  6.182  37.728 0.0000000000
92539  -46.956  5.580  38.676 0.0000000000
91614  -45.359  5.016  40.309 0.0000000000
91622  -45.436  5.113  39.804 0.0000000000
91621  -44.997  4.928  39.744 0.0000000000
92524  -43.693  5.327  39.176 0.0000000000
92523  -42.694  5.429  39.286 0.0000000000
90619  -41.799  4.957  45.996 0.0000000000
90637  -42.331  4.867  45.896 0.0000000000
91554  -43.386  4.937  45.561 0.0000000000
91568  -44.218  4.617  44.021 0.0000000000
91577  -42.942  4.208  43.421 0.0000000000
90659  -42.498  3.762  43.152 0.0000000000
93480  -39.151  6.398  41.107 0.0000000000
94417  -38.663  7.319  41.497 0.0000000000
96435  -54.288  10.260  31.669 0.0000000000
98246  -53.735  11.438  31.332 0.0000000000
98247  -54.160  11.360  31.086 0.0000000000
99097  -48.056  12.168  30.949 0.0000000000
98241  -48.649  11.678  30.990 0.0000000000
98256  -48.971  11.869  30.406 0.0000000000
98268  -50.401  12.171  29.968 0.0000000000
98269  -50.875  12.239  30.045 0.0000000000
99112  -51.987  12.361  30.186 0.0000000000
100869  -53.367  13.650  29.259 0.0000000000
100877  -53.383  13.823  29.034 0.0000000000
100868  -52.910  14.401  29.067 0.0000000000
101742  -52.162  15.458  28.723 0.0000000000
101731  -49.078  16.497  30.175 0.0000000000
102639  -50.295  16.745  29.527 0.0000000000
104354  -50.315  17.727  28.872 0.0000000000
103525  -50.345  17.441  28.257 0.0000000000
104353  -49.600  17.802  28.731 0.0000000000
99035  -44.798  12.893  38.669 0.0000000000
99907  -44.376  13.032  38.122 0.0000000000
99036  -45.265  13.130  38.640 0.0000000000
99921  -46.281  14.041  37.916 0.0000000000
101624  -48.532  14.507  44.109 0.0000000000
99884  -47.813  13.780  43.689 0.0000000000
99885  -48.408  14.203  43.459 0.0000000000
99897  -48.433  13.956  41.198 0.0000000000
101645  -49.436  15.696  39.123 0.0000000000
101654  -49.272  15.645  38.422 0.0000000000
100791  -47.922  14.933  37.620 0.0000000000
101663  -47.548  15.227  37.145 0.0000000000
101664  -48.131  15.397  37.190 0.0000000000
101683  -47.727  15.770  35.616 0.0000000000
101694  -47.366  15.955  35.031 0.0000000000
102575  -47.766  16.378  35.280 0.0000000000
104301  -48.695  19.790  33.691 0.0000000000
105122  -49.110  20.375  32.269 0.0000000000
105136  -48.242  20.376  30.823 0.0000000000
105156  -46.842  19.698  29.543 0.0000000000
104334  -46.480  19.294  29.953 0.0000000000
105959  -46.880  20.338  29.748 0.0000000000
105936  -44.339  21.304  31.513 0.0000000000
105935  -43.288  20.869  31.404 0.0000000000
104264  -40.805  18.512  34.867 0.0000000000
105102  -40.777  19.965  33.509 0.0000000000
105906  -39.722  20.359  33.095 0.0000000000
104306  -38.691  18.590  32.505 0.0000000000
105099  -38.680  19.156  33.300 0.0000000000
105073  -37.261  19.476  35.564 0.0000000000
94440  -43.262  7.355  37.486 0.0000000000
95387  -42.212  8.927  38.280 0.0000000000
97258  -42.837  10.607  37.477 0.0000000000
98171  -42.766  11.172  37.857 0.0000000000
102417  -49.675  17.383  48.086 0.0000000000
104145  -49.484  18.453  48.386 0.0000000000
104146  -49.649  18.524  47.732 0.0000000000
104164  -49.903  18.920  46.941 0.0000000000
104180  -48.935  18.319  45.936 0.0000000000
103339  -48.103  17.518  44.942 0.0000000000
102452  -47.434  17.119  44.299 0.0000000000
103338  -46.898  17.603  45.032 0.0000000000
103326  -45.726  18.190  46.052 0.0000000000
103320  -46.210  18.403  46.368 0.0000000000
103319  -45.803  18.453  46.324 0.0000000000
104178  -45.133  18.341  45.746 0.0000000000
105011  -43.892  19.611  44.897 0.0000000000
99159  -50.502  13.134  27.730 0.0000000000
98128  -38.794  10.859  47.049 0.0000000000
97196  -38.976  10.851  47.947 0.0000000000
98099  -38.718  10.958  49.238 0.0000000000
98114  -39.174  11.375  48.867 0.0000000000
92518  -49.230  6.030  40.715 0.0000000000
92516  -47.447  5.444  40.446 0.0000000000
92503  -45.894  5.282  40.768 0.0000000000
91501  -40.208  4.588  47.741 0.0000000000
91551  -40.329  4.361  45.385 0.0000000000
93469  -37.500  6.178  42.110 0.0000000000
93456  -36.113  6.832  42.791 0.0000000000
92488  -35.703  5.943  42.899 0.0000000000
93455  -35.597  6.591  43.090 0.0000000000
97307  -45.926  10.487  33.556 0.0000000000
98228  -46.676  11.307  32.359 0.0000000000
99109  -48.400  12.715  30.335 0.0000000000
99123  -48.908  13.294  29.879 0.0000000000
99994  -49.294  13.889  29.609 0.0000000000
100864  -48.947  14.828  29.831 0.0000000000
101738  -48.725  15.445  30.086 0.0000000000
99004  -42.845  12.412  43.625 0.0000000000
99010  -43.146  12.341  42.812 0.0000000000
99011  -43.882  12.361  42.660 0.0000000000
99012  -44.595  12.459  42.356 0.0000000000
99020  -46.159  12.849  40.666 0.0000000000
101631  -49.171  15.688  41.627 0.0000000000
101635  -49.271  15.776  40.439 0.0000000000
101646  -49.583  16.054  39.663 0.0000000000
102522  -49.676  17.020  39.377 0.0000000000
101655  -49.882  16.434  38.766 0.0000000000
101667  -50.209  16.746  38.121 0.0000000000
102555  -49.929  17.201  37.399 0.0000000000
102568  -49.649  17.262  36.293 0.0000000000
102577  -49.549  17.490  35.666 0.0000000000
103448  -49.949  18.193  35.725 0.0000000000
104289  -49.617  18.586  35.532 0.0000000000
104288  -49.056  18.712  35.144 0.0000000000
105108  -47.827  20.365  33.226 0.0000000000
105912  -47.102  20.704  32.724 0.0000000000
105911  -46.083  20.457  32.727 0.0000000000
105106  -45.279  19.746  33.186 0.0000000000
105105  -43.921  19.658  32.916 0.0000000000
104297  -43.356  19.151  33.463 0.0000000000
102516  -43.318  16.338  39.649 0.0000000000
102532  -42.499  16.516  38.768 0.0000000000
102547  -41.708  16.665  37.915 0.0000000000
102562  -40.944  16.503  37.057 0.0000000000
104250  -38.234  18.539  36.490 0.0000000000
104238  -38.071  18.029  37.279 0.0000000000
94489  -48.754  8.260  35.227 0.0000000000
94477  -46.503  7.584  35.354 0.0000000000
94460  -44.048  8.030  36.553 0.0000000000
95424  -43.833  9.080  36.100 0.0000000000
95441  -44.941  8.954  35.001 0.0000000000
96398  -45.721  10.027  33.946 0.0000000000
98220  -45.608  11.550  33.677 0.0000000000
100823  -45.866  13.930  34.394 0.0000000000
101613  -45.764  15.166  45.736 0.0000000000
101614  -46.404  15.279  45.694 0.0000000000
100745  -47.956  14.629  45.139 0.0000000000
101608  -48.098  15.819  46.287 0.0000000000
100746  -48.533  14.805  44.799 0.0000000000
102436  -50.059  17.272  47.638 0.0000000000
102456  -50.536  16.836  45.353 0.0000000000
103331  -50.462  17.550  45.424 0.0000000000
103342  -50.689  17.021  44.874 0.0000000000
102455  -50.203  16.587  44.807 0.0000000000
101629  -49.800  15.587  42.587 0.0000000000
101632  -49.948  15.884  42.005 0.0000000000
102520  -48.011  17.099  39.765 0.0000000000
103386  -47.486  17.241  39.086 0.0000000000
102552  -46.870  17.221  37.755 0.0000000000
102536  -46.784  17.026  38.504 0.0000000000
102535  -45.867  16.651  38.561 0.0000000000
102479  -40.700  16.799  41.471 0.0000000000
103352  -40.319  17.820  41.852 0.0000000000
97228  -40.308  10.124  41.626 0.0000000000
97225  -40.725  10.590  42.158 0.0000000000
97221  -41.279  11.010  42.674 0.0000000000
98142  -42.237  12.123  43.538 0.0000000000
99003  -42.230  12.229  43.965 0.0000000000
98998  -42.699  12.484  44.451 0.0000000000
99876  -43.499  12.796  44.868 0.0000000000
99866  -42.724  13.254  46.011 0.0000000000
99871  -43.182  13.184  45.390 0.0000000000
100742  -44.977  14.381  45.712 0.0000000000
99858  -43.890  13.846  48.271 0.0000000000
99845  -43.867  14.096  48.854 0.0000000000
101594  -46.561  16.221  47.169 0.0000000000
102413  -46.364  16.199  48.376 0.0000000000
102433  -46.728  16.396  47.778 0.0000000000
102415  -47.672  16.653  48.880 0.0000000000
103303  -48.342  16.896  49.037 0.0000000000
103268  -47.244  17.861  50.323 0.0000000000
97278  -52.058  10.298  37.296 0.0000000000
96364  -51.428  9.866  36.830 0.0000000000
95413  -50.306  8.604  36.294 0.0000000000
94480  -49.538  8.021  35.843 0.0000000000
95382  -51.449  9.012  39.102 0.0000000000
94442  -50.711  7.922  38.566 0.0000000000
95388  -50.785  8.521  37.770 0.0000000000
94463  -47.814  6.752  36.507 0.0000000000
93526  -47.097  6.521  36.571 0.0000000000
92538  -46.096  5.531  38.519 0.0000000000
92526  -45.528  5.211  39.216 0.0000000000
93504  -45.140  6.012  37.763 0.0000000000
93503  -44.605  6.229  37.778 0.0000000000
94432  -41.418  7.531  38.861 0.0000000000
95380  -40.648  8.217  39.925 0.0000000000
92474  -46.532  6.093  44.687 0.0000000000
93393  -44.023  6.091  49.336 0.0000000000
92441  -41.021  5.074  48.082 0.0000000000
92442  -41.703  5.252  47.845 0.0000000000
92452  -41.741  5.223  47.266 0.0000000000
92444  -43.846  6.012  47.618 0.0000000000
93409  -44.504  6.609  47.605 0.0000000000
93410  -44.842  6.865  47.118 0.0000000000
93421  -45.035  6.729  46.515 0.0000000000
92462  -44.028  5.582  45.676 0.0000000000
92464  -45.944  6.128  45.206 0.0000000000
91579  -44.667  4.662  42.917 0.0000000000
90657  -41.043  3.668  43.223 0.0000000000
90667  -41.466  3.544  42.522 0.0000000000
90675  -41.039  3.597  41.732 0.0000000000
90676  -41.883  3.652  41.838 0.0000000000
95375  -40.320  8.166  40.524 0.0000000000
96317  -40.070  8.691  40.836 0.0000000000
96303  -38.895  9.335  42.422 0.0000000000
97217  -38.197  10.100  43.783 0.0000000000
97206  -37.741  10.320  45.481 0.0000000000
94410  -37.291  7.360  42.303 0.0000000000
96290  -37.168  9.873  44.303 0.0000000000
97194  -37.389  10.311  47.643 0.0000000000
96261  -36.452  9.929  47.152 0.0000000000
97193  -36.561  10.281  47.859 0.0000000000
96433  -53.194  9.389  30.694 0.0000000000
96434  -53.977  9.956  31.054 0.0000000000
96449  -53.029  9.484  29.811 0.0000000000
96388  -49.407  9.264  34.067 0.0000000000
98245  -52.995  11.483  31.479 0.0000000000
99099  -53.480  11.861  31.167 0.0000000000
99114  -53.724  12.283  30.659 0.0000000000
99113  -52.977  12.505  30.468 0.0000000000
99115  -54.205  12.463  30.275 0.0000000000
98271  -54.220  11.662  29.827 0.0000000000
98270  -53.753  11.654  29.383 0.0000000000
97380  -53.307  10.986  29.102 0.0000000000
99143  -51.866  12.423  28.183 0.0000000000
99160  -51.499  13.104  27.758 0.0000000000
100024  -51.152  13.908  27.579 0.0000000000
100023  -50.130  13.920  27.423 0.0000000000
101741  -51.456  15.663  29.018 0.0000000000
102642  -52.175  16.033  28.332 0.0000000000
102640  -51.135  16.551  29.153 0.0000000000
102649  -52.065  16.634  28.211 0.0000000000
102660  -52.214  16.059  27.832 0.0000000000
100887  -50.804  14.767  27.426 0.0000000000
100886  -49.760  14.768  27.545 0.0000000000
100885  -48.770  14.758  27.826 0.0000000000
101759  -48.447  15.566  28.034 0.0000000000
103535  -49.688  16.872  27.689 0.0000000000
102656  -49.192  16.436  27.792 0.0000000000
101749  -47.942  15.767  28.331 0.0000000000
96319  -41.023  9.869  40.531 0.0000000000
97241  -42.328  10.877  38.720 0.0000000000
98153  -43.219  12.058  41.480 0.0000000000
99028  -42.984  12.212  40.041 0.0000000000
98172  -43.387  11.620  37.742 0.0000000000
99043  -44.140  12.470  37.004 0.0000000000
99919  -44.452  13.138  37.437 0.0000000000
99944  -45.399  13.148  35.711 0.0000000000
99953  -46.112  14.153  34.963 0.0000000000
100749  -46.465  14.105  44.723 0.0000000000
100763  -47.845  14.221  40.175 0.0000000000
99901  -47.310  13.935  39.959 0.0000000000
99900  -46.610  13.556  39.535 0.0000000000
101673  -47.187  15.215  36.889 0.0000000000
102612  -46.978  16.022  33.007 0.0000000000
103503  -48.914  18.073  30.941 0.0000000000
103447  -49.491  17.701  35.433 0.0000000000
103484  -48.674  18.435  32.983 0.0000000000
103513  -48.078  17.548  29.178 0.0000000000
106729  -45.788  21.779  29.942 0.0000000000
106727  -44.238  21.308  30.568 0.0000000000
105948  -44.290  20.835  30.288 0.0000000000
102566  -44.733  17.239  36.814 0.0000000000
103459  -44.138  18.086  34.664 0.0000000000
104283  -43.805  18.429  33.968 0.0000000000
103442  -42.412  17.566  35.361 0.0000000000
104266  -42.531  17.950  34.789 0.0000000000
104282  -42.589  18.594  34.099 0.0000000000
104296  -42.649  19.400  33.491 0.0000000000
105104  -42.840  20.058  33.012 0.0000000000
105909  -42.113  20.585  32.724 0.0000000000
105922  -41.538  20.842  32.113 0.0000000000
105933  -40.961  20.353  31.885 0.0000000000
105932  -40.339  20.243  32.157 0.0000000000
104318  -40.374  18.618  31.861 0.0000000000
103476  -38.660  17.825  32.362 0.0000000000
103475  -38.301  17.522  32.713 0.0000000000
104278  -37.545  18.516  33.827 0.0000000000
103438  -36.016  17.741  34.842 0.0000000000
105017  -43.345  19.477  44.284 0.0000000000
104190  -41.866  18.715  43.237 0.0000000000
104198  -41.240  18.701  42.644 0.0000000000
104205  -39.994  18.230  41.673 0.0000000000
105022  -40.160  19.402  42.039 0.0000000000
104196  -39.855  19.100  41.856 0.0000000000
103362  -39.785  17.857  41.402 0.0000000000
103361  -39.191  17.800  40.944 0.0000000000
103375  -38.619  17.942  40.458 0.0000000000
104222  -38.176  18.390  40.135 0.0000000000
90589  -40.296  4.382  47.872 0.0000000000
90601  -40.188  3.873  47.837 0.0000000000
90620  -42.069  5.040  46.063 0.0000000000
90636  -42.082  4.753  45.841 0.0000000000
91589  -48.850  6.298  41.949 0.0000000000
92445  -44.223  6.213  47.252 0.0000000000
92546  -45.388  5.909  37.751 0.0000000000
93401  -44.161  6.476  48.888 0.0000000000
93453  -34.266  6.732  43.774 0.0000000000
93511  -43.621  7.143  37.296 0.0000000000
94447  -42.354  7.870  37.780 0.0000000000
94450  -44.166  7.539  36.639 0.0000000000
95428  -48.997  8.352  35.312 0.0000000000
95447  -50.345  9.054  35.422 0.0000000000
96344  -42.036  9.938  37.808 0.0000000000
97174  -38.152  10.853  49.122 0.0000000000
97176  -38.798  10.824  49.025 0.0000000000
97205  -36.937  10.194  45.509 0.0000000000
97248  -52.368  9.975  38.645 0.0000000000
97275  -43.191  10.363  37.039 0.0000000000
97337  -47.775  11.056  31.687 0.0000000000
97342  -52.480  11.097  31.668 0.0000000000
97353  -54.012  10.521  30.475 0.0000000000
97365  -52.051  10.225  29.149 0.0000000000
98097  -37.934  10.953  49.111 0.0000000000
98098  -38.435  10.989  49.246 0.0000000000
98123  -38.993  10.934  47.496 0.0000000000
98160  -42.978  12.175  39.582 0.0000000000
98257  -49.757  11.684  30.233 0.0000000000
98260  -52.890  12.097  31.063 0.0000000000
98261  -54.068  11.878  30.735 0.0000000000
98988  -42.718  13.132  46.405 0.0000000000
99111  -51.278  12.369  29.988 0.0000000000
99128  -54.098  12.221  29.536 0.0000000000
99129  -54.300  12.432  29.825 0.0000000000
99161  -52.322  13.129  27.939 0.0000000000
99870  -42.642  13.060  45.707 0.0000000000
99889  -48.399  14.132  42.946 0.0000000000
99899  -46.043  13.564  39.150 0.0000000000
99985  -53.583  12.780  30.213 0.0000000000
100752  -48.583  14.699  44.520 0.0000000000
100754  -48.462  14.348  43.828 0.0000000000
100792  -48.359  15.252  37.601 0.0000000000
100812  -47.237  15.302  35.525 0.0000000000
101559  -46.086  16.008  49.579 0.0000000000
101620  -48.638  14.653  44.282 0.0000000000
101625  -48.904  14.734  43.925 0.0000000000
101628  -49.468  15.510  42.224 0.0000000000
101643  -39.857  16.353  39.497 0.0000000000
101652  -39.629  16.427  39.335 0.0000000000
101758  -47.705  15.278  28.124 0.0000000000
102411  -42.267  16.062  49.336 0.0000000000
102437  -50.340  17.710  47.210 0.0000000000
102454  -48.820  17.442  43.977 0.0000000000
102474  -47.412  16.999  43.164 0.0000000000
102477  -39.644  17.516  41.129 0.0000000000
102528  -39.100  17.069  38.565 0.0000000000
102537  -50.055  17.200  38.710 0.0000000000
102605  -38.518  17.200  32.719 0.0000000000
102650  -52.312  16.095  28.019 0.0000000000
103305  -49.719  17.855  47.972 0.0000000000
103315  -49.309  16.993  48.247 0.0000000000
103322  -49.298  18.339  45.818 0.0000000000
103324  -50.523  17.768  46.194 0.0000000000
103348  -48.416  17.321  43.429 0.0000000000
103360  -38.893  18.128  40.809 0.0000000000
103397  -39.097  17.161  38.905 0.0000000000
103402  -49.999  17.698  37.677 0.0000000000
103416  -50.146  17.985  37.085 0.0000000000
103432  -50.132  17.853  36.208 0.0000000000
103433  -50.263  18.336  36.398 0.0000000000
103462  -49.645  18.326  35.462 0.0000000000
103482  -49.426  19.655  32.557 0.0000000000
103489  -40.107  18.073  31.756 0.0000000000
103494  -49.432  19.627  32.285 0.0000000000
103495  -49.326  19.260  32.261 0.0000000000
103517  -51.371  16.881  28.876 0.0000000000
103536  -50.272  17.057  27.719 0.0000000000
103538  -51.721  17.062  28.121 0.0000000000
104165  -50.300  18.321  46.286 0.0000000000
104182  -50.408  17.845  45.605 0.0000000000
104191  -42.681  18.684  43.742 0.0000000000
104203  -39.121  18.276  40.922 0.0000000000
104216  -39.290  18.836  40.868 0.0000000000
104228  -49.516  18.411  37.484 0.0000000000
104229  -49.723  18.097  37.652 0.0000000000
104230  -49.870  17.896  37.731 0.0000000000
104240  -49.443  18.904  37.195 0.0000000000
104254  -49.475  19.036  36.529 0.0000000000
104256  -50.232  18.615  36.896 0.0000000000
104272  -50.091  19.061  35.943 0.0000000000
104273  -50.375  18.910  36.362 0.0000000000
104280  -40.920  19.015  34.354 0.0000000000
104281  -41.498  18.774  34.313 0.0000000000
104311  -49.332  20.146  32.526 0.0000000000
104317  -39.854  18.654  31.772 0.0000000000
104325  -49.334  19.683  31.913 0.0000000000
104335  -49.042  19.749  31.530 0.0000000000
104974  -49.185  19.331  48.534 0.0000000000
104993  -49.470  19.044  47.792 0.0000000000
105008  -45.508  20.034  46.222 0.0000000000
105087  -37.027  19.017  34.937 0.0000000000
105134  -49.321  20.163  32.135 0.0000000000
105907  -40.324  20.470  32.985 0.0000000000
105919  -39.515  20.197  32.916 0.0000000000
105940  -48.124  20.551  30.306 0.0000000000
105960  -47.431  20.116  29.554 0.0000000000
105961  -47.817  19.869  29.525 0.0000000000
106717  -44.702  21.686  30.868 0.0000000000
106718  -45.618  21.842  30.560 0.0000000000
106719  -46.153  21.764  30.237 0.0000000000
