#!ascii label  , from subject 3353 vox2ras=TkReg
373
76957  -32.335  -10.579  -2.510 0.0000000000
83421  -30.046  -4.505  -2.768 0.0000000000
94866  -28.924  7.664  -0.732 0.0000000000
91132  -32.385  3.558  -1.130 0.0000000000
87430  -33.971  -0.950  -2.729 0.0000000000
82354  -35.321  -4.943  -1.815 0.0000000000
96814  -28.747  9.719  -0.624 0.0000000000
88362  -33.403  0.953  -1.766 0.0000000000
87412  -30.662  -0.865  -2.065 0.0000000000
80216  -31.277  -7.325  -2.555 0.0000000000
82376  -32.709  -5.244  -2.660 0.0000000000
80219  -33.446  -7.777  -2.770 0.0000000000
73940  -28.591  -13.905  0.452 0.0000000000
78063  -29.647  -9.639  -1.251 0.0000000000
101988  -29.115  15.815  0.270 0.0000000000
100274  -30.447  14.167  -0.008 0.0000000000
99462  -31.397  12.682  -1.283 0.0000000000
97715  -32.164  9.960  -2.146 0.0000000000
94890  -32.955  7.589  -2.741 0.0000000000
92981  -30.891  5.626  -0.193 0.0000000000
93025  -33.454  4.892  -3.933 0.0000000000
91174  -33.935  2.899  -4.554 0.0000000000
89320  -35.989  1.332  -5.114 0.0000000000
87433  -36.848  -1.360  -5.250 0.0000000000
85437  -32.157  -2.997  -2.313 0.0000000000
85440  -34.715  -2.727  -1.937 0.0000000000
87393  -30.208  -0.132  -1.730 0.0000000000
87410  -28.599  -0.604  -2.260 0.0000000000
79128  -32.047  -9.016  -2.515 0.0000000000
80218  -33.087  -7.963  -3.144 0.0000000000
78079  -33.047  -9.927  -2.964 0.0000000000
68874  -28.244  -18.766  2.135 0.0000000000
68913  -28.173  -17.649  0.759 0.0000000000
69928  -28.464  -16.908  0.425 0.0000000000
79125  -28.817  -8.623  -1.477 0.0000000000
79110  -28.218  -9.036  -1.116 0.0000000000
99444  -31.175  13.451  -0.832 0.0000000000
96801  -28.794  8.770  -0.557 0.0000000000
96803  -30.288  9.340  -0.327 0.0000000000
95857  -31.555  8.814  -0.815 0.0000000000
95868  -32.557  8.541  -2.157 0.0000000000
94870  -32.068  7.502  -0.897 0.0000000000
91116  -31.120  4.359  -0.558 0.0000000000
92995  -32.850  5.578  -1.519 0.0000000000
92057  -33.634  4.137  -2.414 0.0000000000
92078  -33.842  3.836  -4.467 0.0000000000
91147  -33.815  3.167  -2.382 0.0000000000
87415  -34.043  0.068  -2.517 0.0000000000
88376  -34.631  0.897  -2.791 0.0000000000
87416  -34.779  0.317  -2.993 0.0000000000
88411  -36.513  0.107  -6.683 0.0000000000
86469  -35.696  -1.679  -3.655 0.0000000000
84425  -28.876  -3.891  -3.135 0.0000000000
85455  -30.168  -2.911  -2.450 0.0000000000
84426  -30.706  -3.642  -2.515 0.0000000000
82378  -34.588  -5.413  -2.264 0.0000000000
83425  -33.917  -4.405  -2.042 0.0000000000
84406  -35.485  -3.558  -1.717 0.0000000000
84449  -36.311  -3.460  -2.977 0.0000000000
83427  -36.706  -4.051  -1.738 0.0000000000
72934  -29.437  -14.562  0.135 0.0000000000
74961  -28.953  -12.521  0.012 0.0000000000
73958  -30.373  -13.462  -0.376 0.0000000000
74970  -30.643  -12.648  -0.605 0.0000000000
90185  -30.732  2.565  -0.781 0.0000000000
90187  -32.667  2.543  -1.358 0.0000000000
88360  -31.721  0.672  -1.149 0.0000000000
87395  -32.275  -0.064  -1.631 0.0000000000
87414  -33.069  -0.895  -2.156 0.0000000000
81283  -30.615  -6.492  -2.926 0.0000000000
82375  -31.833  -5.238  -2.568 0.0000000000
81293  -31.969  -6.412  -2.847 0.0000000000
82394  -33.725  -6.134  -3.055 0.0000000000
81285  -34.671  -6.085  -2.150 0.0000000000
71934  -29.106  -15.301  0.297 0.0000000000
81281  -29.036  -6.018  -2.257 0.0000000000
81267  -29.428  -7.122  -2.278 0.0000000000
79126  -29.991  -8.549  -1.716 0.0000000000
78064  -30.888  -9.543  -1.505 0.0000000000
103732  -29.492  17.501  -0.685 0.0000000000
101134  -28.217  14.514  -0.121 0.0000000000
101148  -29.740  15.317  0.145 0.0000000000
101164  -31.588  14.709  -1.744 0.0000000000
100299  -31.829  13.589  -2.083 0.0000000000
99478  -32.071  12.307  -2.553 0.0000000000
98559  -30.219  11.011  -0.450 0.0000000000
97733  -31.817  10.921  -2.218 0.0000000000
97746  -31.884  10.614  -3.488 0.0000000000
96834  -32.141  9.685  -3.709 0.0000000000
95894  -32.196  8.480  -4.501 0.0000000000
93978  -31.886  6.800  -5.327 0.0000000000
93927  -30.145  6.537  -0.164 0.0000000000
93930  -32.451  6.612  -1.179 0.0000000000
93951  -33.232  6.775  -3.054 0.0000000000
93050  -32.615  5.405  -5.649 0.0000000000
93064  -32.931  4.072  -5.878 0.0000000000
90233  -35.035  2.123  -5.900 0.0000000000
90200  -33.966  2.360  -2.549 0.0000000000
89319  -35.094  1.678  -4.460 0.0000000000
86447  -29.149  -1.605  -2.412 0.0000000000
86449  -31.060  -1.710  -2.307 0.0000000000
86451  -33.511  -1.871  -2.447 0.0000000000
84428  -32.597  -3.597  -2.966 0.0000000000
85438  -32.986  -2.793  -2.491 0.0000000000
86468  -34.482  -1.667  -2.796 0.0000000000
85458  -36.190  -2.848  -3.668 0.0000000000
85459  -37.460  -2.745  -4.222 0.0000000000
76945  -29.596  -10.434  -0.775 0.0000000000
76946  -30.597  -10.797  -0.961 0.0000000000
75925  -31.453  -11.762  -1.597 0.0000000000
78078  -32.534  -9.835  -2.772 0.0000000000
79139  -32.704  -8.823  -2.907 0.0000000000
76958  -32.895  -10.751  -3.250 0.0000000000
78089  -33.284  -10.243  -3.018 0.0000000000
75936  -33.008  -11.273  -3.080 0.0000000000
68893  -27.658  -18.181  1.122 0.0000000000
69888  -28.873  -18.068  1.932 0.0000000000
95845  -29.162  8.276  -0.507 0.0000000000
95846  -29.959  8.362  -0.499 0.0000000000
95848  -31.662  8.157  -0.750 0.0000000000
94868  -30.498  7.472  -0.356 0.0000000000
91130  -30.255  3.479  -0.669 0.0000000000
91131  -31.324  3.744  -0.700 0.0000000000
92044  -32.964  4.406  -1.640 0.0000000000
91133  -33.172  3.385  -1.763 0.0000000000
87431  -35.170  -0.430  -3.317 0.0000000000
83440  -29.330  -4.091  -3.092 0.0000000000
84448  -29.839  -3.587  -2.813 0.0000000000
83426  -34.674  -4.732  -2.020 0.0000000000
83403  -35.957  -4.212  -1.443 0.0000000000
84407  -36.184  -3.799  -1.876 0.0000000000
83404  -36.855  -4.463  -1.357 0.0000000000
82355  -36.320  -5.186  -1.029 0.0000000000
72948  -30.094  -14.327  -0.333 0.0000000000
89281  -30.164  1.560  -1.067 0.0000000000
89282  -31.214  1.546  -0.837 0.0000000000
87394  -31.218  -0.093  -1.693 0.0000000000
87413  -31.746  -0.980  -1.883 0.0000000000
81292  -31.305  -6.471  -3.043 0.0000000000
80225  -31.710  -6.780  -2.710 0.0000000000
80228  -33.477  -7.210  -3.225 0.0000000000
80229  -33.913  -7.045  -2.860 0.0000000000
81284  -34.172  -6.303  -2.596 0.0000000000
80220  -33.930  -7.055  -2.219 0.0000000000
81268  -34.426  -6.481  -1.937 0.0000000000
80206  -33.545  -7.816  -1.842 0.0000000000
68873  -27.311  -18.971  1.631 0.0000000000
67869  -27.060  -19.773  2.276 0.0000000000
70920  -28.480  -15.856  0.429 0.0000000000
70921  -29.283  -16.179  0.245 0.0000000000
81282  -29.724  -6.508  -2.527 0.0000000000
102869  -28.460  16.293  0.119 0.0000000000
102879  -28.065  17.010  -0.017 0.0000000000
102880  -29.091  16.774  -0.039 0.0000000000
101999  -29.809  15.965  -0.143 0.0000000000
99428  -29.982  13.328  0.548 0.0000000000
100263  -29.125  13.917  0.678 0.0000000000
101136  -30.010  14.752  0.232 0.0000000000
101149  -30.406  15.087  -0.569 0.0000000000
101163  -30.995  15.174  -1.348 0.0000000000
101150  -31.029  14.559  -1.157 0.0000000000
100305  -31.835  13.420  -3.189 0.0000000000
97697  -29.662  10.312  -0.268 0.0000000000
96815  -31.740  9.499  -1.097 0.0000000000
97699  -31.314  10.318  -0.771 0.0000000000
97714  -31.747  10.421  -1.684 0.0000000000
97734  -32.106  10.465  -2.676 0.0000000000
96833  -31.818  10.273  -3.919 0.0000000000
95882  -32.553  8.573  -3.227 0.0000000000
94907  -32.671  7.586  -3.666 0.0000000000
95893  -31.839  7.877  -4.943 0.0000000000
92026  -30.287  4.912  -0.433 0.0000000000
92994  -29.130  5.600  -0.948 0.0000000000
93928  -31.061  6.599  0.075 0.0000000000
92982  -31.502  5.715  -0.084 0.0000000000
93009  -33.194  5.820  -2.474 0.0000000000
93024  -33.174  5.792  -3.453 0.0000000000
93038  -33.013  5.668  -4.503 0.0000000000
93063  -32.550  4.437  -6.207 0.0000000000
93039  -33.320  4.734  -4.999 0.0000000000
92079  -34.099  3.259  -4.187 0.0000000000
91185  -33.543  3.079  -5.818 0.0000000000
90232  -34.008  2.541  -5.436 0.0000000000
90243  -34.190  2.518  -6.274 0.0000000000
89284  -33.017  1.669  -1.558 0.0000000000
90188  -33.475  2.476  -1.834 0.0000000000
89295  -33.752  1.675  -2.004 0.0000000000
89311  -35.481  1.180  -4.158 0.0000000000
89310  -34.965  1.583  -3.463 0.0000000000
89329  -35.243  1.720  -5.267 0.0000000000
87447  -36.759  -0.846  -5.934 0.0000000000
86483  -37.638  -0.817  -5.503 0.0000000000
85436  -31.188  -2.757  -2.161 0.0000000000
86466  -30.428  -2.227  -2.399 0.0000000000
86450  -32.238  -2.004  -2.279 0.0000000000
83423  -32.219  -4.468  -2.565 0.0000000000
83424  -33.144  -4.419  -3.067 0.0000000000
84430  -34.136  -3.401  -1.944 0.0000000000
84429  -33.470  -3.529  -2.770 0.0000000000
85439  -33.931  -2.670  -2.421 0.0000000000
86452  -34.091  -2.140  -2.484 0.0000000000
85456  -34.431  -2.367  -2.511 0.0000000000
85457  -35.055  -2.520  -2.981 0.0000000000
84450  -37.227  -3.470  -3.441 0.0000000000
84451  -38.326  -3.180  -3.543 0.0000000000
74971  -31.211  -12.674  -1.076 0.0000000000
75924  -30.832  -11.960  -0.997 0.0000000000
88358  -29.664  0.605  -1.396 0.0000000000
87392  -29.353  -0.128  -1.813 0.0000000000
87411  -29.675  -0.817  -2.121 0.0000000000
79138  -31.943  -8.259  -2.504 0.0000000000
80217  -32.413  -7.737  -2.706 0.0000000000
79140  -33.264  -8.863  -3.038 0.0000000000
79141  -33.318  -8.621  -2.495 0.0000000000
78080  -33.242  -9.865  -2.598 0.0000000000
67870  -27.578  -19.289  2.170 0.0000000000
70903  -27.784  -16.187  0.788 0.0000000000
68914  -28.742  -17.584  0.720 0.0000000000
80202  -28.192  -7.629  -1.700 0.0000000000
78062  -28.765  -9.417  -1.103 0.0000000000
101987  -28.368  15.540  0.116 0.0000000000
99443  -30.797  13.226  -0.186 0.0000000000
99442  -29.990  12.358  -0.048 0.0000000000
99461  -30.854  12.187  -0.500 0.0000000000
98577  -30.672  11.516  -0.530 0.0000000000
96802  -29.236  9.262  -0.419 0.0000000000
96804  -31.118  9.443  -0.587 0.0000000000
96816  -32.258  9.436  -1.739 0.0000000000
95858  -32.140  8.520  -1.237 0.0000000000
94879  -32.489  7.559  -1.710 0.0000000000
92027  -31.056  4.917  -0.370 0.0000000000
92983  -32.072  5.714  -0.821 0.0000000000
92043  -32.076  4.673  -1.061 0.0000000000
92996  -33.462  5.043  -2.058 0.0000000000
93010  -33.681  5.054  -2.887 0.0000000000
92070  -33.997  4.242  -3.394 0.0000000000
92071  -34.166  3.475  -3.692 0.0000000000
87397  -33.624  0.544  -2.102 0.0000000000
88375  -33.987  0.956  -2.242 0.0000000000
88390  -35.223  0.696  -3.467 0.0000000000
88391  -35.742  0.419  -4.534 0.0000000000
87432  -36.227  -0.722  -4.999 0.0000000000
85454  -29.373  -2.948  -2.742 0.0000000000
84427  -31.708  -3.680  -2.345 0.0000000000
82377  -33.664  -5.387  -2.773 0.0000000000
83401  -34.301  -3.836  -1.631 0.0000000000
85421  -35.236  -3.078  -1.760 0.0000000000
85441  -35.524  -3.096  -2.507 0.0000000000
84431  -35.946  -3.543  -2.290 0.0000000000
84432  -36.874  -3.805  -2.459 0.0000000000
84433  -38.091  -3.741  -2.747 0.0000000000
83428  -37.650  -4.380  -1.963 0.0000000000
73941  -29.086  -14.167  0.352 0.0000000000
73956  -28.467  -13.120  0.383 0.0000000000
73957  -29.431  -13.581  0.194 0.0000000000
74962  -29.883  -12.617  -0.189 0.0000000000
75911  -30.219  -11.789  -0.536 0.0000000000
73966  -30.894  -13.370  -0.968 0.0000000000
90184  -29.720  2.598  -1.177 0.0000000000
90186  -31.797  2.574  -0.809 0.0000000000
89283  -32.171  1.615  -1.144 0.0000000000
88361  -32.642  0.814  -1.432 0.0000000000
88359  -30.673  0.593  -1.123 0.0000000000
87396  -33.190  0.211  -1.851 0.0000000000
82373  -30.244  -5.685  -2.811 0.0000000000
82374  -30.954  -5.275  -2.876 0.0000000000
82390  -30.868  -5.951  -3.352 0.0000000000
82392  -32.301  -5.866  -2.905 0.0000000000
80227  -32.842  -7.178  -3.216 0.0000000000
81295  -33.335  -6.573  -3.285 0.0000000000
82393  -33.068  -5.902  -3.140 0.0000000000
81269  -35.110  -5.988  -1.434 0.0000000000
72932  -28.148  -14.480  0.621 0.0000000000
71933  -28.504  -15.117  0.557 0.0000000000
72933  -28.817  -14.598  0.434 0.0000000000
71935  -29.922  -15.349  -0.454 0.0000000000
82372  -29.399  -5.424  -2.409 0.0000000000
80215  -30.421  -7.002  -2.663 0.0000000000
80203  -29.213  -7.679  -1.918 0.0000000000
80204  -30.264  -7.504  -2.184 0.0000000000
80205  -30.874  -7.740  -2.283 0.0000000000
79127  -31.116  -8.439  -2.181 0.0000000000
78065  -31.756  -9.677  -2.258 0.0000000000
101135  -29.209  14.874  0.423 0.0000000000
102000  -30.457  16.077  -0.488 0.0000000000
100288  -31.413  13.844  -1.265 0.0000000000
101176  -31.702  14.509  -2.744 0.0000000000
99486  -31.644  12.291  -3.664 0.0000000000
98578  -31.295  11.368  -0.960 0.0000000000
97698  -30.660  10.232  -0.282 0.0000000000
98560  -30.858  10.886  -0.594 0.0000000000
98594  -31.673  11.500  -1.886 0.0000000000
98595  -32.012  11.344  -2.545 0.0000000000
99487  -32.064  11.780  -3.167 0.0000000000
98604  -31.403  11.494  -4.314 0.0000000000
97745  -31.628  10.746  -4.085 0.0000000000
96859  -31.855  9.371  -5.153 0.0000000000
96824  -32.353  9.457  -2.586 0.0000000000
96848  -32.015  9.412  -4.786 0.0000000000
93938  -28.795  6.435  -1.226 0.0000000000
94867  -29.585  7.404  -0.548 0.0000000000
94869  -31.365  7.472  -0.460 0.0000000000
93940  -32.817  6.639  -2.114 0.0000000000
93952  -33.196  7.136  -3.208 0.0000000000
93966  -32.811  6.661  -3.961 0.0000000000
93989  -32.182  6.156  -5.611 0.0000000000
92090  -33.237  3.796  -5.419 0.0000000000
92102  -32.949  3.610  -6.266 0.0000000000
90258  -34.164  2.527  -7.076 0.0000000000
90259  -35.042  2.396  -7.564 0.0000000000
91148  -34.171  2.953  -3.128 0.0000000000
91161  -34.249  2.746  -3.952 0.0000000000
89296  -34.299  1.640  -2.681 0.0000000000
90212  -34.648  2.116  -3.990 0.0000000000
90224  -34.388  2.190  -4.806 0.0000000000
88400  -36.481  0.494  -6.018 0.0000000000
86448  -30.097  -1.570  -2.327 0.0000000000
86465  -29.660  -2.267  -2.493 0.0000000000
87429  -33.559  -1.306  -2.522 0.0000000000
83422  -31.264  -4.451  -2.647 0.0000000000
86470  -36.680  -1.823  -4.407 0.0000000000
86471  -37.565  -1.637  -4.714 0.0000000000
78044  -29.015  -9.988  -0.840 0.0000000000
76930  -29.782  -11.057  -0.479 0.0000000000
76947  -31.627  -10.581  -1.741 0.0000000000
75934  -32.124  -11.222  -2.115 0.0000000000
68894  -28.457  -18.043  1.231 0.0000000000
76964  -33.255  -10.495  -3.124 0.0000000000
76965  -33.403  -10.434  -2.923 0.0000000000
78090  -33.348  -10.290  -2.782 0.0000000000
80226  -32.190  -6.963  -2.679 0.0000000000
80238  -32.985  -6.968  -3.319 0.0000000000
80239  -33.233  -6.967  -3.324 0.0000000000
81294  -32.659  -6.545  -3.159 0.0000000000
81296  -33.924  -6.633  -3.061 0.0000000000
81307  -32.808  -6.810  -3.240 0.0000000000
81308  -33.029  -6.724  -3.319 0.0000000000
82391  -31.533  -5.855  -3.116 0.0000000000
83402  -34.857  -4.137  -1.616 0.0000000000
83441  -29.613  -3.945  -3.085 0.0000000000
84405  -34.751  -3.398  -1.619 0.0000000000
84447  -29.194  -3.563  -3.100 0.0000000000
85422  -35.541  -3.251  -1.981 0.0000000000
86467  -33.855  -1.454  -2.622 0.0000000000
86482  -37.168  -1.153  -5.561 0.0000000000
87446  -36.572  -0.210  -6.329 0.0000000000
90201  -34.438  2.282  -3.276 0.0000000000
90223  -33.893  2.621  -4.949 0.0000000000
90244  -35.051  1.934  -6.919 0.0000000000
91173  -33.561  3.026  -5.048 0.0000000000
92025  -29.514  4.785  -0.694 0.0000000000
92028  -31.606  5.117  -0.641 0.0000000000
92042  -31.437  4.555  -0.670 0.0000000000
92058  -34.082  3.624  -2.962 0.0000000000
92980  -29.813  5.644  -0.382 0.0000000000
93051  -32.997  4.497  -5.692 0.0000000000
93929  -31.789  6.603  -0.522 0.0000000000
93939  -29.381  6.450  -0.660 0.0000000000
93967  -33.048  7.121  -3.447 0.0000000000
93979  -32.529  6.391  -4.993 0.0000000000
94891  -33.215  7.284  -3.012 0.0000000000
94908  -33.065  7.380  -3.223 0.0000000000
94917  -32.173  7.316  -4.612 0.0000000000
95844  -28.525  8.271  -0.722 0.0000000000
95847  -30.929  8.432  -0.546 0.0000000000
97713  -28.993  10.064  -0.513 0.0000000000
98601  -31.714  11.350  -3.590 0.0000000000
98602  -32.115  11.211  -3.074 0.0000000000
99429  -30.371  13.712  0.307 0.0000000000
99479  -32.171  11.668  -2.839 0.0000000000
100264  -29.927  14.143  0.535 0.0000000000
100275  -30.959  14.069  -0.628 0.0000000000
102893  -30.633  16.669  -0.870 0.0000000000
