#!ascii label  , from subject 3353 vox2ras=TkReg
935
95366  39.611  8.532  49.145 0.0000000000
98485  47.845  11.175  40.869 0.0000000000
100517  46.302  13.403  39.411 0.0000000000
99651  47.429  12.425  29.016 0.0000000000
95428  39.692  8.000  43.653 0.0000000000
99469  45.554  12.129  45.689 0.0000000000
101562  48.313  15.040  34.190 0.0000000000
102438  38.698  15.858  33.645 0.0000000000
97412  48.155  11.234  48.363 0.0000000000
95404  43.904  9.102  45.902 0.0000000000
95442  44.132  8.714  38.560 0.0000000000
101524  40.851  13.808  36.156 0.0000000000
104053  42.738  18.147  32.024 0.0000000000
101463  51.399  14.087  41.832 0.0000000000
104032  48.270  17.737  33.270 0.0000000000
104010  38.414  17.476  34.810 0.0000000000
96406  44.242  9.306  49.701 0.0000000000
94370  42.417  7.439  48.450 0.0000000000
95433  42.236  8.756  40.828 0.0000000000
99520  43.741  12.394  41.512 0.0000000000
99547  40.821  12.521  39.790 0.0000000000
100547  43.708  13.149  37.336 0.0000000000
102421  42.129  15.426  34.101 0.0000000000
101538  45.184  14.759  35.005 0.0000000000
97443  48.130  11.161  44.335 0.0000000000
98444  50.399  12.276  44.916 0.0000000000
99515  50.093  12.239  41.634 0.0000000000
102463  48.254  15.729  29.865 0.0000000000
103233  49.647  17.205  34.311 0.0000000000
103293  47.191  16.531  29.390 0.0000000000
101592  45.160  14.872  29.991 0.0000000000
99653  45.260  12.576  29.476 0.0000000000
96561  44.037  9.481  32.762 0.0000000000
93398  38.243  6.812  48.392 0.0000000000
94384  40.675  6.714  47.112 0.0000000000
99504  46.934  12.754  42.218 0.0000000000
98512  46.683  11.226  36.628 0.0000000000
99566  48.723  12.548  37.424 0.0000000000
100587  46.866  12.880  34.191 0.0000000000
100620  48.459  13.959  30.490 0.0000000000
99390  47.699  13.103  51.296 0.0000000000
97365  45.523  11.047  51.112 0.0000000000
96444  45.721  9.835  46.934 0.0000000000
97446  46.041  10.273  43.363 0.0000000000
95421  41.424  8.662  44.334 0.0000000000
96465  44.168  9.746  41.875 0.0000000000
97466  45.564  10.292  39.384 0.0000000000
96496  45.587  9.566  36.576 0.0000000000
94385  36.113  7.703  47.920 0.0000000000
101494  39.235  14.594  38.967 0.0000000000
102391  39.760  16.116  36.725 0.0000000000
103239  40.460  16.711  34.633 0.0000000000
103266  40.495  16.834  32.400 0.0000000000
100614  41.644  13.966  32.077 0.0000000000
99430  48.975  12.763  48.558 0.0000000000
100467  49.621  13.369  44.671 0.0000000000
100504  48.734  13.810  40.361 0.0000000000
100542  50.717  14.488  37.858 0.0000000000
102373  50.461  15.688  37.545 0.0000000000
102387  47.327  15.633  36.046 0.0000000000
103250  45.560  16.543  33.072 0.0000000000
101594  43.072  14.584  30.247 0.0000000000
104001  36.965  17.273  35.617 0.0000000000
103210  38.532  16.881  36.195 0.0000000000
95356  42.005  8.778  50.350 0.0000000000
94358  40.924  7.233  49.319 0.0000000000
99532  44.979  12.943  40.281 0.0000000000
99544  43.958  12.592  39.457 0.0000000000
99553  44.986  12.941  38.597 0.0000000000
100561  44.508  13.911  36.183 0.0000000000
101509  45.697  14.342  36.939 0.0000000000
98475  47.643  11.109  42.758 0.0000000000
98474  48.688  11.464  42.498 0.0000000000
98484  48.545  11.664  40.427 0.0000000000
101611  48.112  14.343  28.790 0.0000000000
103291  48.351  16.686  29.474 0.0000000000
101612  47.364  14.542  28.727 0.0000000000
102481  46.407  15.114  28.672 0.0000000000
99652  46.380  12.596  29.336 0.0000000000
97564  45.876  10.576  31.089 0.0000000000
98573  46.694  11.595  30.224 0.0000000000
92491  38.650  5.777  47.371 0.0000000000
99493  44.593  12.521  43.520 0.0000000000
99478  46.774  12.669  44.369 0.0000000000
97498  46.627  10.573  34.958 0.0000000000
98527  47.221  11.478  35.108 0.0000000000
98538  46.210  11.599  33.687 0.0000000000
99635  48.800  13.313  30.608 0.0000000000
100618  49.605  13.514  29.931 0.0000000000
101588  49.116  13.912  30.022 0.0000000000
95377  44.042  8.567  47.857 0.0000000000
96420  44.758  9.168  48.533 0.0000000000
96445  44.633  9.569  46.445 0.0000000000
97434  46.063  10.441  45.269 0.0000000000
96452  45.296  9.974  44.817 0.0000000000
94404  40.208  7.344  45.184 0.0000000000
95407  40.980  7.820  46.315 0.0000000000
95427  40.527  8.604  43.510 0.0000000000
96485  42.972  9.057  40.019 0.0000000000
96473  42.453  9.219  41.513 0.0000000000
96479  43.548  9.381  40.461 0.0000000000
97462  44.627  10.016  40.712 0.0000000000
96482  44.988  9.771  38.854 0.0000000000
97474  45.571  10.147  37.627 0.0000000000
96491  44.608  9.221  37.688 0.0000000000
95489  46.164  8.262  34.960 0.0000000000
99571  41.463  12.687  37.992 0.0000000000
100520  39.007  13.707  39.959 0.0000000000
100551  39.799  13.579  37.895 0.0000000000
101512  39.585  14.571  37.727 0.0000000000
101525  40.250  14.334  36.579 0.0000000000
103208  39.959  16.454  35.576 0.0000000000
101543  40.427  15.057  35.829 0.0000000000
103253  42.435  16.887  33.377 0.0000000000
104037  41.475  17.424  33.298 0.0000000000
104068  41.252  17.281  32.046 0.0000000000
102445  40.855  15.440  32.110 0.0000000000
103278  41.762  16.801  31.597 0.0000000000
98384  48.332  12.178  49.685 0.0000000000
99408  47.853  12.990  50.090 0.0000000000
98405  49.460  11.861  48.754 0.0000000000
100477  51.365  13.356  42.975 0.0000000000
100470  50.700  13.126  44.841 0.0000000000
100485  50.765  14.039  42.714 0.0000000000
100487  48.944  13.507  42.039 0.0000000000
101465  50.587  14.279  41.377 0.0000000000
100574  48.647  13.955  35.646 0.0000000000
100544  49.333  13.275  37.312 0.0000000000
100573  49.505  14.572  35.793 0.0000000000
104792  49.789  18.320  33.505 0.0000000000
103204  50.320  16.502  35.933 0.0000000000
103220  48.950  17.062  34.953 0.0000000000
103194  49.133  16.081  37.000 0.0000000000
103235  47.860  17.210  34.117 0.0000000000
103236  46.665  16.256  34.142 0.0000000000
103249  46.889  17.001  33.006 0.0000000000
100633  43.958  13.505  29.686 0.0000000000
101593  44.181  14.747  30.145 0.0000000000
99639  42.917  13.079  30.310 0.0000000000
98577  41.742  11.907  30.223 0.0000000000
99447  45.985  12.551  47.791 0.0000000000
104026  36.912  17.191  34.725 0.0000000000
104041  38.064  17.167  33.809 0.0000000000
97375  43.647  10.054  51.255 0.0000000000
96400  42.549  9.204  50.503 0.0000000000
95362  43.314  8.453  49.256 0.0000000000
95390  42.927  8.249  47.380 0.0000000000
95435  40.690  8.665  41.541 0.0000000000
99535  41.680  12.400  40.704 0.0000000000
99556  42.091  12.470  38.746 0.0000000000
100548  42.564  12.931  37.128 0.0000000000
101542  41.100  14.469  35.413 0.0000000000
100578  43.045  13.861  35.745 0.0000000000
101552  43.624  14.767  34.459 0.0000000000
102433  44.109  16.225  33.275 0.0000000000
98446  48.673  11.253  45.977 0.0000000000
98436  49.791  11.783  46.490 0.0000000000
98456  49.709  11.651  44.320 0.0000000000
98465  50.251  12.257  42.879 0.0000000000
99513  51.142  13.475  41.287 0.0000000000
103272  47.858  16.273  31.743 0.0000000000
102429  48.732  16.522  33.571 0.0000000000
103271  48.328  16.921  31.274 0.0000000000
104827  48.586  17.965  31.377 0.0000000000
104829  47.896  18.315  31.007 0.0000000000
103273  46.446  17.756  30.744 0.0000000000
102465  46.419  16.195  29.787 0.0000000000
101615  44.904  13.927  28.867 0.0000000000
98592  44.522  11.983  29.800 0.0000000000
96559  45.106  9.062  32.347 0.0000000000
94360  39.107  7.776  49.038 0.0000000000
94372  40.282  6.886  48.823 0.0000000000
92476  39.467  5.956  48.015 0.0000000000
93425  39.501  6.624  45.853 0.0000000000
93441  39.011  6.708  44.236 0.0000000000
99507  43.613  12.411  42.577 0.0000000000
99519  44.850  12.594  41.372 0.0000000000
100497  46.429  13.018  40.901 0.0000000000
98494  46.862  11.113  38.719 0.0000000000
98488  48.644  11.875  39.265 0.0000000000
98511  47.400  11.703  36.934 0.0000000000
99592  47.697  12.566  35.533 0.0000000000
100596  47.050  13.991  33.817 0.0000000000
99617  46.949  12.427  32.212 0.0000000000
100604  46.673  13.370  32.189 0.0000000000
101581  47.019  14.584  31.685 0.0000000000
101589  48.700  14.556  30.064 0.0000000000
101600  48.559  14.578  29.380 0.0000000000
99650  48.417  12.643  29.279 0.0000000000
98572  47.432  10.901  30.132 0.0000000000
98353  46.752  12.211  51.537 0.0000000000
97382  46.987  10.871  49.664 0.0000000000
96398  44.670  9.877  50.928 0.0000000000
97396  46.435  10.282  48.878 0.0000000000
97413  47.010  10.337  48.059 0.0000000000
97433  46.942  10.619  45.764 0.0000000000
97445  46.808  10.573  43.753 0.0000000000
97455  46.663  10.835  41.922 0.0000000000
93406  41.265  6.750  48.000 0.0000000000
95406  41.921  8.227  46.632 0.0000000000
95413  43.250  9.126  45.125 0.0000000000
96468  41.535  9.279  42.751 0.0000000000
96455  42.646  9.454  43.992 0.0000000000
96454  43.489  9.580  44.197 0.0000000000
97452  44.993  10.182  42.242 0.0000000000
97456  45.671  10.429  41.551 0.0000000000
97465  46.406  10.704  39.902 0.0000000000
97473  46.199  10.687  38.071 0.0000000000
97481  46.071  10.479  36.959 0.0000000000
96503  46.230  9.624  35.402 0.0000000000
95460  45.366  8.861  36.085 0.0000000000
95468  46.325  8.874  34.973 0.0000000000
95381  37.664  8.695  48.153 0.0000000000
94375  36.862  7.624  48.135 0.0000000000
93410  35.175  6.580  47.745 0.0000000000
101472  39.327  14.484  40.556 0.0000000000
102361  40.033  16.004  39.047 0.0000000000
103209  39.444  16.696  36.071 0.0000000000
104009  38.929  17.343  34.578 0.0000000000
104040  38.849  17.228  33.648 0.0000000000
102422  41.272  15.861  34.297 0.0000000000
104022  40.365  17.360  33.928 0.0000000000
102437  39.228  16.073  33.297 0.0000000000
99445  48.025  12.559  47.676 0.0000000000
99442  50.215  12.765  47.014 0.0000000000
99456  49.298  13.082  46.319 0.0000000000
99467  47.969  12.678  45.318 0.0000000000
99490  47.865  12.802  43.111 0.0000000000
99516  47.780  13.258  41.370 0.0000000000
100516  47.249  13.594  39.593 0.0000000000
99541  49.194  12.300  39.175 0.0000000000
99539  50.502  13.419  39.665 0.0000000000
100523  51.363  14.354  39.280 0.0000000000
102401  49.697  16.097  35.138 0.0000000000
101519  50.551  15.315  37.141 0.0000000000
102339  51.062  15.062  39.633 0.0000000000
101489  49.652  14.773  39.056 0.0000000000
101506  48.357  14.848  37.942 0.0000000000
101492  46.725  14.278  38.020 0.0000000000
102388  46.376  15.294  35.841 0.0000000000
102418  45.211  15.637  34.024 0.0000000000
104051  44.077  18.170  32.047 0.0000000000
102454  45.304  16.141  31.023 0.0000000000
102455  44.200  16.351  31.286 0.0000000000
103287  43.033  17.791  30.579 0.0000000000
100613  41.946  14.176  31.320 0.0000000000
97511  43.461  9.732  32.671 0.0000000000
103211  37.435  16.923  36.088 0.0000000000
103196  38.414  16.410  36.917 0.0000000000
96410  40.133  9.435  49.348 0.0000000000
95365  40.514  8.383  49.445 0.0000000000
100518  45.594  13.103  39.243 0.0000000000
99542  45.273  12.811  39.029 0.0000000000
99552  45.401  13.092  38.793 0.0000000000
100545  45.523  14.022  37.549 0.0000000000
100529  45.648  13.635  38.346 0.0000000000
98480  47.747  11.385  41.806 0.0000000000
98479  48.731  11.442  41.456 0.0000000000
99661  47.879  13.108  28.742 0.0000000000
100639  47.716  13.769  28.537 0.0000000000
99662  47.160  13.101  28.685 0.0000000000
99663  46.630  13.223  28.777 0.0000000000
98590  47.051  12.045  29.495 0.0000000000
98449  45.460  11.880  46.370 0.0000000000
99479  45.640  12.429  44.494 0.0000000000
99468  46.797  12.510  45.513 0.0000000000
98528  46.507  11.488  34.358 0.0000000000
97528  46.722  11.009  33.340 0.0000000000
99633  50.538  12.850  29.963 0.0000000000
99648  50.092  12.483  29.604 0.0000000000
101566  39.000  15.485  33.497 0.0000000000
95389  43.613  9.394  47.048 0.0000000000
96432  44.736  9.432  47.519 0.0000000000
96449  44.516  9.576  45.372 0.0000000000
95423  39.664  7.689  44.194 0.0000000000
95422  40.376  7.923  44.574 0.0000000000
95443  43.664  8.527  39.002 0.0000000000
96484  43.662  8.964  39.740 0.0000000000
96483  44.409  9.137  39.219 0.0000000000
96478  44.398  9.602  40.173 0.0000000000
96487  44.946  9.830  38.007 0.0000000000
96488  44.523  9.249  38.367 0.0000000000
100550  40.538  13.258  37.558 0.0000000000
101511  39.837  13.830  37.324 0.0000000000
104036  42.506  17.588  32.801 0.0000000000
104054  41.799  17.699  32.418 0.0000000000
104067  42.169  17.612  31.727 0.0000000000
97394  48.129  11.452  49.185 0.0000000000
98425  49.000  11.523  48.557 0.0000000000
101458  51.429  13.816  42.349 0.0000000000
100478  51.021  13.479  43.551 0.0000000000
101459  51.271  14.021  42.674 0.0000000000
100493  50.519  14.044  41.974 0.0000000000
101469  50.909  14.608  40.895 0.0000000000
100585  48.238  14.177  34.904 0.0000000000
101549  48.664  14.798  34.877 0.0000000000
104800  48.671  18.298  33.240 0.0000000000
104008  49.491  17.465  34.600 0.0000000000
103234  48.652  17.526  34.347 0.0000000000
104033  47.554  17.405  32.950 0.0000000000
98593  43.622  11.777  29.816 0.0000000000
99655  43.248  12.615  30.097 0.0000000000
98594  42.499  11.563  29.826 0.0000000000
104011  37.513  17.423  35.236 0.0000000000
104025  37.698  17.444  34.321 0.0000000000
98371  42.014  11.019  51.017 0.0000000000
97377  42.110  10.064  50.545 0.0000000000
94356  42.321  7.407  49.126 0.0000000000
95363  42.527  8.091  49.746 0.0000000000
95379  42.782  7.856  48.989 0.0000000000
95378  43.186  8.088  48.347 0.0000000000
94369  42.614  7.759  47.909 0.0000000000
99521  42.630  12.407  41.642 0.0000000000
99534  42.775  12.353  40.593 0.0000000000
99554  44.029  12.848  38.461 0.0000000000
99555  43.099  12.550  38.666 0.0000000000
99569  43.253  12.774  37.881 0.0000000000
99570  42.338  12.672  37.926 0.0000000000
100563  42.830  13.444  36.447 0.0000000000
101523  44.876  14.256  35.726 0.0000000000
101539  44.276  14.351  35.131 0.0000000000
101551  44.486  14.902  34.459 0.0000000000
102419  43.937  15.538  34.007 0.0000000000
98458  48.034  11.219  45.124 0.0000000000
98457  48.685  11.447  44.785 0.0000000000
98473  49.695  11.801  42.146 0.0000000000
98466  49.613  11.745  43.230 0.0000000000
99501  50.123  12.167  42.119 0.0000000000
99500  50.653  12.524  42.301 0.0000000000
99514  50.640  12.847  41.403 0.0000000000
102452  48.140  16.122  30.762 0.0000000000
103283  48.359  16.751  30.215 0.0000000000
103292  48.028  16.733  29.038 0.0000000000
104082  48.286  17.394  29.595 0.0000000000
104073  48.088  18.003  30.195 0.0000000000
104828  48.412  18.066  31.111 0.0000000000
104083  47.691  17.572  29.447 0.0000000000
103284  46.753  17.340  29.833 0.0000000000
100631  45.639  13.073  29.166 0.0000000000
101614  45.542  14.425  28.753 0.0000000000
100642  45.194  13.447  28.935 0.0000000000
99665  44.838  13.158  29.200 0.0000000000
98591  45.181  12.015  29.945 0.0000000000
97548  45.496  9.996  31.544 0.0000000000
93385  38.808  7.147  48.997 0.0000000000
93397  39.355  6.559  48.761 0.0000000000
92477  38.521  5.974  48.086 0.0000000000
92506  39.315  6.188  46.631 0.0000000000
93426  38.946  6.295  45.592 0.0000000000
93433  39.242  6.705  45.096 0.0000000000
99492  45.714  12.579  43.405 0.0000000000
99506  44.711  12.541  42.454 0.0000000000
99505  45.821  12.679  42.327 0.0000000000
99518  45.942  12.983  41.229 0.0000000000
98500  46.969  11.237  37.648 0.0000000000
98493  47.751  11.500  38.523 0.0000000000
99598  47.050  12.345  34.661 0.0000000000
100586  47.505  13.607  34.653 0.0000000000
100597  46.586  13.310  33.398 0.0000000000
98548  47.692  11.502  32.017 0.0000000000
98561  47.919  12.061  31.615 0.0000000000
99636  48.178  13.477  30.722 0.0000000000
99626  47.055  12.991  31.703 0.0000000000
100611  47.749  13.853  31.049 0.0000000000
101582  46.754  13.925  31.965 0.0000000000
101590  47.834  14.662  30.695 0.0000000000
99649  49.312  12.467  29.507 0.0000000000
100629  49.209  13.418  29.475 0.0000000000
97580  48.055  10.555  29.711 0.0000000000
98354  45.728  11.791  51.762 0.0000000000
99372  45.755  12.400  52.279 0.0000000000
98369  46.277  11.400  51.096 0.0000000000
97372  46.624  11.098  50.401 0.0000000000
96399  43.622  9.565  50.770 0.0000000000
96394  44.059  9.976  51.281 0.0000000000
96431  45.783  9.819  48.145 0.0000000000
96419  45.477  9.703  49.252 0.0000000000
96430  46.358  10.122  48.031 0.0000000000
97414  46.386  10.149  48.283 0.0000000000
96443  46.330  10.087  47.620 0.0000000000
97427  46.814  10.339  46.897 0.0000000000
97428  46.178  10.223  46.132 0.0000000000
97440  46.081  10.287  44.288 0.0000000000
97450  46.814  10.612  42.848 0.0000000000
97451  45.917  10.396  42.491 0.0000000000
93407  40.520  6.450  47.547 0.0000000000
94383  41.111  6.934  47.316 0.0000000000
95415  41.150  8.337  45.554 0.0000000000
95414  42.218  8.639  45.405 0.0000000000
95434  41.635  8.738  41.172 0.0000000000
96475  40.935  9.178  42.318 0.0000000000
96474  41.538  9.268  41.904 0.0000000000
96466  43.286  9.503  42.269 0.0000000000
96467  42.327  9.404  42.494 0.0000000000
96460  43.005  9.621  43.250 0.0000000000
96459  44.238  9.852  43.146 0.0000000000
97461  45.304  10.313  40.436 0.0000000000
97457  44.777  10.158  41.294 0.0000000000
97460  46.413  10.635  40.934 0.0000000000
97468  46.168  10.779  38.989 0.0000000000
97482  45.596  9.923  37.087 0.0000000000
96495  46.047  9.918  36.158 0.0000000000
95470  45.251  8.272  35.827 0.0000000000
95488  46.733  8.412  34.480 0.0000000000
96423  37.509  9.624  47.857 0.0000000000
95393  36.718  8.609  47.847 0.0000000000
93400  36.411  6.821  47.910 0.0000000000
101479  38.992  14.628  39.854 0.0000000000
100521  38.743  14.000  40.163 0.0000000000
102325  40.428  15.731  40.366 0.0000000000
102326  39.652  15.281  40.124 0.0000000000
102342  40.219  15.858  39.645 0.0000000000
102343  39.490  15.432  39.329 0.0000000000
102378  39.594  15.869  37.408 0.0000000000
103195  39.218  16.487  36.830 0.0000000000
103223  39.966  16.565  35.051 0.0000000000
103224  39.351  17.104  35.109 0.0000000000
103240  39.816  16.939  34.777 0.0000000000
104023  39.494  17.272  34.283 0.0000000000
101554  41.726  14.854  34.568 0.0000000000
101555  41.244  15.126  34.762 0.0000000000
102436  41.805  15.889  33.801 0.0000000000
104055  40.877  17.482  32.691 0.0000000000
104021  40.856  17.363  33.653 0.0000000000
104056  40.017  17.215  32.851 0.0000000000
103267  39.749  16.501  32.677 0.0000000000
102447  39.658  15.706  32.763 0.0000000000
102446  40.252  15.838  32.182 0.0000000000
101573  41.241  14.811  32.126 0.0000000000
99391  47.307  13.375  50.944 0.0000000000
99407  48.802  12.636  49.312 0.0000000000
99431  47.991  12.592  48.810 0.0000000000
99446  46.992  12.563  47.803 0.0000000000
98435  50.471  12.228  45.955 0.0000000000
98422  50.239  12.312  46.826 0.0000000000
99454  50.648  12.773  46.329 0.0000000000
100466  50.323  13.398  45.296 0.0000000000
100460  50.219  13.368  46.229 0.0000000000
100461  49.723  13.389  45.555 0.0000000000
99466  48.925  12.973  45.007 0.0000000000
99477  47.866  12.723  44.164 0.0000000000
99476  48.741  13.081  43.962 0.0000000000
100495  48.878  13.628  41.199 0.0000000000
100488  48.297  13.477  41.598 0.0000000000
100496  48.200  13.427  40.994 0.0000000000
99529  47.788  13.280  40.937 0.0000000000
100515  48.238  13.896  39.490 0.0000000000
98492  48.426  12.014  38.194 0.0000000000
99551  49.061  12.406  38.595 0.0000000000
100543  50.106  13.818  37.473 0.0000000000
100525  50.215  13.455  38.527 0.0000000000
100513  51.059  13.803  39.644 0.0000000000
100524  50.908  14.154  38.556 0.0000000000
102415  49.054  16.431  34.100 0.0000000000
103192  50.227  16.288  36.563 0.0000000000
102385  50.455  15.947  36.559 0.0000000000
101503  51.296  15.161  38.688 0.0000000000
102358  50.708  15.511  38.636 0.0000000000
102340  50.700  15.159  39.362 0.0000000000
102359  49.816  15.345  38.370 0.0000000000
102386  48.034  15.720  36.453 0.0000000000
102360  48.962  15.369  38.023 0.0000000000
101491  47.750  14.252  38.384 0.0000000000
102376  47.470  15.274  36.846 0.0000000000
101508  46.614  14.746  37.191 0.0000000000
102377  46.771  15.200  36.530 0.0000000000
103237  45.869  16.081  33.878 0.0000000000
102432  44.777  16.416  33.247 0.0000000000
103265  44.614  17.103  32.114 0.0000000000
103285  45.980  16.796  30.401 0.0000000000
103274  45.835  16.970  31.398 0.0000000000
102468  43.795  15.494  30.727 0.0000000000
102456  43.394  16.386  31.220 0.0000000000
102469  43.269  15.350  31.177 0.0000000000
102457  42.470  15.911  31.431 0.0000000000
101583  42.569  14.729  31.167 0.0000000000
98595  41.432  11.230  29.794 0.0000000000
99641  41.243  12.638  30.818 0.0000000000
97530  44.017  9.856  32.339 0.0000000000
97510  43.788  9.588  32.719 0.0000000000
103226  37.999  17.171  35.756 0.0000000000
96401  41.747  9.248  50.316 0.0000000000
96409  41.036  9.311  49.776 0.0000000000
95364  41.596  8.356  49.865 0.0000000000
93381  41.982  7.110  49.167 0.0000000000
99533  43.871  12.478  40.463 0.0000000000
100531  43.980  13.068  37.937 0.0000000000
100562  43.826  13.595  36.409 0.0000000000
100546  44.806  13.774  37.168 0.0000000000
101510  45.115  14.148  36.403 0.0000000000
101522  45.609  14.667  35.978 0.0000000000
98468  47.796  10.956  43.433 0.0000000000
98467  48.498  11.310  43.663 0.0000000000
98478  49.440  11.857  41.068 0.0000000000
102473  48.166  15.813  29.196 0.0000000000
101601  47.844  14.937  29.168 0.0000000000
102474  47.334  15.568  28.987 0.0000000000
101613  46.539  14.411  28.621 0.0000000000
100641  46.112  13.567  28.841 0.0000000000
99638  45.740  12.329  29.991 0.0000000000
98574  45.597  11.718  30.460 0.0000000000
99637  46.149  12.209  30.166 0.0000000000
96589  45.841  9.673  31.390 0.0000000000
92478  37.535  6.024  48.024 0.0000000000
92492  37.730  5.666  47.506 0.0000000000
99480  44.474  12.411  44.535 0.0000000000
99491  46.825  12.671  43.264 0.0000000000
98521  46.755  11.150  36.177 0.0000000000
98520  47.141  11.572  36.054 0.0000000000
97497  46.871  11.058  35.583 0.0000000000
99599  46.150  12.346  34.024 0.0000000000
99624  49.095  12.619  30.795 0.0000000000
99634  49.781  13.085  30.358 0.0000000000
100619  49.153  13.774  30.188 0.0000000000
100628  49.675  12.913  29.575 0.0000000000
97366  44.860  10.797  51.390 0.0000000000
95361  43.993  8.589  48.705 0.0000000000
96448  45.438  9.836  45.808 0.0000000000
96458  45.251  9.994  43.830 0.0000000000
94399  40.244  7.320  45.866 0.0000000000
94396  40.566  7.098  46.621 0.0000000000
95416  40.612  7.688  45.593 0.0000000000
95438  42.409  8.677  40.187 0.0000000000
96480  42.804  9.165  40.688 0.0000000000
96472  43.394  9.487  41.289 0.0000000000
96471  44.149  9.736  40.967 0.0000000000
96477  44.973  9.778  39.628 0.0000000000
97469  45.575  10.265  38.488 0.0000000000
96490  45.121  9.490  37.213 0.0000000000
94497  45.853  7.961  35.165 0.0000000000
94495  47.355  7.435  34.206 0.0000000000
99557  40.947  12.546  38.690 0.0000000000
99548  39.853  12.810  39.859 0.0000000000
100532  40.147  13.069  38.375 0.0000000000
100533  39.586  13.537  38.802 0.0000000000
101526  39.937  15.375  36.950 0.0000000000
102390  40.180  15.768  36.212 0.0000000000
102407  40.451  15.793  35.286 0.0000000000
102435  42.339  15.975  33.596 0.0000000000
103254  41.706  16.543  33.687 0.0000000000
103279  40.966  16.430  31.980 0.0000000000
102458  41.385  15.754  31.771 0.0000000000
101584  41.830  14.901  31.596 0.0000000000
98367  47.618  12.529  50.599 0.0000000000
98383  49.213  12.254  49.204 0.0000000000
99406  49.324  12.560  48.905 0.0000000000
99475  50.878  12.796  44.359 0.0000000000
99465  50.780  12.792  45.435 0.0000000000
100471  50.324  13.439  44.278 0.0000000000
100479  50.219  13.473  43.265 0.0000000000
100472  49.481  13.368  43.713 0.0000000000
100486  49.967  13.634  42.380 0.0000000000
100494  49.817  13.810  41.450 0.0000000000
100503  49.416  13.921  40.737 0.0000000000
99582  48.498  12.890  36.193 0.0000000000
100560  49.198  13.431  36.721 0.0000000000
100559  49.688  14.279  36.373 0.0000000000
104017  50.133  18.117  33.375 0.0000000000
103219  49.954  17.153  35.063 0.0000000000
103205  49.754  16.686  35.973 0.0000000000
103193  49.710  16.267  36.844 0.0000000000
103206  48.704  16.369  36.305 0.0000000000
103221  47.594  16.426  35.340 0.0000000000
103222  46.824  16.045  34.971 0.0000000000
103264  45.958  17.171  32.209 0.0000000000
101603  44.649  14.274  29.401 0.0000000000
102467  44.676  15.530  30.535 0.0000000000
101604  43.590  14.166  29.745 0.0000000000
101605  43.004  14.097  29.791 0.0000000000
100635  42.704  13.902  30.010 0.0000000000
100622  42.264  13.709  30.654 0.0000000000
99640  42.386  12.686  30.355 0.0000000000
98576  42.322  12.040  30.165 0.0000000000
99459  46.070  12.177  46.886 0.0000000000
104012  36.594  17.298  35.372 0.0000000000
103241  37.950  16.708  33.838 0.0000000000
103256  38.482  16.692  33.632 0.0000000000
97376  42.988  10.274  51.090 0.0000000000
96407  43.122  8.880  50.037 0.0000000000
95431  39.789  8.266  42.779 0.0000000000
95436  40.034  8.311  42.034 0.0000000000
95440  41.073  8.378  40.765 0.0000000000
95439  41.705  8.373  40.409 0.0000000000
95445  42.053  8.244  39.831 0.0000000000
95444  42.764  8.425  39.412 0.0000000000
95447  44.225  8.690  37.907 0.0000000000
99546  41.855  12.361  39.676 0.0000000000
99545  42.945  12.295  39.582 0.0000000000
100549  41.576  13.126  37.304 0.0000000000
100564  41.674  13.523  36.383 0.0000000000
100579  42.145  13.740  35.729 0.0000000000
101541  42.276  14.073  34.988 0.0000000000
101553  42.667  14.678  34.423 0.0000000000
100577  43.894  14.002  35.720 0.0000000000
101540  43.312  14.165  35.012 0.0000000000
102420  42.981  15.357  33.940 0.0000000000
102434  43.181  16.134  33.466 0.0000000000
103252  43.324  17.066  33.112 0.0000000000
104035  43.331  17.727  32.450 0.0000000000
97431  48.424  10.971  46.892 0.0000000000
97425  48.590  11.265  47.649 0.0000000000
98445  49.711  11.743  45.425 0.0000000000
98455  50.527  12.143  43.861 0.0000000000
99488  51.010  12.784  43.273 0.0000000000
99487  51.301  12.962  42.633 0.0000000000
100492  51.409  13.636  41.837 0.0000000000
102431  47.843  15.043  32.971 0.0000000000
102430  48.306  15.813  33.389 0.0000000000
102441  48.040  16.092  32.660 0.0000000000
103261  48.458  16.795  32.546 0.0000000000
103260  49.018  17.396  32.819 0.0000000000
104061  48.694  17.721  31.957 0.0000000000
104046  49.664  17.775  32.633 0.0000000000
104806  49.729  18.179  32.672 0.0000000000
104818  48.504  18.220  31.768 0.0000000000
104819  47.859  18.215  31.824 0.0000000000
104049  47.338  17.715  32.286 0.0000000000
104062  47.117  18.288  31.290 0.0000000000
101591  45.545  15.239  29.648 0.0000000000
102482  45.813  15.289  28.800 0.0000000000
102476  45.817  15.575  29.321 0.0000000000
101602  45.354  15.021  29.189 0.0000000000
100643  44.677  13.525  29.263 0.0000000000
99654  44.416  12.761  29.585 0.0000000000
97581  44.009  11.231  29.928 0.0000000000
97529  44.592  9.788  32.280 0.0000000000
97549  44.915  10.267  31.894 0.0000000000
96560  44.527  9.286  32.590 0.0000000000
94359  39.872  7.535  48.939 0.0000000000
93384  39.234  7.167  49.108 0.0000000000
92475  40.055  6.030  47.775 0.0000000000
92489  40.051  6.155  47.457 0.0000000000
92490  39.530  6.032  47.224 0.0000000000
93419  39.806  6.514  46.628 0.0000000000
94400  39.777  7.050  45.467 0.0000000000
94405  39.587  7.302  44.680 0.0000000000
94411  39.290  7.325  43.821 0.0000000000
99508  42.528  12.367  42.721 0.0000000000
99531  45.670  13.084  40.569 0.0000000000
98489  47.483  11.237  39.706 0.0000000000
98499  48.000  11.788  37.635 0.0000000000
99567  48.049  11.990  37.109 0.0000000000
99583  47.964  12.143  36.510 0.0000000000
99591  48.297  13.113  35.630 0.0000000000
101563  47.632  14.611  33.706 0.0000000000
98549  46.761  11.499  32.859 0.0000000000
99610  46.213  12.238  33.236 0.0000000000
99625  47.791  12.751  31.151 0.0000000000
101572  46.732  14.068  32.558 0.0000000000
101564  46.914  14.194  33.271 0.0000000000
101571  47.219  14.710  32.766 0.0000000000
102442  47.531  15.597  32.379 0.0000000000
102453  47.592  15.508  31.231 0.0000000000
102464  48.094  15.365  30.446 0.0000000000
100630  48.452  13.695  28.872 0.0000000000
98589  47.698  11.685  29.656 0.0000000000
97562  47.455  10.118  30.022 0.0000000000
99370  47.207  12.811  51.697 0.0000000000
98368  47.071  11.913  50.880 0.0000000000
97381  47.659  11.428  49.535 0.0000000000
97395  47.331  10.989  48.910 0.0000000000
97367  43.846  10.683  51.683 0.0000000000
96393  44.371  10.259  51.356 0.0000000000
96397  45.205  10.161  50.699 0.0000000000
96405  45.282  9.884  50.241 0.0000000000
97383  46.045  10.431  49.815 0.0000000000
97426  47.807  10.717  47.367 0.0000000000
98447  47.714  10.853  45.581 0.0000000000
98459  47.470  11.108  45.091 0.0000000000
97439  46.926  10.864  44.753 0.0000000000
97444  47.635  10.848  43.979 0.0000000000
97449  47.359  10.746  43.345 0.0000000000
98481  47.211  11.230  42.127 0.0000000000
97459  47.217  10.887  41.300 0.0000000000
93383  41.037  6.628  49.013 0.0000000000
93395  41.391  6.743  48.655 0.0000000000
93405  41.889  6.935  48.318 0.0000000000
94395  41.457  7.475  46.949 0.0000000000
94394  41.891  7.742  47.203 0.0000000000
94381  42.419  7.843  47.651 0.0000000000
95405  42.974  8.780  46.263 0.0000000000
95430  40.434  8.729  42.523 0.0000000000
96463  41.006  8.854  43.420 0.0000000000
96462  41.456  9.013  43.495 0.0000000000
96461  42.163  9.331  43.326 0.0000000000
96456  41.994  9.180  43.972 0.0000000000
95419  42.973  9.284  44.469 0.0000000000
96450  43.892  9.587  44.921 0.0000000000
96453  44.467  9.710  44.376 0.0000000000
97447  45.231  10.361  43.050 0.0000000000
97464  47.145  10.760  40.538 0.0000000000
98490  46.739  10.946  39.331 0.0000000000
97491  46.549  10.606  35.987 0.0000000000
97509  46.647  10.477  33.840 0.0000000000
95454  44.592  8.511  37.093 0.0000000000
95453  45.173  8.928  36.673 0.0000000000
95469  45.706  8.618  35.399 0.0000000000
96504  45.710  9.366  35.871 0.0000000000
96516  46.595  9.496  34.481 0.0000000000
96411  39.304  9.501  48.887 0.0000000000
95367  38.911  8.634  48.830 0.0000000000
94373  38.471  7.927  48.472 0.0000000000
95392  37.204  9.121  47.856 0.0000000000
94374  37.638  7.664  48.214 0.0000000000
93399  37.241  6.818  48.086 0.0000000000
94386  35.310  7.630  47.743 0.0000000000
93401  35.906  6.428  47.860 0.0000000000
92494  35.908  5.808  47.797 0.0000000000
103172  40.382  16.579  39.414 0.0000000000
102362  39.564  15.714  38.397 0.0000000000
103182  39.922  16.599  38.765 0.0000000000
103225  38.555  17.272  35.556 0.0000000000
104024  38.532  17.386  34.185 0.0000000000
102406  40.947  15.425  34.881 0.0000000000
103238  41.079  17.052  34.025 0.0000000000
104039  39.685  17.347  33.437 0.0000000000
103255  39.181  17.001  33.039 0.0000000000
101565  39.372  15.065  33.284 0.0000000000
101574  40.556  14.856  32.392 0.0000000000
99458  46.910  12.408  46.687 0.0000000000
98424  49.399  11.556  48.063 0.0000000000
98404  49.912  12.102  48.170 0.0000000000
99429  49.593  12.506  48.178 0.0000000000
100459  50.505  13.097  46.590 0.0000000000
100451  50.280  13.002  46.982 0.0000000000
99444  49.061  12.637  47.459 0.0000000000
99457  48.018  12.638  46.513 0.0000000000
99489  48.667  13.131  43.047 0.0000000000
99503  47.956  13.308  42.195 0.0000000000
99517  47.065  12.884  41.296 0.0000000000
100506  46.737  13.218  40.410 0.0000000000
100528  46.888  13.792  38.781 0.0000000000
98483  49.240  12.187  40.077 0.0000000000
99550  49.529  13.064  38.173 0.0000000000
99540  49.822  12.824  39.392 0.0000000000
99528  50.008  12.494  40.675 0.0000000000
99527  50.666  13.381  40.453 0.0000000000
100502  51.267  13.817  40.432 0.0000000000
100512  51.267  14.267  40.151 0.0000000000
102402  49.206  15.349  34.947 0.0000000000
101536  50.053  15.163  35.920 0.0000000000
101520  50.337  14.790  36.759 0.0000000000
102400  50.478  15.987  35.849 0.0000000000
101535  50.433  15.477  36.432 0.0000000000
101505  50.692  14.709  37.398 0.0000000000
101488  51.354  14.754  38.757 0.0000000000
101487  51.291  14.846  39.388 0.0000000000
101475  51.075  14.657  40.189 0.0000000000
101476  50.706  14.830  40.077 0.0000000000
101477  49.981  14.849  39.760 0.0000000000
101478  49.125  14.441  39.629 0.0000000000
102374  49.500  15.738  37.475 0.0000000000
101490  48.796  14.582  38.697 0.0000000000
100526  48.138  14.077  38.869 0.0000000000
100527  47.666  13.848  39.003 0.0000000000
101493  46.019  14.232  37.638 0.0000000000
101521  46.203  14.854  36.522 0.0000000000
102389  45.804  15.093  35.299 0.0000000000
102403  46.895  15.761  35.402 0.0000000000
102404  46.199  15.607  34.833 0.0000000000
103251  44.154  17.066  32.535 0.0000000000
104052  43.472  18.293  32.143 0.0000000000
104050  46.551  17.598  32.112 0.0000000000
102443  45.087  16.505  31.829 0.0000000000
102444  44.390  16.746  31.766 0.0000000000
103275  44.082  17.458  31.295 0.0000000000
104075  43.324  18.159  30.617 0.0000000000
104066  42.720  18.132  31.237 0.0000000000
100623  41.658  13.510  31.338 0.0000000000
97563  46.933  10.338  30.547 0.0000000000
96588  46.508  9.372  31.101 0.0000000000
91602  36.120  5.478  47.488 0.0000000000
93382  41.568  6.903  49.144 0.0000000000
93394  42.017  6.950  48.833 0.0000000000
93396  40.458  6.485  48.414 0.0000000000
93408  40.068  6.306  47.181 0.0000000000
93409  35.796  7.005  47.766 0.0000000000
93418  40.362  6.561  47.004 0.0000000000
93420  39.242  6.322  46.229 0.0000000000
94357  41.836  7.478  49.431 0.0000000000
94371  40.720  6.733  48.917 0.0000000000
94382  41.981  7.343  47.676 0.0000000000
94397  39.934  6.971  46.117 0.0000000000
95355  42.250  8.559  50.214 0.0000000000
95382  37.192  8.157  48.206 0.0000000000
95391  42.219  7.904  47.367 0.0000000000
95408  40.551  7.541  46.135 0.0000000000
95412  43.873  9.420  45.362 0.0000000000
95420  42.465  8.965  44.522 0.0000000000
95426  41.113  8.765  43.681 0.0000000000
96408  42.597  8.646  50.168 0.0000000000
96469  40.917  9.067  43.023 0.0000000000
96538  44.201  9.210  32.955 0.0000000000
96539  43.748  9.419  33.207 0.0000000000
96576  44.937  9.600  32.240 0.0000000000
97373  45.711  10.639  50.600 0.0000000000
97374  45.192  10.464  50.955 0.0000000000
97384  41.428  10.071  50.148 0.0000000000
97411  48.786  11.410  48.170 0.0000000000
97432  47.774  10.644  46.394 0.0000000000
97437  48.119  11.253  44.701 0.0000000000
97438  47.698  11.098  44.643 0.0000000000
97454  47.182  11.174  41.775 0.0000000000
97490  46.803  11.107  35.946 0.0000000000
97584  41.160  10.864  29.902 0.0000000000
98352  47.405  12.563  51.282 0.0000000000
98382  49.532  12.269  48.702 0.0000000000
98385  47.447  11.666  50.170 0.0000000000
98403  50.108  12.314  47.492 0.0000000000
98406  48.893  11.676  49.135 0.0000000000
98423  49.937  11.859  47.449 0.0000000000
98437  49.140  11.488  47.106 0.0000000000
98448  47.229  10.919  45.304 0.0000000000
98472  50.152  12.185  42.365 0.0000000000
98476  47.071  10.977  42.409 0.0000000000
98487  49.215  12.274  39.482 0.0000000000
98498  48.379  12.102  37.747 0.0000000000
98529  45.821  11.841  34.160 0.0000000000
98539  45.709  11.938  33.872 0.0000000000
98596  40.923  11.097  29.915 0.0000000000
99428  50.029  12.544  47.691 0.0000000000
99443  49.961  13.017  47.275 0.0000000000
99455  50.002  13.253  46.726 0.0000000000
99499  51.205  13.017  41.939 0.0000000000
99502  48.661  13.337  42.538 0.0000000000
99526  51.278  13.680  40.811 0.0000000000
99530  47.430  13.147  40.893 0.0000000000
99543  44.844  12.711  39.265 0.0000000000
99558  40.214  12.799  39.082 0.0000000000
99565  49.396  13.204  37.601 0.0000000000
99568  43.747  12.948  37.904 0.0000000000
99600  45.735  12.130  33.974 0.0000000000
99611  45.839  12.089  33.752 0.0000000000
99616  47.577  12.161  31.735 0.0000000000
99656  42.620  12.193  30.119 0.0000000000
99664  44.973  12.937  29.150 0.0000000000
100397  47.136  13.141  51.820 0.0000000000
100419  47.161  13.323  51.524 0.0000000000
100452  50.247  13.169  46.795 0.0000000000
100465  50.705  13.170  45.853 0.0000000000
100480  49.310  13.351  42.834 0.0000000000
100484  51.424  13.423  42.453 0.0000000000
100498  46.076  13.139  40.654 0.0000000000
100501  51.561  13.916  41.048 0.0000000000
100505  47.753  13.463  40.390 0.0000000000
100507  45.767  13.185  40.058 0.0000000000
100508  45.266  13.013  39.664 0.0000000000
100510  38.900  14.027  40.439 0.0000000000
100514  50.537  13.517  39.143 0.0000000000
100519  45.251  12.888  39.330 0.0000000000
100530  44.508  13.260  37.984 0.0000000000
100565  40.893  13.517  36.740 0.0000000000
100575  48.068  13.282  35.345 0.0000000000
100576  44.388  14.123  35.711 0.0000000000
100612  47.090  13.575  31.535 0.0000000000
100617  49.894  13.108  29.715 0.0000000000
100621  42.681  13.403  30.285 0.0000000000
100632  45.255  12.992  29.116 0.0000000000
100634  43.131  13.565  29.961 0.0000000000
100640  46.929  13.770  28.642 0.0000000000
101452  51.434  13.694  42.740 0.0000000000
101453  51.348  13.688  43.014 0.0000000000
101464  51.068  14.444  41.873 0.0000000000
101468  51.309  14.398  41.027 0.0000000000
101470  50.172  14.321  40.610 0.0000000000
101471  49.452  14.344  40.226 0.0000000000
101473  38.869  14.247  40.200 0.0000000000
101480  38.738  14.146  39.982 0.0000000000
101504  51.230  15.070  37.946 0.0000000000
101507  47.591  14.762  37.567 0.0000000000
101537  49.377  14.962  35.349 0.0000000000
101550  48.042  14.458  34.496 0.0000000000
101599  49.030  13.972  29.819 0.0000000000
102341  50.254  15.051  38.996 0.0000000000
102357  51.121  15.303  39.011 0.0000000000
102372  51.172  15.550  38.374 0.0000000000
102375  48.520  15.477  37.164 0.0000000000
102405  45.645  15.190  34.755 0.0000000000
102416  48.888  15.587  34.455 0.0000000000
102417  45.999  15.860  34.217 0.0000000000
102423  40.773  15.951  34.764 0.0000000000
102459  40.847  15.882  32.013 0.0000000000
102466  45.675  15.635  30.196 0.0000000000
102475  46.459  15.749  29.059 0.0000000000
102480  46.915  14.936  28.680 0.0000000000
103207  47.907  16.102  36.079 0.0000000000
103218  50.161  16.498  35.593 0.0000000000
103246  49.137  17.140  33.385 0.0000000000
103247  48.621  16.588  33.246 0.0000000000
103248  47.641  17.336  33.344 0.0000000000
103257  37.911  16.933  33.745 0.0000000000
103262  48.023  16.116  32.251 0.0000000000
103263  46.700  17.362  32.339 0.0000000000
103276  43.449  17.535  30.774 0.0000000000
103277  42.733  17.363  31.093 0.0000000000
103286  43.212  17.997  30.497 0.0000000000
104007  49.653  17.627  34.456 0.0000000000
104018  49.853  17.879  34.058 0.0000000000
104019  49.132  18.055  34.230 0.0000000000
104020  48.501  17.663  34.041 0.0000000000
104029  50.290  18.020  32.973 0.0000000000
104030  50.052  17.710  33.451 0.0000000000
104031  48.806  18.306  33.601 0.0000000000
104034  43.811  17.953  32.358 0.0000000000
104038  40.527  17.448  33.304 0.0000000000
104045  50.082  18.036  32.755 0.0000000000
104047  49.197  17.429  32.523 0.0000000000
104048  47.745  17.950  32.557 0.0000000000
104060  49.283  17.969  32.206 0.0000000000
104063  46.441  17.787  31.697 0.0000000000
104064  44.157  18.088  31.495 0.0000000000
104065  43.812  18.117  30.842 0.0000000000
104072  48.380  17.560  30.624 0.0000000000
104074  47.315  18.113  30.283 0.0000000000
104076  42.913  18.048  30.648 0.0000000000
104081  48.415  17.163  29.856 0.0000000000
104791  49.938  18.327  33.299 0.0000000000
104793  49.543  18.308  33.839 0.0000000000
104797  50.065  18.275  33.089 0.0000000000
104798  49.705  18.417  33.053 0.0000000000
104799  49.178  18.493  33.363 0.0000000000
104805  50.103  18.179  32.875 0.0000000000
104807  49.188  18.451  32.486 0.0000000000
104808  48.471  18.220  32.572 0.0000000000
104809  47.920  18.013  32.267 0.0000000000
104810  43.822  18.415  31.730 0.0000000000
104811  43.563  18.480  31.817 0.0000000000
104812  43.158  18.494  31.920 0.0000000000
104816  49.462  18.062  32.363 0.0000000000
104817  49.035  18.175  31.944 0.0000000000
104820  44.032  18.322  31.629 0.0000000000
104821  43.642  18.396  31.328 0.0000000000
104822  43.109  18.473  31.531 0.0000000000
104830  43.471  18.301  30.842 0.0000000000
104831  43.120  18.394  30.926 0.0000000000
