#!ascii label  , from subject 3353 vox2ras=TkReg
1111
51714  9.242  -34.213  80.661 0.0000000000
47309  1.322  -39.195  63.673 0.0000000000
46113  1.719  -39.192  77.153 0.0000000000
52872  3.874  -33.812  74.861 0.0000000000
55057  2.876  -29.580  67.438 0.0000000000
46088  5.355  -37.793  80.542 0.0000000000
50541  3.302  -33.944  79.685 0.0000000000
48190  11.672  -35.305  79.274 0.0000000000
45008  7.316  -37.731  78.450 0.0000000000
42625  4.330  -40.917  77.479 0.0000000000
57947  1.188  -27.754  75.823 0.0000000000
56049  4.819  -31.088  71.678 0.0000000000
59944  2.070  -26.850  72.544 0.0000000000
43900  0.702  -41.794  74.299 0.0000000000
49451  1.907  -38.295  72.490 0.0000000000
51750  2.034  -36.312  77.213 0.0000000000
55980  2.073  -30.330  78.015 0.0000000000
50710  3.094  -36.621  69.690 0.0000000000
50786  6.205  -35.606  65.468 0.0000000000
53032  3.927  -32.894  60.952 0.0000000000
58010  2.462  -28.736  64.877 0.0000000000
50539  7.550  -35.611  80.534 0.0000000000
52795  6.329  -33.343  81.487 0.0000000000
50536  10.840  -35.093  80.552 0.0000000000
47136  9.274  -37.191  79.360 0.0000000000
48194  8.539  -36.571  80.403 0.0000000000
46105  7.338  -37.640  80.359 0.0000000000
58882  1.419  -27.529  73.968 0.0000000000
46130  1.147  -39.397  76.267 0.0000000000
48234  0.888  -38.308  75.417 0.0000000000
49379  1.055  -37.410  77.642 0.0000000000
56929  4.112  -29.650  80.571 0.0000000000
54931  2.379  -32.283  79.398 0.0000000000
43826  2.846  -40.120  78.504 0.0000000000
41462  2.493  -41.598  75.820 0.0000000000
42639  1.725  -41.311  76.017 0.0000000000
42653  0.303  -42.091  75.541 0.0000000000
51791  2.736  -36.464  74.043 0.0000000000
50692  2.470  -37.162  71.299 0.0000000000
51799  4.117  -35.487  72.686 0.0000000000
53949  4.565  -30.356  69.345 0.0000000000
53947  6.251  -32.504  69.001 0.0000000000
55067  5.711  -31.537  66.390 0.0000000000
51948  5.829  -34.082  62.356 0.0000000000
130053  3.650  -31.676  63.962 0.0000000000
46099  2.455  -39.145  80.142 0.0000000000
49347  3.019  -36.756  78.813 0.0000000000
50527  4.403  -35.679  80.451 0.0000000000
130045  4.868  -31.755  81.313 0.0000000000
48211  12.527  -35.318  77.910 0.0000000000
48232  11.295  -36.653  75.840 0.0000000000
47146  10.361  -36.705  77.907 0.0000000000
46121  8.424  -37.833  77.617 0.0000000000
43843  5.781  -39.798  77.794 0.0000000000
44994  5.032  -39.572  79.926 0.0000000000
56014  3.453  -30.838  75.318 0.0000000000
53923  4.965  -32.180  73.805 0.0000000000
56028  2.924  -29.836  73.725 0.0000000000
55012  2.769  -29.394  72.307 0.0000000000
56054  2.257  -28.757  70.433 0.0000000000
52827  10.594  -33.443  79.882 0.0000000000
49382  15.574  -34.623  77.496 0.0000000000
50554  16.779  -34.958  79.155 0.0000000000
50532  14.159  -34.839  80.385 0.0000000000
53847  12.369  -33.769  80.598 0.0000000000
42724  0.724  -42.554  72.877 0.0000000000
45088  1.155  -41.550  71.853 0.0000000000
46168  1.373  -40.115  73.642 0.0000000000
50609  1.834  -37.333  75.489 0.0000000000
51760  3.155  -35.496  76.154 0.0000000000
49367  2.513  -35.203  78.953 0.0000000000
52849  3.237  -33.706  77.392 0.0000000000
54977  3.064  -31.918  76.952 0.0000000000
57934  1.985  -28.920  76.748 0.0000000000
47203  1.647  -39.665  70.464 0.0000000000
48309  1.611  -38.900  68.223 0.0000000000
49546  2.091  -37.741  66.287 0.0000000000
51807  5.455  -34.617  71.035 0.0000000000
50747  5.222  -36.287  67.598 0.0000000000
49568  3.972  -37.842  64.493 0.0000000000
48430  4.594  -37.446  61.886 0.0000000000
49663  4.340  -35.622  59.368 0.0000000000
59952  2.014  -25.860  70.550 0.0000000000
57992  1.295  -28.008  68.238 0.0000000000
61015  1.150  -26.467  67.170 0.0000000000
53988  2.457  -29.952  65.545 0.0000000000
52985  1.998  -31.233  62.519 0.0000000000
51715  8.241  -34.335  80.840 0.0000000000
51702  7.771  -33.991  81.323 0.0000000000
53849  8.612  -32.794  80.834 0.0000000000
51701  9.840  -34.623  80.651 0.0000000000
48193  9.337  -36.014  79.740 0.0000000000
49365  8.707  -35.624  80.302 0.0000000000
49341  8.024  -36.483  80.827 0.0000000000
46320  1.171  -39.921  63.270 0.0000000000
48434  1.710  -38.886  62.973 0.0000000000
46118  0.946  -39.239  77.088 0.0000000000
47156  0.501  -38.391  77.115 0.0000000000
47144  1.720  -38.565  77.191 0.0000000000
49423  12.494  -35.506  75.006 0.0000000000
44998  2.497  -39.609  78.644 0.0000000000
43836  2.257  -40.444  77.434 0.0000000000
43837  1.712  -40.194  77.264 0.0000000000
45019  1.368  -40.493  76.310 0.0000000000
51778  3.739  -34.747  74.677 0.0000000000
51800  3.460  -36.049  73.003 0.0000000000
51777  4.477  -34.300  74.233 0.0000000000
53963  3.650  -29.925  68.577 0.0000000000
53961  4.838  -30.644  68.403 0.0000000000
130050  4.329  -30.636  66.712 0.0000000000
53996  5.054  -31.578  65.606 0.0000000000
53997  3.657  -30.624  65.742 0.0000000000
46090  4.125  -38.014  80.456 0.0000000000
47122  3.912  -37.518  79.823 0.0000000000
47120  5.114  -37.062  80.204 0.0000000000
53852  5.598  -31.923  81.280 0.0000000000
56939  5.245  -29.660  80.743 0.0000000000
48206  11.537  -35.708  78.352 0.0000000000
47145  11.152  -36.544  77.586 0.0000000000
47140  11.001  -36.320  78.153 0.0000000000
46112  8.953  -37.947  79.307 0.0000000000
46115  8.845  -37.049  78.744 0.0000000000
45007  7.712  -37.780  78.019 0.0000000000
43829  6.708  -38.221  78.616 0.0000000000
46095  5.746  -38.156  80.413 0.0000000000
44993  5.849  -38.634  79.642 0.0000000000
46096  5.181  -38.393  80.595 0.0000000000
44988  3.298  -39.646  80.426 0.0000000000
56989  2.223  -29.381  75.654 0.0000000000
56015  2.619  -30.003  74.710 0.0000000000
56990  1.773  -29.130  74.950 0.0000000000
59920  1.548  -27.141  73.433 0.0000000000
57015  2.118  -28.828  73.205 0.0000000000
57024  2.349  -28.484  72.593 0.0000000000
56047  2.456  -28.711  71.607 0.0000000000
57977  2.400  -27.789  71.790 0.0000000000
49361  14.374  -35.588  79.631 0.0000000000
43915  0.692  -42.066  73.951 0.0000000000
45066  1.304  -41.096  73.506 0.0000000000
45067  1.261  -40.585  74.169 0.0000000000
50590  1.535  -37.384  76.421 0.0000000000
49409  1.217  -37.754  75.720 0.0000000000
51773  2.084  -37.152  76.403 0.0000000000
51771  2.873  -36.315  75.624 0.0000000000
51761  2.507  -36.057  76.452 0.0000000000
49345  3.101  -35.667  79.706 0.0000000000
49356  2.557  -35.809  79.317 0.0000000000
49355  2.622  -34.996  79.593 0.0000000000
55968  2.230  -30.854  78.818 0.0000000000
54954  2.485  -32.529  78.692 0.0000000000
55979  2.685  -31.131  78.109 0.0000000000
53903  3.085  -32.657  77.427 0.0000000000
54978  2.752  -31.565  77.082 0.0000000000
55991  2.409  -31.024  76.904 0.0000000000
56968  1.950  -29.609  77.526 0.0000000000
47163  9.812  -37.288  75.706 0.0000000000
47175  9.157  -36.826  73.718 0.0000000000
42635  5.091  -40.442  76.896 0.0000000000
42651  3.897  -41.032  75.090 0.0000000000
42636  3.816  -40.760  76.170 0.0000000000
41489  1.996  -42.770  75.294 0.0000000000
40375  2.397  -43.110  74.982 0.0000000000
43885  0.339  -41.577  74.891 0.0000000000
42691  0.640  -42.477  74.579 0.0000000000
47185  1.563  -39.807  72.363 0.0000000000
46209  1.333  -40.472  70.474 0.0000000000
48264  1.716  -38.953  71.503 0.0000000000
51848  2.657  -36.834  70.601 0.0000000000
49487  1.995  -37.789  69.742 0.0000000000
49501  2.097  -37.949  68.764 0.0000000000
49518  1.765  -38.316  67.111 0.0000000000
50750  3.067  -37.308  68.350 0.0000000000
55008  5.175  -31.097  72.935 0.0000000000
52880  5.990  -33.253  72.137 0.0000000000
53932  6.129  -32.359  71.496 0.0000000000
51878  6.323  -34.824  67.437 0.0000000000
51863  6.336  -34.721  68.550 0.0000000000
50766  5.303  -36.437  66.744 0.0000000000
50788  4.755  -37.184  66.151 0.0000000000
50809  4.789  -37.351  65.088 0.0000000000
49592  3.918  -37.980  63.461 0.0000000000
50830  5.587  -36.535  63.450 0.0000000000
53008  5.122  -33.395  61.548 0.0000000000
50862  5.608  -35.289  61.137 0.0000000000
51998  4.541  -34.203  59.428 0.0000000000
62055  1.479  -25.076  69.938 0.0000000000
58948  1.880  -27.075  69.314 0.0000000000
59974  1.541  -26.296  68.656 0.0000000000
61039  1.579  -26.293  66.246 0.0000000000
60030  1.653  -27.303  66.263 0.0000000000
58984  0.768  -27.411  67.178 0.0000000000
130079  2.342  -29.028  64.890 0.0000000000
130070  1.903  -30.136  64.161 0.0000000000
130072  1.047  -29.525  63.339 0.0000000000
129998  6.878  -36.819  81.548 0.0000000000
51691  6.078  -35.345  81.208 0.0000000000
51703  7.088  -34.738  80.891 0.0000000000
49352  10.982  -35.174  79.855 0.0000000000
47126  10.513  -36.031  79.144 0.0000000000
48192  10.267  -35.676  79.554 0.0000000000
47137  9.440  -37.812  79.870 0.0000000000
46104  8.673  -38.442  80.107 0.0000000000
44991  8.001  -38.199  79.924 0.0000000000
47129  8.175  -37.345  80.644 0.0000000000
48184  7.717  -37.037  82.117 0.0000000000
58867  1.124  -27.303  75.636 0.0000000000
58866  1.432  -27.498  75.215 0.0000000000
59885  1.046  -26.684  75.323 0.0000000000
60961  1.288  -26.028  73.875 0.0000000000
59918  1.587  -25.971  73.267 0.0000000000
45047  0.969  -40.606  75.180 0.0000000000
46154  1.095  -39.144  75.162 0.0000000000
47160  1.210  -38.855  76.077 0.0000000000
48229  0.388  -37.952  76.875 0.0000000000
51739  1.378  -36.442  77.721 0.0000000000
54928  3.620  -30.971  80.993 0.0000000000
54913  2.728  -32.722  79.992 0.0000000000
54941  3.534  -30.980  80.012 0.0000000000
55955  3.022  -30.385  79.488 0.0000000000
56952  1.920  -29.731  79.019 0.0000000000
57916  1.906  -28.610  78.527 0.0000000000
42617  3.684  -40.597  78.290 0.0000000000
42637  3.224  -41.248  76.330 0.0000000000
42627  2.854  -41.275  76.725 0.0000000000
42628  2.250  -41.163  76.602 0.0000000000
41476  1.855  -42.013  75.304 0.0000000000
41490  0.322  -43.649  76.008 0.0000000000
42652  0.813  -41.720  75.293 0.0000000000
45032  0.925  -40.946  75.217 0.0000000000
50660  2.277  -37.393  73.123 0.0000000000
50677  2.172  -37.809  72.473 0.0000000000
51812  2.569  -36.933  72.737 0.0000000000
51826  2.828  -36.648  71.356 0.0000000000
51825  3.698  -36.277  71.095 0.0000000000
55025  4.495  -30.517  70.888 0.0000000000
53939  6.067  -32.049  70.448 0.0000000000
53948  5.705  -30.934  69.478 0.0000000000
53959  6.236  -32.360  67.798 0.0000000000
52926  6.560  -33.156  66.012 0.0000000000
51922  6.345  -34.317  64.100 0.0000000000
52935  6.114  -32.895  64.836 0.0000000000
52959  5.473  -32.579  63.270 0.0000000000
130067  3.557  -32.227  62.731 0.0000000000
59006  2.540  -27.552  65.459 0.0000000000
58033  1.845  -29.191  63.659 0.0000000000
58032  2.605  -28.689  63.456 0.0000000000
46100  2.355  -38.960  79.025 0.0000000000
47133  2.610  -38.379  78.400 0.0000000000
47124  3.203  -37.788  79.098 0.0000000000
48186  4.047  -36.566  79.622 0.0000000000
130041  3.834  -34.329  81.087 0.0000000000
51692  4.835  -34.519  81.331 0.0000000000
130042  4.617  -33.707  81.327 0.0000000000
53853  4.052  -33.386  81.223 0.0000000000
130047  4.500  -31.137  81.342 0.0000000000
48218  12.496  -35.388  77.304 0.0000000000
48231  12.122  -36.042  75.603 0.0000000000
48226  11.762  -36.317  76.617 0.0000000000
47141  10.128  -36.523  78.524 0.0000000000
46120  9.033  -37.529  76.955 0.0000000000
46140  8.395  -38.506  75.470 0.0000000000
43857  5.540  -39.982  77.186 0.0000000000
42624  4.935  -40.663  77.814 0.0000000000
45003  6.195  -38.754  78.913 0.0000000000
43822  5.133  -39.206  79.068 0.0000000000
43833  4.158  -40.245  78.862 0.0000000000
44996  3.319  -40.261  79.795 0.0000000000
46107  2.056  -39.807  80.161 0.0000000000
53912  4.072  -32.034  75.462 0.0000000000
52871  4.646  -33.148  74.505 0.0000000000
56026  3.737  -30.932  74.693 0.0000000000
55001  4.565  -30.786  74.152 0.0000000000
55009  4.319  -30.578  72.914 0.0000000000
57004  1.711  -28.960  74.055 0.0000000000
56029  2.603  -29.630  73.214 0.0000000000
55018  3.740  -30.380  71.512 0.0000000000
53936  3.123  -30.025  71.077 0.0000000000
55026  3.118  -29.411  70.058 0.0000000000
56067  2.773  -29.356  68.664 0.0000000000
53866  10.267  -33.280  80.030 0.0000000000
48223  14.164  -34.796  76.919 0.0000000000
51734  18.192  -33.680  78.254 0.0000000000
51723  18.405  -33.753  79.138 0.0000000000
50563  16.978  -34.660  78.238 0.0000000000
50564  16.222  -35.003  78.663 0.0000000000
49378  15.312  -35.822  78.264 0.0000000000
48209  14.527  -35.508  77.893 0.0000000000
48198  13.082  -35.498  79.092 0.0000000000
49350  12.452  -35.024  79.523 0.0000000000
51697  12.918  -34.061  81.069 0.0000000000
50534  12.043  -34.515  79.734 0.0000000000
51699  11.248  -34.644  80.458 0.0000000000
51700  10.611  -34.608  80.715 0.0000000000
46179  1.319  -40.910  72.238 0.0000000000
47176  1.568  -39.462  73.294 0.0000000000
47169  1.292  -39.143  74.299 0.0000000000
48246  1.530  -38.644  73.990 0.0000000000
49439  1.925  -38.191  73.637 0.0000000000
51792  2.437  -36.838  74.432 0.0000000000
50625  3.354  -36.039  74.795 0.0000000000
51769  3.480  -34.400  75.271 0.0000000000
48202  2.365  -37.652  78.114 0.0000000000
50551  1.903  -36.584  78.353 0.0000000000
52839  2.310  -36.002  77.806 0.0000000000
130044  2.647  -33.810  79.120 0.0000000000
52850  2.586  -35.019  77.989 0.0000000000
51748  2.532  -35.387  76.990 0.0000000000
51747  3.062  -34.596  76.847 0.0000000000
52860  3.623  -33.689  76.513 0.0000000000
53913  3.807  -32.780  75.960 0.0000000000
56002  3.094  -31.088  76.405 0.0000000000
56977  2.306  -29.707  76.480 0.0000000000
57945  2.443  -29.012  76.164 0.0000000000
57917  1.590  -28.026  77.901 0.0000000000
57926  1.270  -28.119  77.280 0.0000000000
58845  1.186  -27.162  76.950 0.0000000000
41499  3.980  -42.770  74.011 0.0000000000
41474  2.974  -41.547  75.439 0.0000000000
48275  1.729  -38.921  70.372 0.0000000000
47219  1.635  -39.541  69.448 0.0000000000
49571  1.966  -37.949  65.221 0.0000000000
52877  5.008  -33.471  73.567 0.0000000000
51808  5.022  -35.254  71.415 0.0000000000
51845  4.573  -35.871  69.908 0.0000000000
52889  6.589  -33.376  70.065 0.0000000000
51844  5.322  -35.339  69.667 0.0000000000
50729  4.133  -36.619  68.728 0.0000000000
50768  3.869  -37.202  67.306 0.0000000000
50811  3.323  -37.725  65.869 0.0000000000
49594  2.610  -38.083  64.210 0.0000000000
49619  2.657  -38.466  63.173 0.0000000000
49614  5.602  -36.179  62.222 0.0000000000
49634  4.932  -36.506  61.155 0.0000000000
59930  1.881  -25.957  72.492 0.0000000000
62034  1.519  -24.271  71.984 0.0000000000
59953  2.196  -26.381  71.356 0.0000000000
57980  2.055  -27.731  70.705 0.0000000000
57032  2.185  -28.331  69.767 0.0000000000
57048  1.714  -29.123  68.386 0.0000000000
58972  0.627  -27.418  67.497 0.0000000000
56079  1.620  -29.090  67.334 0.0000000000
55058  2.386  -29.489  67.003 0.0000000000
130064  2.275  -30.520  65.291 0.0000000000
130052  2.927  -31.795  63.441 0.0000000000
53011  2.750  -32.160  61.748 0.0000000000
54041  2.243  -31.600  61.333 0.0000000000
52812  8.808  -33.582  80.811 0.0000000000
50548  9.083  -34.924  80.447 0.0000000000
50549  8.109  -35.260  80.482 0.0000000000
46305  1.294  -39.869  64.284 0.0000000000
47326  1.411  -39.426  62.628 0.0000000000
46119  0.932  -38.795  77.157 0.0000000000
46114  1.626  -38.900  77.079 0.0000000000
49405  12.841  -34.823  75.786 0.0000000000
48230  12.516  -35.471  75.897 0.0000000000
44999  2.147  -39.579  77.824 0.0000000000
43828  2.009  -40.138  77.703 0.0000000000
45006  1.603  -39.870  77.279 0.0000000000
45012  1.196  -39.829  77.008 0.0000000000
51789  3.923  -35.411  73.858 0.0000000000
53976  3.630  -29.934  67.825 0.0000000000
53975  4.159  -30.465  67.567 0.0000000000
52927  4.098  -30.580  65.962 0.0000000000
53986  3.574  -30.228  66.469 0.0000000000
46089  4.774  -37.838  80.640 0.0000000000
48199  12.013  -35.341  78.913 0.0000000000
47134  10.925  -36.051  78.716 0.0000000000
45000  8.062  -37.395  79.361 0.0000000000
43840  7.252  -38.068  77.946 0.0000000000
43854  7.428  -38.518  77.701 0.0000000000
43841  6.933  -38.377  78.128 0.0000000000
129991  5.919  -37.336  80.464 0.0000000000
46097  4.496  -38.604  80.637 0.0000000000
57946  1.791  -28.476  75.700 0.0000000000
56004  1.989  -29.802  75.122 0.0000000000
59932  1.785  -26.963  72.901 0.0000000000
58900  1.719  -27.517  73.211 0.0000000000
57972  2.224  -27.787  72.732 0.0000000000
57026  2.505  -28.181  71.968 0.0000000000
58927  2.311  -27.183  72.224 0.0000000000
43899  1.151  -41.568  73.870 0.0000000000
45056  1.244  -41.224  74.184 0.0000000000
51763  2.072  -36.853  76.851 0.0000000000
51762  2.252  -36.605  76.761 0.0000000000
51749  2.173  -35.930  77.064 0.0000000000
50528  2.776  -34.890  79.914 0.0000000000
55967  2.358  -31.700  78.754 0.0000000000
56960  1.825  -29.676  78.297 0.0000000000
40364  1.793  -42.929  75.166 0.0000000000
40376  1.681  -43.497  74.988 0.0000000000
42692  -0.008  -42.417  74.667 0.0000000000
42712  0.556  -42.176  74.297 0.0000000000
48254  1.507  -38.950  72.686 0.0000000000
47194  1.495  -39.747  71.531 0.0000000000
50732  2.399  -37.420  69.412 0.0000000000
50731  2.764  -36.972  69.110 0.0000000000
50751  2.504  -37.583  68.531 0.0000000000
56043  4.717  -31.136  72.208 0.0000000000
53933  6.128  -32.140  72.293 0.0000000000
55015  5.727  -31.620  71.439 0.0000000000
51893  6.354  -34.514  66.311 0.0000000000
50765  5.930  -35.654  66.514 0.0000000000
50787  5.386  -36.475  65.731 0.0000000000
50808  5.533  -36.630  64.309 0.0000000000
53031  4.752  -33.402  60.914 0.0000000000
51986  5.011  -34.207  60.332 0.0000000000
53055  4.474  -33.401  60.102 0.0000000000
63162  1.666  -23.725  70.409 0.0000000000
61004  1.554  -25.493  68.811 0.0000000000
59962  1.645  -25.984  69.554 0.0000000000
58983  2.052  -27.485  65.721 0.0000000000
60029  1.628  -26.768  66.194 0.0000000000
130086  1.958  -27.707  65.816 0.0000000000
130085  1.856  -27.827  65.984 0.0000000000
130082  2.353  -28.438  65.462 0.0000000000
57056  2.150  -29.166  64.304 0.0000000000
50524  7.117  -36.343  80.563 0.0000000000
51690  6.637  -35.670  80.615 0.0000000000
53850  7.852  -32.542  81.424 0.0000000000
49339  10.504  -35.265  80.078 0.0000000000
47128  9.168  -37.289  80.134 0.0000000000
46092  9.020  -38.144  80.338 0.0000000000
46093  8.284  -38.163  80.380 0.0000000000
50523  7.670  -36.276  80.705 0.0000000000
49342  7.641  -36.741  81.376 0.0000000000
129994  7.342  -36.611  81.856 0.0000000000
130000  6.874  -36.980  82.118 0.0000000000
60949  1.109  -25.418  74.663 0.0000000000
60948  1.325  -25.044  74.368 0.0000000000
60960  1.449  -25.260  73.929 0.0000000000
45046  1.136  -39.956  75.633 0.0000000000
46142  1.164  -39.517  75.439 0.0000000000
48222  0.520  -38.030  77.191 0.0000000000
49384  0.752  -37.489  77.169 0.0000000000
50557  1.349  -36.921  77.800 0.0000000000
54929  2.905  -31.625  80.686 0.0000000000
55946  3.926  -30.326  80.317 0.0000000000
56950  3.197  -29.480  79.529 0.0000000000
56951  2.425  -29.610  79.360 0.0000000000
57906  2.614  -28.546  79.547 0.0000000000
57907  2.027  -28.966  79.201 0.0000000000
42610  3.184  -40.366  78.334 0.0000000000
42618  3.115  -40.688  77.805 0.0000000000
42640  1.196  -41.719  75.295 0.0000000000
43859  1.465  -41.050  75.931 0.0000000000
45020  1.151  -39.932  76.531 0.0000000000
45030  1.407  -40.905  75.958 0.0000000000
45031  1.218  -40.455  75.741 0.0000000000
51802  2.552  -36.918  73.625 0.0000000000
51801  2.891  -36.494  73.274 0.0000000000
51810  3.454  -35.999  72.015 0.0000000000
51809  4.184  -35.567  71.699 0.0000000000
53941  4.158  -30.195  70.197 0.0000000000
55034  4.943  -30.598  70.219 0.0000000000
53973  5.855  -31.162  67.082 0.0000000000
53960  5.542  -31.453  68.199 0.0000000000
53972  6.461  -32.048  66.927 0.0000000000
52914  6.500  -32.697  66.581 0.0000000000
53982  6.369  -32.440  66.081 0.0000000000
53983  6.122  -32.411  65.677 0.0000000000
52936  4.795  -31.675  64.603 0.0000000000
130054  4.238  -31.889  63.491 0.0000000000
130066  4.672  -32.351  63.060 0.0000000000
130063  3.484  -32.048  63.045 0.0000000000
60027  2.198  -26.440  65.812 0.0000000000
60045  2.562  -27.044  65.381 0.0000000000
59005  3.068  -28.121  64.685 0.0000000000
47132  2.847  -38.314  79.045 0.0000000000
47131  3.209  -38.318  79.672 0.0000000000
48185  4.486  -36.589  80.003 0.0000000000
49344  4.075  -35.716  79.904 0.0000000000
50540  4.062  -35.118  80.899 0.0000000000
51704  5.883  -34.328  81.557 0.0000000000
52796  5.056  -33.368  81.352 0.0000000000
130046  4.589  -32.252  81.329 0.0000000000
48219  11.701  -35.999  77.326 0.0000000000
47151  11.293  -36.737  77.042 0.0000000000
47152  10.689  -37.010  77.281 0.0000000000
47135  9.923  -36.468  79.041 0.0000000000
47142  9.346  -36.978  79.059 0.0000000000
47154  8.897  -37.293  77.728 0.0000000000
46128  8.437  -38.492  76.537 0.0000000000
46129  8.079  -38.849  76.369 0.0000000000
43881  7.137  -39.253  75.673 0.0000000000
43844  5.352  -40.332  77.591 0.0000000000
44992  6.988  -37.723  79.657 0.0000000000
45002  6.508  -38.225  79.011 0.0000000000
43823  4.539  -39.457  79.195 0.0000000000
43824  4.289  -39.813  79.126 0.0000000000
45010  4.015  -40.247  79.382 0.0000000000
44995  4.140  -39.861  79.901 0.0000000000
46098  3.558  -38.668  80.502 0.0000000000
44989  2.535  -39.932  80.259 0.0000000000
46108  2.212  -39.502  79.475 0.0000000000
54993  3.748  -31.361  75.487 0.0000000000
54992  3.856  -31.389  74.987 0.0000000000
56013  3.610  -31.083  74.970 0.0000000000
56027  3.501  -30.410  74.325 0.0000000000
55002  3.653  -30.264  73.350 0.0000000000
58881  1.457  -27.542  74.508 0.0000000000
57956  1.541  -28.307  74.743 0.0000000000
57957  1.420  -28.135  74.076 0.0000000000
56040  2.447  -29.131  72.647 0.0000000000
56030  2.402  -29.348  73.005 0.0000000000
55004  2.725  -29.615  72.703 0.0000000000
55011  3.221  -29.705  72.002 0.0000000000
53928  3.408  -30.133  71.522 0.0000000000
55019  3.005  -29.789  71.331 0.0000000000
56053  2.509  -29.315  70.802 0.0000000000
56052  2.817  -29.340  70.169 0.0000000000
56056  2.888  -29.245  69.494 0.0000000000
56057  2.632  -29.096  69.621 0.0000000000
53880  10.430  -33.004  79.439 0.0000000000
49389  15.642  -34.242  76.648 0.0000000000
49403  14.865  -34.087  75.932 0.0000000000
49390  14.665  -34.660  76.865 0.0000000000
51708  17.151  -34.348  79.805 0.0000000000
51707  17.928  -33.672  79.458 0.0000000000
51724  17.618  -34.357  78.843 0.0000000000
50555  16.473  -35.118  78.839 0.0000000000
48203  14.647  -35.827  78.477 0.0000000000
49348  14.020  -35.307  80.034 0.0000000000
48197  13.721  -35.474  79.254 0.0000000000
49362  13.616  -35.377  79.564 0.0000000000
49363  12.948  -35.301  79.405 0.0000000000
49349  13.414  -35.094  79.877 0.0000000000
52789  13.240  -33.193  81.235 0.0000000000
52790  12.412  -33.607  80.968 0.0000000000
51698  12.019  -34.239  80.237 0.0000000000
50535  11.313  -34.712  79.983 0.0000000000
52791  11.808  -34.385  80.107 0.0000000000
52826  11.112  -33.640  79.632 0.0000000000
52792  11.232  -34.520  80.257 0.0000000000
52810  10.522  -33.822  80.312 0.0000000000
42725  0.445  -42.664  72.249 0.0000000000
43922  0.714  -42.113  72.432 0.0000000000
46167  1.401  -40.771  72.873 0.0000000000
46180  1.598  -40.296  72.663 0.0000000000
47164  1.084  -38.653  75.564 0.0000000000
47168  0.961  -38.832  74.968 0.0000000000
48238  0.842  -38.453  75.214 0.0000000000
49426  1.417  -37.894  74.685 0.0000000000
50628  2.133  -37.722  74.488 0.0000000000
50645  2.474  -37.385  74.093 0.0000000000
50627  2.142  -37.126  74.836 0.0000000000
51770  3.155  -35.934  75.657 0.0000000000
50626  3.123  -36.307  75.131 0.0000000000
50606  3.337  -35.662  75.383 0.0000000000
50605  3.377  -35.098  75.124 0.0000000000
50589  3.414  -35.131  75.670 0.0000000000
48196  2.691  -37.506  78.581 0.0000000000
50542  2.378  -35.819  78.717 0.0000000000
50543  2.253  -36.401  78.585 0.0000000000
51727  2.117  -36.113  77.886 0.0000000000
51717  2.354  -36.030  78.171 0.0000000000
54930  2.338  -32.012  80.190 0.0000000000
130048  2.549  -32.985  79.237 0.0000000000
53904  2.678  -33.485  78.350 0.0000000000
53909  3.458  -32.731  76.755 0.0000000000
54985  3.670  -31.733  76.051 0.0000000000
56978  2.205  -29.598  77.039 0.0000000000
48237  11.226  -36.447  74.845 0.0000000000
41486  3.400  -42.069  74.792 0.0000000000
42667  4.058  -42.059  74.586 0.0000000000
42638  2.816  -41.533  75.916 0.0000000000
41539  1.020  -43.088  73.179 0.0000000000
41557  0.691  -43.294  72.578 0.0000000000
129988  0.987  -40.866  70.307 0.0000000000
46208  1.099  -40.736  70.017 0.0000000000
46227  1.670  -40.189  69.462 0.0000000000
49462  2.457  -37.674  71.407 0.0000000000
49463  2.242  -38.226  71.419 0.0000000000
49473  2.334  -37.784  70.733 0.0000000000
49488  1.819  -38.403  69.015 0.0000000000
48293  1.587  -38.904  69.265 0.0000000000
47236  1.561  -39.427  68.482 0.0000000000
47252  1.400  -39.299  67.518 0.0000000000
49529  2.164  -37.995  66.991 0.0000000000
49530  1.739  -37.980  66.485 0.0000000000
49547  1.739  -37.824  65.845 0.0000000000
51797  5.525  -34.380  71.820 0.0000000000
51823  5.193  -35.384  70.567 0.0000000000
52888  6.505  -32.666  70.486 0.0000000000
52897  6.354  -33.767  69.033 0.0000000000
51879  5.834  -35.612  68.051 0.0000000000
51864  5.473  -35.329  68.798 0.0000000000
51880  5.186  -36.053  68.327 0.0000000000
51865  4.721  -36.012  68.960 0.0000000000
50748  4.415  -36.514  67.988 0.0000000000
50749  3.709  -37.023  68.160 0.0000000000
50810  3.988  -37.575  65.500 0.0000000000
49569  3.268  -37.973  64.913 0.0000000000
49593  3.262  -38.135  63.824 0.0000000000
49616  4.554  -37.480  62.500 0.0000000000
49636  3.638  -38.038  61.317 0.0000000000
51935  6.319  -34.250  62.992 0.0000000000
50829  5.919  -35.653  63.345 0.0000000000
50847  5.905  -35.098  62.175 0.0000000000
50863  5.203  -35.661  60.400 0.0000000000
49650  4.662  -36.142  59.820 0.0000000000
49664  3.645  -36.038  59.065 0.0000000000
62046  1.819  -24.848  70.939 0.0000000000
130251  2.016  -25.464  71.268 0.0000000000
59942  2.122  -25.930  71.625 0.0000000000
58937  2.014  -26.961  71.238 0.0000000000
58936  1.855  -26.735  70.478 0.0000000000
57991  1.456  -27.551  68.461 0.0000000000
57984  1.948  -27.656  69.395 0.0000000000
57985  1.925  -28.176  68.998 0.0000000000
57039  1.941  -28.980  68.646 0.0000000000
62080  1.201  -25.995  67.459 0.0000000000
61006  1.079  -26.334  67.633 0.0000000000
59975  1.136  -26.679  68.011 0.0000000000
59976  0.585  -26.921  67.547 0.0000000000
130077  1.705  -28.676  66.914 0.0000000000
58002  1.093  -28.062  67.367 0.0000000000
56086  2.057  -28.964  66.825 0.0000000000
56085  2.365  -29.248  66.603 0.0000000000
53987  2.916  -30.112  65.780 0.0000000000
54012  1.619  -30.836  63.135 0.0000000000
130059  2.197  -30.748  64.008 0.0000000000
130057  2.311  -31.483  63.106 0.0000000000
52983  2.737  -31.905  62.587 0.0000000000
52984  2.383  -31.579  62.303 0.0000000000
57081  0.687  -29.958  63.002 0.0000000000
50550  7.566  -35.066  80.539 0.0000000000
52793  8.191  -33.431  81.339 0.0000000000
50537  10.076  -35.120  80.501 0.0000000000
50522  10.088  -35.255  80.305 0.0000000000
49364  9.311  -35.492  80.125 0.0000000000
48200  8.873  -35.972  80.113 0.0000000000
49354  8.330  -36.003  80.554 0.0000000000
48451  1.595  -38.904  62.057 0.0000000000
46123  0.942  -39.341  76.849 0.0000000000
46131  0.827  -39.008  76.788 0.0000000000
46124  0.691  -38.850  77.009 0.0000000000
47150  0.864  -38.423  77.170 0.0000000000
48208  1.677  -38.160  77.526 0.0000000000
43827  2.358  -40.033  78.129 0.0000000000
43835  2.719  -40.373  77.886 0.0000000000
43847  1.718  -40.622  76.727 0.0000000000
45011  1.340  -40.216  76.770 0.0000000000
50643  3.396  -35.778  74.259 0.0000000000
51790  3.162  -36.021  73.842 0.0000000000
53950  3.745  -29.963  69.257 0.0000000000
53962  4.062  -30.228  68.502 0.0000000000
53974  4.923  -30.833  67.450 0.0000000000
53985  4.890  -30.944  66.662 0.0000000000
55078  5.401  -31.787  65.745 0.0000000000
130061  4.602  -31.150  66.101 0.0000000000
130062  4.352  -31.140  65.673 0.0000000000
130058  3.145  -31.234  65.251 0.0000000000
47130  3.597  -38.084  79.990 0.0000000000
47121  4.477  -37.283  80.038 0.0000000000
49343  4.658  -36.303  80.322 0.0000000000
55931  6.091  -31.113  80.773 0.0000000000
55945  5.447  -30.522  80.852 0.0000000000
48205  12.409  -35.367  78.442 0.0000000000
48212  11.638  -35.819  77.883 0.0000000000
46102  9.326  -37.848  79.498 0.0000000000
46111  8.982  -37.313  79.162 0.0000000000
46116  8.402  -37.255  78.608 0.0000000000
45017  7.926  -38.801  77.189 0.0000000000
43842  6.552  -39.324  77.958 0.0000000000
43830  6.527  -38.804  78.554 0.0000000000
46106  6.479  -37.758  80.298 0.0000000000
44985  5.495  -38.616  80.312 0.0000000000
44986  5.127  -39.005  80.396 0.0000000000
44987  4.310  -39.400  80.572 0.0000000000
56003  2.531  -30.279  75.794 0.0000000000
56016  2.013  -29.490  74.566 0.0000000000
57003  2.381  -29.440  74.040 0.0000000000
59902  1.459  -27.245  73.804 0.0000000000
57958  1.499  -27.926  73.670 0.0000000000
57965  1.696  -27.848  73.322 0.0000000000
57016  1.923  -28.232  73.201 0.0000000000
56041  2.493  -28.848  72.356 0.0000000000
56046  2.674  -29.117  71.926 0.0000000000
57029  2.150  -28.207  70.975 0.0000000000
49372  14.692  -36.046  79.090 0.0000000000
50547  14.577  -35.344  80.330 0.0000000000
53865  12.155  -34.263  80.090 0.0000000000
43914  0.938  -41.922  73.360 0.0000000000
49393  0.904  -37.631  76.617 0.0000000000
50608  2.163  -37.046  75.367 0.0000000000
51772  2.405  -36.865  75.954 0.0000000000
49346  2.993  -36.428  79.164 0.0000000000
49357  2.725  -36.563  78.879 0.0000000000
54943  2.477  -31.419  79.476 0.0000000000
54967  2.942  -31.999  77.664 0.0000000000
54966  3.055  -32.169  77.377 0.0000000000
55990  2.740  -31.407  76.835 0.0000000000
56967  2.229  -30.249  77.334 0.0000000000
47162  10.471  -36.852  75.279 0.0000000000
47167  9.411  -36.996  74.804 0.0000000000
42650  4.882  -40.511  75.692 0.0000000000
41473  3.371  -41.328  75.234 0.0000000000
41475  2.397  -42.143  75.236 0.0000000000
42671  -0.095  -42.294  75.295 0.0000000000
41502  -0.126  -43.293  75.210 0.0000000000
41521  1.216  -43.080  74.450 0.0000000000
42711  0.947  -42.386  73.766 0.0000000000
46192  1.313  -40.629  71.720 0.0000000000
45100  1.189  -41.298  70.942 0.0000000000
51827  2.521  -36.942  70.909 0.0000000000
50712  2.429  -37.264  70.377 0.0000000000
49502  1.807  -38.418  68.011 0.0000000000
49517  2.072  -37.941  67.833 0.0000000000
50770  2.576  -37.672  67.640 0.0000000000
53927  5.967  -32.437  72.990 0.0000000000
53926  6.120  -32.532  72.284 0.0000000000
52885  6.108  -33.681  71.132 0.0000000000
52906  6.587  -33.623  68.176 0.0000000000
50746  5.857  -35.882  67.298 0.0000000000
50767  4.539  -36.816  67.032 0.0000000000
49567  4.626  -37.502  64.068 0.0000000000
49566  4.991  -37.262  63.719 0.0000000000
49590  5.262  -37.175  63.180 0.0000000000
52980  5.483  -33.548  62.181 0.0000000000
51985  5.496  -34.509  60.864 0.0000000000
50874  5.446  -34.977  60.386 0.0000000000
50875  4.827  -35.142  59.761 0.0000000000
62045  1.656  -25.198  70.452 0.0000000000
130252  1.575  -25.673  70.035 0.0000000000
58947  1.738  -26.722  69.856 0.0000000000
58958  1.789  -26.633  69.156 0.0000000000
58959  1.590  -27.054  68.632 0.0000000000
60009  1.358  -26.724  66.615 0.0000000000
61025  0.882  -26.775  66.912 0.0000000000
59991  0.287  -27.042  67.096 0.0000000000
60010  0.983  -27.112  66.969 0.0000000000
130084  1.626  -27.998  66.486 0.0000000000
55070  2.219  -29.498  65.058 0.0000000000
130075  1.477  -30.181  63.506 0.0000000000
130076  1.027  -30.366  63.027 0.0000000000
50526  5.533  -36.156  80.719 0.0000000000
50525  6.404  -36.123  80.541 0.0000000000
53851  6.904  -32.346  81.596 0.0000000000
49351  11.578  -35.151  79.540 0.0000000000
47125  11.259  -35.683  79.087 0.0000000000
48191  11.085  -35.535  79.433 0.0000000000
47127  9.564  -36.648  79.385 0.0000000000
48182  9.962  -35.542  79.747 0.0000000000
46103  9.075  -38.356  79.801 0.0000000000
44990  8.549  -38.361  79.851 0.0000000000
45001  7.104  -37.696  79.015 0.0000000000
44983  8.008  -38.263  80.229 0.0000000000
48183  8.076  -36.987  81.371 0.0000000000
129990  7.877  -37.602  81.818 0.0000000000
129995  6.908  -37.218  81.576 0.0000000000
129996  6.799  -36.742  82.009 0.0000000000
59900  1.489  -27.062  74.885 0.0000000000
59901  1.355  -26.800  74.202 0.0000000000
59919  1.480  -26.601  73.405 0.0000000000
59931  1.783  -26.540  72.793 0.0000000000
45057  1.036  -40.832  74.692 0.0000000000
46143  1.185  -40.093  74.938 0.0000000000
47165  1.093  -38.495  76.155 0.0000000000
47161  0.763  -38.574  76.655 0.0000000000
48235  1.028  -38.155  76.080 0.0000000000
50576  1.197  -37.160  76.980 0.0000000000
54912  2.789  -32.694  80.793 0.0000000000
54942  2.888  -31.287  79.759 0.0000000000
55954  3.606  -30.185  79.729 0.0000000000
55956  2.450  -30.562  79.301 0.0000000000
42626  3.556  -41.100  77.214 0.0000000000
42619  2.699  -40.801  77.348 0.0000000000
41463  2.398  -41.474  76.127 0.0000000000
40365  1.269  -43.252  74.895 0.0000000000
41477  0.528  -42.919  75.020 0.0000000000
42641  0.514  -42.165  75.392 0.0000000000
43871  0.951  -41.290  75.276 0.0000000000
43872  0.501  -41.508  75.165 0.0000000000
50661  1.955  -37.785  73.101 0.0000000000
50676  2.349  -37.404  72.069 0.0000000000
50675  2.577  -36.910  71.901 0.0000000000
51811  3.008  -36.571  72.378 0.0000000000
50691  2.572  -36.887  71.537 0.0000000000
51847  3.047  -36.519  70.437 0.0000000000
51846  3.759  -36.296  70.049 0.0000000000
56050  4.631  -30.735  71.399 0.0000000000
55024  5.509  -30.935  71.077 0.0000000000
55033  5.550  -30.784  70.294 0.0000000000
53940  5.957  -30.960  70.358 0.0000000000
52915  6.534  -33.342  67.063 0.0000000000
51907  6.573  -34.366  65.222 0.0000000000
50807  6.382  -35.420  64.487 0.0000000000
52943  6.197  -33.196  63.626 0.0000000000
53995  5.503  -32.042  65.401 0.0000000000
52944  5.667  -32.311  63.980 0.0000000000
52958  5.811  -33.293  62.732 0.0000000000
54024  5.071  -32.942  62.212 0.0000000000
53009  4.375  -32.977  61.693 0.0000000000
60046  2.088  -26.981  65.716 0.0000000000
58993  2.674  -28.191  65.247 0.0000000000
58017  2.524  -28.646  64.609 0.0000000000
59019  3.081  -28.264  63.652 0.0000000000
47291  1.377  -39.263  64.706 0.0000000000
46109  2.232  -39.128  77.982 0.0000000000
46101  2.388  -38.826  78.299 0.0000000000
48188  3.286  -37.113  78.867 0.0000000000
48187  3.557  -36.797  79.271 0.0000000000
130040  3.655  -35.306  80.478 0.0000000000
54911  3.612  -31.992  81.280 0.0000000000
55932  4.128  -30.365  80.909 0.0000000000
48225  12.633  -35.225  76.512 0.0000000000
47157  11.321  -36.821  76.772 0.0000000000
48227  11.186  -36.868  76.497 0.0000000000
48233  10.655  -37.002  76.103 0.0000000000
46127  9.187  -37.893  76.078 0.0000000000
47147  9.342  -36.806  78.458 0.0000000000
48220  9.289  -36.915  77.912 0.0000000000
47153  9.615  -36.975  77.587 0.0000000000
45027  7.728  -39.014  76.326 0.0000000000
42634  5.759  -39.852  76.604 0.0000000000
43831  5.893  -39.291  78.625 0.0000000000
43832  4.907  -39.965  78.399 0.0000000000
42616  4.533  -40.626  78.209 0.0000000000
42609  3.352  -40.351  78.484 0.0000000000
43825  3.208  -40.242  78.885 0.0000000000
44997  2.463  -40.077  79.605 0.0000000000
52865  4.092  -32.888  75.194 0.0000000000
53918  4.499  -32.005  74.744 0.0000000000
56039  4.124  -30.605  72.276 0.0000000000
57005  1.646  -28.377  73.612 0.0000000000
57014  2.278  -29.274  73.519 0.0000000000
57013  2.541  -29.529  73.608 0.0000000000
55003  3.032  -29.991  72.854 0.0000000000
55010  3.662  -30.288  72.274 0.0000000000
56045  4.034  -30.567  71.933 0.0000000000
55017  4.160  -30.553  71.427 0.0000000000
53934  3.841  -30.360  70.912 0.0000000000
53942  3.496  -29.883  70.349 0.0000000000
55028  2.781  -29.644  71.149 0.0000000000
55027  2.957  -29.764  70.746 0.0000000000
55035  3.240  -29.556  69.203 0.0000000000
56076  2.693  -29.492  68.218 0.0000000000
52811  9.518  -33.645  80.572 0.0000000000
53868  9.100  -33.206  80.632 0.0000000000
53867  9.455  -32.958  80.257 0.0000000000
53881  9.444  -32.515  79.449 0.0000000000
48224  13.609  -34.827  76.865 0.0000000000
49376  16.426  -34.579  77.739 0.0000000000
49377  15.723  -34.854  78.377 0.0000000000
49370  15.989  -35.534  78.856 0.0000000000
49383  15.005  -35.206  77.764 0.0000000000
48216  14.330  -34.987  77.378 0.0000000000
48217  13.506  -35.014  77.428 0.0000000000
48210  13.652  -35.374  77.986 0.0000000000
48204  13.697  -35.520  78.720 0.0000000000
51710  14.207  -33.696  80.531 0.0000000000
51696  13.820  -34.080  80.512 0.0000000000
51712  13.329  -33.559  81.257 0.0000000000
50533  13.165  -34.547  80.153 0.0000000000
52809  11.765  -34.080  79.780 0.0000000000
51713  9.963  -34.180  80.669 0.0000000000
45087  1.221  -41.272  72.063 0.0000000000
46191  1.292  -41.009  71.973 0.0000000000
46155  1.209  -39.752  74.689 0.0000000000
48239  0.836  -38.271  74.972 0.0000000000
50646  2.306  -37.782  73.709 0.0000000000
51781  2.387  -36.758  75.164 0.0000000000
51780  2.820  -36.466  74.779 0.0000000000
51779  3.014  -36.202  74.326 0.0000000000
50624  3.522  -35.448  74.631 0.0000000000
47138  2.310  -38.496  77.693 0.0000000000
47143  2.024  -38.177  77.350 0.0000000000
49374  1.620  -37.222  78.008 0.0000000000
49368  2.093  -37.002  78.688 0.0000000000
49373  1.767  -37.143  78.305 0.0000000000
50556  1.477  -36.673  78.089 0.0000000000
50565  1.388  -36.617  77.718 0.0000000000
51738  1.701  -36.450  77.730 0.0000000000
52852  2.148  -36.087  77.498 0.0000000000
49366  2.610  -34.398  79.006 0.0000000000
52851  2.377  -35.691  77.503 0.0000000000
51759  3.588  -34.570  76.026 0.0000000000
52866  3.761  -33.683  75.654 0.0000000000
57925  1.786  -28.807  77.714 0.0000000000
57935  1.181  -28.039  76.442 0.0000000000
58850  0.951  -27.236  76.117 0.0000000000
53848  8.843  -32.661  80.570 0.0000000000
48236  11.787  -35.786  74.537 0.0000000000
48245  10.880  -35.783  73.765 0.0000000000
47166  10.131  -36.474  74.304 0.0000000000
41487  3.070  -41.897  74.960 0.0000000000
40374  2.770  -42.889  75.036 0.0000000000
49474  1.754  -38.264  70.106 0.0000000000
46243  1.642  -39.904  68.751 0.0000000000
45139  1.628  -40.357  68.641 0.0000000000
48328  1.402  -38.748  67.248 0.0000000000
48411  1.673  -38.412  64.332 0.0000000000
51788  4.681  -34.671  73.246 0.0000000000
52881  5.287  -33.894  72.657 0.0000000000
51798  4.966  -35.075  72.334 0.0000000000
51824  4.417  -35.852  70.812 0.0000000000
55023  5.848  -31.724  71.117 0.0000000000
52884  6.526  -32.813  70.817 0.0000000000
51822  5.776  -34.508  70.309 0.0000000000
51843  5.993  -34.529  69.400 0.0000000000
51866  4.184  -36.415  69.378 0.0000000000
50730  3.465  -36.687  69.040 0.0000000000
50769  3.210  -37.480  67.473 0.0000000000
50791  2.702  -37.835  66.678 0.0000000000
50789  4.006  -37.474  66.456 0.0000000000
50790  3.358  -37.679  66.676 0.0000000000
50812  2.964  -37.810  66.183 0.0000000000
49570  2.501  -37.843  65.503 0.0000000000
49595  2.112  -38.089  64.515 0.0000000000
48412  1.669  -38.460  63.969 0.0000000000
49620  2.083  -38.384  63.532 0.0000000000
49639  2.066  -38.657  62.594 0.0000000000
49638  2.567  -38.512  62.208 0.0000000000
49589  5.541  -36.569  62.886 0.0000000000
49615  5.144  -37.031  62.193 0.0000000000
49633  5.619  -35.828  61.650 0.0000000000
48448  4.522  -37.256  61.423 0.0000000000
49635  4.114  -37.446  60.928 0.0000000000
62007  1.571  -24.564  73.644 0.0000000000
60971  2.086  -25.250  73.160 0.0000000000
60979  1.737  -25.178  72.031 0.0000000000
59943  2.173  -26.624  72.047 0.0000000000
58938  2.232  -27.531  71.464 0.0000000000
57981  2.203  -27.853  71.249 0.0000000000
57028  2.134  -28.024  70.674 0.0000000000
57979  1.904  -27.209  70.229 0.0000000000
56059  2.314  -28.705  69.567 0.0000000000
56070  2.351  -28.792  69.181 0.0000000000
56068  2.499  -29.229  68.722 0.0000000000
56077  2.454  -29.520  68.128 0.0000000000
58960  0.929  -27.316  67.988 0.0000000000
57049  1.360  -28.888  67.824 0.0000000000
56078  1.910  -29.464  67.730 0.0000000000
55068  3.144  -29.764  66.389 0.0000000000
130051  3.202  -32.057  62.922 0.0000000000
53010  3.404  -32.407  62.361 0.0000000000
53033  3.246  -32.512  60.974 0.0000000000
130073  0.742  -29.349  63.631 0.0000000000
130081  0.710  -30.208  63.018 0.0000000000
54026  2.234  -31.345  61.925 0.0000000000
53012  2.462  -31.793  61.446 0.0000000000
54058  3.346  -32.579  60.415 0.0000000000
40401  1.449  -43.501  73.994 0.0000000000
41500  1.243  -42.645  74.625 0.0000000000
41501  1.321  -42.876  74.655 0.0000000000
41518  3.890  -42.907  73.869 0.0000000000
41519  4.056  -42.783  74.002 0.0000000000
41520  1.337  -42.948  74.224 0.0000000000
41538  1.245  -43.040  73.712 0.0000000000
42615  4.895  -40.565  78.137 0.0000000000
42668  3.937  -42.653  74.164 0.0000000000
42669  1.027  -42.453  74.742 0.0000000000
42670  1.114  -42.660  74.451 0.0000000000
42690  1.091  -42.482  74.318 0.0000000000
42710  1.183  -42.665  73.972 0.0000000000
43834  3.648  -40.319  79.063 0.0000000000
43845  3.985  -40.320  79.151 0.0000000000
43846  3.829  -40.334  79.230 0.0000000000
43848  1.489  -40.211  77.003 0.0000000000
43858  5.338  -40.286  77.239 0.0000000000
43860  1.191  -41.335  75.430 0.0000000000
43870  1.349  -41.066  75.680 0.0000000000
44984  7.755  -38.079  80.093 0.0000000000
45004  3.999  -40.096  79.553 0.0000000000
45005  3.747  -40.275  79.448 0.0000000000
45009  4.174  -40.167  79.204 0.0000000000
45026  8.073  -38.882  76.617 0.0000000000
45077  1.136  -41.484  72.491 0.0000000000
46091  3.782  -38.112  80.278 0.0000000000
46094  7.881  -38.041  80.336 0.0000000000
46110  2.021  -39.093  77.357 0.0000000000
46117  8.429  -37.293  78.250 0.0000000000
46122  8.381  -37.477  78.063 0.0000000000
47119  8.132  -37.307  81.783 0.0000000000
47123  3.519  -37.622  79.382 0.0000000000
47139  2.165  -38.848  77.402 0.0000000000
47148  8.833  -37.113  78.303 0.0000000000
47149  8.574  -37.192  78.354 0.0000000000
47155  8.603  -37.374  78.026 0.0000000000
47289  1.741  -38.975  64.913 0.0000000000
47307  1.456  -38.819  64.614 0.0000000000
47308  1.435  -38.786  64.256 0.0000000000
47324  1.357  -38.672  64.020 0.0000000000
47325  1.568  -38.603  63.987 0.0000000000
48181  10.249  -35.437  79.813 0.0000000000
48189  3.009  -37.118  78.704 0.0000000000
48195  3.037  -37.557  78.779 0.0000000000
48201  8.607  -36.069  80.337 0.0000000000
48207  2.065  -37.696  77.666 0.0000000000
48213  9.200  -36.877  78.238 0.0000000000
48214  9.020  -37.009  78.356 0.0000000000
48215  0.995  -37.924  77.238 0.0000000000
48221  9.096  -36.992  78.024 0.0000000000
48391  1.704  -38.951  65.194 0.0000000000
48392  1.678  -38.555  65.039 0.0000000000
48393  1.942  -38.101  64.846 0.0000000000
48410  1.598  -38.645  64.678 0.0000000000
48429  4.789  -37.074  61.668 0.0000000000
48431  4.210  -37.741  62.034 0.0000000000
48432  1.480  -38.595  64.335 0.0000000000
48433  1.563  -38.331  63.763 0.0000000000
48449  4.206  -37.751  61.534 0.0000000000
49340  10.181  -35.337  80.062 0.0000000000
49353  9.818  -35.427  80.029 0.0000000000
49369  16.391  -35.292  79.048 0.0000000000
49392  13.150  -34.758  76.411 0.0000000000
49406  12.501  -35.545  75.599 0.0000000000
49407  3.415  -35.498  75.089 0.0000000000
49408  3.428  -35.783  75.093 0.0000000000
49424  3.452  -35.351  74.894 0.0000000000
49425  3.434  -35.642  74.892 0.0000000000
49591  4.466  -37.501  63.232 0.0000000000
50521  10.389  -35.247  80.419 0.0000000000
50538  7.961  -35.915  80.726 0.0000000000
50566  1.021  -37.114  77.465 0.0000000000
50588  3.469  -34.785  75.521 0.0000000000
50607  3.220  -36.118  75.335 0.0000000000
50644  3.184  -36.010  74.269 0.0000000000
50711  2.707  -36.924  69.931 0.0000000000
51711  13.609  -33.677  81.040 0.0000000000
51716  7.701  -34.807  80.617 0.0000000000
51751  1.541  -36.685  77.470 0.0000000000
51968  5.592  -34.169  61.633 0.0000000000
51969  5.270  -33.901  61.024 0.0000000000
52807  13.545  -33.388  81.202 0.0000000000
52925  6.465  -32.647  66.302 0.0000000000
52960  5.031  -31.963  63.617 0.0000000000
52961  2.008  -31.310  62.891 0.0000000000
52981  5.179  -33.291  61.983 0.0000000000
52982  4.813  -33.041  61.952 0.0000000000
53007  5.363  -33.587  61.842 0.0000000000
53929  3.206  -29.926  71.411 0.0000000000
53931  6.246  -32.426  70.860 0.0000000000
53935  3.458  -30.234  71.050 0.0000000000
53938  6.349  -32.484  70.645 0.0000000000
53943  3.249  -30.044  70.841 0.0000000000
53951  3.542  -29.853  68.797 0.0000000000
53971  6.398  -32.278  66.424 0.0000000000
53984  5.007  -31.320  66.239 0.0000000000
54009  5.397  -33.109  62.387 0.0000000000
54010  5.192  -32.714  62.625 0.0000000000
54011  1.977  -31.143  63.309 0.0000000000
54023  5.290  -33.214  62.188 0.0000000000
54025  4.458  -32.657  62.385 0.0000000000
54027  1.820  -31.056  62.424 0.0000000000
54042  2.025  -31.237  61.641 0.0000000000
54057  3.558  -32.698  60.573 0.0000000000
54059  2.111  -31.637  60.985 0.0000000000
54075  3.555  -32.681  60.336 0.0000000000
54076  3.443  -32.626  60.132 0.0000000000
54906  8.929  -32.539  80.369 0.0000000000
54984  3.871  -31.616  75.514 0.0000000000
55005  2.566  -29.392  72.705 0.0000000000
55016  5.380  -31.668  71.972 0.0000000000
55020  2.836  -29.499  71.609 0.0000000000
55036  3.420  -29.776  68.971 0.0000000000
55044  2.986  -29.480  68.279 0.0000000000
55045  3.337  -29.679  68.447 0.0000000000
55053  6.197  -32.094  66.169 0.0000000000
55054  6.191  -31.837  66.412 0.0000000000
55055  6.186  -31.495  66.706 0.0000000000
55056  2.709  -29.531  67.964 0.0000000000
55065  6.129  -32.188  65.947 0.0000000000
55066  5.813  -31.920  65.962 0.0000000000
55069  2.698  -29.519  66.207 0.0000000000
55079  5.356  -31.646  66.005 0.0000000000
56037  4.761  -31.018  72.514 0.0000000000
56038  4.526  -30.846  72.436 0.0000000000
56044  4.369  -30.785  71.898 0.0000000000
56051  2.916  -29.272  69.948 0.0000000000
56058  2.426  -28.916  69.734 0.0000000000
56069  2.236  -28.923  68.817 0.0000000000
57006  1.638  -28.099  73.465 0.0000000000
57023  2.329  -28.834  72.745 0.0000000000
57031  2.173  -28.015  70.304 0.0000000000
57040  2.002  -28.667  68.763 0.0000000000
57073  1.308  -29.459  63.423 0.0000000000
57074  0.685  -29.452  63.182 0.0000000000
57082  0.756  -30.118  62.825 0.0000000000
57933  2.370  -29.170  76.439 0.0000000000
57983  1.907  -27.200  69.685 0.0000000000
58018  2.570  -28.504  65.075 0.0000000000
58045  0.412  -30.042  62.774 0.0000000000
58046  0.319  -29.922  63.007 0.0000000000
58883  1.521  -27.529  73.578 0.0000000000
58913  1.882  -27.310  72.928 0.0000000000
58926  2.272  -26.944  71.869 0.0000000000
58992  2.773  -28.351  64.899 0.0000000000
59884  1.398  -27.056  75.142 0.0000000000
60028  1.791  -26.549  66.014 0.0000000000
60047  1.862  -26.897  65.945 0.0000000000
60048  1.769  -27.092  66.072 0.0000000000
62044  1.671  -25.451  70.380 0.0000000000
129985  0.856  -41.012  69.947 0.0000000000
129989  1.684  -40.433  69.159 0.0000000000
129992  7.777  -37.451  80.697 0.0000000000
129993  7.064  -36.809  82.133 0.0000000000
129997  6.698  -36.970  82.056 0.0000000000
129999  7.124  -36.638  81.707 0.0000000000
130043  4.564  -33.465  81.306 0.0000000000
130049  3.794  -30.862  65.598 0.0000000000
130055  4.491  -30.918  66.217 0.0000000000
130056  3.319  -32.182  62.744 0.0000000000
130060  4.712  -31.112  66.306 0.0000000000
130065  3.934  -32.221  62.823 0.0000000000
130068  1.180  -30.139  63.202 0.0000000000
130069  1.189  -30.165  63.043 0.0000000000
130071  1.321  -30.346  63.159 0.0000000000
130078  1.220  -29.251  63.436 0.0000000000
130080  0.841  -30.059  63.069 0.0000000000
130083  0.633  -29.942  63.017 0.0000000000
