#!ascii label  , from subject 3353 vox2ras=TkReg
702
67941  21.061  -19.085  3.480 0.1428571492
67925  20.436  -19.601  3.835 0.1428571492
70051  20.373  -17.066  3.400 0.1428571492
67924  21.389  -19.607  3.856 0.1428571492
70050  21.035  -17.545  3.100 0.2857142985
68985  20.347  -18.098  3.593 0.1428571492
68983  22.072  -18.203  3.508 0.1428571492
72092  21.163  -15.687  2.723 0.5714285970
70049  21.942  -17.545  2.723 0.1428571492
71028  23.358  -16.572  2.736 0.2857142985
71049  22.517  -16.583  2.141 0.2857142985
72089  23.847  -15.940  2.000 0.1428571492
71048  23.225  -16.395  1.705 0.2857142985
74275  24.547  -13.365  -0.116 0.2857142985
73170  24.148  -14.489  0.366 0.1428571492
76351  25.802  -11.468  -0.355 0.2857142985
74274  25.272  -13.029  0.137 0.2857142985
77294  25.823  -10.554  -0.471 0.2857142985
79083  26.722  -8.812  -0.603 0.2857142985
82208  28.134  -6.650  -0.592 0.8571428657
80117  27.841  -8.046  -0.672 0.4285714328
78200  26.723  -9.711  -0.731 0.2857142985
83234  29.501  -4.785  -1.115 0.7142857313
82224  29.653  -5.856  -1.343 0.7142857313
82225  28.472  -5.767  -1.013 0.7142857313
81196  27.499  -7.177  -0.457 0.7142857313
83232  31.486  -4.977  -1.992 0.8571428657
83233  30.645  -4.931  -1.165 0.5714285970
84226  30.362  -3.883  -1.060 0.8571428657
84263  33.435  -3.552  -3.567 0.4285714328
84225  31.227  -3.900  -1.597 0.7142857313
85306  33.669  -2.305  -4.326 0.2857142985
86308  32.922  -1.636  -3.768 0.5714285970
85271  32.580  -2.777  -2.852 0.8571428657
85272  31.676  -2.832  -2.089 0.8571428657
86336  34.058  -1.153  -6.431 0.1428571492
86324  33.986  -1.581  -4.849 0.1428571492
86292  32.108  -1.739  -2.534 0.8571428657
88337  32.776  -0.058  -7.587 0.1428571492
87338  33.599  -0.474  -5.988 0.1428571492
87327  33.586  -0.387  -4.806 0.4285714328
87313  32.246  -0.403  -2.937 0.8571428657
89326  32.880  1.365  -8.433 0.1428571492
88348  32.733  0.383  -7.983 0.1428571492
89316  33.127  1.274  -7.461 0.1428571492
88336  33.202  0.162  -6.859 0.1428571492
89294  32.981  1.287  -5.860 0.4285714328
88311  33.122  0.252  -4.503 0.5714285970
88294  32.627  0.318  -3.792 0.7142857313
87298  30.938  -0.593  -2.449 0.8571428657
90369  32.664  2.254  -8.208 0.1428571492
89306  32.843  1.754  -6.425 0.1428571492
88295  32.024  1.140  -3.166 0.8571428657
91355  32.155  3.276  -8.850 0.1428571492
90359  32.694  2.378  -7.107 0.1428571492
91322  32.099  3.085  -6.100 0.8571428657
88325  32.728  1.154  -5.367 0.8571428657
88312  32.518  0.980  -4.613 0.7142857313
89296  31.658  2.146  -4.751 0.8571428657
93156  31.844  5.090  -8.517 0.1428571492
93161  31.349  5.212  -9.537 0.1428571492
92242  32.199  4.064  -7.801 0.4285714328
92219  31.487  4.462  -5.278 0.8571428657
91323  31.732  3.463  -5.692 0.8571428657
90337  31.434  2.673  -5.108 0.8571428657
89280  31.056  2.227  -4.229 0.8571428657
93148  32.168  4.734  -7.851 0.4285714328
92199  30.860  4.440  -4.626 0.8571428657
91303  31.185  3.625  -4.893 0.8571428657
91304  30.524  3.700  -4.401 0.8571428657
94061  31.438  6.265  -8.989 0.1428571492
94998  31.307  6.723  -8.290 0.2857142985
94054  31.448  6.036  -7.892 0.5714285970
94044  31.246  6.112  -6.683 0.8571428657
93139  31.498  5.256  -6.609 0.8571428657
93126  31.236  5.469  -5.826 0.8571428657
93111  31.097  5.171  -4.860 0.8571428657
93127  30.575  5.798  -5.079 0.8571428657
92200  30.133  4.425  -4.319 0.8571428657
94999  30.579  7.420  -8.639 0.2857142985
94991  30.758  7.502  -7.225 0.7142857313
94990  31.280  6.895  -7.567 0.5714285970
94982  31.119  6.958  -6.784 0.8571428657
94034  29.958  6.628  -5.184 0.8571428657
93112  30.381  5.110  -4.614 0.8571428657
95998  30.385  8.041  -6.551 0.8571428657
95988  29.961  8.146  -5.822 0.8571428657
94975  28.391  7.681  -5.277 0.7142857313
94035  28.922  6.730  -4.981 0.7142857313
96008  30.370  8.348  -7.575 0.8571428657
95989  28.955  8.674  -5.622 0.8571428657
94974  29.437  7.565  -5.341 0.8571428657
97028  28.223  9.122  -5.593 0.8571428657
94976  27.633  7.735  -5.203 0.7142857313
98038  28.689  10.570  -6.874 0.7142857313
98026  28.827  10.194  -6.452 0.8571428657
98027  28.159  10.393  -6.360 0.8571428657
98028  27.614  10.345  -5.785 0.8571428657
99007  26.930  11.452  -5.281 0.7142857313
97040  27.921  9.934  -5.918 0.8571428657
99037  25.742  10.597  -9.933 0.1428571492
99019  27.502  11.137  -6.248 0.8571428657
99020  26.744  11.939  -6.269 0.7142857313
99006  27.384  10.900  -5.397 0.8571428657
101042  24.422  13.217  -8.954 0.1428571492
130735  26.402  12.438  -7.180 0.5714285970
100034  25.360  12.769  -6.663 0.5714285970
100025  24.653  13.042  -6.273 0.5714285970
101030  24.997  13.327  -7.817 0.1428571492
101051  23.515  13.799  -9.678 0.1428571492
101010  24.337  13.511  -5.953 0.5714285970
101951  22.720  14.838  -8.349 0.1428571492
102836  22.728  15.356  -9.191 0.1428571492
101032  23.268  13.849  -7.509 0.1428571492
102823  22.540  15.651  -8.386 0.1428571492
101020  24.123  13.420  -6.811 0.5714285970
101952  22.527  15.498  -8.237 0.1428571492
101942  22.567  15.407  -7.848 0.1428571492
103632  21.770  16.400  -8.093 0.1428571492
102825  21.565  15.940  -7.865 0.1428571492
66978  20.615  -20.486  4.260 0.1428571492
68982  22.638  -18.293  3.736 0.1428571492
71029  22.660  -17.059  2.744 0.2857142985
73153  24.521  -14.674  1.011 0.2857142985
72121  24.088  -15.205  0.834 0.1428571492
78201  25.774  -9.605  -0.455 0.2857142985
81195  28.197  -7.262  -0.634 0.4285714328
80118  26.652  -7.881  -0.539 0.5714285970
83253  32.207  -4.719  -2.655 0.2857142985
82209  27.464  -6.291  -0.531 0.7142857313
85289  33.697  -3.382  -3.952 0.1428571492
86280  30.534  -2.501  -1.574 0.8571428657
87312  33.159  -0.418  -3.906 0.7142857313
90347  32.330  2.493  -6.240 0.8571428657
89295  32.279  1.902  -5.364 0.8571428657
89266  31.456  1.648  -3.795 0.8571428657
90322  30.821  2.995  -4.607 0.8571428657
97047  29.417  9.883  -7.328 0.8571428657
99018  28.258  11.134  -7.162 0.8571428657
130738  27.377  11.825  -7.364 0.7142857313
100045  25.789  12.895  -7.967 0.2857142985
101019  24.624  13.227  -7.116 0.1428571492
101043  23.583  14.060  -8.629 0.1428571492
103649  23.274  15.929  -8.732 0.1428571492
66979  19.824  -20.459  4.358 0.1428571492
70068  21.881  -16.998  2.396 0.4285714328
71065  23.115  -16.265  1.378 0.2857142985
72091  22.099  -15.829  2.113 0.2857142985
72107  23.560  -15.819  1.225 0.1428571492
75351  25.475  -12.285  -0.031 0.2857142985
75352  24.854  -12.490  -0.305 0.2857142985
75338  24.461  -12.920  -0.265 0.2857142985
87352  32.751  -0.309  -7.980 0.1428571492
89329  32.770  1.540  -8.932 0.1428571492
92249  31.848  4.144  -8.631 0.2857142985
92250  31.550  4.321  -9.322 0.1428571492
91335  31.993  3.514  -6.266 0.8571428657
88296  30.829  0.608  -2.865 1.0000000000
94065  30.882  5.888  -9.714 0.1428571492
94062  30.731  6.598  -9.562 0.1428571492
95000  29.790  8.117  -8.913 0.2857142985
96018  30.047  8.436  -8.431 0.5714285970
97054  29.169  10.057  -8.441 0.5714285970
98047  28.812  10.533  -7.585 0.5714285970
130730  26.493  11.965  -8.433 0.4285714328
97055  27.643  10.732  -8.718 0.2857142985
100054  25.281  12.261  -8.920 0.1428571492
101041  25.177  13.018  -8.414 0.1428571492
101940  23.155  14.501  -6.299 0.2857142985
101941  22.825  14.597  -7.000 0.1428571492
102810  22.364  16.013  -7.204 0.1428571492
101962  23.170  14.670  -9.321 0.1428571492
104410  20.568  16.892  -8.633 0.1428571492
103616  19.947  16.894  -7.785 0.1428571492
104394  20.720  17.224  -8.266 0.1428571492
96019  29.425  8.969  -9.074 0.4285714328
97064  28.514  9.811  -9.434 0.4285714328
68962  21.590  -18.804  3.621 0.1428571492
68984  21.240  -18.275  3.441 0.1428571492
67942  20.637  -18.824  3.574 0.1428571492
67926  19.624  -19.522  4.377 0.1428571492
70070  20.887  -17.112  2.895 0.4285714328
70069  21.366  -17.103  2.611 0.5714285970
70048  22.901  -17.615  3.321 0.1428571492
71066  22.924  -16.385  1.557 0.1428571492
74289  25.021  -13.012  -0.338 0.2857142985
83235  28.403  -4.612  -1.141 0.7142857313
84244  32.044  -3.846  -2.351 0.8571428657
85256  30.858  -2.983  -1.554 0.8571428657
86325  33.349  -2.113  -4.270 0.5714285970
86307  33.476  -0.987  -4.301 0.5714285970
89305  33.369  0.986  -6.554 0.2857142985
87351  33.283  -0.526  -7.296 0.1428571492
88324  33.291  0.547  -5.559 0.1428571492
91348  32.506  3.179  -7.652 0.5714285970
89279  31.839  1.701  -4.295 0.8571428657
90336  31.957  2.709  -5.709 0.8571428657
92231  31.856  4.290  -6.596 0.8571428657
94033  30.792  6.451  -5.820 0.8571428657
94032  31.122  6.032  -6.075 0.8571428657
93128  29.575  5.646  -4.897 0.8571428657
94973  30.255  7.340  -5.640 0.8571428657
95999  29.654  8.915  -6.647 0.8571428657
96000  29.095  9.249  -6.146 0.8571428657
100035  24.662  13.107  -6.677 0.5714285970
100024  25.166  12.489  -5.564 0.5714285970
101970  23.384  14.319  -10.080 0.1428571492
101021  23.488  13.867  -6.568 0.4285714328
102844  23.190  15.057  -9.537 0.1428571492
101031  24.023  13.300  -7.794 0.1428571492
102824  21.915  15.787  -8.115 0.1428571492
73152  25.147  -14.173  1.417 0.1428571492
96009  29.778  9.161  -7.944 0.5714285970
75353  24.257  -11.994  -0.365 0.5714285970
102809  22.976  15.092  -6.358 0.1428571492
77278  23.413  -11.161  0.059 0.5714285970
76341  22.744  -11.702  0.326 0.5714285970
77263  21.463  -11.128  1.281 0.2857142985
77296  23.820  -10.299  -0.275 0.5714285970
77279  22.798  -10.632  0.237 0.5714285970
76321  21.578  -11.949  1.309 0.4285714328
77280  21.842  -10.321  0.678 0.4285714328
78203  23.838  -9.247  -0.285 0.5714285970
78204  22.894  -9.129  -0.410 0.5714285970
78205  22.451  -8.750  -0.374 0.4285714328
79085  24.700  -8.484  -0.521 0.5714285970
80120  24.597  -7.515  -0.618 0.7142857313
80119  25.616  -7.682  -0.577 0.4285714328
78188  22.498  -9.842  0.056 0.4285714328
77281  21.193  -9.726  0.686 0.2857142985
77264  20.855  -10.479  1.372 0.2857142985
82210  26.548  -6.030  -0.586 0.7142857313
82229  24.409  -5.391  -1.621 0.4285714328
83237  26.381  -4.446  -1.521 0.7142857313
83238  25.392  -4.719  -1.830 0.5714285970
83254  26.040  -4.140  -2.081 0.7142857313
83255  25.367  -4.141  -2.342 0.2857142985
82227  26.495  -5.239  -0.979 0.7142857313
84229  27.317  -3.497  -1.535 0.7142857313
84245  26.992  -3.161  -2.021 0.7142857313
85275  27.227  -2.503  -2.525 0.7142857313
85276  26.248  -2.673  -2.821 0.7142857313
84247  25.312  -3.315  -2.674 0.4285714328
85292  26.319  -2.234  -3.379 0.4285714328
83236  27.386  -4.439  -1.197 0.5714285970
84227  29.319  -3.766  -1.179 0.5714285970
85259  28.213  -2.802  -1.602 0.5714285970
85274  28.219  -2.319  -2.196 0.7142857313
86296  28.152  -1.681  -2.713 0.7142857313
88283  28.566  -0.245  -2.873 0.7142857313
86310  27.245  -1.711  -3.694 0.7142857313
86326  27.074  -1.524  -4.493 0.5714285970
88300  27.494  -0.107  -4.265 0.5714285970
86293  31.054  -1.865  -1.840 0.7142857313
86282  29.446  -2.019  -1.687 0.5714285970
85273  28.852  -2.325  -1.884 0.5714285970
86294  30.064  -1.396  -1.791 0.7142857313
86295  29.067  -1.641  -2.209 0.7142857313
88282  29.389  -0.198  -2.769 0.8571428657
86311  26.374  -1.830  -4.008 0.4285714328
88298  29.047  0.423  -3.077 0.7142857313
89270  28.198  0.753  -3.989 0.7142857313
89269  28.699  1.006  -3.610 0.7142857313
88313  27.818  0.518  -4.224 0.5714285970
89283  28.091  1.394  -4.404 0.7142857313
87300  28.807  -0.837  -2.504 0.7142857313
88297  29.891  0.328  -3.060 0.8571428657
89268  29.804  1.156  -3.332 0.8571428657
89282  29.102  1.930  -3.775 0.7142857313
90326  27.518  2.503  -4.705 0.2857142985
87314  31.566  0.264  -2.712 0.7142857313
92203  27.533  4.215  -4.684 0.7142857313
89267  30.874  1.485  -3.517 0.7142857313
89281  30.115  2.167  -3.690 0.8571428657
90325  28.551  2.612  -4.417 0.8571428657
92201  29.382  4.407  -4.610 0.8571428657
90324  29.506  2.827  -4.096 0.8571428657
91307  28.013  3.406  -4.770 0.5714285970
92202  28.471  4.245  -4.820 0.8571428657
92204  26.686  4.269  -4.589 0.7142857313
90323  30.310  2.964  -4.104 0.8571428657
91305  29.819  3.670  -4.243 0.8571428657
93114  27.986  4.995  -4.911 0.8571428657
92221  28.931  4.972  -5.099 0.8571428657
93129  28.419  5.808  -5.062 0.8571428657
93130  27.464  5.707  -5.046 0.7142857313
95990  27.799  8.561  -5.369 0.7142857313
95976  27.152  8.559  -4.868 0.7142857313
97030  27.241  9.214  -5.006 0.5714285970
95964  26.816  8.621  -3.854 0.7142857313
97016  26.966  9.662  -4.472 0.7142857313
97015  27.287  10.332  -4.811 0.8571428657
97990  26.394  10.333  -4.056 0.7142857313
97002  26.288  9.584  -3.503 0.7142857313
97984  25.444  10.638  -2.826 0.7142857313
98983  25.971  11.533  -3.122 0.7142857313
97974  25.371  10.632  -1.770 0.5714285970
98002  26.091  10.933  -4.279 0.7142857313
98987  26.105  11.541  -4.027 0.7142857313
98975  25.732  11.576  -2.188 0.5714285970
98996  25.672  11.517  -4.850 0.5714285970
98977  24.566  11.187  -0.778 0.5714285970
100012  26.255  12.502  -3.569 0.5714285970
100008  26.462  12.540  -2.579 0.5714285970
100003  25.696  12.614  -1.744 0.5714285970
98976  24.874  11.729  -1.384 0.4285714328
98968  23.838  11.807  -0.713 0.5714285970
100004  24.926  12.739  -1.178 0.5714285970
98967  24.484  12.256  -0.996 0.5714285970
100011  26.708  12.909  -3.036 0.5714285970
98955  23.569  12.258  -0.110 0.4285714328
98969  22.683  11.412  -0.500 0.4285714328
99997  24.431  12.682  -0.434 0.5714285970
100968  24.170  13.588  0.370 0.4285714328
81214  28.797  -6.846  -1.060 0.2857142985
100984  24.708  13.627  -0.249 0.2857142985
99983  24.410  13.047  0.145 0.4285714328
100969  23.232  13.445  0.778 0.2857142985
75321  22.327  -13.238  0.977 0.5714285970
77295  24.874  -10.425  -0.334 0.2857142985
76353  24.138  -11.215  -0.172 0.4285714328
76342  22.089  -11.307  0.792 0.5714285970
78202  24.774  -9.453  -0.417 0.5714285970
78189  21.903  -9.216  0.031 0.4285714328
79087  22.932  -8.307  -0.523 0.4285714328
80121  23.644  -7.672  -0.720 0.5714285970
78190  21.081  -9.072  0.437 0.2857142985
79070  21.423  -8.374  0.071 0.2857142985
81215  25.156  -6.149  -0.744 0.5714285970
81212  30.395  -7.064  -1.912 0.2857142985
82244  24.034  -4.910  -1.958 0.2857142985
84246  26.239  -3.361  -2.330 0.7142857313
94965  27.190  7.517  -4.919 0.7142857313
95975  27.397  8.093  -5.144 0.7142857313
97003  25.443  9.933  -3.230 0.7142857313
97975  24.970  10.582  -0.905 0.5714285970
98956  23.172  11.922  0.114 0.2857142985
99008  25.825  11.633  -5.624 0.5714285970
100015  25.674  12.380  -4.572 0.5714285970
100992  26.115  13.579  -2.215 0.5714285970
100987  25.496  13.631  -1.254 0.2857142985
80122  22.771  -7.615  -0.767 0.4285714328
76352  24.963  -11.383  -0.263 0.2857142985
85257  30.066  -3.043  -1.508 0.7142857313
82226  27.457  -5.387  -0.917 0.5714285970
87297  31.592  -1.161  -2.481 0.7142857313
88281  30.187  -0.136  -2.739 0.7142857313
98001  26.857  10.929  -4.487 0.8571428657
81197  26.549  -6.939  -0.462 0.5714285970
94037  26.968  6.011  -5.045 0.7142857313
76340  23.471  -11.977  -0.186 0.4285714328
75341  22.087  -12.196  0.740 0.5714285970
77297  23.138  -9.857  -0.225 0.5714285970
75322  21.840  -12.991  1.440 0.5714285970
79086  23.757  -8.355  -0.352 0.5714285970
79088  22.170  -8.278  -0.367 0.4285714328
81199  24.743  -6.706  -0.673 0.5714285970
80138  24.210  -7.082  -0.928 0.4285714328
81198  25.550  -6.666  -0.518 0.5714285970
82211  25.812  -5.852  -0.692 0.7142857313
82228  25.435  -5.435  -1.208 0.5714285970
81216  24.447  -6.326  -1.187 0.4285714328
83239  24.696  -4.672  -2.030 0.2857142985
84230  26.568  -3.679  -1.839 0.7142857313
84228  28.300  -3.619  -1.320 0.7142857313
85291  26.888  -2.171  -3.094 0.7142857313
85258  29.197  -2.833  -1.600 0.5714285970
87301  28.193  -0.885  -2.913 0.7142857313
88284  28.145  -0.450  -3.141 0.7142857313
87299  29.759  -0.792  -2.424 0.5714285970
88299  28.060  0.086  -3.535 0.7142857313
87339  26.501  -0.175  -4.790 0.2857142985
90327  26.554  2.537  -4.878 0.2857142985
91306  29.032  3.485  -4.704 0.8571428657
97991  25.845  10.620  -3.635 0.8571428657
100991  26.652  13.199  -2.631 0.7142857313
99984  23.743  12.628  0.303 0.4285714328
80102  21.073  -7.910  0.106 0.1428571492
71030  20.428  -16.113  3.214 0.4285714328
76339  26.122  -11.737  -0.040 0.1428571492
76350  26.752  -11.170  -0.525 0.1428571492
79082  27.556  -8.931  -0.972 0.1428571492
80137  28.205  -8.485  -1.045 0.1428571492
77293  26.763  -10.567  -0.794 0.1428571492
79099  28.219  -8.815  -1.417 0.1428571492
78199  27.635  -9.691  -1.282 0.1428571492
77292  27.719  -10.408  -1.049 0.1428571492
80136  28.801  -7.915  -1.585 0.1428571492
82223  30.812  -5.984  -1.925 0.2857142985
94036  27.621  6.784  -4.978 0.5714285970
105939  20.844  19.442  -6.988 0.1428571492
93116  26.672  5.282  -4.425 0.4285714328
106717  20.543  20.092  -6.471 0.1428571492
103614  21.942  16.386  -6.715 0.1428571492
94955  25.584  7.041  -3.008 0.4285714328
94954  26.309  7.551  -3.578 0.5714285970
94937  25.863  7.765  -2.652 0.4285714328
103591  23.686  17.149  -3.832 0.2857142985
101919  25.065  15.203  -3.715 0.2857142985
101922  25.489  14.434  -3.830 0.2857142985
101923  24.829  15.149  -4.466 0.2857142985
95948  22.528  8.009  -1.514 0.1428571492
95945  25.278  8.625  -2.273 0.5714285970
96989  25.773  9.302  -2.805 0.5714285970
102778  25.251  15.603  -2.467 0.2857142985
101001  25.664  13.414  -4.189 0.4285714328
95929  23.889  8.863  -1.147 0.4285714328
96974  24.986  9.801  -1.556 0.5714285970
101915  25.490  14.621  -1.864 0.2857142985
96977  22.265  9.620  -0.927 0.4285714328
96976  23.327  9.833  -0.701 0.2857142985
101909  25.435  14.788  -0.760 0.1428571492
96967  21.789  10.427  -1.130 0.1428571492
97965  23.084  10.947  -0.850 0.4285714328
101910  25.057  14.229  -0.393 0.1428571492
103574  25.298  16.554  -1.719 0.1428571492
97966  22.182  11.107  -1.090 0.2857142985
101894  24.849  14.605  0.042 0.2857142985
101896  22.591  14.283  1.332 0.1428571492
101893  25.380  15.003  -0.257 0.1428571492
102765  25.611  15.968  -0.938 0.1428571492
101895  23.831  14.364  0.859 0.1428571492
102747  24.512  15.554  0.809 0.1428571492
102746  25.581  15.706  -0.139 0.1428571492
72070  20.519  -15.386  3.146 0.4285714328
73137  20.060  -14.019  3.028 0.2857142985
77305  28.144  -9.688  -1.440 0.1428571492
80135  29.811  -7.477  -1.944 0.1428571492
94011  25.918  6.405  -3.574 0.2857142985
99021  25.965  12.043  -6.465 0.4285714328
101929  24.438  14.882  -5.265 0.2857142985
103585  25.344  16.226  -2.230 0.2857142985
102784  24.486  15.831  -4.168 0.2857142985
72106  24.252  -15.363  1.437 0.1428571492
74262  25.713  -13.290  1.212 0.1428571492
75337  26.004  -12.305  0.538 0.1428571492
82222  31.353  -5.579  -2.209 0.1428571492
81213  29.817  -6.942  -1.452 0.1428571492
93096  26.289  5.703  -3.927 0.4285714328
101009  25.485  13.299  -5.152 0.4285714328
103587  23.831  17.383  -3.246 0.2857142985
103590  24.011  16.357  -3.850 0.2857142985
102792  23.679  15.659  -4.948 0.2857142985
103597  22.952  16.677  -4.852 0.2857142985
104356  21.754  17.745  -5.135 0.1428571492
105111  21.993  18.694  -4.500 0.1428571492
104380  20.824  17.198  -6.864 0.1428571492
102764  25.686  16.282  -0.575 0.2857142985
103586  24.414  16.695  -2.684 0.2857142985
104367  21.740  17.319  -5.702 0.1428571492
105125  20.125  18.667  -6.389 0.1428571492
102801  22.799  15.863  -5.901 0.1428571492
103603  21.907  16.624  -5.980 0.1428571492
83252  32.646  -5.037  -3.250 0.2857142985
101935  23.869  14.374  -5.988 0.4285714328
104348  23.633  17.990  -3.756 0.2857142985
102800  23.639  15.184  -5.884 0.2857142985
102793  23.121  16.179  -5.346 0.1428571492
71051  20.951  -16.610  2.818 0.4285714328
101933  25.776  13.871  -5.199 0.2857142985
95944  26.289  8.579  -2.926 0.5714285970
96990  25.037  9.735  -2.539 0.5714285970
101928  25.464  14.483  -4.726 0.2857142985
100983  25.169  13.910  -0.664 0.2857142985
94026  26.753  6.672  -4.503 0.5714285970
97976  24.096  10.675  -0.682 0.5714285970
101918  25.543  14.684  -2.895 0.2857142985
76349  27.314  -10.774  -0.181 0.1428571492
80155  28.933  -8.191  -2.195 0.1428571492
102779  24.687  15.651  -3.233 0.2857142985
95947  23.521  7.953  -1.497 0.2857142985
95946  24.466  8.098  -1.690 0.4285714328
102774  25.566  15.633  -1.682 0.1428571492
95930  22.918  8.796  -1.027 0.2857142985
95928  24.591  9.073  -1.702 0.5714285970
96975  24.415  9.733  -0.926 0.5714285970
73114  20.275  -15.033  3.295 0.2857142985
80154  29.315  -7.925  -2.228 0.1428571492
103598  22.116  17.088  -5.409 0.2857142985
105112  20.713  18.619  -4.948 0.1428571492
87316  27.434  -0.823  -4.035 0.4285714328
89284  26.953  1.622  -4.609 0.2857142985
105080  24.556  18.714  -1.481 0.1428571492
104344  23.779  17.856  -2.857 0.1428571492
105897  24.335  19.455  -2.119 0.1428571492
104303  26.159  17.013  0.100 0.1428571492
104330  24.453  17.750  -1.640 0.1428571492
104331  23.907  18.105  -2.247 0.1428571492
104317  25.929  17.109  -0.196 0.1428571492
104304  25.658  17.600  0.172 0.1428571492
104319  24.699  17.324  -1.004 0.1428571492
105067  25.041  18.586  -0.203 0.1428571492
105896  24.478  19.895  -1.539 0.1428571492
103560  24.470  17.139  -1.123 0.1428571492
105079  24.929  18.327  -0.891 0.1428571492
105885  25.005  19.391  0.330 0.1428571492
105068  24.617  19.044  -0.869 0.1428571492
88315  26.599  1.020  -5.032 0.2857142985
105886  24.611  19.885  -0.438 0.1428571492
105907  24.255  20.225  -2.313 0.1428571492
104343  24.196  17.448  -2.168 0.1428571492
105100  23.164  18.584  -3.400 0.1428571492
105081  23.982  18.744  -2.091 0.1428571492
105092  23.311  18.837  -2.695 0.1428571492
105052  25.738  18.541  0.583 0.1428571492
79084  25.703  -8.652  -0.529 0.4285714328
74263  22.417  -13.776  1.080 0.4285714328
73172  22.825  -14.254  0.846 0.2857142985
72122  23.722  -15.114  0.802 0.1428571492
75340  22.769  -12.944  0.454 0.2857142985
74277  22.945  -13.879  0.560 0.1428571492
75339  23.972  -12.807  -0.204 0.2857142985
73156  21.907  -14.422  1.477 0.2857142985
74264  21.891  -13.748  1.530 0.4285714328
74276  23.593  -13.733  0.153 0.1428571492
73154  23.264  -15.248  1.123 0.1428571492
73155  22.692  -14.764  1.230 0.2857142985
73135  21.344  -15.022  1.878 0.2857142985
73136  20.600  -14.656  2.750 0.2857142985
74246  21.306  -13.817  1.989 0.2857142985
75304  21.455  -13.187  1.985 0.2857142985
80139  23.573  -7.078  -1.231 0.2857142985
81217  23.537  -6.282  -1.532 0.2857142985
84264  25.051  -2.797  -2.895 0.1428571492
85277  25.657  -2.621  -3.013 0.2857142985
86327  26.332  -1.424  -4.644 0.1428571492
89297  25.651  1.737  -5.198 0.1428571492
91324  26.131  3.148  -5.232 0.1428571492
92223  25.814  3.381  -5.049 0.1428571492
92205  25.634  4.131  -4.367 0.1428571492
94013  24.384  5.674  -2.169 0.1428571492
94938  25.271  7.130  -1.926 0.1428571492
94940  23.154  6.967  -1.527 0.1428571492
93996  24.631  6.302  -1.857 0.1428571492
98957  22.335  11.783  0.220 0.1428571492
98970  21.518  11.618  -0.601 0.1428571492
99985  22.814  12.427  0.708 0.1428571492
99986  21.567  12.467  0.422 0.1428571492
72071  19.956  -15.527  3.441 0.2857142985
72109  22.086  -15.243  1.521 0.1428571492
93115  27.206  5.007  -4.743 0.2857142985
92186  24.746  4.436  -3.620 0.1428571492
94939  24.232  6.997  -1.481 0.1428571492
80140  22.689  -6.974  -1.316 0.2857142985
81218  22.669  -6.204  -1.455 0.2857142985
84265  24.549  -2.672  -3.011 0.1428571492
87329  26.148  -0.822  -5.043 0.1428571492
87340  25.930  -0.059  -5.008 0.1428571492
88326  26.416  0.420  -4.907 0.1428571492
89307  24.845  1.862  -5.306 0.1428571492
91336  25.363  2.620  -5.391 0.1428571492
91326  24.845  2.873  -5.128 0.1428571492
91310  24.682  3.392  -4.700 0.1428571492
93097  25.455  5.245  -3.567 0.1428571492
93997  23.829  5.990  -1.734 0.1428571492
80141  22.175  -6.691  -1.074 0.2857142985
85293  25.452  -2.241  -3.368 0.1428571492
91308  26.929  3.410  -4.863 0.1428571492
98978  20.877  11.449  -1.223 0.1428571492
80123  21.659  -7.353  -0.521 0.1428571492
93117  26.038  5.052  -4.080 0.1428571492
94012  25.001  6.160  -2.796 0.1428571492
74247  20.457  -13.634  2.584 0.2857142985
82231  22.589  -5.459  -1.696 0.1428571492
90340  24.300  2.441  -4.961 0.1428571492
72072  19.230  -15.551  3.864 0.1428571492
73097  18.393  -14.772  4.413 0.1428571492
73115  19.791  -14.690  3.420 0.1428571492
75305  21.032  -12.827  2.245 0.1428571492
84243  33.023  -3.938  -3.024 0.1428571492
83267  33.106  -5.096  -3.692 0.1428571492
95007  28.454  8.056  -10.248 0.1428571492
70052  19.718  -17.065  3.757 0.1428571492
74228  19.487  -13.642  3.380 0.1428571492
75306  20.002  -12.936  2.740 0.1428571492
75323  21.287  -12.372  1.711 0.1428571492
74248  19.973  -13.550  2.917 0.1428571492
76322  20.711  -11.758  1.794 0.1428571492
95006  29.317  7.818  -9.759 0.1428571492
96027  28.585  8.918  -10.150 0.1428571492
95005  30.138  7.027  -10.001 0.1428571492
84262  33.493  -4.148  -3.754 0.1428571492
71031  19.607  -16.407  3.701 0.1428571492
73116  18.816  -14.540  3.784 0.1428571492
71050  21.715  -16.456  2.499 0.4285714328
72090  22.480  -16.143  1.876 0.4285714328
73171  23.331  -14.511  0.714 0.2857142985
74288  25.168  -12.759  -0.241 0.2857142985
79098  28.725  -8.648  -2.066 0.1428571492
79109  29.391  -8.232  -2.226 0.1428571492
79110  28.979  -8.405  -2.298 0.1428571492
79121  29.129  -8.223  -2.375 0.1428571492
79122  28.903  -8.209  -2.498 0.1428571492
80116  28.526  -7.569  -0.828 0.4285714328
80165  29.069  -7.966  -2.306 0.1428571492
80166  29.087  -8.201  -2.390 0.1428571492
82243  31.121  -6.090  -2.396 0.2857142985
83251  32.959  -4.929  -3.431 0.1428571492
84242  33.069  -4.633  -3.399 0.1428571492
85260  27.558  -2.771  -1.879 0.7142857313
85290  33.402  -2.789  -3.707 0.1428571492
86281  30.077  -2.221  -1.549 0.5714285970
86297  27.459  -1.888  -3.055 0.7142857313
86309  27.763  -1.401  -3.150 0.7142857313
87315  27.818  -0.861  -3.409 0.7142857313
87328  26.938  -0.716  -4.678 0.4285714328
87362  33.025  0.020  -8.316 0.1428571492
88314  27.121  0.476  -4.637 0.5714285970
88347  32.964  0.380  -7.496 0.1428571492
89285  26.193  1.725  -4.865 0.1428571492
89298  25.204  1.812  -5.309 0.1428571492
89308  24.534  1.735  -5.177 0.1428571492
89315  33.303  0.682  -7.123 0.2857142985
89325  33.078  1.231  -8.619 0.1428571492
89328  33.126  1.548  -9.126 0.1428571492
90338  25.898  2.488  -5.195 0.1428571492
90339  25.471  2.360  -5.315 0.1428571492
90348  25.122  2.293  -5.340 0.1428571492
90349  24.679  2.259  -5.221 0.1428571492
91309  25.379  3.279  -4.916 0.1428571492
91325  25.515  2.934  -5.392 0.1428571492
91334  32.284  3.238  -6.716 0.8571428657
91337  25.117  2.648  -5.339 0.1428571492
91356  31.695  3.769  -9.171 0.1428571492
92220  29.411  5.019  -4.745 0.8571428657
92222  26.211  3.630  -4.820 0.1428571492
92230  32.261  3.706  -7.176 0.5714285970
92243  32.024  4.567  -7.383 0.4285714328
93113  29.774  4.961  -4.508 0.8571428657
93131  27.042  5.552  -4.898 0.7142857313
93149  31.792  5.185  -7.349 0.4285714328
93155  32.070  4.513  -8.215 0.2857142985
93998  22.848  6.246  -2.217 0.1428571492
94025  27.096  7.008  -4.927 0.5714285970
94045  30.962  6.698  -6.379 0.8571428657
94966  26.918  7.770  -4.343 0.5714285970
94983  30.675  7.254  -6.315 0.8571428657
95927  24.830  9.311  -2.133 0.5714285970
95987  30.390  7.744  -6.010 0.8571428657
95991  27.411  8.997  -5.187 0.5714285970
96966  22.520  10.458  -0.980 0.1428571492
97029  27.641  9.633  -5.314 0.8571428657
97038  29.250  9.795  -6.474 0.8571428657
97039  28.511  9.610  -5.990 0.8571428657
98000  27.318  10.778  -4.830 0.8571428657
98014  27.468  10.484  -5.156 0.8571428657
98015  26.224  11.112  -5.094 0.7142857313
98016  25.909  10.984  -4.928 0.5714285970
98037  29.102  10.282  -6.896 0.7142857313
98943  23.584  12.401  0.125 0.4285714328
98944  23.396  12.246  0.150 0.4285714328
98994  27.404  10.841  -5.054 0.8571428657
98995  27.272  11.071  -4.921 0.8571428657
99970  23.456  12.445  0.325 0.4285714328
99971  23.289  12.273  0.372 0.4285714328
99998  23.874  12.357  -0.283 0.4285714328
100007  26.762  12.945  -2.755 0.7142857313
100988  24.967  13.314  -0.747 0.5714285970
100995  26.722  13.161  -2.895 0.7142857313
100996  26.421  13.568  -3.190 0.7142857313
101000  25.757  13.683  -4.614 0.2857142985
101008  25.860  13.646  -4.946 0.2857142985
101011  23.645  13.909  -6.165 0.4285714328
101880  22.145  14.566  1.623 0.1428571492
101926  26.257  14.194  -4.807 0.2857142985
101927  25.871  14.010  -4.768 0.2857142985
101932  26.138  13.911  -4.958 0.2857142985
101934  24.970  14.106  -5.326 0.2857142985
101936  23.267  14.156  -6.322 0.2857142985
101981  23.536  13.724  -10.430 0.1428571492
102789  26.009  14.508  -4.915 0.2857142985
102790  25.717  14.457  -5.030 0.2857142985
102791  25.343  14.329  -5.067 0.2857142985
102797  26.315  14.176  -5.178 0.2857142985
102798  25.976  14.180  -5.280 0.2857142985
102799  25.517  14.186  -5.213 0.2857142985
102802  22.302  16.239  -6.445 0.1428571492
102808  23.403  14.762  -6.148 0.2857142985
102811  21.440  16.166  -7.667 0.1428571492
103559  24.997  16.783  -0.879 0.1428571492
103575  24.515  17.020  -1.582 0.1428571492
103596  23.786  16.136  -4.440 0.2857142985
103602  22.709  16.334  -5.517 0.1428571492
103604  21.211  16.998  -6.601 0.1428571492
103615  20.983  16.553  -7.203 0.1428571492
103617  19.694  17.018  -8.062 0.1428571492
103633  20.950  16.577  -8.126 0.1428571492
103634  20.233  16.657  -8.143 0.1428571492
103635  19.811  16.840  -8.294 0.1428571492
103650  20.466  16.726  -8.734 0.1428571492
103651  20.239  16.766  -8.615 0.1428571492
103652  19.963  16.744  -8.521 0.1428571492
104318  25.263  17.532  -0.563 0.1428571492
104329  24.925  17.898  -1.200 0.1428571492
104357  21.073  18.299  -5.539 0.1428571492
104368  21.152  17.907  -6.400 0.1428571492
104369  19.959  18.075  -6.763 0.1428571492
104381  20.033  17.482  -7.226 0.1428571492
104382  19.597  17.375  -7.873 0.1428571492
104396  19.635  17.240  -8.322 0.1428571492
105124  20.570  18.540  -5.736 0.1428571492
107482  20.853  20.815  -6.067 0.1428571492
