#!ascii label  , from subject 3190 vox2ras=TkReg
373
83217  -24.277  2.276  -33.081 0.0000000000
78480  -21.084  -1.578  -30.315 0.0000000000
78487  -27.467  -1.293  -30.266 0.0000000000
74674  -24.070  -5.005  -28.690 0.0000000000
96197  -25.704  14.603  -30.355 0.0000000000
92365  -27.845  10.527  -31.600 0.0000000000
89096  -20.763  7.659  -32.784 0.0000000000
69379  -22.904  -7.945  -26.211 0.0000000000
75951  -22.429  -3.379  -30.202 0.0000000000
74671  -21.444  -4.607  -28.860 0.0000000000
94213  -26.490  12.562  -30.812 0.0000000000
92385  -24.884  10.178  -31.623 0.0000000000
84418  -19.551  3.477  -31.489 0.0000000000
87916  -18.036  6.313  -30.919 0.0000000000
85639  -22.521  4.645  -33.424 0.0000000000
87972  -25.901  6.331  -33.505 0.0000000000
85633  -27.122  4.542  -33.360 0.0000000000
83207  -28.171  2.391  -32.014 0.0000000000
81943  -19.188  1.084  -29.868 0.0000000000
81972  -22.199  0.928  -31.955 0.0000000000
79660  -26.660  0.098  -32.197 0.0000000000
78483  -24.027  -1.413  -31.216 0.0000000000
75940  -25.604  -3.409  -29.739 0.0000000000
75904  -25.923  -3.512  -27.238 0.0000000000
92381  -20.471  10.712  -32.385 0.0000000000
90237  -24.618  8.286  -32.708 0.0000000000
90241  -28.340  8.454  -32.574 0.0000000000
73385  -21.149  -6.413  -27.110 0.0000000000
73409  -23.595  -5.887  -27.360 0.0000000000
75921  -20.814  -3.888  -28.699 0.0000000000
74654  -19.905  -4.183  -27.698 0.0000000000
94228  -24.603  10.989  -31.359 0.0000000000
92361  -22.873  10.692  -31.721 0.0000000000
84429  -21.716  3.270  -32.640 0.0000000000
85627  -21.337  4.172  -32.656 0.0000000000
84438  -23.727  3.879  -33.521 0.0000000000
85641  -24.540  4.436  -33.511 0.0000000000
84433  -25.646  3.379  -32.921 0.0000000000
83221  -28.417  3.104  -32.436 0.0000000000
83219  -26.201  2.453  -32.878 0.0000000000
79634  -19.386  -0.112  -29.721 0.0000000000
81961  -20.067  1.465  -30.776 0.0000000000
80778  -21.479  -0.019  -31.136 0.0000000000
79652  -23.544  -0.381  -31.689 0.0000000000
79637  -22.405  -0.820  -30.897 0.0000000000
75938  -23.003  -4.178  -29.820 0.0000000000
75953  -24.582  -3.325  -30.333 0.0000000000
75939  -24.312  -4.440  -29.523 0.0000000000
75924  -26.301  -3.302  -28.401 0.0000000000
75922  -24.580  -4.540  -28.158 0.0000000000
96196  -25.059  14.355  -30.344 0.0000000000
97249  -25.092  14.920  -30.121 0.0000000000
97250  -25.256  15.689  -30.415 0.0000000000
98299  -25.512  16.763  -30.994 0.0000000000
96198  -26.610  14.675  -30.385 0.0000000000
93297  -27.271  11.414  -31.180 0.0000000000
89094  -19.212  7.196  -32.199 0.0000000000
90231  -18.550  8.674  -31.681 0.0000000000
91338  -20.198  9.677  -32.752 0.0000000000
91341  -23.246  9.218  -32.391 0.0000000000
89112  -23.031  7.581  -32.909 0.0000000000
87960  -28.284  6.601  -33.112 0.0000000000
89103  -27.875  7.565  -32.973 0.0000000000
89104  -28.861  7.478  -32.777 0.0000000000
79655  -26.727  -0.627  -31.409 0.0000000000
80779  -28.353  0.158  -31.130 0.0000000000
69393  -21.456  -8.176  -26.815 0.0000000000
70745  -21.865  -7.343  -27.259 0.0000000000
72070  -22.596  -6.847  -27.768 0.0000000000
70747  -22.964  -7.260  -26.656 0.0000000000
77235  -21.039  -2.209  -29.811 0.0000000000
77236  -21.724  -2.545  -30.255 0.0000000000
77222  -21.240  -2.866  -29.763 0.0000000000
74683  -21.770  -4.134  -29.295 0.0000000000
74672  -22.435  -5.267  -28.855 0.0000000000
95146  -25.489  13.354  -30.731 0.0000000000
95166  -26.443  13.222  -30.615 0.0000000000
94212  -25.789  12.039  -31.155 0.0000000000
93295  -25.484  11.208  -31.359 0.0000000000
91316  -25.937  9.865  -31.790 0.0000000000
84400  -18.517  3.405  -30.535 0.0000000000
85609  -19.139  4.549  -31.419 0.0000000000
86791  -20.048  5.455  -32.510 0.0000000000
87968  -22.182  6.281  -33.400 0.0000000000
87969  -23.153  6.663  -33.463 0.0000000000
86804  -24.867  5.509  -33.428 0.0000000000
85644  -26.894  5.356  -33.389 0.0000000000
85634  -28.237  4.667  -33.089 0.0000000000
84437  -29.190  3.988  -32.348 0.0000000000
69354  -24.029  -8.199  -24.321 0.0000000000
70727  -24.588  -6.995  -25.326 0.0000000000
83192  -19.614  2.156  -30.726 0.0000000000
83205  -20.877  2.083  -31.729 0.0000000000
83223  -23.837  1.459  -32.869 0.0000000000
80793  -25.295  1.388  -32.383 0.0000000000
79663  -24.277  0.581  -32.451 0.0000000000
78498  -24.901  -0.668  -32.219 0.0000000000
78485  -25.865  -1.872  -31.160 0.0000000000
77238  -23.827  -2.387  -30.418 0.0000000000
77239  -24.721  -2.429  -30.728 0.0000000000
78468  -26.530  -2.169  -30.559 0.0000000000
75941  -26.622  -2.874  -29.135 0.0000000000
75925  -27.369  -3.147  -28.341 0.0000000000
94196  -27.403  13.031  -30.375 0.0000000000
92383  -22.546  10.193  -32.120 0.0000000000
91342  -24.437  9.056  -32.230 0.0000000000
91344  -26.844  9.316  -32.449 0.0000000000
89100  -25.014  7.659  -33.012 0.0000000000
90240  -27.357  8.453  -32.748 0.0000000000
91319  -28.361  9.519  -31.998 0.0000000000
80806  -27.312  0.891  -32.163 0.0000000000
80796  -28.977  0.988  -31.398 0.0000000000
73383  -19.729  -5.156  -26.545 0.0000000000
73428  -21.673  -5.670  -28.269 0.0000000000
73429  -22.558  -5.967  -28.352 0.0000000000
74655  -23.657  -5.458  -27.821 0.0000000000
73363  -24.650  -6.705  -26.190 0.0000000000
73410  -24.656  -5.609  -26.941 0.0000000000
75902  -24.664  -4.646  -27.485 0.0000000000
93293  -22.782  11.014  -31.373 0.0000000000
84430  -22.671  3.185  -32.976 0.0000000000
84431  -23.637  3.371  -33.370 0.0000000000
84432  -24.653  3.478  -33.261 0.0000000000
83218  -25.215  2.468  -32.959 0.0000000000
79635  -20.250  -0.577  -30.248 0.0000000000
80777  -20.787  0.428  -31.010 0.0000000000
79636  -21.396  -0.670  -30.836 0.0000000000
79650  -21.930  -0.272  -31.180 0.0000000000
75923  -25.217  -3.825  -28.321 0.0000000000
97251  -26.112  15.688  -30.660 0.0000000000
92364  -26.780  10.516  -31.538 0.0000000000
89095  -19.835  7.425  -32.588 0.0000000000
90232  -18.917  8.244  -32.345 0.0000000000
90233  -19.924  8.570  -32.769 0.0000000000
91337  -19.256  9.527  -32.364 0.0000000000
90234  -20.874  8.736  -33.024 0.0000000000
90235  -21.725  8.673  -32.824 0.0000000000
89098  -22.283  7.813  -33.021 0.0000000000
87961  -29.028  6.491  -32.846 0.0000000000
79640  -26.957  -1.423  -30.859 0.0000000000
79641  -27.704  -0.813  -30.598 0.0000000000
69353  -23.198  -8.394  -25.159 0.0000000000
69378  -22.187  -8.457  -25.929 0.0000000000
69394  -22.219  -7.789  -26.615 0.0000000000
69395  -22.614  -7.557  -26.576 0.0000000000
70759  -22.757  -7.160  -27.180 0.0000000000
77221  -20.549  -2.582  -29.290 0.0000000000
75935  -20.602  -3.236  -28.786 0.0000000000
74684  -22.341  -4.502  -29.311 0.0000000000
95164  -25.145  12.494  -30.934 0.0000000000
93315  -24.235  10.809  -31.524 0.0000000000
93316  -24.893  10.887  -31.273 0.0000000000
92362  -25.162  10.725  -31.329 0.0000000000
92363  -25.743  10.415  -31.376 0.0000000000
84427  -20.045  4.004  -32.111 0.0000000000
85638  -21.740  4.740  -33.121 0.0000000000
85637  -21.073  4.803  -33.011 0.0000000000
86800  -21.278  5.339  -33.278 0.0000000000
87966  -20.939  5.772  -33.272 0.0000000000
86801  -21.988  5.416  -33.409 0.0000000000
86802  -22.860  5.472  -33.623 0.0000000000
85632  -26.076  4.208  -33.283 0.0000000000
85642  -25.458  4.810  -33.488 0.0000000000
85635  -29.167  4.780  -32.363 0.0000000000
84436  -28.713  3.904  -32.725 0.0000000000
81977  -29.584  1.933  -31.357 0.0000000000
68050  -24.613  -8.704  -23.972 0.0000000000
81942  -18.678  1.508  -29.580 0.0000000000
83190  -18.483  2.404  -30.031 0.0000000000
81960  -19.262  1.599  -30.291 0.0000000000
80789  -21.235  0.952  -31.426 0.0000000000
81970  -20.744  1.443  -31.399 0.0000000000
81971  -21.603  1.471  -31.825 0.0000000000
81983  -21.934  1.932  -32.257 0.0000000000
81984  -22.600  1.435  -32.299 0.0000000000
81992  -23.859  1.011  -32.840 0.0000000000
80802  -23.604  0.613  -32.428 0.0000000000
78495  -24.064  -0.897  -31.810 0.0000000000
79653  -24.101  -0.509  -32.001 0.0000000000
78496  -24.562  -1.112  -32.095 0.0000000000
78497  -25.356  -1.320  -31.856 0.0000000000
78484  -25.012  -1.824  -31.318 0.0000000000
77237  -22.758  -2.534  -30.505 0.0000000000
75954  -25.191  -3.080  -30.542 0.0000000000
77240  -25.604  -2.503  -30.581 0.0000000000
77223  -26.356  -2.743  -30.014 0.0000000000
75905  -27.139  -3.487  -27.481 0.0000000000
94195  -26.798  13.134  -30.510 0.0000000000
86752  -17.689  5.497  -30.091 0.0000000000
93291  -20.337  11.336  -31.574 0.0000000000
93313  -20.832  11.050  -32.039 0.0000000000
92360  -22.020  10.572  -31.634 0.0000000000
92382  -21.435  10.519  -32.186 0.0000000000
91354  -23.932  8.706  -32.638 0.0000000000
91343  -25.717  9.357  -32.063 0.0000000000
90238  -25.367  8.418  -32.686 0.0000000000
87971  -25.228  6.318  -33.417 0.0000000000
89114  -24.859  6.985  -33.320 0.0000000000
87957  -25.587  6.969  -33.235 0.0000000000
89102  -26.901  7.644  -33.071 0.0000000000
91345  -27.756  9.126  -32.391 0.0000000000
90213  -28.505  8.946  -32.311 0.0000000000
90214  -29.017  8.809  -32.284 0.0000000000
80804  -25.869  0.855  -32.593 0.0000000000
80805  -26.863  0.829  -32.462 0.0000000000
72046  -20.855  -6.735  -26.840 0.0000000000
73384  -20.813  -5.868  -26.842 0.0000000000
73407  -20.610  -5.145  -27.613 0.0000000000
73408  -21.378  -6.055  -27.432 0.0000000000
72083  -22.860  -6.746  -27.922 0.0000000000
72082  -22.583  -6.482  -28.006 0.0000000000
73430  -23.017  -6.352  -28.002 0.0000000000
74673  -23.394  -5.467  -28.392 0.0000000000
72025  -24.335  -6.848  -26.056 0.0000000000
75920  -20.116  -3.519  -28.233 0.0000000000
74670  -20.540  -4.475  -28.364 0.0000000000
73427  -20.956  -5.077  -28.420 0.0000000000
95177  -24.500  11.483  -31.354 0.0000000000
94227  -24.109  11.382  -31.523 0.0000000000
93294  -23.517  11.065  -31.585 0.0000000000
92384  -23.637  10.193  -31.845 0.0000000000
84428  -20.655  3.450  -32.160 0.0000000000
85628  -22.250  4.084  -32.775 0.0000000000
85640  -23.512  4.376  -33.578 0.0000000000
84439  -24.017  3.880  -33.595 0.0000000000
85631  -25.173  4.073  -33.222 0.0000000000
84434  -26.704  3.456  -32.906 0.0000000000
84435  -27.801  3.659  -32.923 0.0000000000
83220  -27.388  2.470  -32.405 0.0000000000
83206  -27.762  2.254  -32.051 0.0000000000
80776  -19.680  0.622  -30.226 0.0000000000
80790  -21.831  0.459  -31.501 0.0000000000
80791  -22.851  0.460  -32.019 0.0000000000
79651  -22.622  -0.218  -31.384 0.0000000000
79638  -23.221  -0.744  -30.971 0.0000000000
75952  -23.505  -3.470  -30.274 0.0000000000
96195  -25.000  14.104  -30.400 0.0000000000
97252  -27.268  15.595  -30.644 0.0000000000
94214  -27.870  12.055  -30.326 0.0000000000
91289  -17.904  9.406  -30.638 0.0000000000
91315  -18.877  9.755  -31.708 0.0000000000
91339  -21.137  9.721  -32.822 0.0000000000
91340  -22.086  9.465  -32.452 0.0000000000
90236  -22.625  8.471  -32.644 0.0000000000
90253  -24.156  8.213  -32.819 0.0000000000
86793  -26.958  6.160  -33.216 0.0000000000
87958  -26.446  6.788  -33.278 0.0000000000
87959  -27.369  6.748  -33.258 0.0000000000
90242  -28.998  8.232  -32.634 0.0000000000
79656  -27.470  -0.040  -31.636 0.0000000000
70744  -20.900  -7.625  -27.229 0.0000000000
72047  -21.360  -6.869  -27.331 0.0000000000
72069  -22.021  -6.587  -27.766 0.0000000000
70757  -22.268  -6.984  -27.576 0.0000000000
72071  -23.058  -6.918  -27.519 0.0000000000
78467  -20.339  -1.594  -29.663 0.0000000000
75950  -21.698  -3.297  -29.942 0.0000000000
75936  -21.239  -3.589  -29.338 0.0000000000
75937  -22.106  -3.810  -29.607 0.0000000000
74685  -23.259  -4.923  -29.275 0.0000000000
74686  -23.807  -5.026  -29.050 0.0000000000
95145  -24.933  12.805  -30.655 0.0000000000
95147  -26.151  13.751  -30.458 0.0000000000
95165  -25.951  12.997  -31.039 0.0000000000
94211  -25.100  11.522  -31.121 0.0000000000
93296  -26.249  11.402  -31.407 0.0000000000
86754  -18.902  5.334  -31.298 0.0000000000
85625  -19.610  4.529  -32.183 0.0000000000
86770  -19.306  5.520  -31.876 0.0000000000
86769  -18.771  5.941  -31.433 0.0000000000
87952  -19.707  6.424  -32.288 0.0000000000
87953  -20.591  6.381  -32.954 0.0000000000
87954  -21.437  6.907  -33.258 0.0000000000
87955  -22.209  7.156  -33.363 0.0000000000
87970  -24.348  6.414  -33.429 0.0000000000
86805  -25.720  5.641  -33.560 0.0000000000
86806  -26.460  5.861  -33.441 0.0000000000
86794  -27.577  5.676  -33.209 0.0000000000
86795  -28.710  5.661  -33.058 0.0000000000
86796  -29.328  5.880  -32.522 0.0000000000
85617  -29.752  4.748  -31.751 0.0000000000
83222  -29.095  3.499  -32.342 0.0000000000
78455  -27.289  -1.460  -29.391 0.0000000000
70704  -23.734  -7.764  -24.892 0.0000000000
70726  -23.709  -7.455  -25.736 0.0000000000
84401  -19.116  2.998  -30.905 0.0000000000
83203  -19.432  2.672  -31.045 0.0000000000
83204  -20.133  2.379  -31.330 0.0000000000
83213  -20.661  2.695  -31.789 0.0000000000
83214  -21.358  2.460  -32.186 0.0000000000
83216  -23.370  2.148  -32.811 0.0000000000
83224  -23.963  1.729  -33.001 0.0000000000
81986  -24.886  1.751  -32.550 0.0000000000
81993  -24.216  1.270  -32.912 0.0000000000
80803  -24.772  0.886  -32.200 0.0000000000
79657  -23.879  0.035  -32.115 0.0000000000
79658  -24.497  -0.082  -32.173 0.0000000000
79659  -25.559  -0.368  -32.105 0.0000000000
79654  -26.122  -1.201  -31.301 0.0000000000
79639  -26.524  -1.837  -30.968 0.0000000000
78481  -22.067  -1.621  -30.590 0.0000000000
78482  -23.087  -1.535  -30.656 0.0000000000
78469  -27.152  -1.709  -30.272 0.0000000000
77205  -26.822  -1.645  -29.547 0.0000000000
75942  -27.183  -2.182  -28.411 0.0000000000
95148  -26.993  13.751  -30.506 0.0000000000
92386  -25.557  9.893  -31.572 0.0000000000
91317  -26.427  9.772  -31.614 0.0000000000
91318  -27.356  9.802  -31.915 0.0000000000
89113  -24.078  7.475  -33.141 0.0000000000
89101  -25.962  7.756  -33.268 0.0000000000
90239  -26.365  8.533  -32.820 0.0000000000
81987  -25.631  1.650  -32.824 0.0000000000
81988  -26.547  1.574  -32.643 0.0000000000
81975  -27.770  1.899  -31.876 0.0000000000
79661  -27.245  0.504  -32.099 0.0000000000
80795  -27.865  0.931  -31.765 0.0000000000
81976  -28.566  1.830  -31.637 0.0000000000
73406  -19.919  -4.662  -27.202 0.0000000000
72081  -22.206  -6.233  -28.177 0.0000000000
72048  -23.570  -6.684  -26.558 0.0000000000
73386  -24.349  -6.253  -26.484 0.0000000000
74656  -24.175  -5.147  -27.739 0.0000000000
70746  -22.484  -7.391  -26.991 0.0000000000
70758  -22.519  -7.115  -27.420 0.0000000000
74618  -24.508  -6.658  -26.346 0.0000000000
74619  -24.753  -6.580  -26.367 0.0000000000
74638  -24.566  -6.456  -26.445 0.0000000000
74639  -24.789  -6.374  -26.500 0.0000000000
77206  -26.948  -1.477  -29.353 0.0000000000
77224  -26.679  -1.885  -29.444 0.0000000000
78454  -27.128  -1.568  -29.728 0.0000000000
78470  -27.774  -1.286  -29.725 0.0000000000
78486  -27.241  -1.269  -30.467 0.0000000000
78499  -25.079  -0.952  -32.222 0.0000000000
79620  -26.652  -2.070  -30.827 0.0000000000
79621  -26.859  -1.947  -30.772 0.0000000000
79622  -27.962  -0.977  -30.092 0.0000000000
79662  -24.049  0.364  -32.426 0.0000000000
80792  -23.484  0.206  -32.044 0.0000000000
80794  -25.572  1.334  -32.610 0.0000000000
80801  -23.119  0.918  -32.363 0.0000000000
80807  -24.038  0.745  -32.766 0.0000000000
80808  -24.266  0.882  -32.692 0.0000000000
81959  -18.821  1.976  -30.147 0.0000000000
81973  -25.256  1.703  -32.519 0.0000000000
81974  -25.443  1.537  -32.564 0.0000000000
81985  -23.455  1.274  -32.552 0.0000000000
81989  -27.284  1.408  -32.233 0.0000000000
83191  -18.999  2.446  -30.554 0.0000000000
83215  -22.253  2.394  -32.578 0.0000000000
84419  -20.251  3.017  -31.669 0.0000000000
85589  -18.853  4.928  -30.859 0.0000000000
85626  -20.463  4.523  -32.576 0.0000000000
85629  -22.941  3.952  -33.200 0.0000000000
85630  -24.777  3.993  -33.358 0.0000000000
85643  -26.312  5.046  -33.577 0.0000000000
86753  -18.371  5.755  -30.801 0.0000000000
86792  -20.707  5.375  -32.993 0.0000000000
86803  -23.879  5.477  -33.604 0.0000000000
86807  -26.968  5.750  -33.270 0.0000000000
87956  -22.647  7.287  -33.250 0.0000000000
87967  -21.377  6.021  -33.357 0.0000000000
89097  -21.573  7.824  -32.990 0.0000000000
89099  -24.467  7.904  -32.929 0.0000000000
90207  -18.555  8.034  -31.589 0.0000000000
90252  -23.518  8.274  -32.739 0.0000000000
91314  -18.470  9.443  -31.275 0.0000000000
91336  -18.644  9.164  -32.059 0.0000000000
91346  -28.239  8.998  -32.307 0.0000000000
91355  -24.272  8.563  -32.617 0.0000000000
93314  -21.055  11.036  -31.824 0.0000000000
95178  -24.717  11.615  -31.189 0.0000000000
