#!ascii label  , from subject 3190 vox2ras=TkReg
868
83878  20.686  -0.481  -28.443 0.2500000000
83893  21.614  -0.528  -29.391 0.2500000000
82808  21.479  -1.508  -28.825 0.7500000000
87725  19.379  3.425  -28.499 0.2500000000
86734  19.469  2.644  -28.913 0.1250000000
86733  19.821  2.729  -29.535 0.3750000000
85794  19.812  1.689  -29.132 0.2500000000
84861  20.656  0.660  -29.202 0.2500000000
84860  21.177  0.183  -29.392 0.7500000000
83894  21.005  -0.055  -29.103 0.3750000000
82827  22.480  -1.523  -30.171 0.8750000000
83892  22.111  -1.085  -29.969 0.8750000000
82846  23.304  -1.694  -30.576 0.8750000000
85805  20.566  1.490  -29.714 0.3750000000
84881  20.907  1.103  -29.826 0.3750000000
85803  21.590  1.205  -30.607 0.8750000000
84880  21.393  0.637  -29.928 0.7500000000
83911  23.935  -0.613  -30.841 1.0000000000
83912  22.633  -0.390  -30.511 1.0000000000
83913  21.870  0.045  -30.192 0.8750000000
82845  24.350  -1.672  -30.923 1.0000000000
87744  19.439  3.741  -29.659 0.2500000000
86745  20.433  2.405  -29.983 0.7500000000
85822  21.404  1.550  -30.968 0.8750000000
85804  20.938  1.564  -30.494 0.7500000000
84877  24.706  -0.007  -30.833 1.0000000000
83921  23.522  0.096  -30.766 1.0000000000
84896  22.781  0.799  -30.805 1.0000000000
83910  24.934  -0.797  -30.901 1.0000000000
82844  25.351  -1.630  -31.003 1.0000000000
87745  19.284  4.223  -28.749 0.1250000000
87743  20.048  3.218  -30.003 0.6250000000
86761  21.293  2.168  -31.246 1.0000000000
86744  20.770  2.468  -30.760 0.8750000000
85821  21.984  1.409  -31.177 1.0000000000
83909  25.924  -0.529  -30.734 1.0000000000
84895  23.543  0.722  -31.220 1.0000000000
85820  22.948  1.576  -31.417 1.0000000000
84876  25.279  -0.217  -30.836 1.0000000000
82841  28.172  -1.689  -30.855 1.0000000000
82843  26.346  -1.537  -30.641 1.0000000000
92226  20.302  8.438  -31.117 0.2500000000
88869  19.153  4.746  -29.318 0.2500000000
88868  19.374  5.086  -30.105 0.3750000000
87759  19.870  3.659  -30.331 0.5000000000
88899  20.781  4.182  -31.355 1.0000000000
88883  19.959  4.397  -30.696 0.6250000000
87757  21.036  2.988  -31.006 1.0000000000
86759  23.225  2.533  -31.829 1.0000000000
86760  22.225  2.399  -31.575 1.0000000000
83919  26.680  -0.069  -31.181 1.0000000000
84893  25.469  0.466  -30.946 1.0000000000
85818  24.829  1.507  -31.552 1.0000000000
84891  27.113  0.591  -31.108 1.0000000000
83907  27.767  -1.055  -31.397 1.0000000000
84890  28.073  0.321  -31.455 1.0000000000
83917  28.101  -0.522  -31.600 1.0000000000
91192  21.586  7.092  -31.406 0.5000000000
91193  20.681  7.390  -31.296 0.3750000000
91194  19.903  7.579  -30.978 0.3750000000
90082  20.151  6.055  -30.871 0.5000000000
90081  21.073  6.523  -31.590 0.5000000000
88898  21.712  4.585  -31.924 0.8750000000
87772  22.527  3.565  -31.782 1.0000000000
88897  22.751  4.775  -32.319 1.0000000000
86758  24.190  2.488  -32.077 1.0000000000
85816  26.782  1.481  -31.045 1.0000000000
85817  25.950  1.346  -31.206 1.0000000000
85814  28.652  1.284  -31.412 1.0000000000
84873  28.603  -0.324  -31.466 0.8750000000
92225  21.296  7.949  -31.094 0.5000000000
91206  21.887  6.825  -31.635 0.6250000000
90098  23.028  5.869  -31.681 0.6250000000
90099  21.834  6.186  -32.124 1.0000000000
90100  20.924  5.419  -31.656 0.7500000000
86755  27.161  2.437  -31.512 1.0000000000
87768  26.502  3.465  -31.579 1.0000000000
86756  26.144  2.435  -31.397 1.0000000000
87770  24.443  3.497  -31.779 1.0000000000
86754  28.189  2.321  -31.301 1.0000000000
85815  27.666  1.396  -31.106 1.0000000000
86753  29.164  2.168  -31.582 0.8750000000
84889  29.039  0.329  -31.319 0.8750000000
91191  21.979  7.310  -31.197 0.5000000000
91205  22.406  7.092  -31.421 0.8750000000
90096  24.811  5.325  -31.311 1.0000000000
88880  24.328  4.966  -31.363 1.0000000000
87767  27.717  3.530  -31.332 1.0000000000
88894  25.716  4.406  -31.493 1.0000000000
88879  28.254  4.242  -30.905 1.0000000000
86752  29.926  2.167  -31.584 1.0000000000
87755  28.451  3.820  -30.997 1.0000000000
87765  29.590  2.797  -31.253 1.0000000000
92234  22.750  7.976  -31.277 0.5000000000
91204  23.515  6.781  -31.333 0.8750000000
91201  26.282  6.030  -30.880 1.0000000000
91203  24.461  6.558  -31.058 1.0000000000
90076  28.440  5.755  -30.417 1.0000000000
90093  27.972  5.271  -30.770 1.0000000000
90075  29.340  5.484  -30.587 1.0000000000
90092  28.543  5.186  -30.716 1.0000000000
88891  28.269  4.905  -30.888 1.0000000000
87754  29.291  3.626  -30.913 1.0000000000
88878  28.728  4.537  -30.800 1.0000000000
87753  30.412  3.233  -30.854 0.8750000000
94146  25.860  9.316  -29.630 1.0000000000
94147  25.435  9.269  -29.492 0.3750000000
94163  25.751  8.826  -29.915 0.8750000000
92220  26.458  7.309  -30.133 1.0000000000
91186  29.082  6.541  -30.412 1.0000000000
91187  28.061  6.527  -30.302 1.0000000000
95057  26.017  10.900  -29.744 0.8750000000
95046  26.431  9.582  -29.540 1.0000000000
94162  26.138  8.958  -29.967 1.0000000000
92218  28.646  7.459  -30.247 1.0000000000
95961  25.376  11.452  -29.925 0.7500000000
95056  26.631  10.313  -29.559 1.0000000000
94161  27.195  9.228  -29.402 1.0000000000
93207  29.292  8.649  -30.250 1.0000000000
93208  28.029  8.276  -29.755 1.0000000000
101851  22.579  17.813  -30.108 0.1250000000
101850  23.503  17.466  -29.332 0.1250000000
100957  22.575  17.264  -30.848 0.2500000000
100945  22.446  17.487  -30.588 0.1250000000
101857  22.892  17.469  -31.215 0.3750000000
102699  22.639  18.893  -30.748 0.2500000000
101873  23.947  17.711  -31.313 0.5000000000
101874  22.869  18.199  -31.317 0.2500000000
102712  23.648  18.953  -31.392 0.3750000000
103450  22.673  19.429  -30.564 0.2500000000
102713  22.763  19.146  -31.041 0.2500000000
103464  22.353  19.896  -30.852 0.2500000000
104285  22.208  20.682  -31.156 0.2500000000
103476  23.176  19.903  -31.343 0.2500000000
102711  24.993  18.783  -31.543 0.3750000000
103475  24.480  20.124  -31.703 0.2500000000
85782  19.443  1.440  -28.438 0.1250000000
81746  26.720  -2.495  -30.550 1.0000000000
90097  23.992  5.693  -31.487 0.8750000000
90094  27.057  5.387  -30.822 1.0000000000
82788  20.656  -1.397  -27.465 0.1250000000
82828  21.953  -1.753  -29.477 0.6250000000
81731  22.895  -2.410  -29.657 0.7500000000
86719  19.133  2.501  -28.188 0.1250000000
80589  23.811  -3.265  -30.300 1.0000000000
84850  19.762  0.705  -28.261 0.1250000000
81748  24.822  -2.536  -30.871 1.0000000000
81747  25.769  -2.452  -30.671 1.0000000000
81745  27.778  -2.613  -30.306 1.0000000000
90067  18.887  5.725  -29.428 0.3750000000
91177  19.554  6.927  -29.906 0.2500000000
83905  29.383  -1.075  -30.680 0.8750000000
85813  29.790  1.208  -31.501 0.8750000000
84888  29.966  0.018  -30.884 0.8750000000
86743  30.457  2.242  -31.191 0.8750000000
94148  25.247  9.698  -29.589 0.1250000000
93190  24.992  9.001  -29.914 0.1250000000
93228  22.783  8.283  -31.083 0.3750000000
92232  23.927  7.374  -30.972 0.6250000000
88877  29.901  4.492  -30.825 1.0000000000
87764  30.071  2.598  -31.188 0.8750000000
95047  25.816  10.287  -29.176 0.8750000000
93211  25.199  8.459  -30.113 0.8750000000
91185  30.131  6.486  -30.466 1.0000000000
92217  29.811  7.572  -30.299 1.0000000000
96952  26.551  12.492  -30.225 1.0000000000
95055  27.995  10.557  -29.660 1.0000000000
94160  28.912  9.747  -29.916 1.0000000000
101845  23.832  16.785  -28.875 0.1250000000
100019  22.357  15.215  -29.740 0.1250000000
100032  23.282  15.381  -31.010 0.6250000000
100956  23.289  16.554  -30.963 0.6250000000
100974  24.753  16.598  -30.984 0.5000000000
101872  25.757  17.629  -31.242 0.5000000000
103449  22.884  19.595  -30.079 0.2500000000
104266  22.098  20.528  -30.615 0.2500000000
105034  22.030  21.135  -30.569 0.1250000000
104303  22.948  21.078  -31.889 0.2500000000
103492  24.705  20.647  -32.396 0.2500000000
103474  25.832  19.593  -32.163 0.3750000000
104300  25.756  20.730  -33.297 0.2500000000
105067  22.507  21.272  -31.604 0.1250000000
83877  21.344  -1.003  -28.538 0.3750000000
81750  23.379  -2.388  -30.303 1.0000000000
81749  23.893  -2.571  -30.639 1.0000000000
84879  22.065  0.635  -30.536 1.0000000000
87758  20.484  3.440  -30.682 0.8750000000
83908  26.997  -0.737  -30.896 1.0000000000
84894  24.423  0.726  -31.308 1.0000000000
85819  23.867  1.575  -31.693 1.0000000000
82842  27.323  -1.602  -30.649 1.0000000000
90066  19.439  5.952  -30.118 0.3750000000
90101  20.332  4.878  -31.263 0.5000000000
83918  27.432  -0.287  -31.529 1.0000000000
84892  26.389  0.564  -30.973 1.0000000000
84874  26.968  1.033  -30.908 1.0000000000
87771  23.496  3.591  -31.994 1.0000000000
88896  23.820  4.724  -31.696 1.0000000000
86757  25.145  2.444  -31.620 1.0000000000
84871  29.607  -0.587  -30.700 0.8750000000
88895  24.747  4.395  -31.563 1.0000000000
87766  28.748  3.079  -31.401 1.0000000000
87769  25.436  3.446  -31.580 1.0000000000
85800  30.256  1.745  -31.461 0.8750000000
90095  26.003  5.291  -31.159 1.0000000000
88893  26.806  4.449  -31.317 1.0000000000
87756  28.033  4.025  -30.973 1.0000000000
92233  23.329  7.814  -31.215 0.6250000000
91202  25.435  6.161  -31.012 1.0000000000
91190  25.145  6.878  -30.632 1.0000000000
91189  25.963  6.748  -30.634 1.0000000000
91188  26.996  6.451  -30.496 1.0000000000
90077  27.690  5.864  -30.539 1.0000000000
92221  25.521  7.518  -30.322 1.0000000000
93210  25.934  8.039  -29.780 1.0000000000
92219  27.538  7.264  -30.037 1.0000000000
93209  26.908  8.003  -29.783 1.0000000000
95959  27.394  11.508  -29.903 1.0000000000
95960  26.213  11.461  -30.081 1.0000000000
100944  22.579  16.580  -30.264 0.1250000000
100939  23.160  16.128  -29.100 0.1250000000
102691  23.147  18.635  -29.686 0.2500000000
101858  22.409  17.796  -31.073 0.2500000000
100943  22.826  15.999  -30.752 0.5000000000
104302  24.022  21.271  -32.367 0.2500000000
82809  20.915  -1.713  -28.231 0.2500000000
81693  20.893  -2.231  -27.439 0.1250000000
81712  21.673  -2.427  -28.503 0.6250000000
81732  22.192  -2.346  -29.153 0.7500000000
80588  24.434  -3.239  -30.409 1.0000000000
92223  23.889  7.845  -30.620 0.6250000000
92222  24.618  7.578  -30.536 0.8750000000
93212  24.434  8.226  -30.019 0.8750000000
100049  24.198  15.640  -31.260 0.7500000000
103490  26.612  19.997  -33.279 0.2500000000
103473  26.767  19.287  -32.620 0.3750000000
77142  24.865  -7.020  -28.774 0.7500000000
77114  26.943  -7.496  -28.098 0.7500000000
77143  23.942  -6.439  -28.407 0.7500000000
78255  26.479  -6.999  -28.551 0.7500000000
78290  24.848  -5.932  -29.378 0.7500000000
78291  23.919  -5.677  -29.021 0.7500000000
78275  26.707  -6.221  -28.878 0.7500000000
79331  26.288  -5.992  -28.958 0.7500000000
80579  22.974  -3.242  -28.919 0.7500000000
78301  24.791  -5.094  -29.499 0.7500000000
79360  24.542  -4.540  -29.665 0.8750000000
79361  23.708  -4.471  -29.523 0.8750000000
78289  27.239  -6.076  -29.116 0.7500000000
79330  26.516  -5.865  -29.147 0.7500000000
79358  26.523  -4.951  -29.988 0.7500000000
80576  24.926  -3.879  -29.963 0.8750000000
79345  27.721  -4.866  -29.196 0.7500000000
79370  26.307  -4.190  -30.350 0.8750000000
80587  25.290  -3.175  -30.311 0.8750000000
80575  27.684  -3.862  -30.197 0.7500000000
80585  26.966  -3.542  -30.598 0.8750000000
80586  26.129  -3.281  -30.375 0.8750000000
81729  28.138  -3.128  -29.980 0.8750000000
81728  28.853  -2.763  -30.264 0.8750000000
81744  28.440  -2.151  -30.393 0.8750000000
81725  31.506  -2.588  -29.718 0.3750000000
81743  30.419  -2.364  -30.342 0.6250000000
82825  29.830  -2.239  -30.163 0.7500000000
82840  28.969  -1.740  -30.455 0.7500000000
81742  30.999  -2.196  -30.749 0.5000000000
82838  30.631  -1.498  -30.932 0.7500000000
83904  30.131  -0.899  -30.507 0.7500000000
82836  32.869  -1.275  -30.344 0.1250000000
82837  32.361  -1.560  -30.829 0.3750000000
82850  31.310  -1.493  -31.199 0.6250000000
83916  30.735  -0.755  -31.152 0.6250000000
82823  34.018  -0.880  -29.031 0.1250000000
82835  33.565  -0.985  -29.796 0.1250000000
83902  32.741  -0.422  -30.786 0.1250000000
84870  31.641  0.473  -31.091 0.6250000000
85799  30.832  1.305  -31.224 0.6250000000
83901  33.644  -0.467  -30.437 0.1250000000
84884  34.042  0.932  -31.393 0.1250000000
85811  32.646  1.347  -31.108 0.1250000000
85798  31.984  1.502  -31.104 0.5000000000
86742  31.346  2.431  -31.101 0.7500000000
83900  34.510  -0.210  -30.277 0.1250000000
85797  32.648  1.943  -30.940 0.5000000000
86740  32.791  2.564  -31.106 0.5000000000
86751  31.947  2.923  -31.519 0.6250000000
97994  24.300  12.537  -31.110 0.5000000000
96953  25.484  12.334  -30.493 0.7500000000
87751  32.278  3.760  -30.998 0.6250000000
88876  31.166  4.475  -30.723 0.6250000000
88888  32.886  4.324  -31.155 0.5000000000
88889  32.200  4.613  -30.815 0.6250000000
90090  32.437  5.530  -31.146 0.6250000000
90073  31.574  5.599  -30.673 0.7500000000
97979  24.550  13.038  -31.269 0.7500000000
90074  30.502  5.500  -30.689 0.8750000000
91184  30.973  6.444  -30.588 0.7500000000
92216  30.815  7.475  -30.509 0.8750000000
93206  30.341  8.735  -30.827 0.8750000000
90089  33.354  5.129  -31.960 0.3750000000
91183  31.915  6.396  -31.027 0.6250000000
90088  34.056  4.959  -32.670 0.2500000000
91198  33.744  5.654  -32.718 0.3750000000
91200  32.486  6.522  -31.619 0.5000000000
97978  25.737  13.364  -30.584 0.7500000000
95054  29.035  10.837  -30.174 0.7500000000
94159  29.678  9.775  -30.635 0.8750000000
92215  31.524  7.317  -30.999 0.6250000000
91199  33.179  6.234  -32.126 0.3750000000
91210  33.153  6.990  -32.677 0.5000000000
93226  30.826  8.745  -32.025 0.7500000000
99056  23.726  14.250  -31.053 0.6250000000
95958  28.511  11.692  -30.168 0.8750000000
96951  27.707  12.624  -30.398 0.7500000000
94171  30.255  10.022  -30.978 0.7500000000
93225  31.492  7.990  -31.703 0.5000000000
91214  32.501  7.134  -34.272 0.2500000000
92243  31.980  7.635  -34.109 0.5000000000
92239  32.402  7.472  -32.951 0.5000000000
90104  33.180  5.994  -34.304 0.2500000000
99071  24.118  14.921  -31.327 0.5000000000
99070  24.649  15.104  -31.263 0.6250000000
99054  26.142  14.291  -30.652 0.7500000000
97977  26.895  13.517  -30.443 0.7500000000
99053  27.196  14.499  -30.576 0.7500000000
97976  28.083  13.780  -30.639 0.7500000000
96950  28.871  12.899  -30.621 0.7500000000
95957  29.597  11.819  -30.809 0.7500000000
95956  30.260  11.496  -30.997 0.7500000000
94175  30.774  9.912  -32.805 0.5000000000
95062  30.481  10.333  -31.220 0.6250000000
93241  31.163  8.310  -33.978 0.3750000000
93237  30.663  8.988  -33.360 0.3750000000
100048  25.420  15.491  -31.165 0.6250000000
100031  25.726  14.817  -30.895 0.7500000000
100029  27.185  15.267  -30.755 0.7500000000
99052  27.912  14.478  -30.695 0.7500000000
97992  29.205  13.724  -31.318 0.7500000000
96960  29.655  12.294  -31.871 0.6250000000
94177  29.846  10.010  -34.079 0.3750000000
95965  29.888  11.689  -31.753 0.3750000000
92248  30.934  7.827  -35.613 0.1250000000
93247  30.319  9.326  -35.934 0.1250000000
93242  30.304  9.146  -34.640 0.2500000000
100047  26.690  15.841  -31.107 0.7500000000
99069  27.759  14.948  -30.780 0.6250000000
97993  28.677  13.955  -30.904 0.7500000000
96961  29.564  12.715  -31.385 0.3750000000
95064  30.432  10.937  -33.544 0.2500000000
93251  29.972  9.044  -37.274 0.1250000000
92251  30.541  7.921  -36.845 0.1250000000
100973  26.102  16.640  -31.162 0.6250000000
100046  27.862  15.688  -31.281 0.3750000000
99067  29.509  14.690  -31.860 0.3750000000
96975  30.194  12.639  -33.829 0.2500000000
96970  29.731  12.786  -32.129 0.3750000000
134918  29.679  10.953  -36.236 0.1250000000
95972  30.063  11.811  -34.118 0.3750000000
95969  30.239  11.717  -32.966 0.3750000000
93255  30.501  8.948  -38.829 0.1250000000
94180  29.959  10.178  -35.505 0.1250000000
101871  27.091  17.827  -31.658 0.3750000000
101856  26.243  17.171  -31.210 0.3750000000
100972  27.278  16.823  -31.529 0.3750000000
100971  28.469  16.534  -32.072 0.3750000000
99078  29.699  14.748  -32.551 0.3750000000
100044  29.451  15.303  -32.542 0.3750000000
100045  28.969  15.592  -31.833 0.3750000000
98003  30.044  13.332  -32.873 0.3750000000
97991  29.870  13.978  -32.119 0.3750000000
134920  30.876  12.178  -36.131 0.1250000000
94182  30.448  10.574  -37.317 0.1250000000
101870  28.049  17.437  -32.795 0.2500000000
100970  28.893  15.947  -33.031 0.2500000000
101869  28.473  16.668  -32.987 0.3750000000
100056  29.843  14.478  -33.678 0.1250000000
100969  29.336  15.443  -33.091 0.3750000000
134929  30.234  13.943  -33.687 0.1250000000
99077  29.541  14.167  -32.974 0.2500000000
134923  30.735  13.023  -36.036 0.1250000000
134925  30.341  13.415  -34.053 0.1250000000
102709  27.465  18.569  -33.102 0.3750000000
101883  28.579  16.772  -34.198 0.2500000000
100061  29.460  14.890  -34.476 0.1250000000
100991  28.879  15.526  -34.529 0.1250000000
100060  30.230  14.450  -34.288 0.1250000000
98014  30.936  13.007  -36.444 0.1250000000
134926  30.647  13.825  -34.651 0.1250000000
134942  27.621  15.392  -37.096 0.1250000000
99083  29.894  14.523  -35.131 0.1250000000
134931  29.395  14.640  -35.547 0.1250000000
99086  31.179  13.510  -34.979 0.1250000000
96977  31.433  12.785  -35.612 0.1250000000
87763  32.183  3.301  -31.347 0.6250000000
92231  32.068  7.367  -31.925 0.5000000000
91209  33.447  6.359  -33.257 0.3750000000
99055  24.983  14.415  -30.978 0.6250000000
95053  30.374  10.841  -30.700 0.7500000000
93236  31.588  8.194  -32.708 0.5000000000
93240  31.827  7.892  -33.312 0.5000000000
134922  30.433  12.578  -35.660 0.1250000000
100983  29.262  15.456  -33.676 0.2500000000
134930  30.964  13.720  -34.912 0.1250000000
83903  32.109  -0.139  -30.954 0.5000000000
84887  30.849  0.166  -31.231 0.6250000000
85812  30.364  0.657  -31.318 0.7500000000
86749  33.038  3.061  -31.124 0.3750000000
87761  33.313  3.607  -31.263 0.3750000000
134714  33.969  4.504  -34.381 0.1250000000
76046  25.350  -8.049  -27.710 0.7500000000
76055  24.908  -7.583  -28.077 0.7500000000
77133  23.890  -7.165  -27.660 0.7500000000
77144  23.041  -6.047  -28.017 0.7500000000
76030  26.163  -8.015  -27.513 0.7500000000
77132  25.530  -7.392  -28.451 0.7500000000
77113  27.399  -7.180  -27.521 0.7500000000
79362  22.887  -4.434  -28.957 0.6250000000
78303  23.348  -5.181  -29.247 0.7500000000
78274  27.354  -6.224  -28.604 0.6250000000
78288  27.680  -5.788  -29.044 0.7500000000
80560  27.940  -4.010  -29.281 0.6250000000
80573  29.366  -3.362  -29.783 0.5000000000
80572  30.264  -3.183  -29.668 0.3750000000
82824  33.207  -1.616  -29.318 0.1250000000
82822  35.118  -0.868  -28.974 0.1250000000
83899  35.110  -0.124  -30.053 0.1250000000
84866  35.032  0.557  -30.340 0.1250000000
84883  34.682  1.129  -30.990 0.1250000000
96954  24.598  12.237  -30.577 0.3750000000
86748  33.724  2.909  -31.433 0.1250000000
88887  33.948  4.133  -31.870 0.2500000000
97980  23.584  13.198  -30.932 0.5000000000
134718  33.265  5.488  -35.000 0.1250000000
134716  33.707  5.220  -33.881 0.2500000000
91227  32.133  5.908  -36.585 0.1250000000
91224  31.088  7.388  -36.208 0.1250000000
91235  30.604  7.054  -37.770 0.1250000000
100033  22.859  14.886  -30.534 0.3750000000
91243  29.931  7.639  -39.154 0.1250000000
93254  31.059  9.506  -38.794 0.1250000000
93258  31.095  8.629  -40.079 0.1250000000
95071  30.788  11.529  -36.907 0.1250000000
95070  31.287  11.127  -35.896 0.1250000000
102690  24.013  18.662  -29.022 0.1250000000
134953  27.661  17.688  -34.992 0.2500000000
100070  27.804  17.345  -36.175 0.1250000000
134935  28.644  14.442  -36.587 0.1250000000
95973  31.899  11.954  -35.363 0.1250000000
83906  28.633  -1.063  -31.316 0.7500000000
95035  25.453  10.735  -29.199 0.3750000000
80578  23.465  -3.485  -29.614 0.7500000000
80577  24.105  -3.861  -29.996 0.8750000000
95045  28.472  11.024  -29.885 0.8750000000
102710  26.415  18.707  -31.866 0.3750000000
103489  27.253  19.305  -33.591 0.1250000000
76056  24.405  -7.248  -28.056 0.7500000000
78256  26.006  -7.170  -28.589 0.7500000000
77115  26.144  -7.713  -28.345 0.7500000000
77131  27.040  -6.742  -28.472 0.7500000000
78293  22.814  -5.292  -28.274 0.7500000000
78292  23.249  -5.676  -28.735 0.7500000000
78276  25.849  -6.465  -28.753 0.7500000000
78302  24.197  -5.149  -29.374 0.7500000000
79347  26.075  -5.679  -29.383 0.7500000000
80562  22.355  -3.483  -28.170 0.6250000000
79359  25.454  -4.817  -29.881 0.8750000000
79346  26.951  -5.444  -29.231 0.7500000000
79371  25.643  -3.864  -30.129 0.8750000000
79369  26.994  -4.367  -30.446 0.7500000000
80561  27.644  -4.366  -29.642 0.7500000000
80574  28.433  -3.463  -29.746 0.7500000000
82826  29.509  -2.234  -30.189 0.7500000000
80571  30.841  -2.969  -29.610 0.2500000000
81726  30.655  -2.691  -30.113 0.5000000000
81727  29.886  -2.698  -30.271 0.6250000000
82839  30.038  -1.819  -30.271 0.7500000000
81754  31.492  -1.903  -31.011 0.5000000000
81724  32.403  -1.946  -29.918 0.2500000000
82848  32.491  -1.141  -30.975 0.2500000000
83914  32.246  -0.775  -31.215 0.3750000000
83915  31.574  -0.585  -31.319 0.6250000000
83889  34.077  -0.589  -29.826 0.1250000000
83888  34.731  -0.483  -29.644 0.1250000000
84869  32.584  0.636  -31.057 0.1250000000
84868  33.457  0.285  -31.054 0.1250000000
84867  34.285  0.249  -30.921 0.1250000000
84885  33.333  1.015  -31.269 0.1250000000
85810  33.117  1.558  -31.066 0.1250000000
86741  32.197  2.394  -31.302 0.6250000000
85796  33.246  2.256  -30.999 0.1250000000
87752  31.602  3.456  -31.106 0.6250000000
88875  31.887  4.129  -30.747 0.6250000000
90072  32.075  5.873  -30.757 0.6250000000
93205  31.253  8.200  -30.989 0.7500000000
94158  30.218  9.561  -30.949 0.7500000000
92238  32.992  7.026  -33.291 0.3750000000
94170  30.671  9.739  -31.497 0.6250000000
93235  31.971  7.833  -32.879 0.5000000000
91219  31.545  7.409  -35.578 0.1250000000
90108  32.307  6.634  -35.532 0.1250000000
90105  32.800  6.364  -34.724 0.2500000000
88901  32.982  5.950  -35.133 0.1250000000
100030  26.377  15.066  -30.752 0.7500000000
97975  28.740  13.600  -30.822 0.7500000000
95061  30.284  10.757  -31.984 0.6250000000
92244  31.251  7.966  -34.737 0.1250000000
93246  30.637  8.439  -35.129 0.3750000000
99068  28.520  14.622  -31.119 0.3750000000
93250  30.474  8.526  -36.152 0.1250000000
96969  30.004  12.410  -32.558 0.3750000000
98004  29.694  13.302  -31.944 0.3750000000
95067  30.386  11.349  -35.206 0.2500000000
94183  29.976  10.292  -36.799 0.1250000000
94186  30.184  9.815  -37.770 0.1250000000
92252  30.382  8.032  -38.169 0.1250000000
101855  26.521  17.398  -31.333 0.3750000000
134919  30.060  11.396  -36.757 0.1250000000
100057  29.635  14.976  -33.260 0.3750000000
95974  31.104  12.391  -36.150 0.1250000000
134921  30.344  12.363  -34.862 0.1250000000
94184  31.008  9.456  -37.939 0.1250000000
94181  31.246  10.320  -37.338 0.1250000000
134957  28.076  17.554  -33.924 0.2500000000
102708  27.784  17.867  -33.710 0.2500000000
134954  28.571  16.118  -34.468 0.2500000000
134927  30.821  13.550  -35.157 0.1250000000
134924  30.486  13.286  -35.172 0.1250000000
98012  31.008  13.379  -35.717 0.1250000000
134944  28.366  15.982  -35.097 0.1250000000
100067  28.733  15.110  -35.558 0.1250000000
134934  30.656  13.538  -34.999 0.1250000000
101908  27.627  15.979  -37.173 0.1250000000
134946  27.923  16.417  -36.173 0.1250000000
74928  24.645  -8.736  -27.265 0.7500000000
76047  24.378  -7.822  -27.094 0.7500000000
79348  22.646  -4.465  -27.857 0.5000000000
78304  22.860  -5.254  -28.997 0.6250000000
79344  28.462  -4.617  -28.871 0.6250000000
80558  29.774  -3.600  -28.885 0.5000000000
85808  34.512  1.673  -31.588 0.1250000000
85807  35.178  1.504  -31.675 0.1250000000
85809  33.841  1.800  -31.261 0.1250000000
91223  31.680  6.850  -36.061 0.1250000000
76048  23.467  -7.428  -27.025 0.7500000000
77145  22.783  -5.699  -27.629 0.5000000000
74917  25.392  -8.861  -26.960 0.6250000000
74916  26.303  -8.247  -26.518 0.6250000000
74915  27.284  -8.034  -26.352 0.3750000000
76029  26.798  -7.401  -26.980 0.6250000000
76027  28.850  -7.417  -26.756 0.2500000000
76028  27.902  -7.444  -26.987 0.3750000000
97995  23.981  12.555  -31.170 0.3750000000
99057  23.262  14.168  -29.974 0.2500000000
100018  22.722  15.610  -30.457 0.2500000000
77129  28.248  -6.239  -27.574 0.5000000000
78287  28.262  -5.322  -28.711 0.5000000000
78286  28.794  -5.072  -28.596 0.3750000000
74898  27.798  -8.621  -25.839 0.5000000000
80559  28.815  -3.834  -29.071 0.5000000000
74901  25.388  -9.349  -26.347 0.6250000000
77135  22.497  -6.248  -27.201 0.3750000000
76049  22.690  -7.105  -27.031 0.3750000000
74918  23.988  -8.219  -26.671 0.6250000000
74880  27.468  -9.465  -25.782 0.3750000000
74900  25.958  -9.140  -26.057 0.6250000000
78278  21.826  -5.373  -26.608 0.2500000000
73792  29.152  -9.362  -25.483 0.3750000000
76043  29.369  -6.864  -27.029 0.2500000000
74913  29.253  -7.938  -26.370 0.2500000000
81711  22.475  -2.713  -28.814 0.3750000000
77128  29.177  -6.254  -27.430 0.2500000000
78272  28.860  -5.460  -27.988 0.3750000000
79329  29.505  -5.066  -27.811 0.2500000000
79342  30.317  -4.138  -28.177 0.2500000000
92209  19.088  7.730  -29.215 0.1250000000
93214  22.407  8.239  -30.741 0.2500000000
80557  30.956  -3.368  -28.809 0.2500000000
93213  23.514  8.168  -30.626 0.2500000000
92235  19.827  8.937  -30.884 0.1250000000
91178  18.662  6.719  -28.957 0.2500000000
78273  27.905  -5.858  -28.238 0.5000000000
77134  23.288  -6.711  -27.534 0.5000000000
77130  27.494  -6.620  -27.957 0.5000000000
78277  22.426  -5.266  -27.154 0.3750000000
80563  21.819  -3.069  -27.859 0.2500000000
79332  22.290  -4.421  -27.238 0.3750000000
79343  29.329  -4.577  -28.392 0.2500000000
74899  26.875  -8.842  -26.039 0.5000000000
74914  28.317  -8.004  -26.346 0.2500000000
74897  28.805  -8.677  -26.085 0.2500000000
76044  28.602  -6.908  -27.263 0.3750000000
73793  28.242  -9.163  -25.568 0.3750000000
73819  24.616  -9.366  -27.084 0.6250000000
73772  27.106  -10.293  -25.768 0.3750000000
74881  26.701  -9.720  -26.121 0.5000000000
79328  30.024  -4.699  -27.609 0.2500000000
92210  18.643  7.141  -28.562 0.1250000000
73797  23.464  -10.023  -25.663 0.5000000000
72572  26.299  -10.653  -25.185 0.3750000000
72586  25.475  -9.780  -25.301 0.5000000000
73796  24.383  -9.965  -25.768 0.5000000000
73810  22.914  -8.951  -26.041 0.5000000000
73808  24.135  -9.649  -26.527 0.5000000000
73809  23.486  -9.307  -26.367 0.5000000000
74919  23.385  -8.566  -26.513 0.3750000000
73820  24.093  -9.186  -27.008 0.5000000000
71284  22.214  -11.338  -25.030 0.1250000000
72588  22.688  -10.580  -25.256 0.3750000000
76033  22.699  -7.912  -26.439 0.2500000000
70092  21.772  -12.616  -24.137 0.1250000000
71282  23.281  -11.345  -25.037 0.3750000000
72546  26.704  -10.896  -24.571 0.2500000000
71273  24.694  -11.463  -25.127 0.3750000000
73727  24.672  -10.551  -25.170 0.5000000000
71251  21.305  -11.896  -23.958 0.1250000000
71283  22.819  -11.234  -25.131 0.3750000000
71275  24.029  -11.129  -24.491 0.3750000000
73778  21.684  -10.005  -24.665 0.1250000000
76010  21.470  -8.491  -25.207 0.1250000000
76032  23.741  -7.951  -26.605 0.3750000000
74882  26.180  -9.643  -25.949 0.3750000000
73807  24.863  -9.568  -26.507 0.5000000000
73795  25.227  -9.582  -25.646 0.5000000000
77117  22.030  -6.780  -26.224 0.2500000000
72571  27.385  -10.743  -24.982 0.2500000000
73776  23.865  -10.384  -24.775 0.5000000000
73774  25.153  -9.823  -25.159 0.3750000000
72573  25.210  -10.524  -25.208 0.3750000000
72587  23.265  -10.749  -25.178 0.3750000000
73798  22.685  -9.606  -25.494 0.2500000000
74902  22.250  -8.680  -25.586 0.1250000000
74920  22.785  -8.544  -26.179 0.1250000000
70104  21.991  -11.789  -24.493 0.1250000000
71276  21.722  -11.519  -24.577 0.1250000000
72589  21.893  -10.538  -25.101 0.1250000000
72576  21.365  -10.935  -24.471 0.1250000000
70103  22.458  -12.005  -24.431 0.1250000000
70110  22.998  -11.532  -24.935 0.3750000000
71272  25.529  -11.250  -24.871 0.2500000000
73799  21.816  -9.457  -25.180 0.1250000000
74903  21.605  -8.896  -25.217 0.1250000000
70102  23.254  -11.959  -24.708 0.2500000000
70101  24.206  -12.263  -24.895 0.2500000000
80545  22.273  -4.008  -27.592 0.2500000000
71271  26.139  -11.109  -24.565 0.2500000000
70091  22.770  -12.666  -24.173 0.1250000000
71274  23.935  -11.463  -25.054 0.2500000000
70090  23.616  -12.616  -24.210 0.1250000000
80546  21.729  -3.739  -27.180 0.1250000000
95962  24.731  11.782  -30.060 0.1250000000
95950  25.385  11.050  -29.330 0.1250000000
96955  24.263  12.024  -30.062 0.1250000000
96956  23.815  12.358  -29.865 0.1250000000
97981  23.435  13.025  -29.893 0.1250000000
96964  23.932  12.295  -30.340 0.1250000000
96943  23.635  12.527  -29.024 0.1250000000
99039  22.396  14.384  -29.016 0.1250000000
95937  25.259  11.120  -29.137 0.1250000000
97963  23.363  13.608  -28.852 0.1250000000
97950  23.848  13.580  -27.832 0.1250000000
95036  25.614  10.544  -29.124 0.1250000000
78257  21.462  -6.360  -26.159 0.1250000000
79312  21.516  -4.513  -26.293 0.1250000000
93191  24.880  8.739  -29.867 0.1250000000
95938  25.018  11.387  -28.993 0.1250000000
96928  24.656  12.422  -28.479 0.1250000000
97941  24.065  14.203  -27.502 0.1250000000
99029  23.081  14.469  -28.261 0.1250000000
95048  25.300  10.075  -29.496 0.1250000000
81713  21.181  -2.263  -27.955 0.1250000000
97996  23.686  12.545  -30.587 0.1250000000
79333  21.963  -4.764  -26.683 0.1250000000
78259  21.472  -5.308  -26.261 0.1250000000
81692  21.490  -2.695  -27.593 0.1250000000
80523  21.437  -3.608  -26.225 0.1250000000
95951  24.834  11.503  -29.521 0.1250000000
96942  24.174  11.861  -29.252 0.1250000000
96929  23.770  12.947  -28.456 0.1250000000
96918  25.302  11.908  -28.459 0.1250000000
99024  24.497  14.763  -27.493 0.1250000000
73770  28.940  -10.086  -25.050 0.1250000000
74896  30.015  -8.394  -26.080 0.1250000000
76026  29.606  -7.284  -26.528 0.1250000000
76042  29.943  -6.776  -26.756 0.1250000000
77127  29.942  -6.466  -27.347 0.1250000000
78271  30.014  -5.717  -27.684 0.1250000000
78249  31.673  -5.663  -26.993 0.1250000000
78250  30.789  -5.929  -27.202 0.1250000000
78269  32.029  -4.790  -27.504 0.1250000000
79327  30.609  -4.437  -27.671 0.1250000000
78268  32.697  -4.643  -27.227 0.1250000000
79340  31.879  -4.126  -27.612 0.1250000000
80556  31.982  -3.201  -27.758 0.1250000000
71246  26.488  -11.237  -23.904 0.1250000000
70100  25.043  -11.936  -24.508 0.1250000000
72545  27.181  -10.740  -24.204 0.1250000000
72570  28.358  -10.568  -24.585 0.1250000000
72584  29.623  -10.070  -25.362 0.1250000000
72569  29.474  -10.529  -24.663 0.1250000000
73791  30.329  -9.388  -25.428 0.1250000000
74895  31.106  -8.521  -25.684 0.1250000000
76024  31.563  -7.197  -26.402 0.1250000000
77111  31.179  -6.426  -26.655 0.1250000000
77110  32.184  -6.369  -26.579 0.1250000000
78248  32.803  -5.230  -26.687 0.1250000000
80538  32.961  -3.619  -27.625 0.1250000000
79325  33.410  -4.404  -27.145 0.1250000000
81710  31.720  -2.871  -28.716 0.1250000000
73771  28.068  -9.916  -25.230 0.1250000000
79341  31.179  -4.052  -27.678 0.1250000000
78270  30.981  -4.975  -27.438 0.1250000000
71270  27.753  -11.029  -24.399 0.1250000000
71247  25.757  -11.557  -24.293 0.1250000000
76025  30.452  -7.239  -26.418 0.1250000000
76008  31.005  -7.830  -26.075 0.1250000000
78285  31.496  -4.561  -27.544 0.1250000000
79326  32.500  -4.147  -27.509 0.1250000000
79306  33.689  -4.992  -26.453 0.1250000000
70087  26.657  -11.613  -22.806 0.1250000000
71245  27.540  -11.170  -23.641 0.1250000000
73769  30.832  -9.932  -25.154 0.1250000000
80537  33.810  -3.330  -27.517 0.1250000000
70111  22.664  -11.580  -24.776 0.2500000000
70112  22.312  -11.638  -24.660 0.2500000000
71248  24.551  -11.291  -25.232 0.3750000000
71249  24.358  -11.289  -25.118 0.3750000000
71250  24.065  -11.191  -24.739 0.3750000000
72519  24.634  -11.048  -25.245 0.3750000000
72547  24.335  -10.933  -24.954 0.5000000000
72548  24.164  -10.977  -24.288 0.3750000000
72574  23.571  -10.916  -24.847 0.3750000000
72575  23.802  -10.819  -24.413 0.3750000000
72585  25.886  -10.093  -25.406 0.5000000000
73749  24.285  -10.529  -24.622 0.5000000000
73750  23.985  -10.524  -24.120 0.3750000000
73773  26.371  -10.128  -25.877 0.3750000000
73775  24.714  -10.066  -25.022 0.5000000000
73777  23.762  -10.469  -24.314 0.3750000000
73794  25.839  -9.655  -25.673 0.3750000000
73821  23.767  -8.916  -26.831 0.5000000000
74912  29.848  -7.737  -26.368 0.2500000000
74929  24.155  -8.662  -26.966 0.5000000000
74930  23.839  -8.629  -26.766 0.5000000000
76031  24.126  -7.952  -26.629 0.6250000000
76045  27.937  -6.924  -27.502 0.5000000000
77112  30.446  -6.493  -26.964 0.1250000000
78251  30.346  -6.223  -27.420 0.1250000000
78284  31.677  -4.396  -27.583 0.1250000000
79357  27.267  -4.666  -29.804 0.7500000000
81730  23.533  -2.806  -30.103 1.0000000000
81740  32.388  -1.724  -30.507 0.3750000000
81741  31.898  -1.975  -30.734 0.5000000000
81753  31.695  -1.736  -31.101 0.5000000000
82849  32.010  -1.409  -31.241 0.3750000000
83887  35.570  -0.284  -29.652 0.1250000000
83920  26.112  0.038  -30.935 1.0000000000
83922  23.160  0.337  -30.773 1.0000000000
84872  29.164  -0.473  -31.099 0.8750000000
84875  26.752  0.767  -30.918 1.0000000000
84878  24.064  0.216  -30.943 1.0000000000
84886  32.916  1.123  -31.192 0.1250000000
85795  19.260  1.905  -28.524 0.1250000000
85801  26.587  1.072  -30.884 1.0000000000
85802  26.396  0.871  -30.902 1.0000000000
86739  33.213  2.711  -31.108 0.1250000000
86750  32.453  2.965  -31.374 0.5000000000
87726  18.662  3.945  -28.221 0.1250000000
87762  32.690  3.487  -31.123 0.6250000000
87773  21.521  3.343  -31.424 1.0000000000
87774  20.912  3.461  -31.184 0.8750000000
88874  32.345  4.175  -30.825 0.6250000000
88881  24.044  5.146  -31.393 1.0000000000
88882  20.352  4.081  -31.001 0.6250000000
88890  31.754  4.545  -30.726 0.6250000000
88892  27.847  4.559  -31.013 1.0000000000
88900  20.338  4.379  -31.102 0.6250000000
90078  24.475  5.182  -31.333 1.0000000000
90079  24.275  5.290  -31.373 1.0000000000
90080  21.450  6.692  -31.854 0.6250000000
90091  31.828  4.963  -30.760 0.6250000000
90106  32.535  6.637  -35.042 0.1250000000
90107  32.695  6.276  -35.473 0.1250000000
91213  32.831  6.659  -33.971 0.2500000000
91217  32.586  6.785  -34.580 0.2500000000
91218  32.123  7.098  -34.998 0.1250000000
91222  32.281  6.288  -36.166 0.1250000000
91229  31.009  7.187  -37.165 0.1250000000
91230  30.552  7.407  -37.747 0.1250000000
91234  30.744  6.665  -37.913 0.1250000000
91240  30.382  7.311  -38.347 0.1250000000
91241  30.642  7.709  -39.865 0.1250000000
91242  30.432  7.507  -39.531 0.1250000000
92224  22.128  7.744  -31.091 0.5000000000
92227  19.548  8.395  -30.535 0.2500000000
92230  32.727  7.002  -32.184 0.5000000000
92236  19.620  8.839  -30.813 0.1250000000
92240  32.025  7.734  -32.594 0.5000000000
92242  32.600  7.235  -33.712 0.3750000000
92247  31.588  7.606  -34.986 0.2500000000
92256  30.588  7.616  -37.459 0.1250000000
92264  30.185  8.211  -39.934 0.1250000000
93227  23.103  8.218  -31.154 0.3750000000
93229  19.765  9.096  -30.625 0.1250000000
93230  19.601  8.892  -30.516 0.1250000000
93256  31.461  8.794  -39.254 0.1250000000
93257  30.963  9.129  -39.613 0.1250000000
93259  30.696  8.694  -39.958 0.1250000000
93260  30.649  8.496  -40.376 0.1250000000
94185  30.667  9.630  -37.923 0.1250000000
95044  28.649  11.201  -30.042 0.8750000000
95052  30.388  11.255  -31.248 0.6250000000
95948  28.447  11.296  -29.952 0.8750000000
95949  28.185  11.238  -29.814 0.8750000000
95966  29.661  12.105  -31.460 0.6250000000
96962  24.195  12.352  -30.975 0.5000000000
96963  24.066  12.285  -30.700 0.1250000000
96978  31.153  13.026  -36.226 0.1250000000
99025  23.647  14.617  -27.623 0.1250000000
99066  29.746  14.415  -32.334 0.3750000000
99087  28.833  14.617  -35.997 0.1250000000
99088  28.240  15.054  -36.478 0.1250000000
100062  29.123  15.261  -34.521 0.1250000000
100064  29.053  14.842  -35.386 0.1250000000
100065  28.987  15.195  -34.905 0.1250000000
100066  28.869  14.787  -35.660 0.1250000000
100069  28.602  14.987  -36.044 0.1250000000
100954  26.890  17.285  -31.427 0.3750000000
100955  26.606  17.050  -31.306 0.3750000000
100958  22.332  17.631  -30.830 0.2500000000
100984  28.871  15.893  -34.083 0.2500000000
100990  29.135  15.418  -34.237 0.1250000000
101859  22.332  18.068  -30.683 0.1250000000
101875  22.495  18.367  -31.011 0.2500000000
101907  27.995  16.726  -37.100 0.1250000000
102692  22.680  18.719  -30.320 0.2500000000
102727  27.078  19.311  -33.107 0.1250000000
103448  23.567  19.508  -29.498 0.1250000000
103463  22.561  20.038  -30.510 0.2500000000
103465  21.993  20.227  -30.964 0.2500000000
103477  22.322  20.094  -31.095 0.2500000000
103478  22.044  20.436  -31.085 0.2500000000
103491  25.457  20.418  -32.530 0.2500000000
104267  21.994  20.488  -30.839 0.2500000000
104283  23.432  20.601  -31.719 0.2500000000
104284  22.678  20.534  -31.482 0.2500000000
104286  21.862  20.410  -31.036 0.2500000000
104304  22.504  20.901  -31.542 0.2500000000
105035  21.969  20.697  -30.608 0.2500000000
105052  22.217  21.209  -31.066 0.1250000000
105053  22.009  20.754  -30.820 0.2500000000
105784  22.375  21.431  -30.788 0.1250000000
105795  22.373  21.581  -30.975 0.1250000000
134397  24.751  -10.315  -25.074 0.5000000000
134398  24.930  -10.422  -25.191 0.5000000000
134778  29.853  7.952  -38.753 0.1250000000
134779  29.979  7.739  -38.697 0.1250000000
134780  29.824  8.174  -39.072 0.1250000000
134781  29.758  7.842  -38.960 0.1250000000
134936  28.540  15.253  -35.962 0.1250000000
134939  28.337  14.738  -37.138 0.1250000000
134940  28.539  15.392  -35.688 0.1250000000
134941  28.400  15.639  -35.858 0.1250000000
134943  28.520  15.539  -35.424 0.1250000000
134947  28.633  15.520  -34.990 0.1250000000
134949  28.258  16.961  -36.385 0.1250000000
134950  27.786  17.238  -35.919 0.1250000000
134951  28.006  17.471  -36.321 0.1250000000
134952  28.623  15.815  -34.606 0.1250000000
