#!ascii label  , from subject 3190 vox2ras=TkReg
2140
15403  45.257  -58.535  -22.778 0.2000000030
16436  46.051  -57.475  -21.313 0.2000000030
15383  44.643  -58.362  -21.802 0.2000000030
15402  46.303  -58.092  -22.732 0.2000000030
15418  42.413  -58.927  -23.339 0.1000000015
17431  46.640  -57.151  -20.910 0.3000000119
16437  44.926  -57.749  -21.203 0.2000000030
15404  44.222  -58.868  -22.490 0.1000000015
14359  44.641  -58.954  -23.373 0.2000000030
15384  43.644  -58.315  -21.678 0.1000000015
15405  43.058  -58.560  -22.481 0.1000000015
16460  42.428  -58.180  -21.716 0.1000000015
15406  41.891  -58.471  -22.319 0.1000000015
15419  41.437  -58.619  -23.594 0.1000000015
16441  40.730  -57.995  -21.611 0.1000000015
15407  40.970  -58.280  -22.572 0.1000000015
16462  40.208  -57.933  -22.596 0.1000000015
16442  39.659  -57.788  -21.581 0.2000000030
17411  43.375  -56.687  -20.176 0.1000000015
17412  42.878  -56.818  -20.090 0.1000000015
17433  44.236  -57.281  -20.949 0.2000000030
17434  43.640  -56.958  -20.892 0.1000000015
15385  43.004  -58.182  -21.655 0.1000000015
16440  41.808  -57.930  -21.409 0.1000000015
16419  40.015  -57.432  -20.397 0.1000000015
17416  39.060  -57.035  -19.851 0.2000000030
17397  38.417  -56.501  -19.507 0.1000000015
16420  38.900  -57.565  -20.735 0.2000000030
17398  37.333  -56.692  -19.734 0.2000000030
17399  35.809  -56.621  -19.690 0.1000000015
16417  42.040  -57.332  -20.276 0.1000000015
16397  42.005  -57.222  -19.688 0.1000000015
16418  41.147  -57.538  -20.530 0.1000000015
17378  37.836  -56.258  -18.899 0.2000000030
18370  37.268  -55.874  -18.194 0.2000000030
18353  36.843  -55.296  -17.446 0.2000000030
17379  36.786  -56.284  -18.925 0.2000000030
18371  35.722  -55.600  -18.344 0.1000000015
18386  35.234  -55.930  -19.185 0.2000000030
17413  41.691  -57.111  -19.629 0.1000000015
16398  40.740  -57.042  -19.910 0.1000000015
16399  40.232  -57.072  -19.738 0.2000000030
18385  39.578  -55.914  -18.837 0.2000000030
17377  38.744  -56.073  -18.905 0.3000000119
18354  35.947  -55.007  -17.414 0.3000000119
19409  35.461  -54.934  -17.721 0.2000000030
18387  34.735  -55.333  -19.147 0.2000000030
18393  34.413  -55.416  -20.136 0.2000000030
18351  38.956  -55.516  -17.735 0.3000000119
17396  39.387  -56.324  -19.247 0.2000000030
19397  36.514  -54.394  -16.802 0.3000000119
20438  35.611  -53.522  -16.685 0.3000000119
19398  35.515  -54.261  -17.424 0.3000000119
19410  34.910  -54.646  -17.971 0.2000000030
19436  34.282  -54.459  -20.775 0.2000000030
20424  36.806  -53.354  -15.106 0.4000000060
19380  37.471  -54.379  -16.214 0.3000000119
19381  36.707  -54.143  -15.960 0.3000000119
18352  37.997  -55.416  -17.605 0.2000000030
19396  37.696  -54.811  -16.944 0.2000000030
20439  35.067  -53.466  -17.459 0.3000000119
19422  34.665  -54.424  -18.818 0.2000000030
20445  34.725  -53.586  -18.246 0.2000000030
19431  34.421  -54.415  -19.747 0.2000000030
21468  36.564  -52.729  -14.715 0.3000000119
20431  36.493  -53.552  -15.773 0.3000000119
21497  35.014  -52.862  -16.979 0.2000000030
21506  34.610  -52.535  -18.790 0.2000000030
21498  34.724  -52.542  -17.720 0.2000000030
21513  34.473  -52.462  -19.827 0.1000000015
20451  34.568  -53.464  -19.310 0.2000000030
20461  34.413  -53.408  -20.343 0.2000000030
21451  36.365  -52.323  -14.610 0.3000000119
22588  36.161  -51.550  -14.467 0.3000000119
21469  36.029  -52.551  -15.235 0.3000000119
22612  35.277  -51.244  -15.475 0.2000000030
21484  35.325  -52.440  -16.245 0.3000000119
22634  34.807  -51.418  -16.551 0.1000000015
22635  34.594  -51.528  -17.360 0.1000000015
22674  34.568  -51.644  -19.266 0.1000000015
22655  34.557  -51.582  -18.281 0.1000000015
23902  34.521  -50.501  -17.707 0.1000000015
22687  34.707  -51.652  -20.153 0.1000000015
23815  37.377  -50.533  -13.622 0.3000000119
23837  36.552  -50.462  -13.944 0.2000000030
23838  35.692  -50.309  -14.559 0.2000000030
25148  36.600  -49.297  -14.350 0.2000000030
26460  37.484  -48.147  -14.755 0.1000000015
25149  35.639  -49.267  -14.938 0.1000000015
23858  35.197  -50.009  -15.354 0.1000000015
23876  34.625  -50.890  -17.021 0.1000000015
23927  34.641  -50.778  -18.816 0.1000000015
25235  34.700  -49.863  -18.557 0.1000000015
25122  37.199  -49.751  -13.776 0.2000000030
26461  36.276  -48.403  -14.955 0.1000000015
26491  35.893  -48.041  -15.374 0.1000000015
25172  35.124  -49.103  -15.633 0.1000000015
25191  35.082  -48.765  -16.454 0.1000000015
23875  34.834  -50.111  -16.498 0.1000000015
25213  35.045  -49.246  -17.236 0.1000000015
25214  34.646  -49.527  -17.845 0.1000000015
23901  34.692  -49.835  -17.311 0.1000000015
27779  36.148  -47.267  -15.704 0.1000000015
26540  34.895  -48.830  -17.873 0.1000000015
26554  34.882  -49.145  -18.383 0.1000000015
27778  37.341  -47.184  -15.235 0.1000000015
15386  41.251  -58.320  -21.949 0.1000000015
16439  42.908  -57.385  -21.249 0.1000000015
17418  37.525  -57.222  -20.397 0.1000000015
25046  50.403  -49.173  -7.827 0.5000000000
26359  51.937  -48.448  -8.131 0.5000000000
26360  50.773  -48.373  -8.387 0.5000000000
26361  49.683  -48.365  -8.247 0.5000000000
26362  48.669  -48.443  -7.895 0.5000000000
28981  53.940  -46.775  -7.527 0.2000000030
28995  54.102  -47.366  -7.724 0.2000000030
28996  52.899  -47.229  -7.523 0.3000000119
27662  52.389  -47.518  -8.218 0.5000000000
27663  51.052  -47.258  -8.400 0.5000000000
27677  50.537  -46.772  -9.024 0.5000000000
27664  49.999  -47.180  -8.770 0.5000000000
25048  48.211  -49.473  -7.761 0.5000000000
23732  48.665  -50.122  -7.776 0.5000000000
22476  48.769  -52.016  -8.799 0.5000000000
28982  52.653  -46.533  -7.551 0.3000000119
28998  50.856  -46.637  -8.905 0.5000000000
28999  49.125  -46.545  -8.742 0.5000000000
27653  48.550  -47.889  -7.957 0.5000000000
23733  47.978  -50.708  -7.876 0.5000000000
19285  51.130  -54.192  -11.401 0.4000000060
21378  50.370  -53.116  -11.497 0.5000000000
20327  49.973  -53.133  -10.174 0.5000000000
21362  49.332  -52.624  -9.837 0.5000000000
22477  47.912  -51.576  -8.905 0.5000000000
19304  51.593  -54.574  -12.258 0.4000000060
28962  53.581  -46.517  -6.674 0.3000000119
28963  52.351  -46.310  -6.692 0.4000000060
28983  51.586  -46.044  -7.694 0.4000000060
29011  50.765  -45.676  -9.538 0.5000000000
30260  50.629  -45.711  -9.721 0.5000000000
27678  50.253  -46.586  -9.256 0.5000000000
29013  49.771  -46.195  -9.297 0.5000000000
29014  48.580  -45.912  -9.160 0.5000000000
29000  48.211  -46.548  -8.735 0.5000000000
26363  47.543  -48.337  -7.778 0.5000000000
23734  46.979  -50.591  -8.549 0.6000000238
21379  49.844  -52.607  -10.792 0.5000000000
21363  48.638  -51.885  -9.831 0.5000000000
22492  47.939  -51.543  -9.967 0.5000000000
17306  51.557  -56.045  -12.549 0.4000000060
18288  51.634  -55.471  -12.086 0.4000000060
20343  50.576  -53.646  -12.008 0.5000000000
28862  53.937  -46.474  -1.198 0.1000000015
30089  51.908  -45.469  -1.505 0.1000000015
31422  51.243  -44.881  -1.353 0.1000000015
30107  52.715  -45.769  -2.322 0.1000000015
30108  51.581  -45.215  -2.178 0.1000000015
31444  50.908  -44.654  -1.749 0.1000000015
30133  51.358  -45.577  -2.986 0.1000000015
30109  50.767  -44.958  -2.330 0.1000000015
28937  53.058  -46.456  -5.446 0.2000000030
28910  52.963  -46.172  -4.775 0.1000000015
30229  51.121  -45.629  -8.591 0.5000000000
28938  51.910  -46.277  -5.665 0.4000000060
28964  51.237  -46.137  -6.843 0.4000000060
30230  50.458  -45.577  -8.584 0.4000000060
30244  49.900  -45.749  -9.126 0.5000000000
30245  48.792  -45.496  -9.103 0.5000000000
25049  47.073  -49.645  -7.914 0.5000000000
21380  49.133  -52.112  -10.392 0.5000000000
19303  52.055  -54.921  -12.790 0.4000000060
17290  50.121  -56.692  -11.839 0.5000000000
24867  51.703  -49.985  0.033 0.1000000015
26211  52.437  -48.401  -0.328 0.1000000015
27532  52.929  -47.470  -0.566 0.1000000015
28842  52.359  -46.494  -0.686 0.1000000015
30070  52.783  -46.190  -0.983 0.1000000015
30071  51.821  -45.641  -0.920 0.1000000015
31406  50.997  -44.939  -0.839 0.1000000015
27533  51.847  -47.298  -0.470 0.1000000015
31423  50.550  -44.628  -1.183 0.1000000015
30160  48.099  -45.860  -4.256 0.2000000030
30161  47.257  -45.719  -4.278 0.2000000030
30131  53.594  -45.831  -3.262 0.1000000015
30132  52.417  -45.640  -3.337 0.1000000015
28892  50.151  -46.226  -3.685 0.1000000015
30159  48.863  -45.919  -3.964 0.2000000030
28890  51.843  -46.076  -3.791 0.2000000030
28891  50.968  -46.179  -3.695 0.1000000015
28913  50.497  -46.432  -4.607 0.2000000030
28941  49.006  -46.518  -5.520 0.2000000030
30182  47.614  -45.888  -4.883 0.2000000030
30183  47.101  -45.697  -5.552 0.2000000030
28912  51.437  -46.350  -4.661 0.2000000030
28939  50.918  -46.475  -5.682 0.2000000030
28965  50.342  -46.231  -6.561 0.3000000119
30214  49.360  -45.568  -7.842 0.3000000119
30232  48.989  -45.295  -8.274 0.4000000060
31561  49.319  -45.462  -8.850 0.5000000000
22478  46.939  -50.919  -9.252 0.5000000000
31562  48.872  -45.231  -8.883 0.4000000060
23776  47.817  -50.911  -12.084 0.5000000000
23760  47.449  -50.621  -11.057 0.5000000000
23748  46.590  -50.609  -9.918 0.5000000000
22521  48.800  -51.403  -11.616 0.5000000000
22508  47.763  -51.175  -10.436 0.5000000000
22493  47.338  -50.926  -9.912 0.5000000000
29001  47.276  -46.523  -8.652 0.5000000000
21392  49.880  -52.710  -11.920 0.5000000000
22520  49.331  -51.967  -11.490 0.5000000000
22507  48.477  -51.568  -10.785 0.5000000000
23736  45.676  -50.115  -9.443 0.5000000000
21391  50.501  -52.990  -12.159 0.5000000000
22506  49.237  -52.027  -10.823 0.5000000000
17307  50.614  -56.205  -12.476 0.4000000060
24868  50.773  -50.046  0.020 0.1000000015
24890  51.971  -49.230  -0.165 0.1000000015
26212  51.368  -48.243  -0.347 0.1000000015
27535  49.654  -47.256  -0.433 0.1000000015
26215  48.098  -48.118  -0.275 0.1000000015
27534  50.748  -47.238  -0.574 0.1000000015
28843  51.263  -46.306  -0.721 0.1000000015
30073  49.691  -45.348  -0.492 0.1000000015
31424  49.735  -44.552  -1.178 0.1000000015
31447  48.429  -44.640  -1.927 0.1000000015
30110  49.865  -45.136  -2.347 0.1000000015
30112  48.062  -45.177  -2.486 0.2000000030
30137  47.662  -45.496  -3.314 0.2000000030
30135  49.464  -45.690  -3.273 0.1000000015
30136  48.526  -45.540  -3.267 0.2000000030
30200  49.011  -45.839  -7.198 0.3000000119
30201  48.273  -45.593  -7.100 0.3000000119
30203  46.854  -45.068  -6.392 0.2000000030
30215  48.607  -45.230  -7.814 0.3000000119
30202  47.526  -45.293  -6.833 0.2000000030
31554  48.465  -44.832  -8.452 0.4000000060
31537  48.233  -44.535  -7.990 0.3000000119
31563  47.866  -44.427  -8.946 0.4000000060
25085  46.440  -49.701  -11.832 0.5000000000
25086  46.053  -49.725  -11.393 0.5000000000
25070  45.776  -49.985  -10.744 0.5000000000
30246  47.792  -45.170  -9.461 0.5000000000
27703  45.384  -48.431  -11.892 0.5000000000
29041  44.294  -47.262  -11.640 0.5000000000
26383  44.774  -48.614  -10.291 0.5000000000
26382  45.309  -49.124  -10.423 0.5000000000
25059  45.451  -49.694  -9.801 0.6000000238
29016  46.956  -45.837  -8.969 0.5000000000
29028  43.995  -47.233  -10.880 0.5000000000
27690  44.090  -47.935  -10.140 0.5000000000
26374  44.631  -48.273  -9.721 0.6000000238
26365  45.641  -49.267  -8.704 0.5000000000
27667  46.671  -47.460  -8.291 0.5000000000
26373  45.215  -48.764  -9.270 0.5000000000
26364  46.181  -48.664  -8.419 0.5000000000
16303  48.530  -57.770  -12.190 0.4000000060
17308  49.614  -56.542  -12.187 0.4000000060
17289  50.716  -56.528  -11.606 0.4000000060
27539  45.286  -47.602  -0.258 0.1000000015
27537  47.555  -47.205  -0.361 0.1000000015
28848  45.948  -46.349  -0.321 0.1000000015
27536  48.588  -47.234  -0.275 0.1000000015
28846  48.064  -46.253  -0.406 0.1000000015
30075  47.542  -45.321  -0.510 0.1000000015
28845  49.123  -46.250  -0.472 0.1000000015
30074  48.642  -45.446  -0.683 0.1000000015
31425  48.800  -44.592  -1.305 0.1000000015
31426  47.776  -44.496  -1.379 0.1000000015
31448  47.531  -44.546  -2.039 0.1000000015
31449  46.635  -44.564  -2.328 0.2000000030
31467  46.018  -44.976  -2.989 0.2000000030
30139  46.000  -45.177  -3.789 0.2000000030
30162  46.449  -45.493  -4.525 0.2000000030
30184  46.239  -45.074  -5.617 0.2000000030
36590  43.706  -40.364  -11.418 0.2000000030
36591  43.070  -40.760  -11.768 0.2000000030
35336  43.482  -41.452  -11.289 0.2000000030
35315  44.413  -41.446  -10.549 0.2000000030
34090  45.316  -42.212  -10.640 0.2000000030
31538  47.634  -44.448  -7.842 0.2000000030
35337  42.805  -41.457  -12.064 0.2000000030
34110  43.229  -42.487  -11.013 0.2000000030
34091  44.115  -42.446  -10.578 0.2000000030
32837  44.660  -43.236  -10.408 0.2000000030
32836  45.697  -42.955  -10.227 0.2000000030
31575  46.059  -43.580  -9.697 0.4000000060
32868  42.472  -43.867  -12.290 0.2000000030
32851  42.572  -43.441  -11.628 0.3000000119
32838  43.437  -43.463  -10.724 0.3000000119
31577  43.884  -44.554  -10.138 0.4000000060
31576  45.196  -43.959  -10.057 0.4000000060
31564  46.841  -44.046  -9.513 0.4000000060
30286  43.957  -46.045  -12.471 0.5000000000
30274  43.052  -45.707  -11.386 0.4000000060
31590  42.908  -44.597  -11.004 0.4000000060
30261  43.166  -45.614  -10.369 0.4000000060
30249  44.530  -45.626  -9.406 0.5000000000
31566  44.855  -44.862  -9.681 0.5000000000
31565  45.892  -44.510  -9.607 0.5000000000
29029  43.403  -46.465  -10.635 0.5000000000
29019  43.431  -46.494  -9.843 0.5000000000
27682  43.795  -47.250  -9.606 0.5000000000
27681  44.597  -47.663  -9.260 0.5000000000
27679  46.016  -47.889  -8.747 0.5000000000
27668  45.796  -47.232  -8.562 0.5000000000
29002  46.311  -46.391  -8.484 0.5000000000
28825  43.633  -46.645  -0.291 0.1000000015
27520  44.135  -47.972  -0.158 0.1000000015
27540  44.491  -46.937  -0.348 0.1000000015
30079  44.083  -45.739  -0.248 0.1000000015
30077  45.449  -45.445  -0.346 0.1000000015
30078  44.668  -45.577  -0.251 0.1000000015
31412  44.790  -44.786  -0.303 0.1000000015
32684  46.518  -43.974  -1.022 0.1000000015
32685  46.079  -43.855  -0.730 0.1000000015
31427  46.831  -44.180  -1.467 0.1000000015
31428  46.135  -44.014  -1.695 0.2000000030
31429  45.418  -44.116  -1.752 0.2000000030
31450  45.723  -44.440  -2.397 0.2000000030
30163  45.700  -45.135  -4.632 0.2000000030
36589  44.184  -40.482  -10.677 0.1000000015
31523  47.028  -44.781  -7.210 0.2000000030
37857  44.220  -39.786  -10.205 0.1000000015
36568  44.745  -40.909  -10.094 0.1000000015
35314  45.684  -41.474  -10.256 0.1000000015
34089  46.180  -42.164  -10.380 0.1000000015
31555  47.800  -44.039  -8.506 0.3000000119
35313  46.240  -41.806  -10.179 0.1000000015
34088  46.369  -42.262  -9.881 0.1000000015
32835  46.328  -43.015  -9.767 0.3000000119
32823  47.647  -43.552  -8.798 0.2000000030
30248  45.519  -45.447  -9.148 0.5000000000
30247  46.786  -45.255  -9.582 0.5000000000
29018  44.261  -46.553  -9.225 0.5000000000
29003  45.242  -46.456  -8.665 0.5000000000
30233  46.313  -45.677  -8.875 0.5000000000
27669  45.119  -47.293  -8.744 0.5000000000
27521  42.680  -47.914  0.623 0.1000000015
28827  41.859  -45.995  0.297 0.1000000015
30059  42.598  -45.236  0.276 0.1000000015
28826  42.639  -46.358  0.050 0.1000000015
30058  43.526  -45.403  0.039 0.1000000015
31389  42.354  -44.302  0.303 0.1000000015
30057  44.252  -45.172  -0.054 0.1000000015
32671  43.893  -43.804  -0.161 0.1000000015
32686  44.879  -44.162  -0.740 0.1000000015
32696  44.641  -43.913  -1.454 0.2000000030
31468  45.182  -44.728  -3.570 0.2000000030
30185  45.598  -44.836  -5.393 0.2000000030
31505  45.824  -44.563  -5.982 0.2000000030
31524  46.294  -44.681  -6.768 0.2000000030
37841  44.085  -39.499  -9.464 0.1000000015
36549  45.016  -41.112  -9.905 0.1000000015
35295  45.379  -41.266  -9.815 0.1000000015
35294  46.194  -41.683  -9.856 0.1000000015
32793  46.163  -43.687  -8.210 0.1000000015
31539  46.786  -44.214  -7.999 0.2000000030
31540  45.869  -44.216  -7.477 0.2000000030
34072  45.912  -41.828  -9.345 0.1000000015
34071  46.447  -42.419  -9.345 0.1000000015
32824  47.214  -43.063  -9.262 0.2000000030
32813  47.542  -43.314  -8.754 0.2000000030
31556  47.436  -43.691  -8.494 0.2000000030
30046  40.345  -45.426  1.280 0.1000000015
28828  41.244  -45.784  0.440 0.1000000015
31375  39.512  -44.020  1.920 0.1000000015
30060  41.767  -45.115  0.425 0.1000000015
32660  40.063  -43.610  1.187 0.1000000015
32674  40.957  -43.509  0.547 0.1000000015
32672  42.887  -43.562  0.091 0.1000000015
32697  43.648  -43.346  -1.551 0.1000000015
32711  44.069  -43.808  -2.279 0.1000000015
31469  43.944  -44.275  -3.244 0.2000000030
31486  45.033  -44.791  -4.891 0.2000000030
31507  44.412  -44.489  -5.486 0.2000000030
31506  45.188  -44.564  -5.804 0.2000000030
31541  45.194  -44.066  -7.151 0.1000000015
31525  45.509  -44.421  -6.605 0.2000000030
39134  44.035  -38.687  -8.856 0.1000000015
37818  43.915  -39.355  -8.927 0.1000000015
36524  43.872  -39.929  -9.118 0.1000000015
35296  44.372  -41.220  -9.400 0.1000000015
35297  43.736  -40.975  -9.175 0.1000000015
34073  45.106  -41.719  -9.361 0.1000000015
34061  46.153  -42.526  -9.071 0.1000000015
32815  45.757  -43.194  -8.674 0.2000000030
32661  39.502  -43.259  1.808 0.1000000015
33927  40.539  -42.762  0.689 0.1000000015
33925  42.372  -42.759  0.028 0.1000000015
33936  43.108  -42.937  -1.020 0.1000000015
32712  43.451  -43.458  -2.351 0.1000000015
32743  42.953  -43.739  -3.937 0.1000000015
31470  43.350  -44.048  -3.603 0.1000000015
31488  43.383  -44.287  -4.214 0.2000000030
31487  44.226  -44.579  -4.431 0.2000000030
32762  42.903  -43.735  -4.909 0.1000000015
31508  43.710  -44.005  -5.195 0.2000000030
36475  42.408  -40.298  -6.892 0.1000000015
36495  42.705  -40.355  -7.751 0.1000000015
35254  42.608  -41.143  -7.392 0.1000000015
34041  42.847  -41.844  -6.999 0.1000000015
34024  42.987  -42.804  -6.591 0.1000000015
32780  43.924  -43.849  -6.728 0.1000000015
31527  43.811  -44.234  -6.073 0.1000000015
37819  43.429  -39.337  -8.335 0.1000000015
36494  43.021  -40.964  -8.139 0.1000000015
35253  43.138  -41.824  -7.814 0.1000000015
34063  43.949  -42.610  -8.229 0.1000000015
32817  44.239  -43.236  -7.805 0.1000000015
32795  44.572  -43.663  -7.348 0.1000000015
35279  43.673  -41.458  -8.689 0.1000000015
35278  44.473  -41.876  -8.915 0.1000000015
34062  45.161  -42.468  -8.951 0.1000000015
32794  45.412  -43.633  -7.803 0.1000000015
33913  39.969  -42.432  1.422 0.1000000015
33938  41.815  -42.407  -0.316 0.1000000015
33937  42.262  -42.443  -0.688 0.1000000015
33947  42.299  -42.598  -1.712 0.1000000015
32731  42.575  -43.271  -3.461 0.1000000015
37715  41.594  -39.744  -4.629 0.1000000015
36450  41.638  -40.301  -5.051 0.1000000015
33992  41.616  -42.113  -4.396 0.1000000015
37745  42.304  -39.224  -5.572 0.1000000015
37746  41.841  -39.727  -5.261 0.1000000015
35204  41.994  -41.285  -5.755 0.1000000015
35205  41.652  -41.285  -5.040 0.1000000015
32763  42.449  -43.020  -5.337 0.1000000015
37777  42.462  -39.252  -6.396 0.1000000015
36449  42.116  -40.343  -5.789 0.1000000015
34007  42.143  -42.113  -5.623 0.1000000015
32782  42.529  -42.770  -5.939 0.1000000015
32781  43.107  -43.355  -6.206 0.1000000015
35131  41.786  -42.003  -0.917 0.1000000015
36392  40.833  -40.657  -1.207 0.1000000015
33948  41.538  -42.137  -1.984 0.1000000015
36408  40.798  -40.560  -2.221 0.1000000015
35157  41.226  -41.542  -2.415 0.1000000015
33961  42.077  -42.817  -2.926 0.1000000015
37689  42.027  -39.164  -4.184 0.1000000015
36430  41.324  -40.541  -4.318 0.1000000015
36419  40.887  -40.752  -3.294 0.1000000015
35174  41.308  -41.678  -3.142 0.1000000015
33977  42.082  -42.708  -3.909 0.1000000015
37714  42.198  -39.303  -4.910 0.1000000015
26351  47.954  -47.790  -7.790 0.5000000000
28997  51.389  -46.385  -8.491 0.4000000060
30212  50.983  -45.359  -7.812 0.4000000060
30088  53.043  -46.131  -1.514 0.1000000015
31445  50.217  -44.642  -1.735 0.1000000015
30213  50.149  -45.620  -7.910 0.4000000060
30231  49.583  -45.548  -8.495 0.4000000060
24891  51.011  -49.205  -0.413 0.1000000015
30072  50.685  -45.371  -0.571 0.1000000015
28915  48.699  -46.162  -4.723 0.3000000119
30138  46.757  -45.238  -3.363 0.2000000030
28914  49.500  -46.336  -4.427 0.2000000030
28940  49.963  -46.492  -5.559 0.2000000030
28967  48.584  -46.212  -6.440 0.3000000119
28966  49.461  -46.277  -6.456 0.3000000119
28943  47.542  -45.917  -6.156 0.2000000030
25069  46.466  -50.215  -11.274 0.5000000000
26213  50.302  -48.252  -0.356 0.1000000015
26214  49.131  -48.481  -0.322 0.1000000015
28844  50.178  -46.231  -0.595 0.1000000015
31408  49.255  -44.922  -0.941 0.1000000015
31446  49.342  -44.653  -1.820 0.1000000015
30111  48.961  -45.017  -2.542 0.1000000015
30113  47.302  -45.091  -2.594 0.2000000030
30216  48.030  -45.007  -7.584 0.3000000119
26399  45.793  -48.896  -11.534 0.5000000000
26400  45.194  -48.710  -10.893 0.5000000000
27722  45.763  -47.905  -12.563 0.5000000000
29042  43.727  -46.596  -11.459 0.5000000000
27538  46.512  -47.295  -0.371 0.1000000015
28847  47.004  -46.255  -0.333 0.1000000015
30076  46.442  -45.338  -0.419 0.1000000015
31409  48.175  -44.729  -0.837 0.1000000015
31410  46.876  -44.481  -0.849 0.1000000015
35335  43.901  -40.922  -10.904 0.2000000030
35316  43.774  -41.928  -10.785 0.2000000030
34111  42.745  -42.322  -11.717 0.2000000030
31574  46.534  -43.429  -9.592 0.4000000060
31605  42.802  -44.606  -12.149 0.5000000000
32852  42.306  -42.812  -12.038 0.2000000030
30296  43.498  -44.947  -12.631 0.5000000000
28850  44.390  -46.209  -0.341 0.1000000015
31411  45.799  -44.527  -0.446 0.1000000015
32670  44.412  -44.276  -0.264 0.1000000015
32694  46.293  -43.812  -1.166 0.1000000015
32695  45.638  -43.842  -1.189 0.2000000030
27522  41.824  -46.960  0.354 0.1000000015
28812  41.253  -46.533  0.716 0.1000000015
31388  43.270  -44.426  0.170 0.1000000015
31390  41.440  -44.309  0.504 0.1000000015
32687  43.988  -43.385  -0.779 0.1000000015
31451  44.816  -44.297  -2.390 0.2000000030
39156  44.262  -38.779  -9.803 0.1000000015
36550  44.421  -40.538  -9.773 0.1000000015
32814  46.889  -42.917  -8.679 0.2000000030
34060  46.575  -42.552  -8.980 0.1000000015
30061  40.928  -45.200  0.579 0.1000000015
30033  40.009  -45.657  2.241 0.1000000015
31374  39.851  -44.760  1.682 0.1000000015
32651  39.207  -43.636  2.684 0.1000000015
31391  40.504  -44.486  0.817 0.1000000015
32673  41.997  -43.374  0.411 0.1000000015
33924  43.109  -43.126  -0.394 0.1000000015
32698  43.084  -43.073  -1.905 0.1000000015
31526  44.633  -44.279  -6.490 0.2000000030
36525  43.440  -40.444  -8.673 0.1000000015
36551  43.924  -40.611  -9.337 0.1000000015
33926  41.308  -42.525  0.118 0.1000000015
32713  42.799  -43.163  -2.560 0.1000000015
32730  43.299  -43.631  -3.131 0.1000000015
37796  42.755  -39.376  -7.490 0.1000000015
37820  42.952  -39.955  -8.174 0.1000000015
35232  42.286  -41.376  -6.458 0.1000000015
34025  42.671  -42.434  -6.453 0.1000000015
34040  43.248  -42.576  -7.066 0.1000000015
32796  43.778  -43.283  -7.286 0.1000000015
32816  44.858  -43.121  -8.119 0.1000000015
35118  40.485  -41.734  0.528 0.1000000015
35117  40.836  -41.938  -0.100 0.1000000015
35132  41.214  -41.675  -0.569 0.1000000015
35142  41.948  -42.213  -1.128 0.1000000015
37690  41.126  -39.727  -3.742 0.1000000015
33978  41.612  -42.228  -3.485 0.1000000015
34008  41.645  -42.120  -5.062 0.1000000015
35187  41.387  -41.439  -3.954 0.1000000015
32744  42.454  -43.214  -4.392 0.1000000015
35143  41.426  -41.717  -1.461 0.1000000015
33962  41.598  -42.260  -2.584 0.1000000015
39016  41.651  -38.987  -3.464 0.1000000015
37691  40.865  -39.710  -3.271 0.1000000015
23697  54.565  -50.144  -6.835 0.1000000015
22436  54.234  -51.123  -6.838 0.1000000015
23714  54.310  -50.382  -7.290 0.1000000015
25033  54.450  -49.477  -7.407 0.1000000015
26357  54.289  -48.598  -7.556 0.1000000015
26347  56.049  -48.303  -7.165 0.1000000015
27652  55.548  -47.907  -7.314 0.1000000015
23698  54.092  -50.738  -6.364 0.2000000030
28980  54.927  -47.355  -7.377 0.1000000015
21325  53.851  -51.670  -6.851 0.2000000030
22453  53.865  -51.299  -7.315 0.1000000015
21326  53.294  -52.229  -6.917 0.2000000030
23715  54.083  -49.928  -7.491 0.1000000015
27661  53.598  -47.765  -7.950 0.1000000015
20273  53.099  -52.932  -5.835 0.2000000030
25043  53.722  -49.378  -7.499 0.2000000030
22473  53.345  -51.028  -7.647 0.2000000030
23730  52.639  -50.403  -7.721 0.2000000030
26358  53.084  -48.468  -7.657 0.3000000119
25044  52.751  -49.428  -7.639 0.3000000119
22454  53.071  -51.709  -7.361 0.2000000030
22474  52.556  -51.173  -7.682 0.2000000030
19205  52.431  -54.453  -6.489 0.2000000030
20282  52.716  -53.448  -6.906 0.2000000030
19241  49.828  -55.173  -8.279 0.1000000015
20274  52.694  -53.640  -6.156 0.2000000030
20281  53.146  -52.895  -6.439 0.2000000030
25045  51.533  -49.542  -7.766 0.3000000119
18199  51.173  -55.480  -7.016 0.1000000015
18197  52.329  -55.178  -5.997 0.1000000015
22455  52.228  -51.792  -7.392 0.2000000030
22475  51.981  -51.276  -7.667 0.2000000030
25034  50.805  -49.706  -7.638 0.4000000060
21327  52.674  -52.633  -7.289 0.2000000030
18214  52.180  -55.111  -6.809 0.2000000030
18233  49.951  -56.111  -8.638 0.1000000015
17257  50.109  -56.662  -8.956 0.2000000030
19240  50.339  -55.634  -8.309 0.1000000015
18232  50.714  -55.986  -8.454 0.1000000015
19221  52.226  -54.457  -7.331 0.2000000030
21328  51.749  -52.588  -7.485 0.2000000030
22456  51.220  -51.459  -7.610 0.2000000030
18216  51.168  -55.689  -7.662 0.1000000015
21329  50.732  -52.539  -7.625 0.4000000060
25035  50.247  -49.918  -7.617 0.4000000060
19238  52.072  -54.734  -7.622 0.3000000119
19222  52.046  -54.199  -7.694 0.3000000119
18215  51.647  -55.389  -7.244 0.2000000030
18231  51.388  -55.332  -8.279 0.4000000060
22457  49.948  -51.704  -7.591 0.4000000060
25047  49.339  -49.539  -7.775 0.4000000060
20284  51.295  -53.354  -7.639 0.3000000119
20309  51.514  -54.167  -8.647 0.4000000060
19239  51.793  -54.611  -7.961 0.3000000119
39203  43.836  -38.453  -11.679 0.1000000015
37875  43.985  -39.513  -11.095 0.1000000015
25036  49.726  -50.223  -7.622 0.4000000060
20285  50.517  -53.258  -7.825 0.4000000060
20295  51.664  -54.010  -7.899 0.3000000119
20296  50.970  -53.798  -8.205 0.4000000060
20297  50.219  -53.312  -8.531 0.4000000060
39204  43.570  -38.778  -12.000 0.1000000015
39225  43.727  -38.747  -12.504 0.1000000015
37876  43.421  -39.298  -11.867 0.1000000015
23718  49.120  -50.777  -7.611 0.4000000060
22458  48.883  -51.831  -8.137 0.5000000000
22459  48.261  -51.398  -8.160 0.5000000000
36611  43.021  -40.068  -11.947 0.1000000015
37916  42.853  -40.027  -13.282 0.1000000015
37894  43.118  -39.668  -12.793 0.1000000015
35358  42.698  -41.466  -12.928 0.1000000015
25021  54.521  -49.772  -6.477 0.1000000015
25032  55.082  -49.357  -7.179 0.1000000015
27660  54.371  -47.905  -7.620 0.1000000015
26348  55.262  -48.559  -7.406 0.1000000015
25020  55.160  -49.361  -6.626 0.1000000015
27643  55.814  -47.765  -6.549 0.1000000015
28961  54.784  -46.704  -6.768 0.1000000015
23677  53.761  -50.902  -6.074 0.1000000015
23716  50.995  -50.326  -7.574 0.3000000119
20283  52.154  -53.590  -7.483 0.2000000030
23717  50.208  -50.726  -7.543 0.4000000060
21330  49.797  -52.682  -7.905 0.4000000060
36612  42.771  -40.574  -12.518 0.1000000015
27628  55.762  -47.637  -5.366 0.1000000015
16324  37.858  -57.728  -12.813 0.1000000015
15269  37.671  -58.093  -13.489 0.1000000015
15267  39.636  -57.919  -13.863 0.1000000015
15253  37.404  -58.217  -12.623 0.1000000015
15252  39.583  -57.863  -13.294 0.1000000015
15270  37.015  -58.728  -13.069 0.1000000015
13267  36.533  -60.501  -13.526 0.1000000015
14234  37.129  -58.868  -13.985 0.1000000015
9511  41.389  -64.690  -7.354 0.1000000015
9571  38.386  -64.218  -10.647 0.1000000015
11443  37.368  -63.283  -11.920 0.1000000015
17317  39.015  -56.843  -12.282 0.1000000015
11444  37.167  -62.279  -11.520 0.1000000015
16312  38.420  -57.450  -12.496 0.1000000015
12336  36.511  -60.692  -11.954 0.1000000015
17316  39.938  -57.083  -12.465 0.1000000015
12350  36.574  -61.339  -12.585 0.1000000015
15251  40.185  -58.153  -13.204 0.1000000015
10415  40.798  -64.033  -7.308 0.1000000015
9510  42.646  -65.059  -7.538 0.1000000015
8690  42.974  -66.017  -7.572 0.1000000015
12262  40.438  -61.768  -6.455 0.1000000015
10394  40.507  -63.305  -7.065 0.1000000015
10414  41.253  -64.123  -7.289 0.1000000015
9494  42.385  -64.323  -7.250 0.1000000015
9508  44.521  -65.204  -8.029 0.1000000015
9554  41.539  -64.574  -9.608 0.1000000015
10476  39.489  -63.792  -9.820 0.1000000015
16296  38.145  -57.117  -11.836 0.1000000015
15254  36.881  -58.695  -12.315 0.1000000015
17297  39.925  -56.208  -12.046 0.1000000015
16310  40.568  -57.767  -12.744 0.1000000015
15266  40.703  -58.574  -13.729 0.1000000015
9493  43.391  -64.491  -7.260 0.1000000015
9492  43.935  -64.573  -7.309 0.1000000015
13166  40.903  -61.002  -6.184 0.1000000015
12261  41.512  -61.771  -6.546 0.1000000015
11344  41.013  -62.648  -6.744 0.1000000015
10392  42.904  -63.744  -6.900 0.1000000015
10391  44.309  -64.022  -7.224 0.1000000015
10413  44.637  -64.638  -7.631 0.1000000015
11391  45.203  -63.269  -7.689 0.1000000015
10437  43.864  -63.448  -8.486 0.1000000015
9533  43.354  -63.891  -8.768 0.1000000015
10438  42.815  -63.304  -8.624 0.1000000015
10459  42.142  -63.885  -8.904 0.1000000015
10440  41.058  -63.005  -8.519 0.1000000015
10475  40.273  -63.876  -9.575 0.1000000015
10461  39.996  -63.161  -9.309 0.1000000015
11414  38.282  -62.218  -9.739 0.1000000015
13224  36.907  -59.751  -10.894 0.1000000015
17299  37.650  -56.783  -11.307 0.1000000015
16297  37.430  -57.588  -11.558 0.1000000015
14172  36.804  -59.257  -11.257 0.1000000015
13236  36.639  -60.091  -11.507 0.1000000015
17296  41.124  -56.286  -11.932 0.1000000015
10410  46.468  -62.917  -7.011 0.1000000015
13116  40.114  -60.136  -4.662 0.1000000015
13165  41.893  -61.009  -6.269 0.1000000015
12260  42.685  -61.715  -6.351 0.1000000015
11341  44.783  -62.904  -6.660 0.1000000015
11340  45.798  -62.801  -6.568 0.1000000015
11369  45.944  -62.867  -7.488 0.1000000015
12284  44.781  -61.880  -7.736 0.1000000015
12298  42.989  -61.715  -8.011 0.1000000015
12300  40.967  -61.281  -8.168 0.1000000015
14079  40.879  -59.932  -5.109 0.1000000015
14078  41.756  -59.984  -5.120 0.1000000015
13164  42.444  -61.056  -6.229 0.1000000015
12234  43.301  -61.142  -6.108 0.1000000015
12259  43.978  -62.025  -6.193 0.1000000015
11394  42.354  -62.377  -8.445 0.1000000015
11395  41.259  -62.279  -8.370 0.1000000015
11396  40.393  -61.963  -8.322 0.1000000015
12313  38.783  -61.265  -8.921 0.1000000015
10462  39.157  -62.957  -9.610 0.1000000015
13216  38.175  -60.642  -8.860 0.1000000015
13217  37.608  -60.163  -9.365 0.1000000015
12314  38.021  -61.135  -9.539 0.1000000015
16270  37.478  -57.221  -9.881 0.1000000015
14154  37.269  -59.105  -9.675 0.1000000015
12324  37.458  -60.895  -10.302 0.1000000015
18280  38.791  -55.295  -11.054 0.1000000015
16286  37.214  -57.348  -10.786 0.1000000015
18278  40.600  -55.515  -11.576 0.1000000015
17314  41.628  -56.908  -12.202 0.1000000015
17315  40.855  -56.940  -12.421 0.1000000015
16295  42.075  -57.206  -12.092 0.1000000015
17295  42.113  -56.599  -11.748 0.1000000015
12281  46.530  -61.996  -7.010 0.1000000015
12282  46.341  -62.039  -7.344 0.1000000015
14040  40.703  -59.758  -4.285 0.1000000015
14038  42.219  -59.527  -3.639 0.1000000015
14058  42.982  -59.755  -4.312 0.1000000015
14076  43.720  -59.810  -5.018 0.1000000015
12232  45.582  -61.206  -5.982 0.1000000015
12258  45.146  -62.041  -6.313 0.1000000015
11339  46.278  -62.611  -6.676 0.1000000015
13182  45.397  -61.320  -7.481 0.1000000015
12285  43.876  -61.512  -7.756 0.1000000015
13185  42.343  -60.408  -7.566 0.1000000015
14059  42.012  -59.504  -4.463 0.1000000015
13140  43.557  -60.465  -5.605 0.1000000015
14141  41.225  -59.890  -8.025 0.1000000015
13203  40.726  -60.223  -8.099 0.1000000015
12301  39.995  -61.189  -8.280 0.1000000015
13204  39.772  -60.268  -7.971 0.1000000015
12302  39.358  -60.885  -8.458 0.1000000015
14143  39.249  -59.665  -7.873 0.1000000015
13205  38.824  -60.311  -8.361 0.1000000015
16252  38.026  -57.280  -8.591 0.1000000015
15190  38.138  -58.200  -8.312 0.1000000015
19293  39.196  -54.577  -10.860 0.1000000015
20332  39.421  -53.540  -10.408 0.1000000015
19294  38.663  -55.024  -10.747 0.1000000015
18267  37.899  -55.794  -10.245 0.1000000015
16253  37.779  -57.120  -9.220 0.1000000015
15191  37.404  -58.018  -9.087 0.1000000015
20348  40.055  -53.889  -10.956 0.1000000015
18252  37.737  -55.932  -10.043 0.1000000015
19292  40.222  -54.528  -11.250 0.1000000015
19276  41.061  -54.224  -10.993 0.1000000015
19291  41.293  -54.904  -11.474 0.1000000015
18277  41.602  -55.723  -11.563 0.1000000015
17294  43.058  -56.713  -11.443 0.1000000015
12177  41.756  -61.704  -2.135 0.1000000015
13075  41.526  -60.633  -2.801 0.1000000015
13076  40.586  -60.642  -3.103 0.1000000015
14022  44.130  -60.104  -2.598 0.1000000015
14056  44.646  -59.512  -3.800 0.1000000015
13181  46.153  -61.216  -7.163 0.1000000015
14037  43.173  -59.683  -3.487 0.1000000015
13139  44.756  -60.210  -5.346 0.1000000015
13137  46.702  -60.279  -5.281 0.1000000015
13162  46.425  -61.039  -6.533 0.1000000015
14121  45.340  -60.617  -6.868 0.1000000015
14122  44.008  -60.263  -6.884 0.1000000015
14123  42.821  -60.006  -6.935 0.1000000015
14098  44.749  -59.547  -6.456 0.1000000015
14100  42.539  -59.069  -6.819 0.1000000015
15181  41.436  -58.870  -7.010 0.1000000015
14125  40.873  -59.554  -7.707 0.1000000015
14126  39.977  -59.334  -7.599 0.1000000015
15182  40.639  -58.455  -7.143 0.1000000015
15183  39.756  -58.263  -7.482 0.1000000015
15184  38.930  -58.176  -7.790 0.1000000015
16242  38.470  -57.262  -7.804 0.1000000015
17258  38.204  -56.318  -8.237 0.1000000015
20333  38.670  -54.034  -10.104 0.1000000015
17273  38.075  -56.015  -9.031 0.1000000015
21384  40.304  -52.853  -10.280 0.1000000015
20317  39.143  -53.054  -9.765 0.1000000015
21383  41.213  -52.918  -10.328 0.1000000015
20330  41.624  -53.670  -10.618 0.1000000015
19290  41.978  -55.172  -11.554 0.1000000015
18276  42.583  -55.731  -11.241 0.1000000015
14055  47.499  -59.247  -4.015 0.1000000015
15126  47.443  -58.560  -3.993 0.1000000015
12164  42.298  -62.071  -1.597 0.1000000015
13074  42.542  -60.744  -2.258 0.1000000015
13073  43.622  -60.646  -2.045 0.1000000015
13072  44.846  -60.648  -2.302 0.1000000015
13114  45.295  -59.781  -4.278 0.1000000015
15140  46.313  -58.511  -5.122 0.1000000015
15141  45.400  -58.320  -5.524 0.1000000015
14023  43.311  -60.073  -2.727 0.1000000015
13113  46.432  -60.170  -4.145 0.1000000015
15160  45.238  -58.801  -6.103 0.1000000015
16228  43.381  -57.844  -6.062 0.1000000015
16230  41.823  -57.412  -6.522 0.1000000015
15162  43.040  -58.367  -6.418 0.1000000015
16231  40.926  -57.355  -6.641 0.1000000015
16241  39.383  -57.126  -7.170 0.1000000015
17242  39.271  -56.104  -6.937 0.1000000015
19246  37.838  -54.360  -8.032 0.1000000015
18218  38.378  -55.369  -7.673 0.1000000015
21370  39.042  -52.903  -9.450 0.1000000015
20318  38.658  -53.511  -9.430 0.1000000015
19245  38.011  -54.224  -8.560 0.1000000015
21369  39.653  -52.445  -9.547 0.1000000015
21368  40.847  -52.330  -9.794 0.1000000015
12159  47.077  -61.455  -1.115 0.1000000015
12162  44.138  -61.781  -1.119 0.1000000015
12160  46.464  -61.643  -1.204 0.1000000015
13069  47.645  -60.938  -2.052 0.1000000015
13088  47.120  -60.255  -2.716 0.1000000015
15106  46.819  -58.328  -3.575 0.1000000015
10318  42.315  -63.820  -1.269 0.1000000015
11261  43.588  -62.810  -1.276 0.1000000015
12175  44.178  -61.126  -1.744 0.1000000015
13061  45.443  -61.184  -1.876 0.1000000015
13089  46.705  -60.250  -3.042 0.1000000015
13112  47.128  -59.864  -4.031 0.1000000015
15127  46.718  -58.168  -4.223 0.1000000015
16193  44.894  -57.318  -4.673 0.1000000015
16195  43.556  -57.446  -5.010 0.1000000015
16212  44.800  -57.727  -5.309 0.1000000015
17229  41.539  -56.718  -6.243 0.1000000015
17230  40.705  -56.314  -6.229 0.1000000015
17231  39.860  -56.224  -6.611 0.1000000015
18217  39.015  -55.407  -7.125 0.1000000015
20289  38.477  -53.394  -7.504 0.1000000015
22498  39.841  -51.594  -8.937 0.1000000015
21354  38.903  -52.791  -8.902 0.1000000015
22496  41.601  -51.863  -9.349 0.1000000015
21352  43.342  -52.233  -9.011 0.1000000015
12150  45.669  -62.088  -0.434 0.1000000015
14011  47.114  -60.211  -1.423 0.1000000015
14021  46.159  -59.155  -2.240 0.1000000015
12151  44.782  -62.140  -0.676 0.1000000015
14019  47.370  -60.195  -2.286 0.1000000015
16171  44.850  -57.305  -3.802 0.1000000015
17188  43.859  -56.928  -3.970 0.1000000015
17208  43.855  -57.245  -4.528 0.1000000015
17209  42.774  -56.873  -4.561 0.1000000015
18187  41.576  -55.957  -4.998 0.1000000015
17222  41.312  -56.224  -5.678 0.1000000015
19191  39.903  -54.413  -5.523 0.1000000015
18200  40.101  -55.450  -6.122 0.1000000015
20278  39.264  -53.326  -6.209 0.1000000015
19210  39.738  -54.893  -6.293 0.1000000015
21318  38.742  -52.795  -7.296 0.1000000015
20279  38.827  -53.375  -6.871 0.1000000015
23724  39.771  -50.783  -7.206 0.1000000015
21337  38.758  -52.744  -8.005 0.1000000015
23723  40.662  -50.385  -7.490 0.1000000015
22465  40.141  -50.921  -7.966 0.1000000015
21353  39.358  -52.096  -8.422 0.1000000015
22463  42.336  -51.184  -8.005 0.1000000015
22480  43.373  -52.015  -8.486 0.1000000015
20301  45.004  -53.217  -8.901 0.1000000015
12149  46.455  -61.500  -0.234 0.1000000015
13047  46.796  -60.950  -0.380 0.1000000015
15076  45.477  -59.062  -2.113 0.1000000015
16153  44.185  -57.442  -2.912 0.1000000015
17172  43.579  -56.993  -3.419 0.1000000015
11251  45.718  -62.138  0.446 0.1000000015
16151  45.739  -58.063  -3.221 0.1000000015
18176  42.723  -55.930  -3.844 0.1000000015
18178  41.369  -55.322  -4.609 0.1000000015
18188  40.797  -55.485  -5.361 0.1000000015
20252  40.145  -53.625  -4.612 0.1000000015
20253  39.779  -53.362  -4.901 0.1000000015
25025  40.755  -49.881  -6.118 0.1000000015
22430  39.337  -51.585  -5.965 0.1000000015
22445  39.137  -51.435  -6.896 0.1000000015
22464  41.767  -50.951  -8.091 0.1000000015
23720  43.494  -50.964  -7.279 0.1000000015
22462  43.620  -51.560  -7.754 0.1000000015
21316  46.225  -52.330  -7.130 0.1000000015
20286  47.880  -53.295  -7.246 0.1000000015
12135  44.694  -61.099  1.109 0.1000000015
11235  46.187  -61.894  1.063 0.1000000015
13049  45.045  -60.375  0.406 0.1000000015
15078  44.015  -58.985  -1.541 0.1000000015
16135  42.225  -57.819  -1.539 0.1000000015
17173  42.747  -56.844  -2.752 0.1000000015
14013  44.904  -59.593  -1.286 0.1000000015
15091  44.098  -58.339  -2.228 0.1000000015
18160  42.671  -55.743  -3.185 0.1000000015
18161  42.427  -55.426  -3.510 0.1000000015
19175  41.492  -54.997  -3.991 0.1000000015
22418  39.364  -51.404  -4.893 0.1000000015
26330  47.873  -49.161  -5.316 0.1000000015
26331  47.209  -49.349  -5.293 0.1000000015
25002  46.749  -49.820  -5.413 0.1000000015
25004  44.348  -49.581  -5.368 0.1000000015
25005  43.295  -49.592  -5.414 0.1000000015
25008  40.290  -49.837  -5.497 0.1000000015
23690  39.559  -50.793  -5.561 0.1000000015
25001  47.763  -50.005  -5.611 0.1000000015
23685  45.135  -50.396  -5.819 0.1000000015
25007  41.078  -49.522  -5.513 0.1000000015
25000  48.724  -49.879  -5.549 0.1000000015
23682  48.599  -50.938  -5.600 0.1000000015
23683  47.536  -50.981  -6.077 0.1000000015
22427  45.896  -51.173  -6.255 0.1000000015
23704  44.146  -50.697  -6.518 0.1000000015
23706  42.382  -50.034  -6.695 0.1000000015
23681  49.663  -50.757  -5.729 0.1000000015
22424  49.535  -51.790  -5.738 0.1000000015
23702  47.408  -51.638  -6.264 0.1000000015
22444  43.798  -51.030  -7.182 0.1000000015
22440  47.342  -52.039  -6.345 0.1000000015
22461  44.897  -51.813  -7.442 0.1000000015
20263  50.244  -53.353  -5.775 0.1000000015
21314  47.360  -52.455  -6.558 0.1000000015
19209  48.773  -53.439  -6.716 0.1000000015
13985  43.833  -59.605  1.711 0.1000000015
13032  44.429  -60.508  1.013 0.1000000015
14004  43.453  -59.879  0.320 0.1000000015
15060  42.815  -58.834  -0.425 0.1000000015
14014  44.126  -59.724  -1.139 0.1000000015
17174  42.055  -56.370  -2.202 0.1000000015
18144  42.300  -55.766  -2.614 0.1000000015
19148  41.865  -54.895  -2.501 0.1000000015
19163  42.070  -54.839  -3.409 0.1000000015
19164  41.267  -54.415  -3.520 0.1000000015
20243  40.667  -53.714  -3.750 0.1000000015
22409  39.656  -51.614  -3.777 0.1000000015
24952  42.215  -48.770  -4.027 0.1000000015
23670  39.542  -50.338  -4.936 0.1000000015
24970  46.315  -49.040  -5.052 0.1000000015
26333  44.667  -49.037  -5.082 0.1000000015
24972  43.652  -49.094  -4.830 0.1000000015
24974  41.327  -49.177  -4.731 0.1000000015
26296  47.974  -48.355  -5.007 0.1000000015
23679  51.883  -50.680  -5.723 0.1000000015
23701  50.957  -51.257  -6.128 0.1000000015
15038  43.456  -59.108  1.903 0.1000000015
15039  42.680  -59.053  1.140 0.1000000015
16113  41.532  -57.251  -0.178 0.1000000015
17136  41.262  -56.161  -0.159 0.1000000015
16112  42.079  -58.084  -0.196 0.1000000015
17158  41.510  -56.627  -1.328 0.1000000015
17159  41.119  -55.910  -0.927 0.1000000015
18145  41.758  -55.822  -2.078 0.1000000015
19129  41.133  -54.408  -1.400 0.1000000015
20230  41.551  -54.257  -2.670 0.1000000015
21289  40.510  -52.800  -3.188 0.1000000015
22394  39.812  -51.382  -2.934 0.1000000015
26275  42.063  -48.724  -3.468 0.1000000015
24941  41.292  -49.095  -2.598 0.1000000015
23656  40.078  -50.076  -3.388 0.1000000015
26297  46.937  -48.523  -5.022 0.1000000015
27608  46.028  -47.777  -4.038 0.1000000015
26274  42.514  -48.564  -3.774 0.1000000015
23657  39.723  -50.450  -4.098 0.1000000015
26328  49.488  -48.633  -5.128 0.1000000015
27605  48.156  -47.918  -4.410 0.1000000015
24973  42.509  -48.860  -4.580 0.1000000015
26327  50.437  -48.645  -5.105 0.1000000015
24999  49.847  -49.543  -5.523 0.1000000015
16076  42.439  -57.513  1.645 0.1000000015
16091  41.967  -57.829  0.687 0.1000000015
17119  41.521  -56.150  0.929 0.1000000015
18112  41.330  -55.228  -0.591 0.1000000015
18128  41.354  -55.480  -1.424 0.1000000015
19112  40.830  -53.820  -0.837 0.1000000015
20217  41.034  -53.518  -1.861 0.1000000015
21267  40.838  -52.584  -1.621 0.1000000015
21277  40.773  -52.905  -2.376 0.1000000015
24920  41.481  -49.492  -1.498 0.1000000015
23640  40.247  -50.555  -2.668 0.1000000015
26256  42.888  -48.377  -2.843 0.1000000015
26233  42.281  -48.692  -2.064 0.1000000015
26273  43.553  -48.321  -3.654 0.1000000015
26329  48.762  -48.902  -5.357 0.1000000015
24998  51.149  -49.611  -5.472 0.1000000015
23678  53.207  -50.570  -5.976 0.1000000015
16077  41.985  -56.620  1.360 0.1000000015
18101  42.038  -54.978  0.818 0.1000000015
18102  41.602  -55.325  0.501 0.1000000015
19097  41.748  -54.549  0.588 0.1000000015
20201  41.075  -53.323  -0.341 0.1000000015
19111  41.276  -54.315  -0.181 0.1000000015
20202  40.831  -53.232  -1.112 0.1000000015
22383  40.916  -51.593  -1.197 0.1000000015
23628  40.692  -50.594  -1.724 0.1000000015
26232  43.258  -48.587  -1.967 0.1000000015
26271  45.521  -48.212  -3.282 0.1000000015
26254  44.812  -48.458  -2.609 0.1000000015
26295  48.789  -48.268  -4.734 0.1000000015
27606  47.414  -47.907  -4.398 0.1000000015
24996  53.407  -49.421  -6.071 0.1000000015
25022  53.929  -50.108  -6.251 0.1000000015
20176  42.703  -53.563  0.645 0.1000000015
20177  41.696  -53.618  0.496 0.1000000015
21249  41.360  -52.547  0.061 0.1000000015
22361  42.106  -51.671  -0.120 0.1000000015
22362  41.240  -51.863  -0.450 0.1000000015
22382  41.481  -51.273  -0.665 0.1000000015
23627  41.318  -50.614  -1.052 0.1000000015
24899  41.677  -50.115  -0.858 0.1000000015
24919  42.698  -49.275  -1.397 0.1000000015
26325  52.826  -48.688  -5.453 0.1000000015
27582  46.274  -47.985  -3.425 0.1000000015
26324  53.923  -48.712  -5.605 0.1000000015
22334  42.796  -52.182  0.366 0.1000000015
23602  43.797  -50.653  -0.495 0.1000000015
22360  43.326  -51.584  -0.016 0.1000000015
23625  45.659  -50.054  -1.161 0.1000000015
23601  44.887  -50.521  -0.604 0.1000000015
23603  42.771  -50.746  -0.501 0.1000000015
24915  46.511  -49.533  -1.475 0.1000000015
24897  43.236  -49.896  -0.841 0.1000000015
24918  43.696  -49.235  -1.415 0.1000000015
26292  52.309  -48.025  -4.653 0.1000000015
26293  50.939  -47.822  -4.073 0.1000000015
26294  49.662  -48.138  -4.415 0.1000000015
26269  48.765  -47.562  -4.021 0.1000000015
27561  47.488  -47.723  -2.944 0.1000000015
26270  46.042  -48.335  -2.812 0.1000000015
26323  54.898  -48.724  -5.561 0.1000000015
26268  49.601  -47.767  -3.400 0.1000000015
24914  47.683  -49.174  -1.708 0.1000000015
24896  44.200  -49.809  -0.897 0.1000000015
26228  46.882  -48.873  -1.866 0.1000000015
24916  45.554  -49.220  -1.682 0.1000000015
26267  50.386  -47.826  -2.800 0.1000000015
26251  47.378  -48.346  -2.332 0.1000000015
24940  45.935  -48.925  -2.095 0.1000000015
26250  48.411  -47.892  -2.813 0.1000000015
27563  46.376  -48.229  -2.819 0.1000000015
9569  40.145  -64.766  -10.010 0.1000000015
11415  37.700  -61.581  -9.952 0.1000000015
11428  37.774  -62.871  -10.844 0.1000000015
11429  37.415  -61.895  -10.530 0.1000000015
16323  38.461  -57.656  -13.175 0.1000000015
16311  39.393  -57.625  -12.829 0.1000000015
14195  36.572  -59.244  -11.908 0.1000000015
13235  37.011  -60.376  -10.872 0.1000000015
14216  36.625  -59.219  -12.627 0.1000000015
14235  36.666  -59.497  -13.341 0.1000000015
13252  36.456  -60.076  -12.482 0.1000000015
8692  40.580  -65.747  -7.412 0.1000000015
10488  37.960  -64.008  -11.240 0.1000000015
9570  39.003  -64.377  -10.413 0.1000000015
12349  36.882  -61.832  -12.009 0.1000000015
11343  42.198  -62.722  -6.761 0.1000000015
10412  45.336  -64.038  -7.710 0.1000000015
10439  41.752  -63.076  -8.644 0.1000000015
10460  40.923  -63.683  -8.929 0.1000000015
17298  38.554  -56.120  -11.372 0.1000000015
15221  37.050  -58.433  -11.182 0.1000000015
11342  43.490  -62.890  -6.602 0.1000000015
10390  45.648  -63.499  -6.983 0.1000000015
11392  44.486  -62.838  -7.968 0.1000000015
10436  44.834  -63.789  -8.369 0.1000000015
11370  45.290  -62.558  -7.650 0.1000000015
11393  43.406  -62.613  -8.295 0.1000000015
11413  39.567  -62.091  -8.976 0.1000000015
15202  37.033  -58.183  -10.143 0.1000000015
13223  37.248  -59.902  -10.302 0.1000000015
18279  39.531  -55.364  -11.376 0.1000000015
17285  38.179  -55.992  -10.857 0.1000000015
13183  44.473  -61.029  -7.484 0.1000000015
12299  41.926  -61.489  -8.253 0.1000000015
12233  44.419  -61.095  -6.132 0.1000000015
13206  38.056  -59.968  -8.562 0.1000000015
14144  38.570  -59.227  -8.157 0.1000000015
14145  37.746  -59.142  -8.774 0.1000000015
17274  37.776  -56.373  -9.607 0.1000000015
12231  46.264  -61.250  -6.060 0.1000000015
14025  41.652  -59.823  -3.227 0.1000000015
13138  46.029  -60.588  -5.160 0.1000000015
13184  43.224  -60.912  -7.411 0.1000000015
14124  41.858  -59.624  -7.459 0.1000000015
14127  39.266  -58.962  -7.704 0.1000000015
19262  38.304  -54.514  -9.491 0.1000000015
14035  44.972  -59.551  -3.399 0.1000000015
14097  46.147  -59.895  -6.296 0.1000000015
14073  46.973  -59.531  -5.370 0.1000000015
14099  43.539  -59.252  -6.608 0.1000000015
15159  45.915  -58.955  -5.745 0.1000000015
16229  42.604  -57.554  -6.225 0.1000000015
15163  42.108  -58.299  -6.648 0.1000000015
15164  41.373  -58.079  -6.715 0.1000000015
16240  40.166  -57.644  -6.997 0.1000000015
18237  37.828  -54.675  -8.168 0.1000000015
21367  41.798  -52.474  -9.815 0.1000000015
20329  42.552  -53.724  -10.362 0.1000000015
19275  42.204  -54.563  -11.084 0.1000000015
14034  46.866  -59.222  -3.307 0.1000000015
14072  47.392  -59.381  -4.543 0.1000000015
12163  43.043  -61.877  -1.351 0.1000000015
13071  46.147  -60.873  -2.368 0.1000000015
13090  45.688  -60.042  -3.126 0.1000000015
15161  44.126  -58.439  -6.227 0.1000000015
16214  43.089  -57.475  -5.532 0.1000000015
17220  42.507  -57.073  -5.655 0.1000000015
16232  40.194  -56.944  -6.687 0.1000000015
19228  38.216  -54.331  -7.601 0.1000000015
22497  40.607  -51.664  -9.227 0.1000000015
21366  42.766  -52.708  -9.606 0.1000000015
12173  46.692  -61.355  -1.943 0.1000000015
16170  45.912  -57.957  -3.610 0.1000000015
17207  44.370  -57.289  -4.611 0.1000000015
17221  41.935  -56.655  -5.427 0.1000000015
19227  38.780  -54.877  -7.321 0.1000000015
19211  39.188  -54.384  -6.703 0.1000000015
23737  41.483  -50.834  -8.140 0.1000000015
22481  42.615  -51.802  -8.821 0.1000000015
21365  43.806  -52.741  -9.324 0.1000000015
14012  46.128  -59.752  -1.454 0.1000000015
14001  46.460  -60.591  -0.551 0.1000000015
17189  43.151  -56.435  -3.627 0.1000000015
18177  42.038  -55.733  -4.151 0.1000000015
19192  39.447  -53.902  -5.941 0.1000000015
21310  39.314  -52.472  -5.592 0.1000000015
22466  39.480  -51.448  -7.732 0.1000000015
23707  41.235  -49.959  -6.875 0.1000000015
21335  44.553  -52.188  -7.931 0.1000000015
21351  44.055  -52.249  -8.599 0.1000000015
21334  45.353  -52.368  -7.748 0.1000000015
21349  45.990  -52.706  -8.141 0.1000000015
13031  45.582  -60.780  0.494 0.1000000015
16154  43.245  -58.012  -2.266 0.1000000015
19176  40.771  -54.594  -4.448 0.1000000015
21301  39.647  -52.682  -4.566 0.1000000015
23705  43.585  -50.540  -6.800 0.1000000015
20288  47.258  -53.242  -6.965 0.1000000015
22460  45.651  -52.168  -7.309 0.1000000015
22441  46.650  -51.886  -6.561 0.1000000015
20266  47.873  -52.819  -6.481 0.1000000015
15092  43.609  -58.489  -1.897 0.1000000015
20231  41.104  -53.768  -2.830 0.1000000015
21290  39.971  -52.453  -3.712 0.1000000015
25003  45.502  -49.377  -5.316 0.1000000015
23684  46.246  -50.579  -5.784 0.1000000015
23686  44.048  -50.502  -5.946 0.1000000015
23687  43.014  -50.018  -6.065 0.1000000015
23688  42.475  -49.803  -6.116 0.1000000015
25006  42.200  -49.518  -5.599 0.1000000015
24975  40.381  -49.482  -4.897 0.1000000015
22425  48.571  -51.871  -5.913 0.1000000015
22428  44.933  -50.933  -6.371 0.1000000015
22442  45.712  -51.679  -6.903 0.1000000015
23703  46.857  -51.341  -6.392 0.1000000015
23680  50.779  -50.637  -5.822 0.1000000015
22426  47.949  -51.828  -5.920 0.1000000015
21309  47.886  -52.572  -6.224 0.1000000015
19190  49.254  -53.399  -6.434 0.1000000015
20265  48.497  -53.029  -6.307 0.1000000015
24954  40.302  -49.325  -3.995 0.1000000015
26298  45.632  -48.295  -4.448 0.1000000015
26299  44.321  -48.691  -4.472 0.1000000015
26300  43.203  -48.622  -4.289 0.1000000015
24997  52.340  -49.585  -5.668 0.1000000015
22393  40.411  -51.832  -2.316 0.1000000015
26326  51.638  -48.627  -5.211 0.1000000015
26230  44.981  -48.668  -1.889 0.1000000015
23604  41.915  -50.686  -0.594 0.1000000015
19256  51.619  -54.706  -9.012 0.3000000119
20325  51.549  -54.069  -9.482 0.3000000119
20310  50.894  -53.767  -9.146 0.3000000119
20311  50.080  -53.249  -9.504 0.4000000060
21345  49.352  -52.623  -8.832 0.4000000060
15310  47.236  -59.279  -16.522 0.1000000015
15296  46.986  -59.284  -15.506 0.1000000015
15281  46.081  -59.332  -14.573 0.2000000030
16304  47.636  -57.901  -12.189 0.3000000119
22535  49.854  -52.022  -12.439 0.4000000060
17305  52.219  -55.979  -13.139 0.4000000060
15245  46.515  -59.069  -12.420 0.2000000030
17327  51.275  -56.103  -13.204 0.4000000060
19326  52.092  -54.723  -13.369 0.4000000060
22533  50.675  -52.506  -12.769 0.4000000060
14310  47.454  -59.381  -17.976 0.1000000015
15246  45.761  -59.081  -13.038 0.3000000119
18306  51.947  -55.494  -13.683 0.4000000060
19327  51.718  -54.004  -13.170 0.4000000060
21418  51.286  -52.769  -13.478 0.4000000060
15325  47.512  -58.902  -17.453 0.1000000015
23774  49.261  -51.460  -12.136 0.5000000000
15262  45.485  -58.818  -13.810 0.2000000030
16305  46.673  -57.989  -12.432 0.3000000119
17309  48.654  -56.682  -12.144 0.3000000119
18318  52.143  -55.044  -13.873 0.4000000060
23775  48.700  -51.029  -12.270 0.4000000060
25068  46.839  -50.243  -11.721 0.4000000060
18289  50.774  -55.864  -13.252 0.4000000060
20379  52.138  -53.684  -13.980 0.4000000060
21443  51.484  -52.652  -14.109 0.4000000060
22554  50.776  -52.155  -13.350 0.5000000000
16365  47.559  -58.038  -17.621 0.2000000030
16354  47.279  -58.539  -17.022 0.2000000030
16342  46.496  -58.206  -16.085 0.2000000030
16306  45.722  -58.099  -12.700 0.2000000030
15297  46.260  -58.522  -15.380 0.2000000030
17310  47.696  -56.764  -12.039 0.3000000119
18291  48.831  -55.607  -12.481 0.3000000119
15353  47.582  -58.591  -19.673 0.1000000015
18319  51.920  -54.943  -14.210 0.4000000060
18290  49.933  -55.384  -12.752 0.4000000060
19342  52.226  -54.269  -14.520 0.4000000060
23786  50.391  -51.593  -12.937 0.5000000000
23787  49.667  -50.987  -12.858 0.5000000000
25083  48.192  -50.555  -12.705 0.4000000060
18308  50.613  -55.235  -13.374 0.4000000060
20402  52.250  -53.400  -14.755 0.4000000060
22555  50.719  -51.518  -13.728 0.5000000000
23804  50.344  -51.060  -13.690 0.5000000000
25095  48.438  -49.942  -13.355 0.4000000060
16355  46.866  -57.899  -16.876 0.2000000030
16332  45.589  -58.298  -15.125 0.2000000030
15282  45.293  -58.408  -14.522 0.2000000030
16307  45.168  -58.188  -13.142 0.2000000030
17311  46.730  -56.870  -12.256 0.3000000119
17312  45.765  -56.994  -12.624 0.4000000060
18292  47.796  -55.579  -12.008 0.3000000119
22583  51.285  -51.880  -14.274 0.5000000000
23805  49.824  -50.514  -13.639 0.5000000000
25084  47.233  -50.036  -12.548 0.4000000060
19306  49.620  -54.824  -12.951 0.4000000060
18320  51.674  -54.813  -14.323 0.4000000060
23832  51.424  -50.777  -14.591 0.5000000000
16379  47.462  -58.018  -18.289 0.2000000030
16343  45.935  -57.462  -15.573 0.2000000030
26397  46.954  -49.028  -13.106 0.4000000060
16321  44.878  -57.926  -13.877 0.2000000030
19329  49.918  -54.511  -13.280 0.4000000060
19356  52.088  -54.054  -15.209 0.4000000060
16392  47.194  -58.016  -19.093 0.2000000030
17339  46.416  -57.217  -16.272 0.2000000030
17313  44.835  -57.201  -13.115 0.3000000119
26398  46.492  -49.103  -12.382 0.4000000060
21463  52.155  -52.543  -15.172 0.5000000000
25109  50.206  -50.324  -14.098 0.5000000000
27723  44.739  -47.549  -12.176 0.4000000060
17407  47.030  -57.508  -19.534 0.2000000030
16366  46.847  -57.415  -17.431 0.2000000030
19307  49.026  -54.567  -12.871 0.4000000060
20403  51.645  -53.810  -15.017 0.4000000060
25110  49.467  -49.695  -13.932 0.5000000000
25111  48.485  -49.015  -13.786 0.4000000060
31606  42.558  -44.057  -12.774 0.4000000060
16413  47.044  -57.299  -20.723 0.2000000030
17358  46.310  -56.907  -17.217 0.2000000030
16333  44.886  -57.534  -15.044 0.2000000030
18273  47.050  -55.113  -11.778 0.4000000060
21479  51.834  -51.968  -15.659 0.5000000000
25136  51.581  -50.006  -14.688 0.5000000000
16459  47.441  -58.077  -21.942 0.2000000030
18293  46.737  -55.694  -11.911 0.4000000060
19308  48.111  -54.629  -12.246 0.3000000119
20418  51.732  -53.405  -15.280 0.5000000000
23831  51.923  -51.111  -14.881 0.5000000000
15381  46.513  -57.939  -21.999 0.2000000030
30295  44.257  -45.498  -12.985 0.4000000060
31624  43.446  -44.332  -13.342 0.2000000030
29056  45.023  -47.203  -12.584 0.4000000060
26415  46.637  -48.446  -12.841 0.4000000060
17388  46.568  -57.406  -18.873 0.2000000030
26429  48.943  -48.818  -14.234 0.4000000060
26414  47.431  -48.339  -13.436 0.4000000060
17408  46.610  -57.009  -20.087 0.2000000030
17340  45.759  -56.597  -15.991 0.2000000030
16344  45.211  -56.798  -15.588 0.2000000030
17370  46.421  -56.936  -17.870 0.2000000030
29072  45.254  -46.618  -13.278 0.4000000060
27721  46.937  -47.925  -13.272 0.4000000060
27719  47.696  -47.893  -13.821 0.4000000060
20381  50.445  -53.925  -13.983 0.3000000119
23853  52.019  -50.607  -15.109 0.5000000000
25137  50.512  -49.666  -14.563 0.5000000000
26430  48.247  -48.299  -14.025 0.4000000060
18294  45.766  -55.974  -12.201 0.4000000060
20383  48.625  -53.448  -13.105 0.3000000119
20404  50.895  -53.293  -14.703 0.4000000060
19309  46.373  -55.018  -11.827 0.4000000060
21480  51.097  -51.708  -16.162 0.5000000000
17359  45.499  -56.484  -17.354 0.2000000030
27738  45.994  -47.270  -13.311 0.4000000060
25138  49.540  -49.230  -14.502 0.5000000000
25163  50.362  -49.511  -15.352 0.5000000000
20405  50.000  -53.244  -14.390 0.4000000060
20419  51.325  -53.079  -15.312 0.5000000000
23854  51.650  -50.285  -15.317 0.5000000000
21465  50.978  -52.184  -15.940 0.5000000000
21444  50.744  -52.620  -15.413 0.5000000000
20359  51.254  -53.519  -12.686 0.4000000060
29073  44.432  -46.228  -12.776 0.4000000060
22628  51.473  -51.375  -15.913 0.5000000000
17278  50.819  -56.697  -10.636 0.3000000119
18259  51.791  -55.353  -10.572 0.3000000119
19270  51.705  -54.048  -10.762 0.2000000030
16279  49.687  -57.543  -10.799 0.2000000030
16278  50.105  -56.969  -11.052 0.3000000119
17288  51.478  -56.029  -11.288 0.3000000119
15216  49.374  -58.365  -11.169 0.2000000030
15232  49.196  -58.375  -11.852 0.2000000030
16289  50.047  -56.830  -11.495 0.2000000030
15416  45.964  -58.699  -23.220 0.1000000015
14370  44.699  -59.294  -23.915 0.1000000015
18347  42.718  -56.167  -17.706 0.1000000015
18245  51.557  -55.490  -9.511 0.2000000030
17269  50.587  -56.676  -9.464 0.2000000030
17277  51.349  -56.179  -10.130 0.2000000030
18247  49.775  -56.536  -8.959 0.1000000015
16280  48.989  -57.723  -10.473 0.1000000015
16268  49.802  -57.312  -10.011 0.2000000030
17279  48.760  -57.053  -10.006 0.1000000015
16281  48.122  -58.162  -10.346 0.1000000015
16412  47.419  -57.767  -20.303 0.1000000015
15415  46.751  -58.543  -22.998 0.1000000015
18361  44.758  -56.191  -18.128 0.1000000015
18345  44.419  -56.253  -17.461 0.1000000015
18335  44.347  -56.177  -16.514 0.1000000015
18330  43.844  -55.927  -15.894 0.1000000015
17390  44.567  -56.835  -19.478 0.1000000015
19390  43.777  -56.262  -17.331 0.1000000015
18336  43.679  -55.984  -16.475 0.1000000015
18310  43.560  -55.648  -13.765 0.1000000015
19391  43.336  -56.227  -17.256 0.1000000015
19345  43.020  -55.516  -15.753 0.1000000015
19331  42.992  -54.934  -13.418 0.1000000015
18311  42.577  -55.258  -13.993 0.1000000015
20366  43.269  -53.771  -12.468 0.1000000015
17270  49.700  -56.842  -9.350 0.1000000015
18309  44.205  -56.270  -13.300 0.1000000015
20361  48.198  -53.895  -12.559 0.3000000119
17389  45.554  -56.884  -19.269 0.1000000015
17371  45.534  -56.514  -18.306 0.1000000015
17350  45.212  -56.424  -16.544 0.1000000015
17328  44.355  -56.602  -14.256 0.1000000015
19311  44.918  -55.094  -11.961 0.2000000030
20345  46.356  -53.895  -11.576 0.3000000119
21420  48.684  -52.472  -13.823 0.3000000119
21446  49.087  -52.100  -14.723 0.3000000119
15417  45.147  -58.802  -23.431 0.1000000015
16414  45.259  -57.349  -20.655 0.1000000015
17342  44.243  -56.241  -15.590 0.1000000015
20346  45.454  -54.140  -11.550 0.2000000030
21422  47.131  -52.504  -12.945 0.3000000119
16415  44.666  -57.380  -20.762 0.1000000015
19312  43.678  -55.029  -12.616 0.1000000015
21402  45.902  -52.580  -12.208 0.2000000030
22558  47.048  -51.930  -13.330 0.3000000119
21403  44.882  -52.686  -11.999 0.2000000030
23806  47.585  -51.264  -13.784 0.4000000060
19332  42.263  -54.563  -13.572 0.1000000015
21404  43.828  -52.836  -12.181 0.1000000015
22539  44.197  -51.939  -12.129 0.3000000119
21303  53.083  -52.252  -5.785 0.1000000015
20261  52.240  -53.427  -5.605 0.1000000015
23855  51.046  -50.032  -15.585 0.4000000060
21495  51.065  -51.498  -17.152 0.4000000060
21419  49.458  -52.718  -14.281 0.3000000119
21445  50.002  -52.454  -14.953 0.4000000060
22608  50.341  -51.627  -16.457 0.4000000060
22585  48.463  -51.855  -14.326 0.4000000060
21483  49.414  -51.454  -16.359 0.4000000060
22586  48.104  -51.222  -14.376 0.4000000060
22559  46.153  -51.436  -13.200 0.3000000119
23807  46.863  -50.956  -13.675 0.5000000000
20385  41.915  -54.066  -13.668 0.2000000030
20367  42.161  -53.706  -13.061 0.1000000015
22560  45.455  -51.114  -13.093 0.4000000060
19360  41.489  -55.099  -15.880 0.1000000015
19347  41.354  -54.555  -14.683 0.1000000015
21405  42.834  -52.713  -12.251 0.2000000030
21393  43.446  -52.497  -12.114 0.2000000030
18339  41.366  -55.568  -17.417 0.1000000015
19377  40.590  -55.250  -16.814 0.1000000015
20368  41.692  -53.312  -13.368 0.2000000030
18366  40.831  -55.865  -18.640 0.1000000015
26451  49.791  -49.227  -14.881 0.4000000060
26453  48.732  -48.316  -14.396 0.3000000119
21496  50.951  -51.497  -17.506 0.4000000060
22629  51.160  -51.255  -16.854 0.4000000060
22630  50.399  -51.639  -17.080 0.4000000060
23918  51.346  -50.817  -18.020 0.4000000060
22610  48.558  -51.324  -15.310 0.4000000060
22611  47.920  -50.729  -15.091 0.4000000060
22632  49.030  -50.826  -16.533 0.4000000060
23834  47.449  -50.716  -14.379 0.5000000000
23808  45.989  -50.571  -13.586 0.4000000060
22540  43.250  -51.788  -11.994 0.3000000119
23789  44.795  -51.081  -12.588 0.4000000060
23809  45.177  -50.444  -13.146 0.4000000060
20421  39.914  -53.828  -15.097 0.2000000030
20420  40.454  -54.027  -15.030 0.2000000030
21406  41.657  -52.734  -12.952 0.2000000030
19394  39.602  -55.270  -17.222 0.1000000015
19361  40.422  -54.460  -15.595 0.2000000030
16463  39.427  -57.974  -22.553 0.1000000015
25164  49.642  -49.157  -15.554 0.4000000060
26452  49.163  -48.482  -14.773 0.4000000060
25201  50.185  -50.400  -17.350 0.4000000060
22670  49.781  -51.094  -18.203 0.4000000060
25225  50.055  -50.369  -17.801 0.4000000060
22653  48.935  -50.671  -17.916 0.4000000060
22633  47.912  -50.382  -16.239 0.4000000060
23856  47.223  -50.293  -15.274 0.3000000119
25113  45.541  -49.927  -13.640 0.4000000060
23836  46.020  -49.951  -14.106 0.4000000060
22541  42.231  -51.762  -12.240 0.3000000119
23790  43.923  -50.941  -12.250 0.3000000119
19378  39.536  -54.625  -16.566 0.2000000030
19362  39.250  -54.154  -15.766 0.2000000030
21447  40.772  -53.312  -14.067 0.2000000030
16480  38.357  -58.023  -23.602 0.1000000015
16464  38.581  -58.111  -22.565 0.1000000015
15388  38.580  -58.189  -21.189 0.1000000015
29070  46.976  -46.972  -13.789 0.3000000119
26482  49.190  -48.292  -15.385 0.4000000060
29089  49.018  -47.144  -14.789 0.3000000119
25181  49.404  -49.204  -16.111 0.4000000060
25226  49.014  -49.789  -18.349 0.4000000060
23921  49.051  -50.653  -18.609 0.4000000060
23920  49.949  -50.612  -18.203 0.4000000060
22654  47.955  -50.823  -17.662 0.4000000060
23857  46.566  -49.833  -15.292 0.4000000060
23792  41.907  -50.714  -12.646 0.3000000119
25099  42.729  -49.803  -12.704 0.3000000119
25098  43.735  -50.046  -12.716 0.3000000119
25114  44.689  -49.666  -13.419 0.3000000119
25139  46.179  -49.773  -14.698 0.3000000119
19363  38.182  -54.212  -15.604 0.2000000030
20422  38.873  -53.844  -14.978 0.2000000030
21425  39.884  -52.771  -13.491 0.3000000119
21407  40.639  -52.403  -12.954 0.2000000030
23791  42.952  -50.849  -12.481 0.3000000119
19379  38.489  -54.475  -16.407 0.2000000030
21448  40.406  -53.145  -14.065 0.2000000030
19395  38.727  -55.065  -17.054 0.2000000030
29071  46.408  -46.900  -13.777 0.3000000119
30312  46.716  -45.509  -14.390 0.3000000119
29091  47.448  -46.609  -14.475 0.3000000119
29090  48.582  -47.006  -14.710 0.4000000060
27756  47.987  -47.368  -14.335 0.3000000119
26531  48.419  -48.783  -16.635 0.3000000119
26511  48.590  -48.036  -16.074 0.4000000060
26547  48.377  -49.253  -17.412 0.4000000060
25203  48.931  -49.394  -16.939 0.4000000060
25245  48.798  -50.289  -19.071 0.4000000060
22672  47.523  -51.523  -18.863 0.3000000119
22671  48.607  -51.158  -18.738 0.4000000060
25142  43.561  -48.718  -14.664 0.3000000119
25141  44.534  -48.962  -14.443 0.2000000030
25166  45.282  -49.014  -15.442 0.2000000030
25204  46.773  -49.455  -17.013 0.2000000030
23873  46.775  -49.842  -16.246 0.3000000119
23810  41.326  -50.155  -12.771 0.3000000119
25115  43.516  -49.106  -13.472 0.3000000119
25165  45.969  -49.558  -15.346 0.2000000030
23874  46.242  -49.779  -15.823 0.2000000030
19364  37.257  -54.051  -15.533 0.2000000030
21426  38.901  -52.320  -13.084 0.3000000119
22544  39.707  -51.771  -12.611 0.3000000119
22543  40.362  -51.660  -12.654 0.3000000119
30294  45.145  -45.632  -13.699 0.3000000119
29093  45.538  -46.064  -13.897 0.3000000119
25246  48.234  -50.145  -19.343 0.3000000119
23898  45.787  -50.176  -18.192 0.2000000030
23923  46.448  -51.048  -19.013 0.2000000030
22673  46.851  -51.966  -19.426 0.2000000030
23941  47.689  -50.986  -19.658 0.2000000030
25185  44.841  -49.008  -16.610 0.2000000030
25206  45.248  -49.624  -17.464 0.2000000030
25205  46.199  -49.596  -17.276 0.2000000030
18384  40.161  -56.078  -18.954 0.1000000015
18350  39.746  -55.487  -17.900 0.1000000015
20410  37.484  -53.078  -14.255 0.3000000119
20326  50.880  -53.616  -10.477 0.3000000119
19284  51.770  -54.579  -11.057 0.3000000119
18272  51.753  -55.203  -11.445 0.3000000119
16302  49.211  -57.639  -12.143 0.2000000030
21313  53.499  -52.043  -6.370 0.1000000015
18246  50.949  -55.842  -9.096 0.2000000030
19269  51.836  -54.475  -10.102 0.2000000030
19287  46.670  -54.625  -11.720 0.3000000119
31623  44.783  -44.891  -13.727 0.3000000119
17333  44.519  -56.618  -15.302 0.1000000015
27755  48.604  -47.735  -14.536 0.3000000119
18295  44.650  -56.080  -12.627 0.3000000119
19288  46.020  -54.592  -11.700 0.2000000030
18344  45.087  -56.174  -17.841 0.1000000015
16267  50.240  -57.141  -10.366 0.2000000030
19358  43.181  -55.705  -16.352 0.1000000015
17268  51.165  -56.129  -9.519 0.2000000030
17409  45.436  -56.896  -20.117 0.1000000015
18362  44.029  -56.362  -18.235 0.1000000015
17360  44.827  -56.419  -16.959 0.1000000015
17329  43.691  -56.037  -14.544 0.1000000015
18321  43.154  -55.550  -14.913 0.1000000015
20365  44.457  -53.930  -11.791 0.1000000015
18296  43.890  -55.829  -12.985 0.2000000030
21400  47.378  -52.908  -12.657 0.3000000119
20363  46.393  -53.163  -11.944 0.3000000119
22556  48.361  -52.081  -13.988 0.4000000060
21467  49.315  -51.873  -15.797 0.4000000060
20364  45.554  -53.336  -11.756 0.3000000119
22537  46.349  -52.103  -12.763 0.3000000119
23871  50.502  -50.027  -16.133 0.4000000060
22631  49.718  -51.347  -16.900 0.4000000060
19348  40.725  -54.222  -14.906 0.2000000030
20406  41.256  -53.899  -14.417 0.2000000030
23872  50.022  -49.796  -16.331 0.4000000060
22651  50.577  -51.487  -17.795 0.4000000060
26510  49.049  -48.315  -15.893 0.4000000060
22542  41.285  -51.718  -12.654 0.3000000119
21424  40.915  -53.098  -13.596 0.2000000030
20408  39.615  -53.330  -14.344 0.2000000030
26483  48.849  -47.780  -15.546 0.4000000060
27772  49.082  -47.192  -15.240 0.4000000060
25182  48.915  -48.706  -16.306 0.4000000060
25100  41.892  -49.705  -12.728 0.3000000119
20409  38.471  -53.406  -14.268 0.2000000030
20388  38.991  -52.985  -13.738 0.2000000030
29108  48.600  -46.704  -14.992 0.4000000060
22683  48.168  -51.182  -19.412 0.4000000060
23922  47.265  -50.947  -18.403 0.2000000030
26454  42.863  -48.554  -14.927 0.2000000030
25167  44.281  -48.664  -15.560 0.2000000030
25184  45.854  -49.512  -16.347 0.2000000030
27773  48.283  -47.264  -15.510 0.3000000119
29109  47.844  -46.313  -15.121 0.3000000119
30313  45.736  -45.606  -14.212 0.2000000030
14208  47.898  -59.538  -11.953 0.1000000015
15243  48.508  -58.831  -12.043 0.1000000015
15242  48.995  -58.294  -12.198 0.1000000015
14211  46.249  -59.839  -13.226 0.1000000015
15244  47.483  -58.966  -12.214 0.1000000015
32890  43.012  -43.369  -13.381 0.1000000015
32889  43.491  -43.566  -13.843 0.1000000015
34159  43.629  -42.294  -14.637 0.1000000015
32913  44.072  -43.315  -14.372 0.1000000015
31643  44.411  -44.236  -14.308 0.1000000015
31642  45.737  -44.738  -14.486 0.1000000015
32912  45.162  -43.668  -15.030 0.1000000015
30311  47.535  -45.402  -14.729 0.2000000030
31641  47.155  -44.565  -14.490 0.1000000015
32910  47.402  -43.946  -14.933 0.2000000030
27796  48.057  -47.750  -15.996 0.2000000030
31640  47.652  -44.545  -14.896 0.2000000030
30328  47.593  -45.282  -15.245 0.2000000030
29128  47.296  -46.240  -15.862 0.2000000030
27774  47.603  -46.875  -15.545 0.2000000030
31658  47.475  -44.407  -15.396 0.2000000030
26513  47.316  -48.257  -16.632 0.2000000030
26548  47.731  -49.225  -17.975 0.2000000030
25228  46.959  -49.586  -18.868 0.1000000015
27797  47.336  -47.401  -16.191 0.2000000030
27798  46.927  -47.969  -16.690 0.2000000030
26533  46.856  -48.567  -17.230 0.1000000015
27826  46.401  -48.055  -17.737 0.1000000015
25227  47.718  -49.481  -18.954 0.1000000015
31644  43.731  -43.930  -14.098 0.1000000015
34144  42.743  -42.394  -13.467 0.1000000015
34143  43.321  -42.891  -13.966 0.1000000015
34160  43.034  -42.395  -14.144 0.1000000015
34158  44.483  -42.780  -15.047 0.1000000015
30345  47.204  -45.408  -15.702 0.2000000030
21427  37.748  -52.212  -13.559 0.2000000030
23794  40.342  -50.923  -12.831 0.2000000030
22562  39.258  -51.435  -12.803 0.2000000030
21449  37.444  -52.601  -13.941 0.2000000030
22563  38.381  -51.415  -13.142 0.2000000030
25117  41.295  -49.396  -13.245 0.2000000030
23813  38.983  -50.567  -13.213 0.2000000030
23812  39.849  -50.517  -12.989 0.2000000030
21428  37.258  -51.829  -13.701 0.2000000030
25116  42.309  -48.936  -13.078 0.2000000030
25119  39.569  -49.718  -13.425 0.1000000015
26434  41.185  -48.886  -13.798 0.2000000030
26433  41.720  -48.518  -13.742 0.2000000030
25145  39.455  -49.237  -14.180 0.1000000015
25144  40.210  -49.164  -13.989 0.1000000015
26456  41.002  -48.687  -14.543 0.1000000015
25146  38.674  -49.206  -14.271 0.1000000015
25147  37.767  -49.089  -14.245 0.1000000015
32929  46.925  -43.318  -15.429 0.1000000015
26484  42.512  -48.440  -15.636 0.1000000015
26486  40.577  -49.107  -15.938 0.1000000015
26455  42.081  -48.499  -14.740 0.1000000015
26458  39.404  -48.703  -14.837 0.1000000015
26457  40.073  -48.821  -14.838 0.1000000015
26459  38.622  -48.493  -14.787 0.1000000015
26489  38.688  -48.053  -15.512 0.1000000015
32928  47.330  -43.755  -15.616 0.1000000015
35401  46.444  -42.156  -16.320 0.1000000015
25186  43.724  -48.710  -16.626 0.1000000015
26485  41.602  -48.499  -15.654 0.1000000015
26514  42.156  -48.463  -16.469 0.1000000015
26487  39.821  -49.129  -15.652 0.1000000015
26518  39.657  -48.491  -16.421 0.1000000015
25190  39.585  -49.040  -16.448 0.1000000015
34170  47.087  -43.013  -16.109 0.1000000015
30329  47.289  -44.901  -15.544 0.1000000015
25229  43.938  -49.680  -18.588 0.1000000015
23899  44.747  -50.000  -18.351 0.1000000015
25251  42.508  -49.950  -19.419 0.1000000015
25208  42.567  -48.839  -17.479 0.1000000015
25187  42.894  -48.536  -16.383 0.1000000015
25207  44.122  -49.296  -17.877 0.1000000015
25209  41.449  -49.288  -17.782 0.1000000015
26534  41.921  -48.723  -16.917 0.1000000015
25232  41.178  -49.415  -18.449 0.1000000015
26536  40.934  -49.177  -17.267 0.1000000015
26535  41.510  -48.957  -17.151 0.1000000015
26567  40.891  -49.110  -18.829 0.1000000015
25233  40.735  -49.210  -18.190 0.1000000015
25188  40.339  -49.279  -16.809 0.1000000015
25212  39.669  -49.056  -16.855 0.1000000015
32940  47.277  -43.309  -16.469 0.1000000015
31673  47.355  -43.942  -16.311 0.1000000015
23924  45.169  -50.356  -19.178 0.1000000015
25252  41.663  -49.467  -19.535 0.1000000015
23943  45.344  -50.616  -19.889 0.1000000015
23814  38.164  -50.567  -13.444 0.1000000015
25121  37.981  -49.803  -13.781 0.1000000015
25189  39.802  -49.301  -16.710 0.1000000015
23900  44.252  -49.782  -18.497 0.1000000015
17447  33.939  -56.771  -22.766 0.1000000015
18417  34.025  -55.878  -23.189 0.1000000015
17452  34.031  -56.862  -23.594 0.1000000015
16485  33.770  -57.287  -23.127 0.1000000015
15445  33.754  -58.234  -24.986 0.1000000015
15466  34.109  -58.774  -25.620 0.1000000015
14433  34.907  -59.419  -27.646 0.1000000015
17437  34.752  -56.682  -21.731 0.1000000015
18407  34.081  -55.646  -22.302 0.1000000015
16501  33.809  -57.627  -24.393 0.1000000015
15444  34.042  -58.815  -24.413 0.1000000015
18400  34.240  -55.567  -21.187 0.1000000015
17420  34.713  -56.409  -20.473 0.1000000015
17436  35.306  -57.324  -21.501 0.1000000015
16468  34.545  -57.520  -22.567 0.1000000015
17400  34.796  -56.081  -19.639 0.1000000015
19453  34.242  -54.634  -23.161 0.1000000015
20470  34.456  -53.460  -21.383 0.1000000015
20481  34.519  -53.434  -22.454 0.1000000015
19442  34.136  -54.507  -21.872 0.1000000015
15501  34.977  -58.822  -28.160 0.1000000015
9509  43.900  -65.089  -7.465 0.1000000015
9532  44.050  -64.238  -8.779 0.1000000015
9553  43.029  -64.499  -9.231 0.1000000015
9555  40.751  -64.145  -9.618 0.1000000015
10388  46.433  -62.758  -6.886 0.1000000015
10389  46.289  -63.087  -6.845 0.1000000015
10393  41.561  -63.677  -7.128 0.1000000015
10411  46.178  -63.242  -7.153 0.1000000015
10458  42.848  -63.921  -8.820 0.1000000015
10477  38.506  -63.530  -10.249 0.1000000015
11236  45.884  -61.964  1.093 0.1000000015
11250  46.233  -61.914  0.836 0.1000000015
11262  42.626  -62.893  -1.467 0.1000000015
11338  46.408  -62.509  -6.814 0.1000000015
11367  46.534  -62.500  -7.009 0.1000000015
11368  46.394  -62.646  -7.158 0.1000000015
11412  40.477  -62.740  -8.650 0.1000000015
12133  46.137  -61.568  0.804 0.1000000015
12134  45.342  -61.305  1.028 0.1000000015
12147  47.221  -61.254  -0.991 0.1000000015
12148  47.081  -61.256  -0.820 0.1000000015
12158  47.267  -61.185  -1.197 0.1000000015
12161  45.356  -61.670  -1.235 0.1000000015
12171  47.361  -61.207  -1.520 0.1000000015
12172  47.189  -61.357  -1.800 0.1000000015
12174  44.787  -61.280  -1.659 0.1000000015
12176  42.461  -61.458  -1.732 0.1000000015
12235  42.728  -61.094  -6.182 0.1000000015
12256  46.392  -62.047  -6.696 0.1000000015
12257  46.003  -62.041  -6.383 0.1000000015
12283  45.795  -61.950  -7.647 0.1000000015
12297  43.903  -62.109  -7.944 0.1000000015
12312  39.410  -61.374  -8.648 0.1000000015
12335  36.848  -61.204  -11.359 0.1000000015
13030  46.241  -61.040  -0.026 0.1000000015
13033  43.877  -60.332  0.859 0.1000000015
13045  47.245  -61.047  -0.999 0.1000000015
13046  47.131  -61.018  -0.756 0.1000000015
13048  45.429  -60.503  0.293 0.1000000015
13050  44.259  -60.363  0.483 0.1000000015
13058  47.399  -60.974  -1.342 0.1000000015
13059  47.255  -60.709  -1.187 0.1000000015
13060  46.061  -61.341  -1.707 0.1000000015
13062  43.562  -61.288  -1.554 0.1000000015
13063  42.972  -61.088  -1.623 0.1000000015
13070  47.110  -61.007  -2.425 0.1000000015
13091  44.779  -59.851  -2.846 0.1000000015
13092  41.072  -60.113  -3.327 0.1000000015
13093  40.435  -60.107  -3.745 0.1000000015
13115  44.648  -59.749  -4.739 0.1000000015
13136  47.356  -59.881  -4.868 0.1000000015
13141  42.456  -60.686  -5.735 0.1000000015
13142  41.370  -60.504  -5.641 0.1000000015
13143  40.417  -60.444  -5.557 0.1000000015
13163  46.334  -60.710  -6.752 0.1000000015
13180  46.411  -61.599  -7.054 0.1000000015
13186  40.666  -59.863  -7.960 0.1000000015
13187  40.400  -59.862  -7.870 0.1000000015
13201  42.361  -61.032  -7.820 0.1000000015
13202  41.640  -60.509  -8.052 0.1000000015
13983  46.271  -60.826  -0.224 0.1000000015
13984  46.009  -60.806  -0.126 0.1000000015
13986  43.698  -59.865  1.146 0.1000000015
14000  47.032  -60.686  -0.798 0.1000000015
14002  45.520  -60.366  -0.293 0.1000000015
14003  44.378  -60.126  -0.358 0.1000000015
14010  47.467  -60.637  -1.675 0.1000000015
14020  46.788  -59.407  -2.519 0.1000000015
14024  42.370  -59.917  -2.893 0.1000000015
14033  47.102  -59.535  -3.368 0.1000000015
14036  44.145  -59.650  -3.269 0.1000000015
14039  41.271  -59.603  -3.851 0.1000000015
14057  44.105  -59.530  -4.261 0.1000000015
14060  41.185  -59.630  -4.594 0.1000000015
14061  40.702  -59.812  -4.661 0.1000000015
14074  46.380  -59.234  -5.643 0.1000000015
14075  44.308  -59.753  -4.892 0.1000000015
14077  42.734  -60.007  -5.073 0.1000000015
14096  46.602  -60.192  -5.896 0.1000000015
14101  41.938  -59.023  -6.848 0.1000000015
14120  46.115  -60.586  -6.825 0.1000000015
14142  40.949  -59.849  -8.051 0.1000000015
14171  36.954  -59.112  -10.551 0.1000000015
14434  34.552  -58.879  -27.142 0.1000000015
14446  35.399  -59.179  -28.434 0.1000000015
15017  43.411  -58.962  2.061 0.1000000015
15018  43.100  -58.528  1.926 0.1000000015
15059  43.568  -59.447  -0.810 0.1000000015
15077  44.677  -58.847  -1.960 0.1000000015
15079  43.206  -58.600  -1.432 0.1000000015
15088  46.706  -58.876  -3.274 0.1000000015
15089  46.026  -58.510  -2.927 0.1000000015
15090  44.949  -58.343  -2.612 0.1000000015
15104  47.491  -58.981  -3.816 0.1000000015
15105  47.153  -58.864  -3.621 0.1000000015
15125  47.640  -58.895  -4.002 0.1000000015
15138  47.553  -58.944  -4.241 0.1000000015
15139  47.205  -58.789  -4.606 0.1000000015
15142  44.757  -58.085  -5.871 0.1000000015
15222  36.795  -58.906  -11.526 0.1000000015
15238  37.245  -58.258  -11.920 0.1000000015
15239  36.860  -58.699  -11.763 0.1000000015
15247  45.253  -58.506  -13.417 0.2000000030
15268  38.587  -57.853  -13.910 0.1000000015
15311  46.999  -58.656  -16.429 0.2000000030
15339  47.766  -58.600  -18.447 0.1000000015
15370  38.513  -58.152  -20.946 0.1000000015
15371  38.231  -58.304  -20.957 0.1000000015
15382  45.666  -58.165  -21.924 0.2000000030
15387  40.939  -58.335  -22.023 0.1000000015
15389  38.362  -58.282  -21.174 0.1000000015
15401  47.308  -58.219  -22.431 0.2000000030
15511  35.019  -58.391  -28.131 0.1000000015
16092  41.632  -56.965  0.786 0.1000000015
16136  41.720  -57.497  -0.849 0.1000000015
16152  45.333  -57.801  -3.131 0.1000000015
16172  44.130  -57.122  -3.540 0.1000000015
16192  45.691  -57.830  -4.415 0.1000000015
16194  44.253  -57.419  -4.969 0.1000000015
16211  45.435  -57.878  -5.025 0.1000000015
16213  44.011  -57.699  -5.636 0.1000000015
16269  49.259  -57.129  -9.887 0.1000000015
16290  49.630  -57.426  -11.579 0.2000000030
16313  37.743  -57.741  -12.183 0.1000000015
16380  47.098  -57.610  -18.064 0.2000000030
16381  43.840  -56.747  -18.816 0.1000000015
16393  47.121  -57.817  -18.515 0.2000000030
16394  44.003  -56.975  -19.075 0.1000000015
16396  42.486  -57.080  -19.756 0.1000000015
16416  42.666  -57.047  -20.430 0.1000000015
16435  47.077  -57.828  -21.434 0.2000000030
16438  43.973  -57.552  -21.340 0.2000000030
16443  38.756  -58.027  -21.528 0.1000000015
16461  42.016  -58.162  -21.806 0.1000000015
16469  33.801  -57.393  -22.901 0.1000000015
16484  33.958  -57.991  -23.364 0.1000000015
16502  33.680  -57.576  -25.093 0.1000000015
17137  41.226  -55.683  -0.673 0.1000000015
17157  42.084  -56.916  -2.002 0.1000000015
17187  44.383  -57.199  -4.311 0.1000000015
17210  42.013  -56.374  -4.734 0.1000000015
17228  42.135  -56.984  -6.143 0.1000000015
17243  38.723  -56.288  -7.407 0.1000000015
17256  50.374  -56.437  -8.859 0.2000000030
17259  38.038  -56.639  -8.948 0.1000000015
17286  37.753  -56.295  -10.542 0.1000000015
17325  52.098  -55.815  -13.411 0.4000000060
17326  51.836  -55.950  -13.367 0.4000000060
17334  43.842  -56.298  -15.132 0.1000000015
17341  44.754  -56.214  -15.923 0.1000000015
17348  46.546  -57.183  -16.871 0.2000000030
17349  46.041  -56.705  -16.661 0.2000000030
17372  44.495  -56.636  -18.711 0.1000000015
17373  43.728  -56.508  -18.709 0.1000000015
17376  39.216  -55.930  -18.915 0.2000000030
17387  46.907  -57.697  -19.187 0.2000000030
17393  41.951  -56.798  -19.285 0.1000000015
17394  41.205  -56.693  -19.540 0.1000000015
17395  40.347  -56.599  -19.418 0.2000000030
17414  41.389  -57.176  -19.907 0.1000000015
17415  39.779  -56.954  -19.616 0.2000000030
17432  46.046  -57.008  -20.682 0.1000000015
17435  43.068  -56.846  -20.652 0.1000000015
17448  33.767  -57.187  -22.888 0.1000000015
17453  33.739  -57.036  -23.085 0.1000000015
18113  41.288  -55.443  -0.707 0.1000000015
18129  41.198  -55.558  -0.909 0.1000000015
18201  39.524  -55.413  -6.614 0.1000000015
18219  37.868  -54.928  -7.871 0.1000000015
18230  52.006  -55.018  -7.558 0.3000000119
18236  38.070  -55.215  -8.610 0.1000000015
18251  38.005  -55.474  -9.760 0.1000000015
18266  38.269  -55.574  -10.625 0.1000000015
18274  46.686  -55.099  -11.801 0.4000000060
18275  43.254  -56.182  -11.136 0.1000000015
18287  52.110  -55.400  -12.783 0.4000000060
18305  52.152  -55.491  -13.388 0.4000000060
18307  51.371  -55.443  -13.842 0.4000000060
18312  41.916  -55.022  -13.962 0.1000000015
18329  44.321  -56.082  -16.092 0.1000000015
18337  42.535  -55.937  -17.353 0.1000000015
18346  43.575  -56.297  -17.785 0.1000000015
18349  40.608  -55.521  -17.879 0.1000000015
18367  40.010  -55.729  -18.473 0.1000000015
18368  39.231  -55.768  -18.456 0.2000000030
18369  38.367  -55.912  -18.255 0.2000000030
18372  34.820  -55.093  -18.485 0.2000000030
18382  41.406  -56.524  -19.224 0.1000000015
19130  40.864  -53.742  -1.324 0.1000000015
19147  42.457  -55.271  -2.843 0.1000000015
19149  41.747  -54.289  -3.004 0.1000000015
19162  42.523  -55.068  -3.070 0.1000000015
19189  50.015  -53.791  -6.160 0.1000000015
19212  38.633  -53.881  -7.121 0.1000000015
19223  50.594  -55.348  -7.660 0.1000000015
19226  47.762  -53.686  -7.531 0.1000000015
19229  37.855  -54.586  -7.867 0.1000000015
19277  40.476  -54.055  -10.966 0.1000000015
19278  38.922  -54.197  -10.462 0.1000000015
19279  38.527  -54.741  -10.334 0.1000000015
19286  47.327  -54.603  -11.882 0.4000000060
19289  45.452  -54.702  -11.736 0.2000000030
19305  50.793  -54.289  -11.988 0.5000000000
19310  45.873  -55.157  -11.926 0.4000000060
19313  42.871  -54.374  -13.045 0.1000000015
19328  50.740  -54.783  -13.831 0.4000000060
19330  49.262  -53.992  -13.200 0.4000000060
19343  51.895  -54.345  -14.782 0.4000000060
19344  51.312  -54.368  -14.348 0.4000000060
19357  51.853  -54.019  -15.238 0.4000000060
19365  36.801  -53.800  -15.611 0.4000000060
19373  43.797  -56.172  -16.932 0.1000000015
19374  43.257  -56.025  -16.797 0.1000000015
19375  42.658  -55.799  -16.963 0.1000000015
19392  42.964  -56.132  -17.137 0.1000000015
19393  40.112  -55.380  -17.459 0.1000000015
19399  34.985  -54.004  -17.739 0.2000000030
20216  41.366  -54.152  -2.268 0.1000000015
20264  49.381  -53.060  -6.186 0.1000000015
20267  39.827  -53.713  -5.091 0.1000000015
20268  39.565  -53.416  -5.391 0.1000000015
20275  48.175  -53.145  -6.834 0.1000000015
20276  47.444  -53.041  -7.135 0.1000000015
20277  47.117  -52.876  -7.073 0.1000000015
20287  47.477  -53.152  -7.407 0.1000000015
20302  38.363  -53.432  -8.340 0.1000000015
20316  42.911  -53.372  -9.976 0.1000000015
20331  40.582  -53.570  -10.681 0.1000000015
20342  50.921  -53.279  -12.483 0.4000000060
20344  46.949  -54.152  -11.689 0.3000000119
20347  45.032  -54.477  -11.680 0.2000000030
20349  39.700  -54.105  -10.922 0.1000000015
20360  50.907  -54.046  -12.306 0.5000000000
20362  47.284  -53.649  -12.131 0.3000000119
20380  51.579  -53.428  -13.467 0.4000000060
20382  49.474  -53.478  -13.710 0.4000000060
20384  47.865  -53.275  -12.696 0.3000000119
20386  41.481  -53.670  -13.941 0.2000000030
20387  41.000  -53.410  -14.048 0.2000000030
20389  38.194  -52.821  -13.764 0.3000000119
20390  37.689  -52.706  -13.856 0.3000000119
20407  40.739  -53.677  -14.503 0.2000000030
20411  36.890  -52.930  -14.519 0.3000000119
20417  52.166  -53.472  -15.174 0.4000000060
20423  37.802  -53.826  -14.870 0.2000000030
20425  36.389  -53.111  -15.593 0.3000000119
20432  36.025  -53.153  -15.978 0.3000000119
20437  36.223  -53.802  -16.210 0.3000000119
21228  42.227  -52.704  0.452 0.1000000015
21250  40.932  -52.498  -0.734 0.1000000015
21300  40.329  -52.978  -4.033 0.1000000015
21312  53.880  -51.546  -6.654 0.2000000030
21315  46.754  -52.460  -6.870 0.1000000015
21317  39.016  -52.433  -6.612 0.1000000015
21331  47.130  -53.041  -7.048 0.1000000015
21332  46.867  -52.732  -7.206 0.1000000015
21333  46.159  -52.487  -7.526 0.1000000015
21336  39.010  -52.135  -7.504 0.1000000015
21346  48.836  -52.111  -9.239 0.5000000000
21347  47.220  -52.869  -7.427 0.1000000015
21348  46.827  -52.691  -7.845 0.1000000015
21350  45.027  -52.648  -8.435 0.1000000015
21381  42.600  -53.195  -10.055 0.1000000015
21382  42.107  -53.072  -10.183 0.1000000015
21390  50.773  -52.951  -12.427 0.4000000060
21394  43.258  -52.318  -12.009 0.2000000030
21397  51.180  -52.938  -12.931 0.4000000060
21398  50.420  -52.556  -12.332 0.4000000060
21399  50.106  -52.448  -12.255 0.5000000000
21401  46.760  -52.703  -12.485 0.3000000119
21408  39.781  -52.254  -12.707 0.3000000119
21409  39.371  -52.012  -12.637 0.3000000119
21417  51.661  -53.101  -13.959 0.4000000060
21421  47.797  -52.635  -13.199 0.3000000119
21423  41.450  -53.198  -13.467 0.2000000030
21442  51.898  -52.798  -14.568 0.4000000060
21450  36.961  -52.307  -14.174 0.2000000030
21464  51.672  -52.594  -15.509 0.5000000000
21466  50.226  -51.796  -15.781 0.4000000060
21481  50.845  -51.723  -17.026 0.4000000060
21482  49.661  -51.559  -16.222 0.4000000060
21485  34.738  -52.197  -16.922 0.1000000015
21504  47.199  -51.804  -18.969 0.3000000119
21505  46.990  -51.961  -18.995 0.3000000119
21511  47.172  -51.918  -19.187 0.3000000119
21512  47.200  -52.105  -19.627 0.2000000030
21518  47.412  -51.961  -19.761 0.3000000119
21519  47.343  -52.101  -19.926 0.2000000030
22408  39.918  -52.067  -3.104 0.1000000015
22429  44.412  -50.761  -6.443 0.1000000015
22443  44.431  -51.057  -6.962 0.1000000015
22472  53.771  -50.937  -7.582 0.2000000030
22479  46.650  -50.705  -9.501 0.5000000000
22482  41.474  -51.287  -8.536 0.1000000015
22483  40.458  -51.224  -8.558 0.1000000015
22484  39.804  -51.418  -8.338 0.1000000015
22494  46.910  -50.746  -9.635 0.5000000000
22495  42.213  -52.158  -9.445 0.1000000015
22518  50.602  -52.715  -12.479 0.4000000060
22519  50.592  -52.579  -12.585 0.4000000060
22522  43.775  -52.375  -12.100 0.2000000030
22523  43.584  -52.187  -12.023 0.2000000030
22534  50.470  -52.304  -12.697 0.4000000060
22536  46.800  -52.320  -12.912 0.3000000119
22538  45.416  -51.793  -12.500 0.3000000119
22557  48.011  -51.918  -13.804 0.4000000060
22561  39.890  -51.275  -12.762 0.2000000030
22564  37.598  -51.334  -13.484 0.2000000030
22582  52.063  -51.941  -14.880 0.5000000000
22584  50.762  -51.158  -14.264 0.5000000000
22587  36.928  -51.356  -13.833 0.2000000030
22607  52.014  -51.484  -15.306 0.5000000000
22609  49.982  -51.549  -16.345 0.4000000060
22650  51.236  -51.244  -17.824 0.4000000060
22652  49.699  -51.370  -17.854 0.4000000060
22668  51.146  -50.913  -18.230 0.4000000060
22669  50.734  -51.026  -18.267 0.4000000060
22684  47.548  -51.489  -19.531 0.3000000119
22685  47.021  -52.087  -20.057 0.2000000030
22692  47.514  -51.890  -19.982 0.2000000030
22693  47.408  -52.031  -20.188 0.2000000030
23626  44.975  -49.750  -1.148 0.1000000015
23641  39.823  -50.798  -3.342 0.1000000015
23689  40.121  -50.380  -5.891 0.1000000015
23699  53.802  -50.660  -6.164 0.1000000015
23700  51.338  -51.085  -6.039 0.1000000015
23708  40.329  -50.310  -6.649 0.1000000015
23709  39.646  -50.850  -6.341 0.1000000015
23719  48.520  -51.229  -7.856 0.4000000060
23721  42.890  -50.749  -7.401 0.1000000015
23722  41.736  -50.526  -7.657 0.1000000015
23728  53.976  -50.812  -7.499 0.1000000015
23729  53.631  -50.338  -7.588 0.1000000015
23731  51.847  -50.709  -7.743 0.2000000030
23735  46.123  -50.555  -9.170 0.5000000000
23738  40.980  -50.661  -8.214 0.1000000015
23747  46.999  -50.694  -10.381 0.5000000000
23749  45.882  -50.313  -9.906 0.5000000000
23759  48.218  -51.157  -11.535 0.5000000000
23761  46.557  -50.488  -10.629 0.5000000000
23762  46.159  -50.423  -10.321 0.5000000000
23785  50.557  -51.931  -13.135 0.5000000000
23788  48.845  -50.624  -12.979 0.4000000060
23793  40.970  -50.896  -12.709 0.3000000119
23803  50.623  -51.598  -13.311 0.5000000000
23811  40.674  -50.223  -12.918 0.2000000030
23833  50.810  -50.487  -14.351 0.5000000000
23835  46.645  -50.275  -14.407 0.4000000060
23869  51.742  -50.886  -15.539 0.5000000000
23870  51.061  -50.747  -16.180 0.4000000060
23894  51.192  -50.811  -17.455 0.4000000060
23895  50.562  -50.447  -17.066 0.4000000060
23896  50.195  -50.173  -16.585 0.4000000060
23897  47.005  -50.128  -17.630 0.2000000030
23919  50.864  -50.528  -18.010 0.4000000060
23925  44.038  -50.072  -19.114 0.1000000015
23940  48.508  -50.760  -19.298 0.4000000060
23959  47.566  -51.404  -19.990 0.2000000030
23960  47.497  -51.638  -20.024 0.2000000030
24866  52.330  -49.920  -0.046 0.1000000015
24898  42.254  -49.913  -0.751 0.1000000015
24917  44.596  -49.186  -1.458 0.1000000015
24921  40.813  -49.816  -2.285 0.1000000015
24939  46.176  -49.116  -1.948 0.1000000015
24942  40.717  -49.593  -3.088 0.1000000015
24953  41.634  -48.900  -3.696 0.1000000015
24955  39.803  -49.740  -4.578 0.1000000015
24969  46.791  -49.176  -5.205 0.1000000015
24971  44.236  -49.090  -4.958 0.1000000015
24976  39.821  -49.790  -5.100 0.1000000015
25009  39.791  -50.187  -5.420 0.1000000015
25019  55.694  -48.852  -6.862 0.1000000015
25023  42.189  -49.719  -6.150 0.1000000015
25024  41.639  -49.688  -6.178 0.1000000015
25031  55.618  -48.754  -7.159 0.1000000015
25050  46.124  -49.816  -8.478 0.5000000000
25051  45.560  -49.758  -9.058 0.5000000000
25094  49.270  -50.369  -13.400 0.5000000000
25096  47.708  -49.126  -13.443 0.4000000060
25097  44.490  -50.382  -12.721 0.4000000060
25112  47.944  -48.514  -13.698 0.4000000060
25118  40.376  -49.633  -13.303 0.2000000030
25120  38.784  -49.812  -13.658 0.1000000015
25135  51.955  -50.370  -14.866 0.5000000000
25140  45.503  -49.475  -14.405 0.3000000119
25143  40.816  -49.150  -13.775 0.2000000030
25161  52.015  -50.005  -14.967 0.5000000000
25162  51.394  -49.753  -15.053 0.5000000000
25168  43.343  -48.556  -15.629 0.2000000030
25169  40.259  -49.351  -16.355 0.1000000015
25170  40.025  -49.437  -16.284 0.1000000015
25171  39.688  -49.220  -16.206 0.1000000015
25180  50.030  -49.520  -15.894 0.4000000060
25183  46.413  -49.495  -16.710 0.2000000030
25202  49.678  -50.197  -16.976 0.4000000060
25210  40.715  -49.254  -17.686 0.1000000015
25211  40.123  -49.081  -17.336 0.1000000015
25224  50.488  -50.399  -17.620 0.4000000060
25231  42.073  -49.359  -18.627 0.1000000015
25234  35.291  -49.293  -19.052 0.1000000015
25253  41.043  -49.351  -18.756 0.1000000015
26229  46.484  -49.032  -1.895 0.1000000015
26231  44.202  -48.623  -1.928 0.1000000015
26234  41.696  -48.859  -2.236 0.1000000015
26252  46.403  -48.575  -2.284 0.1000000015
26253  45.617  -48.586  -2.331 0.1000000015
26255  43.883  -48.319  -2.731 0.1000000015
26257  42.024  -48.676  -2.949 0.1000000015
26272  44.610  -48.251  -3.570 0.1000000015
26301  42.734  -48.626  -4.239 0.1000000015
26332  45.013  -48.746  -4.925 0.1000000015
26349  54.900  -49.070  -7.527 0.1000000015
26350  48.223  -48.013  -7.757 0.5000000000
26356  54.732  -48.242  -7.528 0.1000000015
26372  45.711  -48.274  -8.855 0.5000000000
26413  47.728  -48.042  -13.801 0.4000000060
26416  46.164  -48.598  -12.334 0.4000000060
26431  47.822  -48.254  -13.755 0.4000000060
26432  42.703  -48.515  -13.997 0.2000000030
26462  35.628  -48.594  -15.325 0.1000000015
26481  49.557  -48.967  -15.189 0.4000000060
26488  39.469  -48.652  -15.719 0.1000000015
26492  35.406  -48.147  -15.785 0.1000000015
26512  47.951  -48.170  -16.415 0.2000000030
26515  41.430  -48.747  -16.501 0.1000000015
26516  40.920  -49.055  -16.753 0.1000000015
26532  47.697  -48.899  -16.938 0.2000000030
26537  40.087  -48.539  -17.152 0.1000000015
26538  39.736  -48.891  -17.043 0.1000000015
27513  40.883  -46.716  1.383 0.1000000015
27562  46.811  -48.032  -2.840 0.1000000015
27580  47.877  -47.718  -3.696 0.1000000015
27581  47.055  -47.778  -3.579 0.1000000015
27583  45.805  -47.867  -3.830 0.1000000015
27607  46.543  -47.886  -4.224 0.1000000015
27651  55.916  -47.746  -7.148 0.1000000015
27654  48.296  -47.660  -7.950 0.5000000000
27659  54.911  -47.931  -7.421 0.1000000015
27665  48.827  -47.465  -8.290 0.5000000000
27666  47.810  -47.318  -8.126 0.5000000000
27680  45.454  -47.866  -8.948 0.5000000000
27691  43.581  -47.136  -10.167 0.5000000000
27704  44.755  -48.198  -11.395 0.5000000000
27720  47.548  -47.957  -13.678 0.4000000060
27735  47.826  -47.905  -14.034 0.4000000060
27736  47.358  -47.479  -13.836 0.3000000119
27737  46.607  -47.429  -13.423 0.4000000060
27754  49.111  -47.460  -14.975 0.3000000119
27757  36.662  -47.727  -15.073 0.1000000015
27758  36.229  -47.855  -15.252 0.1000000015
28813  40.769  -46.021  0.968 0.1000000015
28841  53.418  -46.689  -0.773 0.1000000015
28849  45.043  -46.324  -0.267 0.1000000015
28863  53.300  -46.307  -1.094 0.1000000015
28889  52.350  -45.989  -3.884 0.1000000015
28911  52.419  -46.194  -4.547 0.1000000015
28942  48.020  -46.184  -5.507 0.2000000030
28968  47.908  -45.995  -6.505 0.3000000119
28979  55.535  -47.628  -7.199 0.1000000015
28994  54.591  -47.624  -7.565 0.1000000015
29004  44.696  -47.027  -8.819 0.5000000000
29012  50.643  -46.288  -9.520 0.5000000000
29015  47.630  -45.818  -9.204 0.5000000000
29017  44.823  -45.980  -9.024 0.5000000000
29025  51.005  -45.690  -10.015 0.5000000000
29026  50.777  -45.793  -10.002 0.5000000000
29027  50.419  -45.910  -9.700 0.5000000000
29057  44.350  -46.719  -12.303 0.4000000060
29058  43.514  -46.206  -12.034 0.5000000000
29092  46.126  -46.296  -14.173 0.3000000119
29107  49.128  -46.900  -14.933 0.4000000060
30034  39.852  -45.332  2.764 0.1000000015
30134  50.431  -45.721  -2.926 0.1000000015
30157  53.164  -45.953  -4.249 0.1000000015
30158  52.608  -45.954  -3.975 0.1000000015
30181  53.209  -46.211  -4.833 0.1000000015
30198  50.556  -45.792  -7.324 0.3000000119
30199  49.830  -45.881  -7.236 0.4000000060
30234  45.828  -45.865  -8.551 0.5000000000
30242  51.055  -45.684  -9.335 0.5000000000
30243  50.747  -45.647  -9.295 0.5000000000
30250  43.741  -45.674  -9.685 0.5000000000
30258  51.145  -45.613  -9.697 0.5000000000
30259  50.937  -45.615  -9.794 0.5000000000
30287  43.401  -45.532  -12.289 0.5000000000
31387  44.079  -44.572  0.023 0.1000000015
31405  51.476  -45.140  -1.073 0.1000000015
31407  50.171  -44.748  -0.632 0.1000000015
31553  49.017  -45.295  -8.622 0.5000000000
31567  44.181  -45.175  -9.690 0.5000000000
31622  45.382  -45.169  -13.986 0.3000000119
31625  42.690  -43.814  -13.127 0.1000000015
31659  47.183  -44.521  -15.876 0.1000000015
32729  43.740  -43.730  -2.767 0.2000000030
32909  47.599  -44.130  -15.121 0.2000000030
33946  43.062  -42.970  -1.491 0.1000000015
33991  42.020  -42.596  -4.807 0.1000000015
34182  46.947  -42.539  -16.440 0.1000000015
35133  40.687  -41.532  -0.115 0.1000000015
36420  40.708  -39.975  -3.306 0.1000000015
36526  42.995  -40.427  -8.212 0.1000000015
36567  45.307  -41.176  -10.070 0.1000000015
37672  40.919  -39.502  -2.879 0.1000000015
37673  40.735  -39.787  -3.090 0.1000000015
37895  42.761  -40.179  -12.995 0.1000000015
