#!ascii label  , from subject 3206 vox2ras=TkReg
1344
57032  -39.971  -14.421  24.140 0.0000000000
71222  -52.501  -1.383  16.277 0.0000000000
62864  -47.495  -9.874  19.334 0.0000000000
45065  -13.386  -25.573  44.450 0.0000000000
60382  -34.264  -11.986  29.220 0.0000000000
45136  -28.363  -26.468  41.287 0.0000000000
47255  -34.510  -23.120  39.429 0.0000000000
55881  -35.924  -15.608  35.877 0.0000000000
60278  -36.941  -12.659  34.346 0.0000000000
45196  -21.132  -26.273  38.094 0.0000000000
45109  -24.279  -25.589  42.587 0.0000000000
47272  -24.151  -23.992  37.508 0.0000000000
46265  -31.686  -24.790  35.127 0.0000000000
50531  -34.056  -20.442  35.762 0.0000000000
60364  -41.962  -11.248  29.378 0.0000000000
60419  -46.322  -12.193  27.439 0.0000000000
67130  -50.258  -6.034  17.132 0.0000000000
59319  -44.252  -13.359  20.859 0.0000000000
71258  -49.283  -1.433  13.563 0.0000000000
45047  -9.977  -26.000  45.905 0.0000000000
61479  -39.300  -11.013  32.694 0.0000000000
59219  -37.345  -12.756  26.596 0.0000000000
46239  -27.599  -24.515  36.353 0.0000000000
43989  -31.586  -27.025  39.959 0.0000000000
61602  -48.898  -10.180  25.380 0.0000000000
72334  -55.942  -0.932  9.041 0.0000000000
53812  -34.440  -17.248  33.447 0.0000000000
55914  -34.687  -15.255  32.973 0.0000000000
47249  -22.417  -24.849  37.885 0.0000000000
50565  -32.473  -21.183  33.676 0.0000000000
51576  -33.969  -19.331  33.878 0.0000000000
52617  -35.271  -18.518  35.961 0.0000000000
59223  -41.236  -12.671  26.298 0.0000000000
60393  -44.094  -11.601  28.636 0.0000000000
58113  -43.069  -13.509  25.273 0.0000000000
69232  -51.978  -3.889  16.558 0.0000000000
68190  -52.540  -4.421  19.481 0.0000000000
74130  -52.187  1.357  16.717 0.0000000000
45124  -10.743  -26.318  41.219 0.0000000000
46109  -11.218  -25.008  45.320 0.0000000000
61496  -35.712  -11.690  31.734 0.0000000000
62684  -38.115  -11.276  33.383 0.0000000000
61544  -36.799  -11.379  30.407 0.0000000000
60359  -37.776  -11.812  29.467 0.0000000000
60411  -35.899  -12.046  27.737 0.0000000000
45134  -26.719  -25.789  41.577 0.0000000000
43904  -26.830  -26.693  44.771 0.0000000000
45074  -28.666  -26.081  43.452 0.0000000000
45095  -30.513  -26.757  42.356 0.0000000000
47338  -25.604  -23.642  34.444 0.0000000000
45287  -27.787  -24.760  33.530 0.0000000000
46223  -33.252  -24.159  36.688 0.0000000000
44028  -31.860  -26.803  37.344 0.0000000000
45203  -34.240  -25.469  39.036 0.0000000000
43992  -34.081  -27.144  40.407 0.0000000000
43940  -16.264  -26.318  41.787 0.0000000000
43896  -18.659  -27.023  44.473 0.0000000000
43857  -19.353  -26.581  46.669 0.0000000000
61654  -46.506  -11.660  20.100 0.0000000000
59276  -47.072  -12.200  23.428 0.0000000000
62817  -48.208  -9.999  22.382 0.0000000000
72354  -57.982  -0.785  7.769 0.0000000000
46076  -13.805  -24.360  47.491 0.0000000000
56828  -37.247  -14.392  38.034 0.0000000000
59068  -37.689  -12.724  37.148 0.0000000000
57976  -36.234  -13.758  34.989 0.0000000000
59114  -34.849  -12.792  32.804 0.0000000000
43986  -20.784  -27.764  40.438 0.0000000000
45107  -22.827  -26.290  43.137 0.0000000000
45159  -22.862  -25.685  40.820 0.0000000000
46161  -24.579  -25.378  40.038 0.0000000000
46181  -25.812  -25.254  39.532 0.0000000000
46294  -30.157  -24.873  33.143 0.0000000000
48447  -31.605  -23.030  33.190 0.0000000000
48383  -33.254  -22.583  35.737 0.0000000000
49439  -34.600  -21.830  37.066 0.0000000000
51491  -35.679  -20.065  38.007 0.0000000000
53746  -37.096  -17.595  38.111 0.0000000000
44012  -18.415  -26.949  38.278 0.0000000000
61462  -43.573  -10.807  33.176 0.0000000000
61431  -46.307  -10.375  35.155 0.0000000000
60323  -45.427  -11.679  31.574 0.0000000000
61549  -46.925  -11.516  30.442 0.0000000000
64964  -49.132  -7.679  18.203 0.0000000000
64925  -49.223  -8.225  21.191 0.0000000000
65994  -50.941  -6.541  20.452 0.0000000000
42776  -5.755  -27.734  50.325 0.0000000000
58166  -42.199  -14.986  21.940 0.0000000000
61688  -42.216  -10.544  18.984 0.0000000000
64960  -45.520  -7.633  17.511 0.0000000000
67145  -46.844  -5.292  16.310 0.0000000000
69229  -48.190  -3.385  16.267 0.0000000000
71219  -48.494  -1.671  16.329 0.0000000000
72243  -49.162  -0.451  15.740 0.0000000000
70267  -47.669  -2.052  14.175 0.0000000000
46073  -11.151  -24.467  48.036 0.0000000000
44995  -9.512  -25.305  49.021 0.0000000000
44977  -6.976  -25.988  50.970 0.0000000000
62579  -42.508  -9.414  37.288 0.0000000000
61429  -38.626  -10.999  36.148 0.0000000000
62619  -40.217  -10.069  35.711 0.0000000000
62668  -41.646  -10.255  33.735 0.0000000000
61502  -41.217  -11.065  31.331 0.0000000000
59173  -39.397  -12.358  28.102 0.0000000000
58126  -38.613  -14.103  24.880 0.0000000000
43902  -25.069  -26.621  44.927 0.0000000000
47274  -25.674  -24.511  37.343 0.0000000000
46184  -28.191  -25.507  39.083 0.0000000000
45253  -29.492  -25.705  34.866 0.0000000000
45199  -30.130  -25.891  37.773 0.0000000000
45138  -30.174  -26.613  40.771 0.0000000000
43950  -32.137  -27.457  41.893 0.0000000000
45103  -12.586  -25.708  42.360 0.0000000000
45105  -14.557  -26.212  41.988 0.0000000000
45067  -15.399  -26.178  44.388 0.0000000000
58133  -45.153  -13.782  24.460 0.0000000000
59230  -48.390  -12.439  26.458 0.0000000000
61583  -50.089  -10.484  27.529 0.0000000000
64861  -49.856  -8.262  24.839 0.0000000000
73187  -50.715  0.891  15.297 0.0000000000
74152  -52.641  1.427  13.511 0.0000000000
74164  -54.257  1.401  12.103 0.0000000000
72295  -54.285  -0.749  11.002 0.0000000000
74184  -57.091  1.460  10.279 0.0000000000
53811  -33.936  -17.682  32.553 0.0000000000
54886  -34.103  -16.358  32.238 0.0000000000
53840  -33.734  -17.282  30.533 0.0000000000
51592  -33.199  -19.109  32.277 0.0000000000
52673  -33.537  -18.261  32.005 0.0000000000
52658  -34.423  -18.548  34.070 0.0000000000
58128  -40.522  -13.865  24.823 0.0000000000
59224  -42.333  -12.632  26.339 0.0000000000
58129  -41.493  -13.809  24.591 0.0000000000
70233  -52.634  -2.745  16.478 0.0000000000
70218  -53.553  -2.626  18.050 0.0000000000
71208  -53.821  -1.466  17.379 0.0000000000
72216  -53.867  -0.007  17.638 0.0000000000
73177  -51.817  0.738  16.515 0.0000000000
45082  -12.457  -25.534  43.507 0.0000000000
45081  -11.483  -25.442  43.593 0.0000000000
45064  -12.361  -25.070  44.755 0.0000000000
61516  -34.897  -11.765  30.584 0.0000000000
61517  -35.929  -11.495  31.000 0.0000000000
60357  -35.801  -11.670  29.856 0.0000000000
60384  -35.809  -11.882  28.698 0.0000000000
60383  -34.832  -11.912  28.944 0.0000000000
42839  -20.954  -27.975  44.936 0.0000000000
46124  -27.477  -26.165  41.461 0.0000000000
45093  -28.022  -26.198  42.913 0.0000000000
45094  -28.648  -26.348  42.772 0.0000000000
43929  -29.075  -26.493  43.112 0.0000000000
43948  -29.356  -26.738  42.530 0.0000000000
47277  -34.462  -23.612  37.870 0.0000000000
45219  -34.048  -25.582  37.832 0.0000000000
46206  -34.466  -24.468  39.333 0.0000000000
45185  -34.255  -25.457  39.719 0.0000000000
42877  -19.690  -28.322  42.294 0.0000000000
42853  -20.064  -27.805  43.992 0.0000000000
43875  -20.476  -27.760  45.542 0.0000000000
63676  -44.373  -9.284  37.767 0.0000000000
61693  -47.001  -10.662  19.406 0.0000000000
61630  -47.309  -11.138  21.537 0.0000000000
62838  -47.963  -9.904  20.984 0.0000000000
55882  -36.526  -15.402  36.485 0.0000000000
56851  -36.695  -14.651  36.247 0.0000000000
56850  -36.103  -14.509  35.781 0.0000000000
58002  -34.850  -13.505  32.968 0.0000000000
59137  -33.773  -13.136  31.995 0.0000000000
60318  -33.671  -12.249  31.553 0.0000000000
44001  -20.805  -26.989  39.450 0.0000000000
43987  -21.600  -27.114  40.749 0.0000000000
45178  -21.484  -26.278  39.049 0.0000000000
47250  -22.917  -24.732  38.158 0.0000000000
47230  -23.085  -24.990  38.839 0.0000000000
47232  -24.372  -24.896  38.940 0.0000000000
47217  -24.829  -25.219  39.446 0.0000000000
47252  -24.686  -24.209  38.296 0.0000000000
48462  -30.746  -23.240  32.226 0.0000000000
50546  -33.111  -20.698  34.771 0.0000000000
49498  -32.573  -22.014  34.397 0.0000000000
49483  -33.220  -21.389  35.549 0.0000000000
48367  -33.978  -22.445  36.493 0.0000000000
49463  -34.261  -21.420  36.275 0.0000000000
50498  -35.136  -20.908  37.228 0.0000000000
51523  -35.105  -19.947  36.482 0.0000000000
53776  -35.607  -17.569  36.006 0.0000000000
53759  -36.670  -17.637  36.959 0.0000000000
54825  -36.103  -16.495  36.347 0.0000000000
54813  -37.021  -16.462  37.904 0.0000000000
44013  -19.625  -26.772  38.237 0.0000000000
61503  -42.257  -11.159  31.168 0.0000000000
61484  -43.934  -11.279  32.209 0.0000000000
60321  -43.639  -11.457  30.976 0.0000000000
60418  -45.379  -11.822  27.744 0.0000000000
60368  -45.883  -11.726  29.728 0.0000000000
60395  -46.187  -11.792  28.571 0.0000000000
61551  -48.035  -11.454  30.308 0.0000000000
60396  -47.440  -12.076  28.421 0.0000000000
66030  -49.493  -6.951  17.634 0.0000000000
66001  -49.995  -7.168  19.075 0.0000000000
67115  -51.070  -5.897  18.601 0.0000000000
69183  -53.030  -3.479  21.124 0.0000000000
66046  -45.480  -6.252  16.635 0.0000000000
67143  -44.768  -5.493  16.430 0.0000000000
69227  -46.076  -3.762  15.830 0.0000000000
70228  -47.108  -2.760  16.101 0.0000000000
70230  -48.895  -2.475  16.345 0.0000000000
70252  -47.518  -2.125  15.778 0.0000000000
71237  -47.904  -1.802  15.471 0.0000000000
45079  -9.982  -26.109  44.222 0.0000000000
45034  -9.288  -26.582  46.439 0.0000000000
47081  -13.017  -23.470  49.324 0.0000000000
46074  -11.904  -24.286  47.729 0.0000000000
47080  -11.986  -23.462  49.414 0.0000000000
47063  -9.879  -24.294  50.373 0.0000000000
46028  -9.434  -24.779  50.711 0.0000000000
44983  -8.515  -25.348  49.922 0.0000000000
46016  -7.856  -25.405  51.883 0.0000000000
44970  -6.680  -25.731  51.794 0.0000000000
60259  -38.013  -12.727  36.061 0.0000000000
60247  -38.413  -12.011  37.081 0.0000000000
61427  -38.137  -12.046  34.994 0.0000000000
61477  -38.181  -11.396  32.973 0.0000000000
62665  -38.624  -10.529  34.068 0.0000000000
62666  -39.442  -10.471  33.702 0.0000000000
62643  -40.364  -10.173  34.711 0.0000000000
61458  -40.062  -10.583  33.106 0.0000000000
61481  -41.043  -10.817  32.214 0.0000000000
61501  -40.250  -10.946  31.424 0.0000000000
59171  -37.654  -12.517  28.080 0.0000000000
60387  -39.028  -12.084  28.772 0.0000000000
59193  -37.921  -12.690  27.391 0.0000000000
59221  -39.239  -12.795  26.472 0.0000000000
58095  -37.720  -13.039  25.897 0.0000000000
45108  -23.383  -25.813  42.815 0.0000000000
43926  -23.736  -26.603  44.112 0.0000000000
43928  -25.367  -26.515  44.097 0.0000000000
47318  -27.104  -24.002  35.838 0.0000000000
47316  -25.494  -23.971  35.348 0.0000000000
46238  -26.925  -24.222  36.726 0.0000000000
46202  -26.579  -25.167  38.186 0.0000000000
46220  -28.186  -24.845  37.359 0.0000000000
46280  -30.784  -25.003  33.530 0.0000000000
45271  -30.032  -25.739  33.915 0.0000000000
45255  -30.972  -25.615  35.081 0.0000000000
42911  -31.813  -27.591  38.269 0.0000000000
45216  -30.868  -26.363  37.238 0.0000000000
44003  -31.044  -26.685  38.812 0.0000000000
45181  -30.049  -25.967  38.912 0.0000000000
45163  -31.034  -26.668  39.966 0.0000000000
45116  -30.937  -26.355  41.431 0.0000000000
43970  -32.369  -27.464  41.180 0.0000000000
51464  -36.995  -20.261  39.837 0.0000000000
45106  -15.449  -26.126  41.495 0.0000000000
45085  -15.715  -26.275  42.872 0.0000000000
45084  -14.333  -26.204  43.433 0.0000000000
45025  -19.414  -25.752  47.626 0.0000000000
58182  -43.122  -14.276  21.364 0.0000000000
58168  -43.618  -14.142  22.623 0.0000000000
58169  -44.867  -13.848  22.589 0.0000000000
60458  -48.074  -11.102  24.452 0.0000000000
59263  -47.642  -12.049  24.424 0.0000000000
60450  -48.709  -11.077  25.501 0.0000000000
60421  -49.429  -11.329  27.412 0.0000000000
61593  -49.374  -10.339  26.426 0.0000000000
64900  -50.559  -7.174  22.528 0.0000000000
64898  -49.416  -8.381  23.149 0.0000000000
64862  -50.637  -7.600  24.350 0.0000000000
71248  -49.040  -1.392  14.391 0.0000000000
72244  -50.150  -0.339  15.623 0.0000000000
71249  -49.687  -1.088  14.271 0.0000000000
73205  -51.814  0.179  13.941 0.0000000000
72276  -52.755  -0.431  12.825 0.0000000000
74163  -53.763  1.375  12.588 0.0000000000
72277  -53.459  -0.226  12.190 0.0000000000
71336  -53.337  -1.324  8.500 0.0000000000
71320  -52.519  -1.376  9.488 0.0000000000
72313  -55.068  -0.691  9.952 0.0000000000
73235  -55.425  0.606  10.761 0.0000000000
73251  -56.405  0.577  9.648 0.0000000000
73274  -57.152  -0.000  8.815 0.0000000000
72356  -59.722  -0.886  7.781 0.0000000000
54859  -35.041  -16.023  34.546 0.0000000000
55904  -35.274  -15.064  34.457 0.0000000000
54873  -34.557  -15.949  33.088 0.0000000000
55926  -34.501  -15.355  32.353 0.0000000000
45213  -21.566  -25.582  37.866 0.0000000000
50583  -32.203  -20.832  32.552 0.0000000000
51575  -33.303  -19.730  33.303 0.0000000000
51551  -33.588  -20.087  34.482 0.0000000000
51537  -34.465  -19.734  35.715 0.0000000000
53793  -34.888  -17.989  34.272 0.0000000000
60414  -41.698  -11.646  27.949 0.0000000000
60392  -43.149  -11.359  28.586 0.0000000000
59198  -42.919  -11.774  26.946 0.0000000000
59199  -43.837  -12.002  27.129 0.0000000000
59226  -44.436  -12.365  26.603 0.0000000000
68227  -50.996  -4.939  16.519 0.0000000000
67116  -51.729  -5.191  18.494 0.0000000000
68211  -52.473  -4.490  18.062 0.0000000000
69198  -52.933  -3.244  19.903 0.0000000000
75067  -52.552  2.520  16.858 0.0000000000
45080  -10.626  -25.703  43.808 0.0000000000
45048  -10.309  -25.626  45.847 0.0000000000
61455  -36.415  -12.357  32.906 0.0000000000
62663  -37.738  -11.578  33.755 0.0000000000
61476  -36.610  -12.045  32.549 0.0000000000
61498  -37.758  -11.571  32.199 0.0000000000
61519  -37.655  -11.444  31.127 0.0000000000
61520  -38.526  -11.408  30.944 0.0000000000
61545  -37.662  -11.400  30.245 0.0000000000
60385  -36.909  -12.132  28.440 0.0000000000
59191  -36.083  -12.491  27.125 0.0000000000
46121  -25.277  -25.249  41.826 0.0000000000
45091  -26.082  -26.267  43.508 0.0000000000
45092  -27.149  -26.258  43.059 0.0000000000
45073  -28.018  -26.101  43.819 0.0000000000
42858  -30.288  -27.951  42.904 0.0000000000
46277  -26.869  -24.279  34.318 0.0000000000
46262  -27.516  -24.499  35.298 0.0000000000
46243  -32.408  -24.865  36.158 0.0000000000
45237  -31.656  -25.996  36.231 0.0000000000
45218  -33.063  -25.559  37.145 0.0000000000
45201  -33.282  -26.383  38.016 0.0000000000
44005  -32.605  -27.429  39.271 0.0000000000
44006  -33.204  -27.335  39.869 0.0000000000
45164  -34.013  -26.197  39.979 0.0000000000
43982  -16.750  -26.174  39.883 0.0000000000
43962  -16.917  -26.464  40.963 0.0000000000
45070  -18.174  -26.698  44.502 0.0000000000
45055  -18.174  -26.577  45.110 0.0000000000
43873  -18.839  -26.933  45.660 0.0000000000
59343  -45.164  -12.479  20.157 0.0000000000
58185  -45.807  -12.949  22.161 0.0000000000
60505  -46.724  -11.666  21.444 0.0000000000
60480  -47.642  -10.903  22.742 0.0000000000
61611  -47.997  -10.316  23.862 0.0000000000
72272  -48.013  -0.268  12.913 0.0000000000
71268  -49.450  -1.291  12.715 0.0000000000
72273  -48.823  -0.501  12.259 0.0000000000
70332  -55.070  -1.973  8.137 0.0000000000
71339  -57.000  -0.881  7.931 0.0000000000
71354  -55.452  -1.601  7.394 0.0000000000
71355  -56.578  -1.266  7.252 0.0000000000
45051  -14.116  -25.307  45.528 0.0000000000
45037  -13.620  -24.744  46.000 0.0000000000
59043  -38.277  -12.840  39.316 0.0000000000
57935  -37.396  -13.223  37.854 0.0000000000
59082  -37.330  -13.338  35.942 0.0000000000
59094  -36.833  -13.259  35.123 0.0000000000
56875  -35.278  -14.379  34.063 0.0000000000
57989  -35.901  -13.851  34.097 0.0000000000
59116  -36.228  -12.946  33.566 0.0000000000
61474  -34.959  -12.003  32.285 0.0000000000
61515  -34.160  -11.982  30.606 0.0000000000
42879  -21.347  -27.858  42.592 0.0000000000
43923  -22.008  -27.211  43.519 0.0000000000
43967  -21.759  -27.247  41.803 0.0000000000
45131  -22.649  -26.148  42.118 0.0000000000
45132  -23.570  -25.455  41.757 0.0000000000
45198  -22.304  -25.649  39.338 0.0000000000
46159  -23.085  -25.461  40.119 0.0000000000
46137  -24.369  -25.295  41.305 0.0000000000
46138  -25.270  -25.227  41.020 0.0000000000
46163  -26.344  -25.350  40.220 0.0000000000
46164  -27.163  -25.483  40.130 0.0000000000
47359  -30.795  -24.249  33.020 0.0000000000
47342  -31.478  -24.020  34.247 0.0000000000
49515  -32.346  -21.952  33.708 0.0000000000
48425  -32.383  -22.801  34.449 0.0000000000
47320  -32.087  -23.918  35.458 0.0000000000
47275  -33.466  -23.122  36.335 0.0000000000
48368  -34.423  -22.801  37.347 0.0000000000
48344  -34.776  -22.646  38.371 0.0000000000
48307  -34.813  -22.364  40.024 0.0000000000
49399  -35.261  -21.637  39.051 0.0000000000
50477  -35.686  -20.373  38.561 0.0000000000
51493  -36.982  -19.516  38.715 0.0000000000
52602  -35.395  -19.206  36.284 0.0000000000
52589  -36.771  -18.916  37.419 0.0000000000
52577  -37.402  -18.692  38.736 0.0000000000
54799  -37.298  -16.622  38.866 0.0000000000
43984  -18.588  -27.234  40.213 0.0000000000
62646  -43.552  -10.284  34.208 0.0000000000
61442  -44.959  -11.017  34.410 0.0000000000
61464  -45.598  -11.362  33.695 0.0000000000
61485  -46.767  -11.323  32.908 0.0000000000
60339  -45.116  -11.525  30.583 0.0000000000
60340  -46.125  -11.780  30.903 0.0000000000
63922  -48.224  -8.835  19.103 0.0000000000
63906  -48.468  -8.931  19.789 0.0000000000
64934  -49.497  -7.633  19.553 0.0000000000
65981  -50.277  -7.190  20.994 0.0000000000
65968  -51.384  -6.179  22.534 0.0000000000
67096  -51.581  -5.685  20.698 0.0000000000
67086  -51.766  -5.594  22.011 0.0000000000
57074  -39.931  -15.158  22.441 0.0000000000
57075  -40.908  -14.879  22.523 0.0000000000
57093  -40.362  -14.982  21.325 0.0000000000
58202  -41.301  -14.031  20.398 0.0000000000
59341  -42.856  -13.173  19.974 0.0000000000
59359  -43.325  -12.483  19.410 0.0000000000
60538  -44.818  -11.811  19.182 0.0000000000
62861  -44.774  -10.175  18.836 0.0000000000
62879  -46.146  -9.569  18.369 0.0000000000
63920  -46.714  -9.017  18.082 0.0000000000
64962  -47.506  -8.062  17.565 0.0000000000
66029  -48.175  -7.167  17.065 0.0000000000
66049  -48.674  -6.270  16.664 0.0000000000
68222  -45.636  -4.720  15.960 0.0000000000
68224  -47.553  -4.339  16.247 0.0000000000
68225  -48.679  -4.431  16.228 0.0000000000
69230  -49.404  -3.539  16.203 0.0000000000
70231  -50.258  -2.649  16.058 0.0000000000
71221  -50.847  -1.517  16.205 0.0000000000
72231  -51.346  -0.351  16.387 0.0000000000
72229  -48.897  -0.899  16.300 0.0000000000
71247  -48.314  -1.814  14.633 0.0000000000
71257  -48.450  -1.707  13.675 0.0000000000
72262  -47.486  -0.755  13.166 0.0000000000
46089  -12.207  -24.484  46.655 0.0000000000
46088  -11.195  -24.761  46.971 0.0000000000
46087  -10.222  -25.335  46.736 0.0000000000
47079  -11.083  -23.726  49.507 0.0000000000
46055  -10.641  -24.418  48.989 0.0000000000
46071  -9.854  -25.375  47.653 0.0000000000
45008  -8.720  -26.411  48.075 0.0000000000
44993  -7.739  -26.276  48.894 0.0000000000
43810  -6.677  -26.912  49.149 0.0000000000
43801  -6.576  -26.603  50.726 0.0000000000
62597  -42.939  -9.681  36.427 0.0000000000
62575  -39.570  -10.419  37.682 0.0000000000
62640  -38.485  -10.933  35.237 0.0000000000
62618  -39.409  -10.205  35.876 0.0000000000
62595  -40.963  -9.792  36.524 0.0000000000
62621  -42.221  -9.818  35.479 0.0000000000
62622  -43.341  -9.892  35.407 0.0000000000
62669  -42.573  -10.159  33.563 0.0000000000
61482  -41.980  -10.938  32.165 0.0000000000
61523  -41.424  -11.211  30.579 0.0000000000
61547  -39.427  -11.305  29.920 0.0000000000
60362  -40.410  -11.583  29.489 0.0000000000
60389  -40.760  -11.905  28.710 0.0000000000
59196  -40.897  -12.216  27.477 0.0000000000
59243  -39.856  -12.871  25.922 0.0000000000
58127  -39.566  -13.921  24.818 0.0000000000
60435  -33.737  -12.035  27.229 0.0000000000
60436  -34.203  -12.063  26.996 0.0000000000
59241  -34.726  -12.949  25.814 0.0000000000
58092  -35.551  -13.119  25.860 0.0000000000
58106  -36.215  -13.731  25.268 0.0000000000
58124  -36.850  -14.139  24.825 0.0000000000
57030  -38.073  -14.836  24.281 0.0000000000
57054  -38.496  -15.169  23.366 0.0000000000
43903  -26.018  -26.451  44.758 0.0000000000
48361  -23.846  -24.034  36.833 0.0000000000
48382  -24.373  -23.906  36.494 0.0000000000
47273  -25.013  -23.835  37.290 0.0000000000
47253  -25.509  -24.793  38.166 0.0000000000
46183  -27.360  -25.318  39.188 0.0000000000
46165  -27.885  -25.718  39.977 0.0000000000
45308  -28.711  -25.313  32.786 0.0000000000
45269  -28.587  -25.227  34.407 0.0000000000
46264  -29.085  -25.355  35.644 0.0000000000
45236  -30.528  -26.273  35.913 0.0000000000
45215  -29.922  -26.105  36.740 0.0000000000
46221  -29.054  -25.084  37.364 0.0000000000
46204  -28.723  -25.007  38.294 0.0000000000
46185  -28.999  -25.856  38.977 0.0000000000
45137  -29.046  -26.757  40.875 0.0000000000
45115  -30.021  -26.975  41.862 0.0000000000
43931  -31.034  -26.994  42.556 0.0000000000
45125  -11.778  -25.888  41.248 0.0000000000
45083  -13.352  -25.888  43.414 0.0000000000
43979  -14.054  -26.045  40.373 0.0000000000
45153  -12.949  -25.626  40.162 0.0000000000
45104  -13.544  -25.924  42.246 0.0000000000
43917  -13.797  -26.116  43.835 0.0000000000
43892  -13.808  -25.999  44.215 0.0000000000
45052  -15.211  -25.542  45.696 0.0000000000
45043  -18.938  -25.935  46.966 0.0000000000
57035  -42.669  -14.101  24.073 0.0000000000
58115  -44.706  -13.472  25.047 0.0000000000
59249  -45.553  -13.059  25.381 0.0000000000
59275  -46.366  -13.133  23.504 0.0000000000
59250  -46.718  -13.001  25.432 0.0000000000
59201  -46.988  -12.473  27.032 0.0000000000
59176  -48.455  -12.420  28.105 0.0000000000
63886  -48.768  -8.801  21.810 0.0000000000
63849  -48.983  -8.957  23.642 0.0000000000
63807  -49.401  -8.941  25.451 0.0000000000
73176  -50.673  0.525  16.303 0.0000000000
74128  -50.524  1.579  16.146 0.0000000000
75078  -51.048  2.552  16.120 0.0000000000
72263  -50.730  -0.595  13.981 0.0000000000
74144  -51.602  1.329  14.737 0.0000000000
76090  -52.607  2.723  14.765 0.0000000000
76100  -53.575  2.805  13.673 0.0000000000
76112  -55.160  2.638  12.893 0.0000000000
71282  -52.607  -1.479  11.505 0.0000000000
72286  -54.676  0.108  11.327 0.0000000000
74172  -55.915  1.476  11.138 0.0000000000
72337  -59.085  -0.175  8.242 0.0000000000
53829  -33.839  -17.221  31.701 0.0000000000
51612  -33.137  -18.751  31.516 0.0000000000
57033  -40.788  -14.324  24.164 0.0000000000
71207  -53.146  -2.105  16.716 0.0000000000
71223  -53.385  -0.465  16.734 0.0000000000
71209  -54.136  -0.492  17.983 0.0000000000
72233  -53.302  0.426  17.004 0.0000000000
72232  -52.533  0.024  16.548 0.0000000000
60355  -34.415  -11.885  29.676 0.0000000000
60356  -34.836  -11.721  29.791 0.0000000000
42840  -21.546  -27.895  45.184 0.0000000000
42855  -21.715  -27.658  44.321 0.0000000000
45113  -28.049  -26.348  41.949 0.0000000000
43947  -29.018  -26.501  42.682 0.0000000000
45114  -28.896  -26.692  42.051 0.0000000000
47256  -34.510  -23.541  38.889 0.0000000000
46225  -34.491  -24.688  38.365 0.0000000000
47236  -34.435  -23.495  39.649 0.0000000000
42838  -20.243  -27.753  44.846 0.0000000000
61673  -47.417  -10.714  20.052 0.0000000000
62865  -47.990  -9.481  19.861 0.0000000000
58047  -33.895  -13.852  30.813 0.0000000000
58028  -33.965  -13.667  31.460 0.0000000000
47251  -23.807  -24.343  38.185 0.0000000000
50530  -33.581  -20.815  35.358 0.0000000000
50529  -32.998  -21.102  35.187 0.0000000000
50516  -33.987  -20.978  35.968 0.0000000000
50517  -34.520  -20.758  36.338 0.0000000000
54844  -35.618  -16.402  35.427 0.0000000000
54826  -36.762  -16.428  37.058 0.0000000000
44014  -20.299  -26.823  38.772 0.0000000000
60336  -42.398  -11.235  30.211 0.0000000000
60320  -42.952  -11.358  30.822 0.0000000000
60337  -43.259  -11.435  30.211 0.0000000000
66031  -50.484  -6.278  17.819 0.0000000000
66014  -50.296  -6.731  18.477 0.0000000000
68178  -53.146  -3.892  21.967 0.0000000000
70251  -46.867  -2.484  15.696 0.0000000000
71235  -46.404  -2.161  15.093 0.0000000000
71236  -47.112  -2.240  15.124 0.0000000000
45061  -10.013  -26.010  45.227 0.0000000000
43872  -9.652  -26.367  45.644 0.0000000000
43871  -9.183  -26.855  45.375 0.0000000000
43853  -9.343  -26.574  46.037 0.0000000000
47066  -12.471  -23.307  50.097 0.0000000000
46022  -8.673  -25.325  51.293 0.0000000000
60270  -37.442  -12.741  35.193 0.0000000000
60271  -38.299  -12.301  35.484 0.0000000000
61439  -37.665  -12.101  34.486 0.0000000000
61478  -38.574  -11.360  32.785 0.0000000000
62686  -38.985  -10.986  33.192 0.0000000000
61480  -40.135  -10.766  32.336 0.0000000000
61500  -39.384  -11.241  31.678 0.0000000000
59192  -36.969  -12.516  27.409 0.0000000000
59220  -38.261  -12.804  26.610 0.0000000000
58094  -36.802  -13.066  25.838 0.0000000000
45089  -24.008  -26.081  43.434 0.0000000000
45090  -24.924  -26.223  43.295 0.0000000000
47293  -27.086  -24.084  36.327 0.0000000000
46219  -27.241  -24.670  37.363 0.0000000000
46281  -31.275  -24.943  34.167 0.0000000000
45272  -30.638  -25.508  34.273 0.0000000000
44004  -31.615  -27.128  38.908 0.0000000000
44016  -31.582  -27.184  38.375 0.0000000000
43988  -31.075  -26.689  39.455 0.0000000000
43969  -31.600  -26.992  40.955 0.0000000000
43990  -32.457  -27.443  40.336 0.0000000000
45054  -17.327  -26.335  45.337 0.0000000000
58204  -43.443  -13.646  20.681 0.0000000000
58183  -44.166  -13.636  21.473 0.0000000000
60459  -48.542  -10.632  24.962 0.0000000000
65946  -51.076  -6.805  22.937 0.0000000000
64880  -50.603  -7.429  23.297 0.0000000000
71271  -52.216  -1.268  12.582 0.0000000000
73217  -52.994  0.293  12.804 0.0000000000
71272  -53.077  -1.080  12.219 0.0000000000
71323  -55.604  -1.059  9.167 0.0000000000
71322  -54.926  -1.119  9.445 0.0000000000
72314  -55.741  -0.421  9.687 0.0000000000
72315  -56.401  -0.053  9.329 0.0000000000
73273  -56.768  0.185  9.068 0.0000000000
72335  -56.564  -0.501  8.822 0.0000000000
53813  -34.844  -16.712  34.135 0.0000000000
54874  -34.694  -16.221  33.812 0.0000000000
54894  -34.129  -16.163  31.551 0.0000000000
55938  -34.250  -15.462  31.308 0.0000000000
50598  -32.118  -20.252  31.552 0.0000000000
51552  -34.270  -19.432  34.744 0.0000000000
53794  -35.183  -17.344  34.746 0.0000000000
59197  -41.951  -12.069  27.142 0.0000000000
60415  -42.561  -11.407  27.753 0.0000000000
59246  -42.934  -12.892  25.825 0.0000000000
59225  -43.366  -12.356  26.397 0.0000000000
59247  -43.728  -13.009  25.902 0.0000000000
68228  -51.611  -4.661  16.903 0.0000000000
68210  -51.956  -4.733  17.565 0.0000000000
69214  -52.376  -4.226  17.245 0.0000000000
70212  -53.713  -2.621  18.932 0.0000000000
70203  -53.954  -2.612  20.121 0.0000000000
74116  -52.578  1.860  17.219 0.0000000000
75052  -53.076  2.587  17.587 0.0000000000
74115  -52.095  2.097  16.733 0.0000000000
45063  -11.337  -25.174  44.597 0.0000000000
45062  -10.616  -25.516  44.996 0.0000000000
61475  -35.586  -12.034  32.409 0.0000000000
61543  -36.218  -11.458  30.579 0.0000000000
61497  -36.872  -11.745  32.040 0.0000000000
61518  -36.849  -11.506  31.204 0.0000000000
60412  -36.457  -12.280  27.681 0.0000000000
45111  -26.240  -25.591  42.199 0.0000000000
43930  -29.767  -27.030  42.710 0.0000000000
43907  -29.876  -27.568  42.833 0.0000000000
46291  -27.298  -24.558  33.699 0.0000000000
46278  -27.355  -24.532  34.504 0.0000000000
46292  -27.693  -24.796  34.011 0.0000000000
45220  -34.239  -25.486  38.434 0.0000000000
45202  -33.793  -26.046  38.597 0.0000000000
45183  -33.354  -26.862  38.726 0.0000000000
45184  -33.775  -26.586  39.460 0.0000000000
45165  -34.516  -25.765  40.169 0.0000000000
43983  -17.685  -26.693  40.106 0.0000000000
43963  -17.790  -26.896  41.130 0.0000000000
43921  -18.631  -27.223  43.455 0.0000000000
43858  -20.536  -27.556  46.540 0.0000000000
60520  -45.775  -11.833  19.918 0.0000000000
59344  -45.822  -12.155  20.561 0.0000000000
60504  -46.332  -11.879  20.688 0.0000000000
61631  -47.860  -10.536  22.179 0.0000000000
61620  -47.870  -10.436  23.096 0.0000000000
62786  -48.103  -9.847  23.460 0.0000000000
71352  -53.499  -1.194  7.816 0.0000000000
71353  -54.277  -1.515  7.557 0.0000000000
70333  -55.339  -1.888  7.895 0.0000000000
46091  -14.176  -24.849  46.453 0.0000000000
47068  -14.744  -22.944  49.812 0.0000000000
56829  -37.604  -14.296  38.761 0.0000000000
57963  -37.050  -14.125  36.063 0.0000000000
57962  -36.759  -13.681  35.521 0.0000000000
59081  -36.923  -13.406  35.514 0.0000000000
55915  -34.865  -15.191  33.673 0.0000000000
58003  -35.240  -13.733  33.667 0.0000000000
59115  -35.517  -13.071  33.433 0.0000000000
60290  -35.137  -12.488  32.888 0.0000000000
60306  -34.605  -12.292  32.330 0.0000000000
61494  -33.973  -12.011  31.249 0.0000000000
42887  -21.234  -28.084  41.864 0.0000000000
43966  -21.244  -27.772  41.200 0.0000000000
45179  -21.987  -26.311  39.882 0.0000000000
45158  -22.244  -26.545  41.190 0.0000000000
45197  -21.901  -25.597  38.759 0.0000000000
46199  -22.432  -25.119  38.294 0.0000000000
46179  -23.968  -25.327  39.419 0.0000000000
46178  -23.240  -25.273  39.456 0.0000000000
46160  -23.648  -25.449  40.416 0.0000000000
46162  -25.446  -25.264  40.073 0.0000000000
48445  -30.768  -23.791  32.551 0.0000000000
48446  -31.141  -23.576  32.946 0.0000000000
47341  -31.180  -24.180  33.563 0.0000000000
48423  -31.434  -23.571  33.625 0.0000000000
49528  -32.152  -21.707  33.044 0.0000000000
49482  -32.968  -21.817  35.206 0.0000000000
48403  -32.654  -22.870  35.122 0.0000000000
48402  -32.196  -23.345  34.763 0.0000000000
47294  -32.872  -23.595  35.895 0.0000000000
48326  -35.117  -22.151  38.910 0.0000000000
49416  -35.149  -21.695  38.169 0.0000000000
51507  -35.509  -20.158  37.336 0.0000000000
50476  -35.379  -20.808  38.235 0.0000000000
51477  -36.538  -20.014  39.190 0.0000000000
51492  -36.266  -19.733  38.334 0.0000000000
52616  -34.841  -19.105  36.056 0.0000000000
52603  -36.038  -18.777  36.533 0.0000000000
53745  -36.992  -18.167  37.573 0.0000000000
52590  -37.122  -18.516  37.964 0.0000000000
53731  -37.707  -17.648  39.285 0.0000000000
55872  -36.970  -15.482  37.455 0.0000000000
55864  -37.253  -15.601  38.422 0.0000000000
43999  -18.534  -27.053  39.206 0.0000000000
42895  -19.921  -28.329  40.728 0.0000000000
62670  -43.127  -10.349  33.428 0.0000000000
62647  -44.299  -10.687  34.518 0.0000000000
61441  -44.191  -10.845  33.940 0.0000000000
60308  -44.917  -11.512  32.316 0.0000000000
60293  -45.371  -11.546  32.982 0.0000000000
60295  -46.454  -11.429  33.067 0.0000000000
60310  -46.389  -11.593  32.615 0.0000000000
60366  -43.682  -11.483  29.461 0.0000000000
60367  -44.680  -11.498  29.565 0.0000000000
61525  -46.998  -11.537  31.399 0.0000000000
61526  -47.686  -11.230  31.082 0.0000000000
61527  -48.410  -11.268  30.731 0.0000000000
64949  -48.079  -8.185  18.231 0.0000000000
64950  -48.779  -8.272  18.831 0.0000000000
65993  -50.192  -7.199  20.005 0.0000000000
65982  -50.797  -6.699  21.369 0.0000000000
65983  -51.284  -6.222  21.631 0.0000000000
68189  -52.189  -4.947  19.047 0.0000000000
67105  -51.615  -5.428  19.434 0.0000000000
68182  -52.190  -5.002  19.946 0.0000000000
67087  -52.356  -5.016  21.569 0.0000000000
42780  -5.890  -27.956  49.532 0.0000000000
42779  -5.100  -28.066  49.633 0.0000000000
59339  -40.670  -13.276  19.938 0.0000000000
58203  -42.445  -14.004  20.423 0.0000000000
59340  -41.730  -13.253  19.863 0.0000000000
59358  -42.207  -12.464  19.353 0.0000000000
60536  -42.732  -11.599  19.061 0.0000000000
60537  -43.805  -11.732  18.985 0.0000000000
61689  -43.289  -10.795  19.007 0.0000000000
62860  -43.785  -10.074  18.840 0.0000000000
62877  -44.201  -9.338  18.508 0.0000000000
62862  -45.739  -10.211  18.881 0.0000000000
62878  -45.201  -9.386  18.505 0.0000000000
63919  -45.701  -8.586  17.972 0.0000000000
63926  -46.056  -8.098  17.581 0.0000000000
63927  -46.595  -8.454  17.569 0.0000000000
64961  -46.439  -7.750  17.270 0.0000000000
66047  -46.466  -6.249  16.588 0.0000000000
66028  -47.021  -7.114  16.932 0.0000000000
66048  -47.542  -6.261  16.575 0.0000000000
69228  -46.993  -3.317  16.284 0.0000000000
68223  -46.580  -4.395  16.125 0.0000000000
68226  -49.834  -4.625  16.225 0.0000000000
71220  -49.534  -1.605  16.256 0.0000000000
71246  -47.410  -1.941  14.392 0.0000000000
72242  -48.522  -1.152  15.609 0.0000000000
70268  -47.893  -2.151  14.181 0.0000000000
42816  -8.010  -27.135  45.727 0.0000000000
46090  -13.192  -24.512  46.330 0.0000000000
46075  -12.841  -24.185  47.511 0.0000000000
47065  -11.402  -23.503  50.163 0.0000000000
46041  -9.654  -24.758  49.722 0.0000000000
46042  -10.323  -24.167  49.606 0.0000000000
46054  -9.867  -24.974  48.564 0.0000000000
45009  -9.433  -25.654  48.363 0.0000000000
44994  -8.816  -25.608  49.279 0.0000000000
44982  -7.843  -25.591  50.085 0.0000000000
44981  -7.125  -26.285  49.718 0.0000000000
44992  -7.139  -26.504  49.111 0.0000000000
43805  -6.599  -26.669  50.107 0.0000000000
44976  -6.482  -26.175  50.847 0.0000000000
43795  -7.790  -26.598  52.240 0.0000000000
62580  -43.446  -9.448  37.283 0.0000000000
59055  -37.871  -12.579  38.186 0.0000000000
59069  -38.112  -12.260  37.618 0.0000000000
61416  -38.643  -11.406  36.509 0.0000000000
61406  -38.614  -11.347  37.265 0.0000000000
61407  -38.835  -11.083  37.400 0.0000000000
62574  -39.211  -10.847  37.660 0.0000000000
62592  -39.114  -10.755  37.064 0.0000000000
62664  -38.214  -11.157  34.188 0.0000000000
62642  -39.405  -10.242  34.847 0.0000000000
62641  -38.799  -10.545  35.044 0.0000000000
62594  -40.140  -9.974  36.711 0.0000000000
62644  -41.430  -10.103  34.634 0.0000000000
62620  -41.189  -9.974  35.588 0.0000000000
62645  -42.478  -9.948  34.470 0.0000000000
61546  -38.576  -11.380  30.099 0.0000000000
61521  -39.421  -11.232  30.728 0.0000000000
60360  -38.739  -11.725  29.407 0.0000000000
60361  -39.568  -11.626  29.341 0.0000000000
60388  -39.891  -11.878  28.720 0.0000000000
59174  -40.245  -12.119  28.074 0.0000000000
59175  -40.752  -12.007  28.110 0.0000000000
59195  -39.813  -12.449  27.343 0.0000000000
58096  -38.509  -13.059  25.966 0.0000000000
58109  -39.166  -13.462  25.640 0.0000000000
59215  -33.847  -12.135  26.538 0.0000000000
59242  -35.174  -13.005  25.800 0.0000000000
58105  -35.242  -13.443  25.578 0.0000000000
57014  -35.403  -14.201  25.012 0.0000000000
57028  -36.047  -14.519  24.389 0.0000000000
43924  -22.556  -26.817  43.692 0.0000000000
43898  -22.186  -27.216  44.033 0.0000000000
43925  -23.047  -26.664  44.077 0.0000000000
43901  -24.169  -26.673  44.952 0.0000000000
45071  -26.509  -26.511  44.268 0.0000000000
47291  -25.841  -24.335  36.414 0.0000000000
47290  -25.029  -23.968  36.110 0.0000000000
46203  -27.741  -25.041  38.261 0.0000000000
46309  -29.660  -25.072  32.841 0.0000000000
45254  -30.202  -26.028  34.880 0.0000000000
45270  -29.251  -25.513  34.189 0.0000000000
45252  -28.948  -25.335  34.908 0.0000000000
45217  -31.452  -26.503  37.124 0.0000000000
46241  -29.244  -25.576  36.542 0.0000000000
46222  -29.478  -25.721  37.317 0.0000000000
46205  -29.373  -25.595  38.106 0.0000000000
45162  -30.465  -26.545  39.815 0.0000000000
45161  -29.509  -26.433  39.848 0.0000000000
46166  -28.594  -26.104  39.887 0.0000000000
43949  -31.519  -26.804  41.815 0.0000000000
43991  -33.615  -27.188  40.283 0.0000000000
43971  -33.295  -27.580  41.136 0.0000000000
49377  -35.567  -21.738  39.631 0.0000000000
43961  -16.129  -26.008  40.839 0.0000000000
43981  -15.989  -25.795  40.130 0.0000000000
45129  -15.372  -25.865  40.539 0.0000000000
45128  -14.626  -26.054  40.901 0.0000000000
43959  -14.228  -26.050  40.666 0.0000000000
45127  -13.745  -26.028  40.951 0.0000000000
43893  -14.061  -26.207  44.060 0.0000000000
45066  -14.323  -25.923  44.581 0.0000000000
43856  -18.794  -26.572  46.232 0.0000000000
45042  -18.355  -26.030  46.221 0.0000000000
62625  -46.652  -9.676  35.614 0.0000000000
57076  -41.960  -14.798  22.566 0.0000000000
57058  -42.311  -14.118  23.579 0.0000000000
57077  -42.799  -14.421  22.978 0.0000000000
58150  -44.521  -13.983  23.542 0.0000000000
58132  -44.221  -13.877  24.403 0.0000000000
59295  -46.281  -12.697  22.613 0.0000000000
58170  -45.739  -13.355  22.688 0.0000000000
59251  -47.829  -12.608  25.373 0.0000000000
59262  -47.067  -12.881  24.409 0.0000000000
59229  -47.358  -12.756  26.369 0.0000000000
59202  -47.829  -12.446  27.349 0.0000000000
59204  -49.441  -11.796  27.859 0.0000000000
60422  -49.757  -11.341  28.082 0.0000000000
63897  -48.672  -8.831  20.822 0.0000000000
64914  -49.311  -8.244  22.186 0.0000000000
64878  -49.514  -8.527  24.070 0.0000000000
63828  -49.269  -8.856  24.590 0.0000000000
63829  -49.544  -8.619  25.156 0.0000000000
72230  -50.146  -0.749  15.963 0.0000000000
73186  -50.434  0.601  15.632 0.0000000000
74137  -50.522  1.463  15.623 0.0000000000
75085  -50.701  1.802  15.457 0.0000000000
71259  -50.090  -1.007  13.552 0.0000000000
71260  -50.891  -0.994  13.284 0.0000000000
74145  -52.113  1.385  14.088 0.0000000000
75094  -51.857  1.801  14.556 0.0000000000
75095  -52.487  2.252  14.161 0.0000000000
75096  -53.207  2.676  13.806 0.0000000000
75105  -52.983  1.840  13.485 0.0000000000
75118  -54.210  1.689  12.638 0.0000000000
75107  -54.460  2.392  13.094 0.0000000000
75119  -54.770  2.118  12.360 0.0000000000
75120  -55.744  2.546  12.070 0.0000000000
71301  -54.208  -1.091  10.365 0.0000000000
71300  -53.113  -1.490  10.462 0.0000000000
71299  -51.806  -1.551  10.528 0.0000000000
71283  -53.628  -1.046  11.370 0.0000000000
73236  -55.901  0.884  10.239 0.0000000000
74182  -55.792  1.118  10.771 0.0000000000
74183  -56.434  1.317  10.453 0.0000000000
75130  -56.465  1.870  11.353 0.0000000000
75142  -57.333  1.601  10.731 0.0000000000
72336  -57.812  -0.456  8.442 0.0000000000
53830  -33.944  -17.099  32.542 0.0000000000
54885  -34.030  -16.512  31.626 0.0000000000
51611  -32.820  -19.517  31.346 0.0000000000
52657  -33.873  -18.580  33.031 0.0000000000
59245  -40.980  -12.819  25.889 0.0000000000
58098  -41.639  -12.911  25.910 0.0000000000
58111  -41.121  -13.122  25.558 0.0000000000
58112  -42.148  -13.238  25.426 0.0000000000
58130  -42.413  -13.788  24.477 0.0000000000
70232  -51.587  -2.720  16.051 0.0000000000
70217  -53.179  -2.710  17.211 0.0000000000
72217  -54.067  -0.130  18.019 0.0000000000
72207  -54.042  0.386  18.068 0.0000000000
73155  -54.177  0.973  18.298 0.0000000000
73164  -53.536  1.019  17.597 0.0000000000
73178  -52.755  0.964  17.040 0.0000000000
45102  -11.606  -25.772  42.418 0.0000000000
45101  -10.643  -26.063  42.539 0.0000000000
46110  -11.882  -24.900  45.217 0.0000000000
60332  -35.435  -11.609  30.335 0.0000000000
60410  -34.730  -12.095  27.716 0.0000000000
42822  -21.490  -28.027  45.974 0.0000000000
45135  -27.045  -25.987  41.522 0.0000000000
45112  -27.225  -26.184  42.024 0.0000000000
46224  -34.069  -24.556  37.329 0.0000000000
46186  -34.491  -24.362  39.915 0.0000000000
43922  -19.275  -27.572  43.800 0.0000000000
43897  -19.425  -27.493  44.770 0.0000000000
61672  -46.847  -11.255  19.779 0.0000000000
61655  -47.081  -11.399  20.644 0.0000000000
61656  -47.660  -10.575  21.037 0.0000000000
61657  -48.041  -10.118  21.530 0.0000000000
56840  -37.002  -14.612  36.849 0.0000000000
56887  -34.738  -14.519  32.767 0.0000000000
58014  -34.355  -13.647  32.224 0.0000000000
59127  -34.172  -12.840  32.458 0.0000000000
60305  -33.911  -12.274  32.145 0.0000000000
59126  -33.655  -12.623  31.986 0.0000000000
44002  -21.310  -27.020  40.120 0.0000000000
47231  -23.556  -24.885  38.818 0.0000000000
46180  -24.384  -25.275  39.363 0.0000000000
47216  -24.585  -25.244  39.372 0.0000000000
47233  -25.148  -25.045  39.014 0.0000000000
50566  -32.891  -20.470  34.045 0.0000000000
50545  -32.784  -21.176  34.581 0.0000000000
49461  -33.366  -21.889  35.656 0.0000000000
48384  -33.608  -22.225  35.951 0.0000000000
49462  -33.771  -21.624  35.915 0.0000000000
49438  -34.260  -21.886  36.326 0.0000000000
52635  -35.340  -18.049  35.425 0.0000000000
53760  -36.887  -17.036  37.505 0.0000000000
44000  -19.573  -27.257  39.290 0.0000000000
61483  -42.928  -11.078  32.222 0.0000000000
61504  -43.250  -11.318  31.500 0.0000000000
61505  -43.814  -11.406  31.526 0.0000000000
60322  -44.428  -11.493  31.371 0.0000000000
60417  -44.453  -11.751  27.749 0.0000000000
60394  -45.120  -11.580  28.646 0.0000000000
60369  -47.023  -11.549  29.504 0.0000000000
61550  -47.682  -11.445  30.303 0.0000000000
60370  -48.111  -11.684  29.790 0.0000000000
60397  -48.667  -12.118  28.912 0.0000000000
64951  -49.463  -7.465  18.632 0.0000000000
66013  -49.814  -7.111  18.447 0.0000000000
66002  -50.637  -6.621  19.394 0.0000000000
67104  -51.239  -6.082  19.806 0.0000000000
69190  -52.857  -3.667  20.545 0.0000000000
68183  -52.565  -4.321  20.305 0.0000000000
68177  -52.785  -4.092  21.285 0.0000000000
76092  -54.536  3.402  14.523 0.0000000000
62859  -42.948  -9.992  18.910 0.0000000000
66026  -45.029  -6.893  16.996 0.0000000000
66027  -46.003  -6.948  17.053 0.0000000000
67144  -45.934  -5.500  16.265 0.0000000000
69247  -46.413  -3.042  15.699 0.0000000000
70229  -47.699  -2.415  16.256 0.0000000000
71218  -47.893  -1.732  16.111 0.0000000000
72228  -48.297  -1.369  16.043 0.0000000000
43852  -8.772  -26.921  46.174 0.0000000000
46058  -13.426  -23.880  48.432 0.0000000000
46057  -12.460  -23.846  48.530 0.0000000000
46056  -11.544  -24.010  48.711 0.0000000000
47048  -10.799  -23.950  50.720 0.0000000000
46040  -8.914  -25.254  49.878 0.0000000000
46027  -8.588  -25.244  50.490 0.0000000000
46026  -7.922  -25.430  50.742 0.0000000000
46021  -7.654  -25.397  51.337 0.0000000000
46020  -6.943  -25.282  51.614 0.0000000000
46015  -7.076  -24.945  52.038 0.0000000000
44971  -7.282  -25.711  52.127 0.0000000000
60246  -38.194  -12.411  36.620 0.0000000000
60260  -38.622  -12.127  36.178 0.0000000000
61428  -38.548  -11.458  35.585 0.0000000000
62685  -38.625  -10.979  33.395 0.0000000000
62667  -40.632  -10.352  33.819 0.0000000000
61459  -40.892  -10.561  33.029 0.0000000000
60386  -38.087  -12.240  28.789 0.0000000000
59172  -38.493  -12.554  28.142 0.0000000000
59194  -38.852  -12.644  27.361 0.0000000000
58108  -38.153  -13.581  25.445 0.0000000000
45088  -23.297  -26.244  43.548 0.0000000000
43927  -24.544  -26.600  44.081 0.0000000000
43905  -27.652  -26.826  44.386 0.0000000000
43881  -27.218  -27.009  45.343 0.0000000000
47339  -26.275  -23.930  34.592 0.0000000000
47317  -26.432  -24.049  35.591 0.0000000000
47292  -26.692  -24.083  36.272 0.0000000000
46237  -26.488  -24.314  36.626 0.0000000000
46218  -26.381  -24.604  37.180 0.0000000000
42923  -32.093  -27.606  37.699 0.0000000000
42921  -31.523  -27.118  37.973 0.0000000000
44015  -31.261  -26.880  38.187 0.0000000000
45200  -30.624  -26.408  38.335 0.0000000000
45182  -30.603  -26.498  39.082 0.0000000000
45139  -30.996  -26.583  40.516 0.0000000000
43918  -16.501  -26.519  42.556 0.0000000000
45053  -16.242  -26.126  45.444 0.0000000000
43841  -20.118  -26.482  47.342 0.0000000000
43840  -19.651  -26.232  47.254 0.0000000000
58167  -42.650  -14.640  22.117 0.0000000000
58151  -45.562  -13.821  23.538 0.0000000000
59277  -47.537  -11.620  23.932 0.0000000000
60449  -48.280  -11.830  25.030 0.0000000000
59252  -48.617  -11.983  25.735 0.0000000000
60440  -49.018  -11.461  26.563 0.0000000000
61582  -49.404  -10.846  27.012 0.0000000000
64915  -49.736  -7.641  21.580 0.0000000000
64899  -49.970  -7.720  22.592 0.0000000000
64879  -50.036  -8.074  23.693 0.0000000000
72253  -49.507  -0.751  15.036 0.0000000000
72254  -50.353  -0.486  14.776 0.0000000000
72265  -52.134  -0.510  13.447 0.0000000000
73206  -52.423  0.499  13.496 0.0000000000
74153  -53.190  1.434  13.030 0.0000000000
73207  -52.851  0.919  12.992 0.0000000000
73218  -53.375  0.779  12.454 0.0000000000
73219  -53.784  1.022  11.994 0.0000000000
71335  -52.638  -1.120  8.843 0.0000000000
71321  -53.768  -1.369  9.458 0.0000000000
72296  -54.940  -0.361  10.674 0.0000000000
72297  -55.521  0.019  10.361 0.0000000000
73250  -55.827  0.344  10.151 0.0000000000
74196  -57.007  1.195  9.761 0.0000000000
71356  -57.812  -1.197  7.178 0.0000000000
72355  -58.610  -0.773  7.718 0.0000000000
71357  -59.047  -1.385  6.941 0.0000000000
55894  -35.621  -15.338  35.143 0.0000000000
56899  -34.418  -14.492  31.834 0.0000000000
47270  -22.174  -24.534  37.235 0.0000000000
47271  -23.240  -24.234  37.106 0.0000000000
50597  -31.523  -20.930  31.697 0.0000000000
51591  -32.784  -20.005  32.353 0.0000000000
51574  -32.711  -20.420  33.198 0.0000000000
51536  -33.949  -20.067  35.252 0.0000000000
52634  -34.846  -18.595  35.135 0.0000000000
60390  -41.531  -11.621  28.720 0.0000000000
60365  -42.781  -11.329  29.404 0.0000000000
60391  -42.263  -11.308  28.604 0.0000000000
60416  -43.507  -11.584  27.777 0.0000000000
59200  -44.392  -11.991  27.166 0.0000000000
60437  -44.813  -11.935  27.215 0.0000000000
60438  -45.357  -12.169  26.997 0.0000000000
67149  -50.591  -5.478  16.916 0.0000000000
67131  -51.027  -5.465  17.445 0.0000000000
68209  -51.392  -4.952  17.100 0.0000000000
68196  -52.207  -4.801  18.344 0.0000000000
68197  -52.568  -4.413  18.639 0.0000000000
69215  -52.942  -3.800  17.839 0.0000000000
69204  -52.861  -3.839  19.124 0.0000000000
69197  -52.726  -3.893  19.863 0.0000000000
69191  -53.237  -3.042  20.832 0.0000000000
74102  -53.889  1.734  18.513 0.0000000000
76062  -53.351  3.051  17.164 0.0000000000
76072  -53.121  2.945  16.275 0.0000000000
45100  -9.936  -26.500  42.959 0.0000000000
60292  -36.614  -12.658  33.481 0.0000000000
61456  -37.276  -12.134  33.554 0.0000000000
62683  -37.567  -11.699  33.153 0.0000000000
62696  -37.662  -11.642  32.745 0.0000000000
61499  -38.554  -11.576  31.907 0.0000000000
60358  -36.777  -11.701  29.531 0.0000000000
59218  -36.426  -12.813  26.524 0.0000000000
45110  -25.251  -25.671  42.570 0.0000000000
45072  -27.087  -26.507  43.959 0.0000000000
47340  -26.935  -24.136  35.045 0.0000000000
46266  -31.976  -24.644  35.661 0.0000000000
46242  -31.942  -25.091  35.775 0.0000000000
45238  -32.380  -25.842  36.657 0.0000000000
44039  -32.540  -26.181  37.057 0.0000000000
44029  -32.510  -26.795  37.576 0.0000000000
44017  -32.757  -27.192  38.399 0.0000000000
42905  -32.400  -27.496  38.646 0.0000000000
43941  -17.031  -26.711  41.940 0.0000000000
43942  -17.860  -27.009  42.162 0.0000000000
45069  -17.672  -26.593  44.458 0.0000000000
43874  -19.784  -27.389  45.694 0.0000000000
59320  -44.907  -13.239  20.918 0.0000000000
59321  -45.970  -12.437  21.476 0.0000000000
59296  -46.701  -12.043  22.445 0.0000000000
60479  -47.178  -11.377  22.323 0.0000000000
60465  -47.117  -11.703  22.887 0.0000000000
60466  -47.587  -11.220  23.339 0.0000000000
61612  -48.456  -10.177  24.605 0.0000000000
71267  -48.669  -1.197  12.956 0.0000000000
71337  -54.541  -1.638  8.497 0.0000000000
71338  -55.759  -1.471  8.399 0.0000000000
71374  -54.978  -1.205  6.798 0.0000000000
45050  -13.224  -24.805  45.440 0.0000000000
45038  -13.794  -24.931  45.852 0.0000000000
47082  -14.046  -23.491  49.212 0.0000000000
57951  -37.257  -13.690  36.985 0.0000000000
59095  -37.069  -13.292  35.428 0.0000000000
60277  -36.793  -13.012  34.734 0.0000000000
56862  -35.725  -14.459  34.777 0.0000000000
56888  -34.979  -14.234  33.455 0.0000000000
59102  -36.423  -13.204  34.286 0.0000000000
59103  -36.574  -12.866  33.916 0.0000000000
60291  -35.799  -12.531  33.013 0.0000000000
61495  -34.714  -11.940  31.628 0.0000000000
60319  -34.085  -11.971  31.847 0.0000000000
61541  -34.162  -11.999  29.697 0.0000000000
42868  -21.457  -27.717  43.424 0.0000000000
43945  -21.859  -27.256  42.747 0.0000000000
43946  -22.359  -26.739  42.908 0.0000000000
45130  -22.225  -26.671  41.847 0.0000000000
46200  -22.660  -25.252  38.934 0.0000000000
45180  -22.700  -25.592  39.756 0.0000000000
45160  -23.427  -25.455  41.070 0.0000000000
46136  -23.725  -25.409  41.156 0.0000000000
46120  -24.679  -25.309  42.081 0.0000000000
46122  -25.735  -25.281  41.563 0.0000000000
46139  -26.118  -25.386  41.122 0.0000000000
46140  -26.982  -25.802  41.033 0.0000000000
46141  -27.696  -26.140  40.872 0.0000000000
48461  -30.332  -23.628  32.012 0.0000000000
49527  -31.736  -22.293  32.644 0.0000000000
49514  -32.091  -22.489  33.409 0.0000000000
49497  -32.305  -22.499  33.984 0.0000000000
48424  -31.954  -23.233  34.029 0.0000000000
47319  -31.832  -23.825  34.748 0.0000000000
48366  -33.566  -22.587  36.136 0.0000000000
47276  -33.945  -23.435  37.015 0.0000000000
48343  -34.639  -22.962  39.035 0.0000000000
47235  -34.499  -22.775  39.870 0.0000000000
48325  -34.863  -22.569  39.432 0.0000000000
49376  -35.286  -22.226  39.682 0.0000000000
50457  -35.508  -20.967  39.026 0.0000000000
50438  -35.764  -21.052  39.272 0.0000000000
50458  -35.917  -20.466  39.036 0.0000000000
51478  -37.270  -19.505  39.407 0.0000000000
51524  -35.701  -19.605  36.718 0.0000000000
51508  -36.003  -19.563  37.388 0.0000000000
52576  -37.036  -19.177  38.146 0.0000000000
43997  -17.005  -26.271  39.226 0.0000000000
42878  -20.602  -28.296  42.455 0.0000000000
62623  -44.595  -10.361  35.362 0.0000000000
61463  -44.622  -11.286  33.281 0.0000000000
61443  -46.012  -10.947  34.490 0.0000000000
61465  -46.595  -11.122  33.606 0.0000000000
60338  -44.139  -11.493  30.365 0.0000000000
60324  -46.301  -11.772  31.863 0.0000000000
61486  -47.377  -10.927  32.922 0.0000000000
63921  -47.664  -8.848  18.534 0.0000000000
63905  -47.968  -9.181  19.325 0.0000000000
64933  -49.092  -8.258  20.131 0.0000000000
64926  -49.626  -7.650  20.588 0.0000000000
65966  -50.319  -7.150  21.872 0.0000000000
65967  -50.869  -6.693  22.136 0.0000000000
67097  -52.331  -4.861  20.750 0.0000000000
65995  -51.206  -6.345  21.031 0.0000000000
42789  -6.339  -27.651  48.352 0.0000000000
57055  -39.480  -15.014  23.371 0.0000000000
57056  -40.422  -14.725  23.392 0.0000000000
57094  -41.343  -14.966  21.729 0.0000000000
58180  -40.933  -14.674  20.884 0.0000000000
58181  -42.002  -14.658  21.294 0.0000000000
59342  -44.049  -13.108  20.220 0.0000000000
59360  -44.384  -12.467  19.388 0.0000000000
59361  -44.952  -12.278  19.471 0.0000000000
60539  -45.358  -11.747  19.408 0.0000000000
61690  -44.304  -10.931  19.090 0.0000000000
61691  -45.417  -11.120  19.292 0.0000000000
61692  -46.305  -10.840  19.305 0.0000000000
62863  -46.623  -10.172  18.926 0.0000000000
62880  -46.954  -9.534  18.610 0.0000000000
63918  -44.627  -8.572  18.249 0.0000000000
63928  -47.180  -8.697  17.821 0.0000000000
64963  -48.541  -7.772  17.874 0.0000000000
66050  -49.561  -6.110  16.761 0.0000000000
68236  -46.270  -5.027  16.023 0.0000000000
67146  -48.061  -5.334  16.344 0.0000000000
67147  -49.145  -5.424  16.302 0.0000000000
67148  -50.083  -5.476  16.577 0.0000000000
69231  -50.718  -3.838  15.894 0.0000000000
70253  -51.097  -3.166  15.766 0.0000000000
72252  -48.821  -0.988  15.102 0.0000000000
71266  -48.030  -1.164  13.211 0.0000000000
45049  -12.708  -24.785  45.231 0.0000000000
46100  -12.498  -24.679  45.580 0.0000000000
46099  -11.630  -24.800  45.939 0.0000000000
46098  -10.789  -25.041  45.939 0.0000000000
45036  -10.056  -25.761  46.253 0.0000000000
47064  -10.420  -23.848  50.105 0.0000000000
47078  -10.610  -23.944  49.562 0.0000000000
46072  -10.473  -24.870  47.812 0.0000000000
46086  -9.843  -25.710  47.097 0.0000000000
45022  -9.477  -25.982  47.459 0.0000000000
45021  -9.171  -26.599  47.010 0.0000000000
43809  -6.379  -27.307  49.675 0.0000000000
43804  -6.372  -27.198  50.234 0.0000000000
43800  -6.507  -26.807  50.999 0.0000000000
44969  -6.471  -26.202  51.395 0.0000000000
43793  -6.463  -26.476  51.652 0.0000000000
60217  -38.709  -12.048  38.828 0.0000000000
60233  -38.418  -11.708  37.905 0.0000000000
61440  -38.162  -11.484  34.752 0.0000000000
62617  -38.866  -10.667  36.091 0.0000000000
62593  -39.531  -10.324  36.868 0.0000000000
62578  -41.555  -9.426  37.272 0.0000000000
62596  -41.900  -9.624  36.416 0.0000000000
61460  -41.813  -10.497  32.922 0.0000000000
61461  -42.681  -10.570  32.895 0.0000000000
60335  -41.675  -11.257  30.018 0.0000000000
61522  -40.385  -11.195  30.391 0.0000000000
61548  -39.943  -11.356  29.763 0.0000000000
60334  -41.055  -11.547  30.066 0.0000000000
60363  -41.277  -11.663  29.448 0.0000000000
59222  -40.270  -12.618  26.563 0.0000000000
59244  -40.592  -12.827  25.900 0.0000000000
58110  -40.137  -13.338  25.442 0.0000000000
61581  -33.654  -11.989  28.530 0.0000000000
59216  -34.568  -12.424  26.598 0.0000000000
59190  -35.336  -12.383  27.096 0.0000000000
59217  -35.456  -12.849  26.242 0.0000000000
58093  -35.943  -13.209  25.910 0.0000000000
57013  -34.602  -14.132  25.010 0.0000000000
58107  -37.236  -13.598  25.338 0.0000000000
58125  -37.669  -14.193  24.873 0.0000000000
57029  -37.094  -14.666  24.204 0.0000000000
57031  -39.045  -14.640  24.197 0.0000000000
43899  -22.484  -27.243  44.612 0.0000000000
48360  -23.375  -24.048  36.485 0.0000000000
47234  -25.751  -25.147  38.961 0.0000000000
47254  -26.031  -25.154  38.668 0.0000000000
46182  -26.444  -25.254  39.303 0.0000000000
46142  -28.257  -26.287  40.563 0.0000000000
45288  -28.234  -25.052  33.704 0.0000000000
45290  -29.600  -25.472  33.416 0.0000000000
45289  -28.930  -25.438  33.578 0.0000000000
46279  -27.957  -24.836  34.565 0.0000000000
46263  -28.367  -24.891  35.384 0.0000000000
46240  -28.649  -24.928  36.452 0.0000000000
45235  -29.623  -26.060  35.723 0.0000000000
45096  -30.903  -26.243  42.262 0.0000000000
45126  -12.761  -25.724  41.211 0.0000000000
43916  -13.546  -25.953  44.005 0.0000000000
46102  -14.812  -25.029  45.977 0.0000000000
57057  -41.411  -14.350  23.553 0.0000000000
58148  -42.213  -13.837  23.992 0.0000000000
57078  -43.269  -14.312  23.249 0.0000000000
58131  -43.284  -14.083  24.478 0.0000000000
58114  -43.946  -13.512  25.153 0.0000000000
59248  -44.625  -12.993  25.733 0.0000000000
59227  -45.349  -12.590  26.307 0.0000000000
60439  -45.823  -12.446  26.810 0.0000000000
58184  -45.335  -13.389  21.828 0.0000000000
59261  -46.101  -13.365  24.475 0.0000000000
59228  -46.303  -12.697  26.412 0.0000000000
60420  -47.137  -12.272  27.559 0.0000000000
59203  -49.028  -12.279  27.370 0.0000000000
59177  -49.274  -12.244  28.257 0.0000000000
62851  -48.225  -9.449  20.533 0.0000000000
62839  -48.392  -9.521  21.433 0.0000000000
62818  -48.449  -9.479  22.382 0.0000000000
63865  -48.853  -8.838  22.755 0.0000000000
62804  -48.358  -9.343  23.235 0.0000000000
62787  -48.379  -9.451  24.100 0.0000000000
62769  -48.963  -9.501  24.974 0.0000000000
63783  -49.449  -9.055  25.779 0.0000000000
62751  -49.360  -9.441  25.806 0.0000000000
61594  -49.840  -9.985  26.889 0.0000000000
74129  -51.533  1.665  16.484 0.0000000000
75066  -51.846  2.238  16.437 0.0000000000
75079  -52.188  2.587  16.099 0.0000000000
72255  -50.921  -0.171  14.504 0.0000000000
72264  -51.373  -0.414  13.906 0.0000000000
73196  -51.292  0.511  14.687 0.0000000000
74138  -50.942  1.396  15.209 0.0000000000
75086  -51.301  2.013  15.156 0.0000000000
75087  -52.052  2.463  15.288 0.0000000000
76081  -52.794  2.896  15.372 0.0000000000
76091  -53.270  3.128  14.310 0.0000000000
76101  -54.305  2.878  13.503 0.0000000000
75106  -53.767  2.093  13.359 0.0000000000
76102  -55.519  2.811  13.921 0.0000000000
76113  -56.095  2.620  12.907 0.0000000000
73226  -53.814  0.448  11.908 0.0000000000
73227  -54.374  0.730  11.598 0.0000000000
73234  -54.947  0.409  11.208 0.0000000000
73228  -54.955  0.929  11.305 0.0000000000
75128  -55.073  1.756  11.698 0.0000000000
75129  -55.525  1.899  11.645 0.0000000000
72316  -58.399  -0.025  8.971 0.0000000000
41861  -31.940  -27.949  38.077 0.0000000000
41862  -32.112  -28.023  37.919 0.0000000000
41881  -31.734  -27.784  37.991 0.0000000000
41882  -31.880  -27.898  37.889 0.0000000000
42775  -5.201  -28.189  50.010 0.0000000000
42821  -20.946  -28.039  45.662 0.0000000000
42904  -32.113  -27.544  38.682 0.0000000000
42910  -31.595  -27.230  38.127 0.0000000000
42912  -32.258  -27.710  38.171 0.0000000000
42922  -31.729  -27.463  37.860 0.0000000000
43811  -7.137  -26.689  48.724 0.0000000000
43968  -22.185  -26.801  42.280 0.0000000000
43980  -14.308  -25.957  40.423 0.0000000000
44027  -31.462  -26.846  37.644 0.0000000000
44038  -32.177  -26.353  36.964 0.0000000000
44978  -7.593  -25.581  50.840 0.0000000000
45035  -9.680  -26.096  46.514 0.0000000000
45087  -22.927  -26.460  43.615 0.0000000000
45133  -24.208  -25.273  41.970 0.0000000000
45177  -17.082  -26.332  38.928 0.0000000000
45214  -21.653  -25.612  38.176 0.0000000000
45307  -28.099  -24.816  32.947 0.0000000000
45309  -29.298  -25.428  32.902 0.0000000000
46101  -12.991  -24.566  45.735 0.0000000000
46103  -15.132  -25.074  46.014 0.0000000000
46111  -12.252  -24.841  45.166 0.0000000000
46123  -27.254  -26.059  41.492 0.0000000000
46201  -25.969  -24.893  37.688 0.0000000000
49398  -34.958  -22.035  39.058 0.0000000000
57034  -42.410  -13.959  24.033 0.0000000000
57059  -42.990  -14.353  23.717 0.0000000000
57095  -41.892  -15.060  21.857 0.0000000000
58097  -41.337  -12.860  25.899 0.0000000000
58147  -41.951  -13.780  23.963 0.0000000000
58149  -43.660  -14.170  23.667 0.0000000000
58205  -43.950  -13.403  20.827 0.0000000000
59054  -37.585  -12.805  37.763 0.0000000000
59136  -33.618  -12.913  31.292 0.0000000000
59178  -49.517  -11.731  28.254 0.0000000000
59322  -46.607  -11.847  21.938 0.0000000000
60269  -36.992  -12.935  34.901 0.0000000000
60294  -46.033  -11.543  33.092 0.0000000000
60307  -35.173  -12.207  32.612 0.0000000000
60309  -45.736  -11.688  32.417 0.0000000000
60333  -35.828  -11.524  30.443 0.0000000000
60413  -41.139  -11.900  28.201 0.0000000000
60519  -45.253  -12.071  19.554 0.0000000000
61394  -38.655  -11.316  37.646 0.0000000000
61417  -38.735  -10.974  36.761 0.0000000000
61432  -46.692  -10.007  35.060 0.0000000000
61457  -37.796  -11.604  34.152 0.0000000000
61493  -33.770  -12.220  31.117 0.0000000000
61506  -46.955  -11.434  32.287 0.0000000000
61524  -41.938  -11.113  30.486 0.0000000000
61542  -34.522  -11.785  29.932 0.0000000000
61569  -50.301  -11.137  28.716 0.0000000000
61580  -33.384  -12.145  28.567 0.0000000000
61632  -48.301  -9.984  21.986 0.0000000000
61671  -46.195  -11.403  19.654 0.0000000000
62616  -38.573  -10.925  35.774 0.0000000000
62697  -37.917  -11.496  32.854 0.0000000000
62803  -48.149  -9.933  22.843 0.0000000000
62850  -47.766  -9.990  20.313 0.0000000000
64860  -49.550  -8.544  24.502 0.0000000000
67095  -51.306  -6.139  20.333 0.0000000000
67132  -51.434  -5.320  18.019 0.0000000000
67156  -46.118  -5.271  16.127 0.0000000000
67157  -46.320  -5.311  16.211 0.0000000000
68235  -45.943  -5.152  15.971 0.0000000000
69248  -46.820  -2.863  16.024 0.0000000000
69249  -51.413  -3.516  15.989 0.0000000000
69250  -51.657  -3.338  16.092 0.0000000000
70254  -51.453  -3.190  15.958 0.0000000000
70343  -54.661  -1.991  7.968 0.0000000000
70344  -54.958  -1.945  7.731 0.0000000000
71302  -54.776  -0.844  10.106 0.0000000000
71340  -57.649  -0.791  7.798 0.0000000000
72208  -54.160  0.053  18.462 0.0000000000
72285  -54.228  -0.202  11.503 0.0000000000
73154  -53.952  0.590  17.862 0.0000000000
73165  -53.851  1.388  18.075 0.0000000000
73179  -53.193  0.805  17.208 0.0000000000
73195  -50.756  0.245  15.067 0.0000000000
73197  -51.888  0.774  14.230 0.0000000000
74170  -54.793  1.406  11.700 0.0000000000
74171  -55.329  1.336  11.286 0.0000000000
75077  -50.585  2.014  15.721 0.0000000000
75141  -56.861  1.603  10.688 0.0000000000
76111  -54.711  2.511  12.999 0.0000000000
