#!ascii label  , from subject 3206 vox2ras=TkReg
1068
52968  29.112  -15.147  28.601 0.0000000000
71694  43.045  3.083  15.211 0.0000000000
64559  34.224  -4.222  21.612 0.0000000000
46896  11.518  -20.138  39.612 0.0000000000
52891  23.717  -14.496  33.713 0.0000000000
70598  34.458  1.140  20.994 0.0000000000
51824  17.281  -16.735  35.436 0.0000000000
48165  15.668  -19.607  37.726 0.0000000000
51857  20.789  -16.920  33.862 0.0000000000
71690  47.207  1.768  14.983 0.0000000000
59067  28.775  -10.042  29.261 0.0000000000
60225  30.736  -9.386  26.026 0.0000000000
55053  32.702  -13.646  29.515 0.0000000000
75989  46.174  6.608  13.743 0.0000000000
72775  49.844  4.580  12.151 0.0000000000
73797  39.853  4.494  17.571 0.0000000000
69657  42.769  0.158  18.170 0.0000000000
69662  38.383  0.155  18.208 0.0000000000
65687  38.135  -4.144  20.497 0.0000000000
50710  28.378  -17.614  33.464 0.0000000000
44455  11.509  -23.426  43.268 0.0000000000
44445  6.844  -22.923  44.300 0.0000000000
45536  5.095  -21.314  47.111 0.0000000000
55035  25.205  -13.743  30.433 0.0000000000
49505  24.022  -19.478  32.042 0.0000000000
63403  30.252  -5.450  24.229 0.0000000000
60243  35.390  -9.028  25.350 0.0000000000
78997  52.146  8.894  10.977 0.0000000000
72732  45.550  2.663  14.693 0.0000000000
70659  45.884  0.953  16.287 0.0000000000
56077  29.219  -12.358  27.819 0.0000000000
55107  31.062  -12.641  26.861 0.0000000000
54025  31.470  -14.642  29.350 0.0000000000
74874  42.631  5.895  14.778 0.0000000000
75969  45.083  7.109  15.246 0.0000000000
73819  44.287  5.000  13.896 0.0000000000
72758  46.552  4.167  13.519 0.0000000000
43193  5.100  -23.788  49.064 0.0000000000
71666  38.959  2.717  17.391 0.0000000000
71640  36.939  2.424  19.184 0.0000000000
67719  33.611  -1.564  20.974 0.0000000000
66766  35.869  -2.106  20.354 0.0000000000
64557  36.106  -4.105  21.342 0.0000000000
63418  37.319  -5.829  23.126 0.0000000000
46930  13.299  -20.640  38.193 0.0000000000
46894  15.368  -20.550  40.290 0.0000000000
45676  13.073  -22.453  40.013 0.0000000000
45613  14.024  -22.185  43.407 0.0000000000
45659  10.904  -22.115  40.841 0.0000000000
46828  8.165  -20.781  43.941 0.0000000000
45553  5.880  -21.444  45.943 0.0000000000
55022  24.231  -13.494  31.411 0.0000000000
51906  25.117  -16.628  30.539 0.0000000000
51908  22.680  -16.761  30.292 0.0000000000
50669  20.474  -17.125  36.094 0.0000000000
50667  22.235  -17.773  35.430 0.0000000000
59081  32.969  -9.163  28.036 0.0000000000
60245  33.176  -8.978  25.452 0.0000000000
71617  36.764  2.676  21.304 0.0000000000
70579  33.257  1.389  23.014 0.0000000000
67710  32.023  -1.717  21.861 0.0000000000
50671  18.875  -18.176  35.555 0.0000000000
48185  18.162  -19.478  37.577 0.0000000000
49428  16.542  -18.734  36.036 0.0000000000
50636  14.579  -18.065  37.567 0.0000000000
50594  13.096  -17.499  38.932 0.0000000000
52908  21.549  -15.426  32.326 0.0000000000
53939  19.912  -13.880  33.994 0.0000000000
52876  18.673  -16.014  34.793 0.0000000000
61220  27.714  -8.246  29.538 0.0000000000
61238  26.999  -7.955  26.457 0.0000000000
59084  29.466  -9.831  27.089 0.0000000000
57101  32.240  -11.263  26.985 0.0000000000
77060  48.795  7.576  11.932 0.0000000000
74890  47.941  5.908  12.522 0.0000000000
72756  48.440  3.432  13.285 0.0000000000
72725  41.509  3.746  15.671 0.0000000000
70661  43.604  1.308  16.501 0.0000000000
70641  41.304  1.663  16.757 0.0000000000
69659  40.522  0.317  18.151 0.0000000000
67742  41.090  -1.995  18.911 0.0000000000
70610  36.043  0.927  19.282 0.0000000000
66778  38.483  -2.624  19.049 0.0000000000
51902  28.538  -16.205  30.531 0.0000000000
52920  31.247  -15.868  31.297 0.0000000000
74851  42.295  6.289  17.658 0.0000000000
48095  10.423  -18.921  42.121 0.0000000000
46860  9.375  -21.363  42.349 0.0000000000
43280  9.467  -24.099  43.452 0.0000000000
43240  9.678  -24.692  46.249 0.0000000000
42161  7.243  -24.948  47.177 0.0000000000
43228  4.994  -23.937  46.990 0.0000000000
43230  3.992  -23.595  47.564 0.0000000000
44372  2.767  -22.905  48.039 0.0000000000
54028  26.589  -14.538  28.878 0.0000000000
51886  26.841  -16.788  30.984 0.0000000000
49502  26.841  -18.695  32.779 0.0000000000
50713  22.219  -18.206  33.123 0.0000000000
64543  31.810  -4.621  22.635 0.0000000000
60298  29.243  -8.486  23.491 0.0000000000
60322  32.725  -8.281  22.810 0.0000000000
61287  34.820  -7.344  22.855 0.0000000000
52903  33.144  -15.164  32.215 0.0000000000
77068  53.109  7.407  9.851 0.0000000000
76009  50.775  6.480  10.917 0.0000000000
74919  51.903  5.547  10.063 0.0000000000
72733  44.617  3.165  14.766 0.0000000000
71677  45.604  1.220  15.807 0.0000000000
71679  44.260  1.877  15.931 0.0000000000
54063  28.992  -14.095  27.771 0.0000000000
54062  29.891  -14.065  27.620 0.0000000000
52967  29.953  -15.014  28.827 0.0000000000
73807  43.046  4.608  14.549 0.0000000000
73820  43.484  5.257  14.153 0.0000000000
72748  43.778  4.515  14.351 0.0000000000
72746  45.333  3.665  14.272 0.0000000000
43194  4.297  -23.612  49.117 0.0000000000
72683  38.231  3.823  20.245 0.0000000000
72669  38.010  3.447  21.131 0.0000000000
66752  33.834  -2.691  20.860 0.0000000000
66751  34.696  -2.891  20.556 0.0000000000
65668  34.984  -4.159  21.362 0.0000000000
64515  36.242  -4.811  22.453 0.0000000000
63438  35.404  -5.184  22.595 0.0000000000
46931  12.473  -20.528  38.461 0.0000000000
45701  13.398  -21.426  38.688 0.0000000000
45690  12.014  -21.536  39.312 0.0000000000
45658  12.425  -22.682  41.101 0.0000000000
45678  11.297  -21.464  39.993 0.0000000000
53977  23.570  -13.963  32.190 0.0000000000
52922  23.667  -15.104  30.818 0.0000000000
52923  22.812  -15.056  31.295 0.0000000000
51784  20.778  -17.318  37.182 0.0000000000
63355  26.763  -5.618  27.954 0.0000000000
60184  33.942  -8.952  28.085 0.0000000000
68670  32.020  -0.422  22.441 0.0000000000
68671  31.345  -0.661  23.022 0.0000000000
50695  17.614  -17.531  34.969 0.0000000000
49447  17.255  -18.706  35.524 0.0000000000
50674  16.340  -17.677  35.756 0.0000000000
50635  15.585  -17.599  37.177 0.0000000000
50614  15.154  -17.166  38.199 0.0000000000
50616  13.309  -18.163  38.239 0.0000000000
53938  21.551  -13.970  34.184 0.0000000000
52826  17.799  -14.999  35.830 0.0000000000
52851  18.641  -14.548  35.215 0.0000000000
51842  18.025  -16.663  34.751 0.0000000000
50694  18.650  -17.598  35.093 0.0000000000
60185  27.957  -9.316  28.401 0.0000000000
58034  28.643  -10.173  27.871 0.0000000000
55068  32.259  -13.203  28.286 0.0000000000
56096  31.984  -11.948  26.855 0.0000000000
56057  32.783  -12.389  28.170 0.0000000000
56056  33.291  -11.956  28.699 0.0000000000
56043  33.721  -12.259  29.811 0.0000000000
75978  45.915  6.990  14.463 0.0000000000
77053  47.388  7.535  12.794 0.0000000000
75998  46.573  6.223  13.220 0.0000000000
71705  47.047  2.394  14.224 0.0000000000
72757  47.295  3.796  13.402 0.0000000000
71704  47.883  2.233  14.360 0.0000000000
72726  40.787  4.143  16.291 0.0000000000
71682  40.804  3.278  16.002 0.0000000000
71665  40.396  2.624  16.526 0.0000000000
70644  38.364  0.862  17.672 0.0000000000
69675  39.941  0.806  17.499 0.0000000000
69661  39.185  0.026  17.953 0.0000000000
67757  40.570  -1.296  18.567 0.0000000000
67758  39.585  -1.318  18.607 0.0000000000
70586  34.823  1.964  21.129 0.0000000000
70596  35.722  1.554  19.869 0.0000000000
70611  35.547  0.652  19.854 0.0000000000
66764  37.067  -3.157  19.722 0.0000000000
67728  36.940  -2.140  19.647 0.0000000000
66763  38.356  -3.432  19.830 0.0000000000
66762  39.702  -3.270  19.768 0.0000000000
51870  28.593  -17.125  31.868 0.0000000000
51869  29.573  -17.144  32.302 0.0000000000
73775  41.101  4.894  19.428 0.0000000000
73795  41.068  5.106  17.174 0.0000000000
73802  41.205  4.935  16.121 0.0000000000
48164  16.485  -19.494  37.972 0.0000000000
48144  16.601  -19.457  39.021 0.0000000000
45614  12.993  -22.645  43.444 0.0000000000
45572  13.253  -21.820  45.035 0.0000000000
45594  12.405  -22.800  44.883 0.0000000000
44443  11.788  -23.347  44.271 0.0000000000
48079  10.043  -18.179  42.895 0.0000000000
48096  10.173  -19.863  42.077 0.0000000000
46843  9.302  -19.819  42.825 0.0000000000
45596  7.142  -22.029  43.772 0.0000000000
45617  8.103  -22.155  43.263 0.0000000000
43282  7.900  -23.823  43.932 0.0000000000
42203  9.425  -24.627  44.507 0.0000000000
42205  8.022  -24.532  44.618 0.0000000000
42160  8.094  -25.226  46.911 0.0000000000
43254  6.713  -23.953  45.043 0.0000000000
45554  5.421  -21.741  46.370 0.0000000000
43243  5.270  -23.683  46.528 0.0000000000
44408  4.981  -22.589  46.641 0.0000000000
43229  4.633  -23.876  47.329 0.0000000000
45537  4.405  -21.710  47.475 0.0000000000
55033  26.668  -12.647  30.289 0.0000000000
55055  27.025  -12.876  29.101 0.0000000000
54007  25.797  -14.200  29.640 0.0000000000
52938  27.193  -15.541  29.738 0.0000000000
52939  26.100  -15.465  29.500 0.0000000000
51889  24.601  -17.969  30.654 0.0000000000
50750  25.895  -17.888  31.403 0.0000000000
50731  25.522  -18.530  31.996 0.0000000000
52909  20.802  -15.354  32.883 0.0000000000
51871  21.772  -17.085  31.742 0.0000000000
50714  21.553  -17.509  33.545 0.0000000000
49444  23.454  -18.815  35.452 0.0000000000
69672  43.257  0.797  17.243 0.0000000000
69671  44.484  0.452  17.136 0.0000000000
69655  45.219  -0.270  17.823 0.0000000000
65621  30.583  -3.852  24.457 0.0000000000
65641  31.195  -3.828  23.231 0.0000000000
64516  31.055  -5.026  23.512 0.0000000000
60227  28.428  -8.959  26.104 0.0000000000
60250  28.306  -8.561  25.152 0.0000000000
59116  29.887  -9.296  24.632 0.0000000000
59113  33.897  -9.370  24.892 0.0000000000
60295  32.483  -8.987  23.644 0.0000000000
59148  34.355  -9.230  23.443 0.0000000000
60321  33.648  -7.906  22.690 0.0000000000
60292  35.684  -8.529  23.527 0.0000000000
61285  36.640  -7.650  23.462 0.0000000000
52904  32.216  -15.708  32.018 0.0000000000
77062  52.587  7.506  10.357 0.0000000000
74899  49.119  5.811  12.029 0.0000000000
77059  49.599  7.595  11.562 0.0000000000
74898  50.031  5.909  11.566 0.0000000000
72788  51.602  4.035  10.700 0.0000000000
72787  52.191  3.801  10.325 0.0000000000
52806  17.428  -15.564  36.370 0.0000000000
51787  16.844  -16.480  36.737 0.0000000000
72731  46.353  2.195  14.508 0.0000000000
70657  47.794  1.162  16.505 0.0000000000
70673  46.404  1.054  16.013 0.0000000000
57072  29.038  -11.397  28.635 0.0000000000
57086  29.460  -11.255  27.674 0.0000000000
55089  30.169  -13.103  27.024 0.0000000000
54061  30.860  -13.855  27.648 0.0000000000
54024  32.075  -13.961  29.021 0.0000000000
75961  44.477  7.382  16.359 0.0000000000
75981  43.854  6.596  14.834 0.0000000000
75991  44.871  6.218  13.954 0.0000000000
74882  45.246  5.703  13.607 0.0000000000
74881  46.065  5.730  13.460 0.0000000000
73832  45.551  5.012  13.531 0.0000000000
42129  5.696  -24.159  48.895 0.0000000000
73777  39.300  4.551  18.872 0.0000000000
72717  39.623  3.861  17.229 0.0000000000
72703  38.165  3.533  18.283 0.0000000000
71652  37.670  2.989  18.163 0.0000000000
71653  37.355  1.760  18.189 0.0000000000
68695  33.940  -0.578  20.750 0.0000000000
68693  35.434  -0.653  20.248 0.0000000000
67717  35.200  -2.110  20.457 0.0000000000
66750  35.670  -2.915  20.500 0.0000000000
65666  37.266  -4.046  21.125 0.0000000000
64537  37.788  -4.680  21.769 0.0000000000
63417  38.356  -6.169  23.184 0.0000000000
49461  28.184  -18.139  34.478 0.0000000000
46943  14.398  -20.125  37.751 0.0000000000
46911  15.153  -20.423  39.151 0.0000000000
46929  14.222  -20.833  38.570 0.0000000000
46895  14.988  -21.243  40.777 0.0000000000
45656  14.637  -21.825  41.475 0.0000000000
45637  13.242  -22.684  42.327 0.0000000000
45638  11.814  -23.033  42.213 0.0000000000
46827  8.440  -19.929  43.808 0.0000000000
46812  7.880  -20.244  44.538 0.0000000000
45576  6.754  -21.710  44.531 0.0000000000
44427  6.213  -22.666  45.177 0.0000000000
45552  6.379  -21.234  45.336 0.0000000000
45535  5.825  -20.851  46.671 0.0000000000
48024  5.481  -20.064  47.721 0.0000000000
56025  24.712  -13.499  30.877 0.0000000000
52940  25.177  -15.690  30.195 0.0000000000
54009  24.423  -14.988  30.445 0.0000000000
51907  24.063  -17.195  30.299 0.0000000000
50769  23.042  -17.852  30.053 0.0000000000
50692  20.639  -16.994  35.209 0.0000000000
50691  21.316  -17.429  34.709 0.0000000000
50668  21.359  -17.181  35.984 0.0000000000
68725  43.408  -0.921  18.554 0.0000000000
63405  29.135  -5.832  25.031 0.0000000000
59082  32.771  -9.547  27.116 0.0000000000
60247  31.281  -9.148  25.084 0.0000000000
60202  32.987  -8.881  27.110 0.0000000000
60200  34.619  -8.746  27.365 0.0000000000
78989  51.459  9.349  11.153 0.0000000000
43196  3.099  -24.375  49.001 0.0000000000
71605  35.701  2.675  22.799 0.0000000000
71619  34.764  2.319  22.092 0.0000000000
70587  34.121  1.424  21.678 0.0000000000
68681  33.216  -0.565  21.305 0.0000000000
67720  32.848  -1.445  21.432 0.0000000000
65693  32.824  -3.470  21.377 0.0000000000
50655  19.926  -18.316  37.135 0.0000000000
49405  19.478  -19.207  37.661 0.0000000000
48208  18.198  -19.296  36.496 0.0000000000
48186  17.229  -19.404  37.137 0.0000000000
48187  16.305  -19.232  37.184 0.0000000000
50657  16.065  -17.549  36.280 0.0000000000
49406  15.032  -18.604  37.113 0.0000000000
48189  14.596  -19.424  37.293 0.0000000000
48190  13.692  -19.731  37.612 0.0000000000
49389  12.631  -19.172  38.401 0.0000000000
49371  12.138  -18.881  38.841 0.0000000000
52907  22.214  -14.811  32.347 0.0000000000
53959  22.016  -14.753  33.802 0.0000000000
55008  20.987  -14.293  33.022 0.0000000000
52893  20.247  -15.271  33.636 0.0000000000
53902  19.084  -13.426  35.417 0.0000000000
52875  19.395  -15.313  34.410 0.0000000000
51840  20.178  -16.351  34.537 0.0000000000
50693  19.777  -16.998  35.326 0.0000000000
50670  19.615  -17.964  35.961 0.0000000000
62243  27.036  -6.861  29.842 0.0000000000
62253  26.542  -6.465  28.428 0.0000000000
61229  26.884  -8.149  28.348 0.0000000000
60204  28.517  -9.311  27.173 0.0000000000
59099  30.270  -9.939  26.677 0.0000000000
57103  30.749  -11.259  26.898 0.0000000000
58045  31.036  -10.535  26.731 0.0000000000
58044  31.778  -10.473  26.794 0.0000000000
58030  32.986  -10.269  27.669 0.0000000000
58007  33.677  -10.321  29.255 0.0000000000
78019  48.182  8.571  12.164 0.0000000000
76005  48.491  6.605  12.129 0.0000000000
74889  48.581  5.486  12.258 0.0000000000
73830  47.019  4.744  13.117 0.0000000000
73829  47.875  4.375  12.940 0.0000000000
72724  42.342  3.091  15.574 0.0000000000
71680  43.058  2.300  15.837 0.0000000000
71681  41.645  2.428  16.081 0.0000000000
70663  41.953  1.688  16.409 0.0000000000
69673  42.025  0.801  17.398 0.0000000000
70642  40.094  1.619  17.046 0.0000000000
69674  40.921  0.937  17.544 0.0000000000
69658  41.591  0.225  18.124 0.0000000000
68708  42.267  -1.224  18.790 0.0000000000
67741  42.146  -1.770  18.903 0.0000000000
71630  36.375  2.336  20.125 0.0000000000
71641  36.313  1.725  19.424 0.0000000000
69663  37.696  -0.183  18.775 0.0000000000
68712  35.924  -0.434  19.923 0.0000000000
68710  37.327  -0.760  19.295 0.0000000000
68730  38.269  -0.790  18.755 0.0000000000
67744  39.058  -2.081  18.731 0.0000000000
52936  29.078  -15.722  30.037 0.0000000000
52952  29.604  -15.462  29.360 0.0000000000
51883  30.022  -16.492  31.352 0.0000000000
51854  30.820  -16.715  32.688 0.0000000000
74858  42.210  6.333  16.585 0.0000000000
73809  41.758  5.315  15.552 0.0000000000
49337  11.633  -17.756  40.773 0.0000000000
49318  11.424  -17.604  42.083 0.0000000000
48129  10.915  -20.172  40.486 0.0000000000
46877  10.380  -20.978  41.139 0.0000000000
45660  10.246  -21.604  41.304 0.0000000000
44472  10.161  -23.001  42.239 0.0000000000
46844  8.727  -20.787  43.182 0.0000000000
44457  9.543  -23.231  42.690 0.0000000000
44456  10.629  -23.579  42.967 0.0000000000
43252  10.517  -24.007  45.004 0.0000000000
43239  10.446  -24.119  46.062 0.0000000000
42143  7.144  -24.824  48.191 0.0000000000
43242  5.893  -23.854  45.934 0.0000000000
42181  5.787  -24.479  46.659 0.0000000000
42144  6.118  -24.652  48.497 0.0000000000
42164  4.957  -24.279  47.753 0.0000000000
43213  4.546  -24.042  48.271 0.0000000000
43231  3.551  -23.538  47.740 0.0000000000
45538  3.858  -22.094  47.742 0.0000000000
44390  3.455  -22.818  47.732 0.0000000000
44391  3.250  -23.317  47.778 0.0000000000
55092  27.901  -13.768  27.766 0.0000000000
55071  27.382  -13.506  28.260 0.0000000000
52954  27.510  -15.194  28.870 0.0000000000
52937  28.102  -15.769  29.742 0.0000000000
51885  27.855  -16.804  31.060 0.0000000000
50728  27.847  -17.270  32.179 0.0000000000
51887  26.033  -17.176  30.834 0.0000000000
50749  26.816  -17.393  31.745 0.0000000000
50711  27.675  -17.995  33.438 0.0000000000
52924  22.052  -15.506  31.524 0.0000000000
50754  22.080  -17.379  31.200 0.0000000000
49506  23.202  -19.022  31.951 0.0000000000
50690  22.283  -18.152  34.264 0.0000000000
49466  23.393  -18.950  34.375 0.0000000000
49486  24.395  -19.764  33.607 0.0000000000
70660  44.794  0.929  16.463 0.0000000000
66740  30.783  -2.156  22.956 0.0000000000
65671  32.197  -3.629  21.874 0.0000000000
64542  32.778  -4.647  22.066 0.0000000000
62271  26.919  -6.446  26.380 0.0000000000
61269  28.297  -7.206  24.452 0.0000000000
62302  29.126  -6.712  23.793 0.0000000000
60270  31.519  -9.069  24.122 0.0000000000
60296  31.330  -8.622  23.325 0.0000000000
62300  30.908  -6.695  23.082 0.0000000000
62320  32.211  -6.554  22.519 0.0000000000
62319  33.126  -6.343  22.409 0.0000000000
63439  34.378  -5.295  22.356 0.0000000000
62299  35.627  -6.224  22.878 0.0000000000
52934  31.301  -15.221  30.122 0.0000000000
52933  31.825  -14.851  30.347 0.0000000000
54004  32.938  -13.957  30.543 0.0000000000
53972  34.240  -14.231  32.500 0.0000000000
55017  33.757  -13.519  31.273 0.0000000000
78033  53.993  8.486  9.586 0.0000000000
78023  49.921  8.456  11.343 0.0000000000
77064  51.161  7.503  10.619 0.0000000000
74908  50.832  5.416  11.220 0.0000000000
74907  51.502  5.589  10.500 0.0000000000
76008  51.755  6.670  10.495 0.0000000000
76012  52.517  6.589  10.021 0.0000000000
74917  52.932  5.851  9.444 0.0000000000
71693  43.906  2.679  15.246 0.0000000000
54045  28.641  -14.682  28.027 0.0000000000
54044  29.520  -14.617  28.218 0.0000000000
72735  42.488  3.957  15.101 0.0000000000
72734  43.611  3.700  14.759 0.0000000000
43195  3.646  -23.817  49.126 0.0000000000
64560  33.771  -3.979  21.546 0.0000000000
65691  34.317  -3.669  21.160 0.0000000000
65669  34.554  -4.162  21.535 0.0000000000
64539  35.679  -4.447  21.832 0.0000000000
64540  34.727  -4.534  21.985 0.0000000000
46913  11.930  -20.471  39.051 0.0000000000
45703  12.232  -20.997  38.802 0.0000000000
46914  11.562  -20.777  39.467 0.0000000000
45691  11.458  -21.110  39.643 0.0000000000
46897  11.189  -20.565  39.968 0.0000000000
53958  23.707  -14.000  32.923 0.0000000000
52906  23.127  -14.464  32.455 0.0000000000
50631  20.614  -17.724  37.745 0.0000000000
51783  20.930  -17.261  37.489 0.0000000000
63354  27.344  -5.134  28.617 0.0000000000
50672  17.257  -17.338  35.109 0.0000000000
50696  17.114  -17.721  34.991 0.0000000000
50673  16.830  -17.572  35.321 0.0000000000
52827  17.513  -15.874  35.666 0.0000000000
52852  18.121  -15.698  35.038 0.0000000000
51823  17.767  -16.313  35.111 0.0000000000
59068  28.471  -9.692  28.717 0.0000000000
58020  28.698  -10.516  28.341 0.0000000000
55087  31.977  -12.760  27.549 0.0000000000
55052  33.104  -12.898  29.163 0.0000000000
55067  32.881  -12.641  28.558 0.0000000000
77046  46.313  7.547  14.058 0.0000000000
75988  46.607  6.910  13.447 0.0000000000
72744  47.545  2.908  13.778 0.0000000000
43210  7.043  -24.358  48.962 0.0000000000
73796  40.366  4.548  17.144 0.0000000000
72716  40.319  3.694  16.555 0.0000000000
69676  39.187  0.601  17.635 0.0000000000
68728  39.964  -0.436  18.314 0.0000000000
68729  39.041  -0.619  18.406 0.0000000000
70597  34.951  1.215  20.338 0.0000000000
66748  37.413  -3.798  20.448 0.0000000000
66747  37.908  -3.916  20.158 0.0000000000
51856  28.680  -17.381  32.545 0.0000000000
51855  29.064  -17.431  32.913 0.0000000000
73783  40.111  4.772  17.983 0.0000000000
73782  40.834  5.110  18.227 0.0000000000
48145  15.758  -19.797  38.609 0.0000000000
45615  12.244  -23.051  43.626 0.0000000000
48080  9.809  -19.000  42.547 0.0000000000
44459  7.648  -23.075  43.578 0.0000000000
43269  7.476  -23.959  44.309 0.0000000000
43268  8.075  -24.218  44.176 0.0000000000
42193  7.633  -24.647  45.143 0.0000000000
44388  4.629  -22.037  46.956 0.0000000000
55021  25.338  -13.050  30.732 0.0000000000
56023  26.079  -12.527  30.831 0.0000000000
55034  25.803  -13.131  30.253 0.0000000000
55056  26.321  -13.440  29.344 0.0000000000
54008  25.107  -14.723  29.951 0.0000000000
50732  24.744  -18.888  31.687 0.0000000000
49504  25.069  -19.267  32.548 0.0000000000
49485  25.623  -19.563  33.395 0.0000000000
51873  20.669  -15.813  33.129 0.0000000000
51872  21.313  -16.555  32.606 0.0000000000
69656  43.949  -0.239  17.766 0.0000000000
63404  29.692  -5.271  24.765 0.0000000000
64501  30.189  -4.527  24.803 0.0000000000
64500  30.644  -4.952  24.181 0.0000000000
64499  30.891  -4.808  23.868 0.0000000000
63421  30.579  -5.700  23.746 0.0000000000
60249  29.239  -9.066  25.158 0.0000000000
60248  30.232  -9.308  25.309 0.0000000000
59112  34.700  -9.414  24.719 0.0000000000
59129  34.153  -9.608  24.156 0.0000000000
59128  35.133  -9.480  23.863 0.0000000000
59147  35.007  -8.987  23.378 0.0000000000
60267  35.867  -9.060  24.273 0.0000000000
78028  52.422  8.236  10.714 0.0000000000
78996  52.820  9.009  10.842 0.0000000000
76004  49.326  6.709  11.729 0.0000000000
73848  49.693  5.205  11.929 0.0000000000
51785  17.588  -15.287  37.791 0.0000000000
51786  17.173  -15.908  37.161 0.0000000000
52805  17.762  -14.830  36.960 0.0000000000
70672  47.020  1.191  15.837 0.0000000000
71691  45.931  1.476  15.347 0.0000000000
71678  45.189  1.448  15.850 0.0000000000
54043  30.580  -14.623  28.570 0.0000000000
54042  31.561  -13.951  28.340 0.0000000000
75982  43.015  6.577  15.116 0.0000000000
75971  43.748  7.031  15.741 0.0000000000
74872  43.986  6.091  13.889 0.0000000000
74883  44.626  5.655  13.679 0.0000000000
73833  44.928  5.154  13.623 0.0000000000
73771  39.527  4.729  19.621 0.0000000000
72693  38.807  4.307  19.445 0.0000000000
71639  37.582  3.327  19.535 0.0000000000
67732  34.322  -1.189  20.654 0.0000000000
67718  34.425  -1.957  20.647 0.0000000000
65690  35.169  -3.635  20.814 0.0000000000
65689  35.956  -3.632  20.943 0.0000000000
66749  36.559  -3.398  20.502 0.0000000000
65667  36.600  -3.823  21.142 0.0000000000
64538  36.682  -4.393  21.776 0.0000000000
64514  37.080  -5.067  22.479 0.0000000000
46944  13.891  -20.371  37.978 0.0000000000
45689  12.885  -22.032  39.150 0.0000000000
45688  13.829  -21.823  39.331 0.0000000000
45675  14.281  -22.027  40.384 0.0000000000
45657  13.705  -22.447  41.273 0.0000000000
46791  7.627  -19.719  45.414 0.0000000000
45551  7.076  -20.600  44.838 0.0000000000
45533  6.909  -20.184  45.644 0.0000000000
46773  5.620  -20.366  47.309 0.0000000000
55005  24.300  -13.203  32.471 0.0000000000
55994  24.656  -12.809  31.869 0.0000000000
56008  24.715  -13.079  31.240 0.0000000000
53993  23.877  -14.265  30.924 0.0000000000
52942  23.291  -15.929  30.435 0.0000000000
63394  28.695  -5.184  25.554 0.0000000000
62277  28.183  -5.864  25.453 0.0000000000
60223  32.588  -9.015  26.387 0.0000000000
60183  34.773  -8.818  28.230 0.0000000000
60201  33.703  -8.837  27.259 0.0000000000
43197  3.282  -24.667  48.436 0.0000000000
70588  33.558  1.140  22.310 0.0000000000
69618  33.429  0.489  21.680 0.0000000000
68682  32.562  -0.845  21.756 0.0000000000
66753  32.769  -2.567  21.249 0.0000000000
66738  31.963  -2.703  21.734 0.0000000000
49445  18.956  -18.567  35.831 0.0000000000
49425  19.173  -18.917  36.541 0.0000000000
49426  18.644  -19.011  35.947 0.0000000000
49427  16.940  -18.969  36.004 0.0000000000
48209  17.351  -19.159  36.196 0.0000000000
48210  16.734  -19.113  36.488 0.0000000000
48211  16.249  -18.822  36.704 0.0000000000
50634  16.436  -16.901  36.931 0.0000000000
50656  16.371  -17.157  36.366 0.0000000000
49407  14.114  -18.897  37.230 0.0000000000
49388  13.242  -19.001  38.050 0.0000000000
49370  12.766  -18.461  38.558 0.0000000000
50595  12.323  -18.118  39.072 0.0000000000
54968  20.540  -13.656  33.777 0.0000000000
54988  21.140  -13.679  33.636 0.0000000000
53961  20.414  -14.431  33.360 0.0000000000
53962  20.070  -14.775  33.691 0.0000000000
51841  19.114  -16.468  34.776 0.0000000000
61214  27.371  -7.231  29.980 0.0000000000
61221  27.140  -7.698  29.181 0.0000000000
60168  27.635  -8.613  29.004 0.0000000000
60203  29.358  -9.514  26.800 0.0000000000
59100  29.702  -9.629  26.712 0.0000000000
56098  30.609  -12.248  26.961 0.0000000000
57085  30.170  -11.484  27.176 0.0000000000
57102  31.526  -11.276  26.799 0.0000000000
58031  32.486  -10.400  27.067 0.0000000000
57084  32.752  -11.187  27.519 0.0000000000
57060  33.709  -11.291  29.414 0.0000000000
57071  33.476  -10.980  28.757 0.0000000000
77028  45.308  7.929  15.765 0.0000000000
78978  47.983  9.590  12.777 0.0000000000
78015  47.563  8.869  12.841 0.0000000000
75996  47.767  6.839  12.465 0.0000000000
74900  48.547  5.947  12.240 0.0000000000
73831  46.255  4.859  13.381 0.0000000000
74880  46.590  5.346  13.204 0.0000000000
72766  48.643  4.290  12.740 0.0000000000
71664  41.095  2.194  16.417 0.0000000000
70640  42.357  1.351  16.864 0.0000000000
68726  42.171  -0.716  18.597 0.0000000000
68727  41.068  -0.530  18.418 0.0000000000
67756  41.529  -1.272  18.640 0.0000000000
71616  37.486  3.098  21.286 0.0000000000
70609  36.697  1.304  18.779 0.0000000000
69640  36.855  0.224  19.128 0.0000000000
67730  35.643  -1.453  20.308 0.0000000000
68692  35.986  -0.952  20.057 0.0000000000
67727  37.690  -2.502  19.329 0.0000000000
67747  36.933  -1.355  19.627 0.0000000000
67746  37.479  -1.618  19.347 0.0000000000
68709  37.822  -1.130  19.096 0.0000000000
67745  38.227  -1.747  19.000 0.0000000000
51901  29.388  -16.173  30.735 0.0000000000
50727  30.101  -17.264  32.909 0.0000000000
50726  30.365  -17.025  32.672 0.0000000000
75963  43.051  6.705  17.239 0.0000000000
72736  41.791  4.592  15.406 0.0000000000
48184  18.844  -19.545  37.848 0.0000000000
49385  19.344  -18.991  38.730 0.0000000000
48162  18.445  -19.291  38.568 0.0000000000
48094  10.767  -18.016  42.538 0.0000000000
48111  11.044  -18.608  41.523 0.0000000000
48112  10.668  -19.911  41.228 0.0000000000
46859  9.925  -20.901  41.781 0.0000000000
45639  10.198  -22.315  41.689 0.0000000000
45640  9.538  -22.394  42.222 0.0000000000
48081  8.598  -20.765  43.541 0.0000000000
44458  8.609  -23.134  43.103 0.0000000000
45616  8.841  -22.016  42.825 0.0000000000
43279  10.084  -23.841  43.137 0.0000000000
43266  10.493  -23.978  43.897 0.0000000000
43267  9.924  -24.295  44.351 0.0000000000
42191  9.238  -24.886  45.227 0.0000000000
43253  9.891  -24.431  45.240 0.0000000000
42179  7.227  -24.792  46.036 0.0000000000
44406  5.938  -21.991  45.521 0.0000000000
43255  6.206  -23.576  45.479 0.0000000000
44428  6.070  -23.167  45.701 0.0000000000
42162  6.348  -24.819  47.410 0.0000000000
42163  5.329  -24.456  47.424 0.0000000000
44389  4.235  -22.731  47.113 0.0000000000
45518  4.146  -21.492  48.282 0.0000000000
45504  3.820  -21.253  49.116 0.0000000000
45519  3.407  -21.948  48.452 0.0000000000
44371  3.081  -22.496  48.293 0.0000000000
55070  28.045  -13.119  27.933 0.0000000000
55072  26.806  -13.682  28.716 0.0000000000
54047  27.099  -14.161  28.441 0.0000000000
54027  27.208  -14.596  28.541 0.0000000000
51904  26.942  -16.016  30.443 0.0000000000
50748  27.328  -17.019  31.546 0.0000000000
50730  26.460  -18.250  32.184 0.0000000000
50729  27.374  -17.965  32.739 0.0000000000
49482  27.717  -18.066  33.928 0.0000000000
49483  27.299  -18.599  33.484 0.0000000000
52925  21.743  -15.838  31.686 0.0000000000
50734  21.992  -17.857  32.026 0.0000000000
50733  22.667  -18.605  31.673 0.0000000000
50712  22.586  -18.600  32.388 0.0000000000
50666  22.946  -18.284  35.016 0.0000000000
49487  23.147  -18.940  33.147 0.0000000000
68644  30.663  -1.304  24.100 0.0000000000
66724  30.682  -2.919  23.591 0.0000000000
65672  31.606  -3.748  22.569 0.0000000000
60206  26.820  -7.998  27.232 0.0000000000
62264  26.588  -6.480  27.434 0.0000000000
60272  28.222  -8.118  24.306 0.0000000000
60273  27.926  -7.573  24.825 0.0000000000
60299  28.604  -7.660  23.732 0.0000000000
61291  28.718  -7.093  23.819 0.0000000000
61290  29.207  -7.335  23.436 0.0000000000
60246  32.236  -8.845  25.447 0.0000000000
60269  32.155  -8.939  24.591 0.0000000000
60323  32.073  -8.441  23.065 0.0000000000
61288  30.891  -7.848  22.978 0.0000000000
61316  31.797  -7.612  22.691 0.0000000000
62321  31.597  -6.660  22.702 0.0000000000
60320  34.269  -7.480  22.737 0.0000000000
61314  33.731  -6.997  22.565 0.0000000000
61313  34.462  -6.803  22.669 0.0000000000
62318  33.998  -6.136  22.545 0.0000000000
62317  34.847  -6.072  22.535 0.0000000000
61312  35.079  -6.760  22.793 0.0000000000
52935  30.244  -15.844  30.402 0.0000000000
52951  30.529  -15.188  29.329 0.0000000000
52918  32.649  -15.003  31.520 0.0000000000
52919  31.997  -15.079  30.965 0.0000000000
54005  32.315  -14.349  30.249 0.0000000000
53991  33.268  -14.298  31.356 0.0000000000
53990  33.875  -13.784  31.766 0.0000000000
55016  34.445  -13.276  31.708 0.0000000000
78034  53.516  7.894  9.737 0.0000000000
77067  53.737  7.440  9.114 0.0000000000
78983  48.849  9.602  12.032 0.0000000000
76003  50.003  6.839  11.355 0.0000000000
77058  50.332  7.548  11.070 0.0000000000
78022  50.750  8.466  10.898 0.0000000000
73856  51.947  4.716  10.240 0.0000000000
76013  51.928  5.999  10.002 0.0000000000
76007  52.235  7.059  10.431 0.0000000000
74918  52.365  5.426  9.922 0.0000000000
71692  44.896  2.243  15.334 0.0000000000
55090  29.226  -13.386  27.533 0.0000000000
74873  43.200  6.082  14.337 0.0000000000
73821  42.870  5.384  14.454 0.0000000000
73818  45.084  4.531  13.943 0.0000000000
72747  44.455  4.084  14.344 0.0000000000
71628  37.711  3.438  20.204 0.0000000000
71629  37.289  3.075  20.429 0.0000000000
64558  35.583  -4.035  21.215 0.0000000000
63419  36.348  -5.538  22.919 0.0000000000
45702  12.674  -21.294  38.629 0.0000000000
44520  12.731  -22.281  39.557 0.0000000000
45677  11.947  -22.307  39.994 0.0000000000
46771  7.305  -19.396  46.754 0.0000000000
55023  23.705  -13.890  31.582 0.0000000000
53994  23.411  -14.427  31.505 0.0000000000
51806  20.797  -17.141  36.708 0.0000000000
51821  21.167  -17.052  36.629 0.0000000000
51805  21.091  -17.097  37.144 0.0000000000
63372  27.724  -5.020  27.481 0.0000000000
59066  33.699  -9.511  28.677 0.0000000000
59049  34.086  -9.486  29.516 0.0000000000
69612  32.895  0.522  22.557 0.0000000000
69613  32.325  0.331  23.120 0.0000000000
49468  17.774  -18.149  35.096 0.0000000000
49446  18.286  -18.581  35.506 0.0000000000
49470  16.915  -17.976  34.960 0.0000000000
49448  16.518  -18.170  35.494 0.0000000000
49387  13.754  -18.439  37.728 0.0000000000
54950  20.112  -13.565  34.536 0.0000000000
52825  18.394  -14.057  36.198 0.0000000000
60167  28.190  -8.819  29.467 0.0000000000
59085  28.593  -9.802  27.775 0.0000000000
55088  31.385  -13.108  27.277 0.0000000000
56097  31.324  -12.164  26.875 0.0000000000
56074  32.468  -12.204  27.453 0.0000000000
56073  32.908  -11.786  27.975 0.0000000000
56042  34.201  -12.057  30.510 0.0000000000
77037  45.511  7.328  15.013 0.0000000000
77036  45.835  8.023  15.038 0.0000000000
78016  47.064  8.424  13.278 0.0000000000
77045  46.822  7.558  13.368 0.0000000000
75997  47.149  6.662  12.927 0.0000000000
72745  46.429  3.267  14.021 0.0000000000
72743  48.343  2.623  13.874 0.0000000000
71716  48.967  2.627  13.650 0.0000000000
71667  38.027  1.851  17.439 0.0000000000
70643  39.078  1.366  17.290 0.0000000000
69660  39.751  0.291  17.927 0.0000000000
67743  40.030  -2.059  18.929 0.0000000000
70585  35.700  2.081  20.724 0.0000000000
66765  36.411  -2.534  20.146 0.0000000000
67729  36.358  -1.590  20.027 0.0000000000
51884  29.019  -16.705  31.277 0.0000000000
74841  41.700  5.412  18.974 0.0000000000
74852  41.641  5.662  17.972 0.0000000000
74859  41.605  5.733  16.932 0.0000000000
73803  40.864  4.652  16.681 0.0000000000
48163  17.429  -19.474  38.279 0.0000000000
48143  17.604  -19.144  39.441 0.0000000000
45592  13.568  -22.025  44.386 0.0000000000
45593  12.901  -22.388  44.505 0.0000000000
44426  11.174  -23.652  44.684 0.0000000000
45595  7.811  -21.552  43.694 0.0000000000
46845  8.390  -21.203  43.499 0.0000000000
45618  7.635  -22.170  43.514 0.0000000000
43281  8.424  -24.024  43.682 0.0000000000
42217  9.504  -24.427  44.032 0.0000000000
42204  8.630  -24.736  44.380 0.0000000000
42177  8.952  -25.053  45.859 0.0000000000
42159  8.978  -25.155  46.671 0.0000000000
42178  8.215  -25.072  45.964 0.0000000000
44407  5.749  -22.646  45.990 0.0000000000
43244  4.879  -23.476  46.829 0.0000000000
44409  4.647  -23.215  46.886 0.0000000000
52955  26.826  -15.186  29.217 0.0000000000
51905  26.037  -16.392  30.260 0.0000000000
51888  25.144  -17.511  30.801 0.0000000000
49503  25.991  -18.880  32.725 0.0000000000
49484  26.489  -19.130  33.350 0.0000000000
51892  21.566  -16.054  31.900 0.0000000000
50735  21.747  -17.535  32.817 0.0000000000
50651  23.177  -17.916  36.039 0.0000000000
49424  23.556  -18.798  36.302 0.0000000000
70639  42.972  1.380  16.853 0.0000000000
69689  43.851  0.779  16.828 0.0000000000
65642  30.856  -3.782  23.789 0.0000000000
65620  30.910  -4.393  23.867 0.0000000000
63442  31.588  -5.848  22.910 0.0000000000
60228  27.613  -8.368  25.901 0.0000000000
60271  28.797  -8.778  24.397 0.0000000000
59134  29.396  -9.167  24.172 0.0000000000
59131  32.723  -9.107  24.326 0.0000000000
59130  33.302  -9.279  24.491 0.0000000000
59149  33.462  -9.342  23.759 0.0000000000
60294  33.558  -8.759  23.156 0.0000000000
61315  32.878  -7.299  22.525 0.0000000000
60293  34.647  -8.258  23.052 0.0000000000
61286  35.571  -7.333  23.139 0.0000000000
51866  31.760  -16.211  32.430 0.0000000000
52905  31.613  -16.056  31.974 0.0000000000
52886  32.836  -15.756  32.748 0.0000000000
52885  33.528  -15.618  33.058 0.0000000000
78027  53.271  8.280  10.332 0.0000000000
73855  52.509  4.322  9.996 0.0000000000
51807  17.110  -16.238  36.258 0.0000000000
51808  16.733  -16.897  36.230 0.0000000000
50633  16.803  -16.415  37.093 0.0000000000
70671  47.984  1.384  15.663 0.0000000000
56076  29.917  -12.101  27.263 0.0000000000
55108  30.810  -12.856  26.857 0.0000000000
55069  31.651  -13.505  27.889 0.0000000000
54041  31.962  -13.719  28.542 0.0000000000
75970  44.459  7.060  15.420 0.0000000000
75980  44.623  6.573  14.651 0.0000000000
75979  45.302  6.681  14.552 0.0000000000
75990  45.579  6.323  13.912 0.0000000000
73817  45.903  4.295  13.875 0.0000000000
42128  6.082  -24.219  49.014 0.0000000000
73784  39.527  4.552  18.094 0.0000000000
72702  38.742  3.956  18.206 0.0000000000
71651  38.290  3.368  17.903 0.0000000000
72694  38.129  3.730  18.981 0.0000000000
71668  37.760  1.194  17.771 0.0000000000
70645  37.888  0.841  17.847 0.0000000000
69625  34.392  0.320  20.676 0.0000000000
69624  35.116  0.152  20.280 0.0000000000
68694  34.705  -0.545  20.522 0.0000000000
67731  34.968  -1.320  20.505 0.0000000000
66737  36.992  -3.768  20.830 0.0000000000
65688  37.621  -4.100  20.773 0.0000000000
64513  38.153  -5.240  22.717 0.0000000000
50688  28.649  -17.742  34.305 0.0000000000
50687  29.244  -17.681  34.202 0.0000000000
49460  28.922  -18.069  34.767 0.0000000000
73776  40.067  4.921  18.918 0.0000000000
46928  15.045  -20.175  38.139 0.0000000000
46912  14.767  -21.288  39.680 0.0000000000
44470  11.669  -23.216  42.850 0.0000000000
46811  8.361  -19.290  44.882 0.0000000000
45575  7.493  -21.137  44.232 0.0000000000
45534  6.423  -20.450  46.207 0.0000000000
46774  5.285  -20.540  47.752 0.0000000000
56024  24.991  -13.158  30.862 0.0000000000
55036  24.542  -14.111  30.596 0.0000000000
52941  24.291  -15.937  30.504 0.0000000000
50752  23.962  -18.803  30.655 0.0000000000
51839  20.665  -16.967  34.575 0.0000000000
50652  22.242  -17.671  36.422 0.0000000000
68724  44.775  -1.241  18.361 0.0000000000
63393  29.289  -4.934  25.165 0.0000000000
62286  29.964  -5.853  24.177 0.0000000000
60224  31.659  -9.109  26.113 0.0000000000
60222  33.468  -8.824  26.405 0.0000000000
60221  34.451  -8.802  26.433 0.0000000000
78029  51.650  8.330  10.807 0.0000000000
43215  3.373  -23.910  47.932 0.0000000000
71604  36.768  2.748  22.515 0.0000000000
71618  35.753  2.435  21.747 0.0000000000
69617  34.009  0.713  21.183 0.0000000000
69626  33.695  0.112  20.989 0.0000000000
68669  32.783  -0.127  21.905 0.0000000000
65692  33.421  -3.444  21.216 0.0000000000
48207  18.803  -19.381  37.192 0.0000000000
48228  17.863  -19.051  35.835 0.0000000000
51809  16.376  -17.294  36.113 0.0000000000
49449  16.043  -17.946  35.877 0.0000000000
49429  15.939  -18.327  36.463 0.0000000000
48188  15.530  -19.085  37.174 0.0000000000
46942  15.035  -19.782  37.489 0.0000000000
49408  13.630  -19.040  37.563 0.0000000000
48166  12.876  -19.827  38.124 0.0000000000
48167  12.198  -19.728  38.599 0.0000000000
48146  11.769  -19.515  39.336 0.0000000000
52892  22.720  -14.768  33.292 0.0000000000
53978  22.131  -14.877  33.116 0.0000000000
53979  21.562  -14.708  33.080 0.0000000000
53960  21.484  -14.180  33.565 0.0000000000
55007  21.186  -14.084  33.272 0.0000000000
53980  21.051  -14.800  32.874 0.0000000000
51858  20.562  -16.074  33.654 0.0000000000
54951  19.564  -13.559  34.521 0.0000000000
53921  19.232  -13.949  34.426 0.0000000000
53940  19.821  -14.510  33.966 0.0000000000
52894  19.918  -14.935  33.949 0.0000000000
52874  20.164  -15.686  34.128 0.0000000000
50654  20.389  -17.573  36.801 0.0000000000
63339  26.728  -5.721  28.935 0.0000000000
62244  26.705  -6.541  29.313 0.0000000000
61230  26.574  -7.491  28.041 0.0000000000
60187  26.862  -8.341  27.764 0.0000000000
60186  27.329  -8.781  28.172 0.0000000000
60205  27.458  -8.619  26.971 0.0000000000
60226  29.592  -9.387  26.270 0.0000000000
58033  29.083  -10.358  27.552 0.0000000000
58032  30.006  -10.550  27.150 0.0000000000
58046  30.544  -10.545  26.885 0.0000000000
59098  31.271  -9.807  26.513 0.0000000000
59097  32.089  -9.689  26.688 0.0000000000
58019  33.335  -10.216  28.415 0.0000000000
57083  33.134  -11.078  28.160 0.0000000000
78020  47.609  8.190  12.628 0.0000000000
77052  47.946  7.538  12.176 0.0000000000
73839  49.083  4.854  12.271 0.0000000000
74892  46.572  5.740  13.198 0.0000000000
74891  47.053  5.672  12.946 0.0000000000
73841  47.610  5.116  12.746 0.0000000000
73840  48.249  4.959  12.466 0.0000000000
70662  42.598  1.713  16.400 0.0000000000
68707  42.662  -1.245  18.872 0.0000000000
67740  43.292  -1.897  18.991 0.0000000000
70625  37.557  0.731  18.287 0.0000000000
69642  35.612  -0.039  19.981 0.0000000000
69641  36.049  0.102  19.601 0.0000000000
68711  36.497  -0.666  19.679 0.0000000000
67759  38.839  -1.336  18.703 0.0000000000
66777  39.349  -2.834  19.161 0.0000000000
66776  40.544  -2.920  19.418 0.0000000000
52953  28.614  -15.489  29.128 0.0000000000
52921  30.553  -16.101  31.193 0.0000000000
51868  30.453  -16.678  32.139 0.0000000000
51867  31.141  -16.311  32.180 0.0000000000
75972  42.902  6.876  16.129 0.0000000000
74864  42.198  6.103  15.503 0.0000000000
74865  41.666  5.762  16.099 0.0000000000
73808  42.322  5.109  14.966 0.0000000000
49386  18.677  -18.898  39.143 0.0000000000
50573  12.220  -17.509  39.725 0.0000000000
49353  11.796  -18.498  39.645 0.0000000000
48128  11.287  -19.389  40.320 0.0000000000
46876  10.768  -20.872  40.540 0.0000000000
48113  10.284  -20.421  41.550 0.0000000000
44471  11.012  -23.082  42.480 0.0000000000
44444  11.181  -23.664  43.804 0.0000000000
44405  11.142  -23.645  45.745 0.0000000000
42141  8.907  -25.280  47.624 0.0000000000
43241  6.459  -24.246  45.741 0.0000000000
42180  6.490  -24.633  46.455 0.0000000000
42145  5.161  -24.268  48.332 0.0000000000
43212  4.930  -24.005  48.556 0.0000000000
42146  4.763  -24.245  47.903 0.0000000000
43214  3.890  -23.912  48.208 0.0000000000
45517  4.895  -21.062  48.113 0.0000000000
61213  27.869  -7.833  30.388 0.0000000000
55091  28.494  -13.600  27.676 0.0000000000
54064  28.304  -14.172  27.709 0.0000000000
54046  27.708  -14.468  28.094 0.0000000000
52969  28.291  -15.130  28.421 0.0000000000
51903  27.720  -16.083  30.301 0.0000000000
51890  22.550  -15.918  30.902 0.0000000000
51891  21.966  -16.486  31.282 0.0000000000
51909  22.293  -16.910  30.728 0.0000000000
50753  22.664  -18.228  30.946 0.0000000000
49519  23.139  -18.951  31.213 0.0000000000
49467  22.823  -18.678  33.992 0.0000000000
49488  22.589  -18.533  33.639 0.0000000000
69688  44.178  0.827  16.676 0.0000000000
70638  45.135  0.560  16.998 0.0000000000
68656  31.087  -0.676  23.686 0.0000000000
67702  30.946  -1.023  23.144 0.0000000000
67711  31.130  -1.477  22.646 0.0000000000
66723  31.059  -3.236  23.114 0.0000000000
66739  31.320  -2.857  22.553 0.0000000000
65670  33.161  -3.947  21.731 0.0000000000
64541  33.787  -4.606  21.893 0.0000000000
63373  27.019  -5.754  26.963 0.0000000000
62270  27.257  -5.995  26.131 0.0000000000
61247  27.227  -7.718  25.733 0.0000000000
61256  27.466  -7.229  25.266 0.0000000000
62278  27.561  -6.252  25.572 0.0000000000
62288  28.485  -6.277  24.967 0.0000000000
62287  29.324  -6.212  24.411 0.0000000000
62301  29.918  -6.627  23.756 0.0000000000
59115  30.549  -9.291  24.531 0.0000000000
59152  30.110  -8.984  23.537 0.0000000000
59151  30.638  -8.829  23.486 0.0000000000
60297  30.374  -8.444  23.289 0.0000000000
61289  30.086  -7.598  23.285 0.0000000000
63420  31.027  -5.809  23.273 0.0000000000
63441  32.443  -5.583  22.389 0.0000000000
63440  33.433  -5.441  22.239 0.0000000000
62298  36.487  -6.537  23.260 0.0000000000
62297  37.529  -6.880  23.405 0.0000000000
52950  31.073  -15.021  29.480 0.0000000000
55031  32.839  -13.840  30.163 0.0000000000
52902  33.820  -15.048  32.563 0.0000000000
53973  33.620  -14.692  32.176 0.0000000000
55030  33.327  -13.326  30.398 0.0000000000
55029  33.986  -13.035  31.021 0.0000000000
56019  33.907  -12.606  30.595 0.0000000000
78990  50.312  9.470  11.294 0.0000000000
73847  50.383  4.930  11.706 0.0000000000
73857  51.258  4.708  11.034 0.0000000000
77063  52.005  7.518  10.701 0.0000000000
76011  53.108  6.747  9.431 0.0000000000
42192  8.442  -24.930  45.185 0.0000000000
42218  9.081  -24.542  43.899 0.0000000000
43211  6.442  -24.170  49.092 0.0000000000
44502  12.485  -22.307  39.706 0.0000000000
44503  12.231  -22.103  39.618 0.0000000000
44521  12.470  -22.121  39.448 0.0000000000
48010  5.471  -19.802  48.023 0.0000000000
48011  5.329  -20.130  47.938 0.0000000000
48064  8.496  -20.564  43.671 0.0000000000
48065  8.412  -20.764  43.795 0.0000000000
48082  8.476  -20.955  43.662 0.0000000000
48161  19.095  -19.404  38.238 0.0000000000
48227  18.262  -19.056  35.880 0.0000000000
49469  17.155  -18.129  34.985 0.0000000000
49518  23.594  -19.140  31.427 0.0000000000
50612  16.782  -16.339  37.520 0.0000000000
50689  22.843  -18.545  34.455 0.0000000000
50708  30.751  -17.170  33.384 0.0000000000
50751  24.967  -18.204  31.250 0.0000000000
50770  22.436  -17.380  30.610 0.0000000000
50771  22.144  -17.040  30.911 0.0000000000
51822  20.951  -17.050  36.358 0.0000000000
51825  16.611  -17.292  35.794 0.0000000000
51826  16.217  -17.484  36.037 0.0000000000
51843  17.514  -17.062  35.009 0.0000000000
51882  30.687  -16.275  31.649 0.0000000000
52853  17.667  -16.156  35.290 0.0000000000
52966  30.357  -14.948  28.913 0.0000000000
53920  19.654  -13.660  34.314 0.0000000000
53992  32.531  -14.655  31.056 0.0000000000
54006  31.733  -14.782  30.012 0.0000000000
54026  30.929  -14.901  29.168 0.0000000000
54060  31.372  -13.638  27.756 0.0000000000
54940  19.555  -13.517  34.826 0.0000000000
54989  20.839  -13.911  33.318 0.0000000000
55006  23.859  -13.563  32.052 0.0000000000
56007  25.198  -12.737  31.341 0.0000000000
56075  31.848  -12.475  27.168 0.0000000000
56078  28.669  -12.987  27.747 0.0000000000
58021  28.507  -10.041  28.116 0.0000000000
59083  29.916  -10.081  26.901 0.0000000000
59111  35.307  -9.317  24.528 0.0000000000
59114  31.041  -9.219  24.378 0.0000000000
59132  30.765  -9.169  23.840 0.0000000000
59133  30.048  -9.321  24.009 0.0000000000
59150  32.980  -9.275  24.042 0.0000000000
59153  29.666  -9.078  23.726 0.0000000000
60166  34.221  -9.112  28.743 0.0000000000
60244  34.172  -9.111  25.573 0.0000000000
60251  27.700  -7.973  25.138 0.0000000000
60268  32.714  -8.968  24.870 0.0000000000
61222  26.647  -7.062  28.777 0.0000000000
61239  26.705  -7.291  26.938 0.0000000000
61248  26.920  -7.281  26.137 0.0000000000
61257  27.136  -7.292  25.708 0.0000000000
61270  27.907  -7.237  24.914 0.0000000000
62236  27.431  -6.574  30.462 0.0000000000
62279  27.082  -6.886  25.751 0.0000000000
62289  27.889  -6.841  24.993 0.0000000000
62303  28.771  -6.699  24.241 0.0000000000
63385  27.159  -5.901  26.424 0.0000000000
64517  30.782  -5.228  23.841 0.0000000000
64556  37.835  -4.317  21.073 0.0000000000
66736  37.199  -3.873  20.818 0.0000000000
67703  30.681  -1.551  23.465 0.0000000000
67712  30.769  -1.718  22.961 0.0000000000
67755  42.025  -1.228  18.751 0.0000000000
68655  31.785  -0.118  23.418 0.0000000000
68657  30.740  -1.031  23.939 0.0000000000
68731  37.790  -0.703  19.002 0.0000000000
69677  38.783  0.403  17.823 0.0000000000
70624  38.033  0.646  17.961 0.0000000000
70658  46.885  1.033  16.618 0.0000000000
72684  37.801  3.459  20.526 0.0000000000
73870  52.480  4.789  9.968 0.0000000000
74906  51.919  5.272  10.128 0.0000000000
