#!ascii label  , from subject 3207 vox2ras=TkReg
1655
93841  -41.870  12.436  8.953 0.0000000000
90734  -53.272  9.367  -1.834 0.0000000000
97741  -50.037  16.422  15.435 0.0000000000
89475  -51.389  8.307  4.852 0.0000000000
89349  -48.831  8.338  14.413 0.0000000000
94938  -47.945  14.230  1.022 0.0000000000
99597  -53.393  17.552  4.465 0.0000000000
102050  -48.095  21.072  9.545 0.0000000000
88019  -40.140  7.606  18.695 0.0000000000
89435  -45.681  7.946  5.775 0.0000000000
91836  -48.506  9.982  1.078 0.0000000000
93871  -45.740  12.949  5.934 0.0000000000
97715  -53.233  17.019  16.906 0.0000000000
94830  -54.454  13.880  10.015 0.0000000000
97767  -52.504  16.693  11.717 0.0000000000
99581  -49.459  18.562  5.653 0.0000000000
102033  -52.808  20.626  12.154 0.0000000000
90758  -49.814  10.092  -3.939 0.0000000000
94771  -41.177  13.998  14.900 0.0000000000
96867  -44.865  15.550  11.749 0.0000000000
92831  -55.974  11.393  9.347 0.0000000000
88150  -50.950  7.285  10.080 0.0000000000
86972  -44.535  7.052  10.317 0.0000000000
86929  -42.532  5.958  14.653 0.0000000000
92976  -51.690  11.881  -2.205 0.0000000000
96011  -51.431  14.599  -3.473 0.0000000000
94863  -50.100  14.515  8.043 0.0000000000
96923  -52.747  15.848  3.176 0.0000000000
98749  -51.154  17.609  -2.369 0.0000000000
102183  -49.474  21.106  -1.693 0.0000000000
102134  -46.332  21.309  2.556 0.0000000000
90613  -43.647  9.560  6.479 0.0000000000
92882  -44.689  10.652  4.931 0.0000000000
93853  -44.098  12.603  7.720 0.0000000000
99509  -53.900  19.389  15.732 0.0000000000
97751  -53.524  17.089  14.455 0.0000000000
99536  -54.866  19.291  13.813 0.0000000000
99547  -52.947  19.501  12.038 0.0000000000
89587  -51.910  9.563  -3.292 0.0000000000
95733  -39.835  15.865  17.288 0.0000000000
95749  -42.530  14.860  16.791 0.0000000000
88105  -49.785  7.576  12.415 0.0000000000
88147  -47.849  6.752  9.766 0.0000000000
89375  -46.995  7.709  11.947 0.0000000000
86904  -41.836  6.593  16.764 0.0000000000
89359  -37.488  7.810  12.630 0.0000000000
92794  -37.352  11.104  12.749 0.0000000000
91699  -34.400  10.633  13.150 0.0000000000
90677  -52.932  9.490  2.389 0.0000000000
93932  -47.376  12.368  0.405 0.0000000000
91868  -49.871  11.038  -0.679 0.0000000000
93955  -49.024  12.602  -1.437 0.0000000000
93984  -51.872  13.161  -3.485 0.0000000000
95995  -49.932  14.367  -1.745 0.0000000000
97759  -47.466  16.398  13.316 0.0000000000
95867  -47.623  14.405  9.569 0.0000000000
95841  -49.773  15.337  11.597 0.0000000000
96892  -54.686  15.800  7.067 0.0000000000
95901  -54.113  14.838  6.043 0.0000000000
97844  -54.052  16.946  3.484 0.0000000000
97869  -52.422  16.764  0.586 0.0000000000
100501  -52.662  18.448  0.672 0.0000000000
101355  -50.568  19.538  -1.143 0.0000000000
100486  -51.906  19.046  1.182 0.0000000000
102089  -49.777  20.674  7.097 0.0000000000
101288  -48.296  20.200  3.722 0.0000000000
101240  -47.474  20.589  6.343 0.0000000000
101270  -44.670  20.662  4.325 0.0000000000
100385  -45.640  19.808  8.404 0.0000000000
89473  -49.100  7.894  5.131 0.0000000000
90659  -50.670  8.748  3.208 0.0000000000
90656  -47.400  8.846  3.431 0.0000000000
92896  -46.069  11.607  2.765 0.0000000000
94906  -47.135  13.478  3.692 0.0000000000
95757  -51.568  16.291  16.860 0.0000000000
95836  -52.449  14.403  12.765 0.0000000000
95829  -54.255  14.590  13.782 0.0000000000
96873  -54.593  15.271  11.596 0.0000000000
97794  -53.214  16.455  8.336 0.0000000000
98677  -51.940  17.436  4.655 0.0000000000
97791  -50.572  16.891  8.818 0.0000000000
100396  -51.937  20.147  8.608 0.0000000000
102041  -50.716  21.285  10.609 0.0000000000
91919  -48.668  10.924  -4.947 0.0000000000
94806  -41.366  13.199  12.531 0.0000000000
95863  -43.754  14.205  9.626 0.0000000000
95814  -43.150  14.333  14.333 0.0000000000
96823  -45.250  15.324  16.118 0.0000000000
97711  -46.530  16.053  17.349 0.0000000000
98554  -46.168  17.102  20.152 0.0000000000
95726  -49.234  16.349  18.634 0.0000000000
90610  -54.793  9.699  7.618 0.0000000000
90594  -53.964  9.170  9.865 0.0000000000
89437  -51.079  7.439  7.082 0.0000000000
87012  -48.095  6.803  7.628 0.0000000000
88159  -44.599  7.522  7.916 0.0000000000
89326  -48.811  8.560  16.661 0.0000000000
88001  -44.052  7.444  19.441 0.0000000000
88037  -45.029  6.733  17.488 0.0000000000
88083  -45.654  7.762  14.085 0.0000000000
86954  -43.700  6.827  12.402 0.0000000000
91732  -39.848  10.578  10.536 0.0000000000
93976  -55.015  10.815  -1.382 0.0000000000
91838  -51.478  10.332  0.910 0.0000000000
92949  -52.755  11.565  -0.371 0.0000000000
93988  -54.487  11.508  -2.883 0.0000000000
93005  -53.106  11.668  -4.411 0.0000000000
93999  -51.403  12.857  -4.890 0.0000000000
94989  -50.443  13.935  -6.125 0.0000000000
93844  -46.004  12.657  9.306 0.0000000000
94870  -47.731  13.668  6.766 0.0000000000
95942  -49.235  14.673  3.913 0.0000000000
94852  -51.736  14.394  9.081 0.0000000000
95927  -51.318  14.666  4.680 0.0000000000
95956  -50.515  15.232  2.601 0.0000000000
96965  -51.339  16.251  -0.565 0.0000000000
97892  -51.543  16.795  -2.754 0.0000000000
96995  -49.210  15.265  -4.844 0.0000000000
100471  -49.866  19.291  1.449 0.0000000000
101314  -47.698  21.155  0.531 0.0000000000
102169  -45.082  21.631  -0.813 0.0000000000
102156  -43.725  21.702  0.253 0.0000000000
102130  -42.195  22.292  2.576 0.0000000000
92852  -42.319  11.310  7.973 0.0000000000
92861  -43.323  11.046  6.895 0.0000000000
93852  -43.297  12.196  8.009 0.0000000000
99525  -54.707  19.278  14.664 0.0000000000
100370  -54.995  19.903  13.388 0.0000000000
90747  -53.096  9.670  -2.625 0.0000000000
89379  -50.091  7.832  13.119 0.0000000000
89388  -48.325  7.689  12.085 0.0000000000
89362  -47.854  8.005  13.128 0.0000000000
88090  -36.346  7.150  13.554 0.0000000000
90561  -36.160  8.997  12.668 0.0000000000
90629  -53.504  9.101  5.488 0.0000000000
89493  -52.220  8.683  3.869 0.0000000000
94937  -47.426  13.347  0.691 0.0000000000
93944  -48.372  12.597  -0.916 0.0000000000
94946  -48.214  13.682  -0.347 0.0000000000
94955  -49.412  13.568  -1.435 0.0000000000
95986  -48.798  14.638  -0.205 0.0000000000
97748  -48.935  16.438  14.473 0.0000000000
96860  -49.357  15.715  12.589 0.0000000000
96861  -50.161  15.552  12.698 0.0000000000
98645  -54.255  17.047  6.121 0.0000000000
96905  -55.112  16.230  5.887 0.0000000000
98691  -54.018  17.140  3.695 0.0000000000
98712  -53.841  17.362  2.079 0.0000000000
100463  -53.159  18.291  2.130 0.0000000000
100500  -52.386  18.877  0.856 0.0000000000
100461  -52.633  18.398  2.405 0.0000000000
102062  -49.342  20.947  8.023 0.0000000000
101241  -48.488  20.879  6.400 0.0000000000
101222  -48.114  20.511  7.349 0.0000000000
100406  -46.579  19.935  6.610 0.0000000000
101199  -47.409  20.878  9.478 0.0000000000
88219  -47.305  7.528  5.463 0.0000000000
89489  -48.303  8.462  3.990 0.0000000000
89470  -46.364  8.336  4.632 0.0000000000
92869  -44.701  11.434  4.919 0.0000000000
92883  -44.940  11.064  4.115 0.0000000000
93899  -45.238  11.779  3.723 0.0000000000
93911  -46.425  12.116  2.383 0.0000000000
94890  -46.476  13.197  4.279 0.0000000000
95739  -52.675  16.682  16.998 0.0000000000
95807  -53.148  15.528  15.092 0.0000000000
95808  -53.521  15.989  15.114 0.0000000000
97757  -53.511  16.749  13.764 0.0000000000
96862  -54.251  15.434  12.830 0.0000000000
97768  -53.209  16.049  11.470 0.0000000000
97778  -54.119  15.975  9.688 0.0000000000
97776  -52.654  16.391  10.597 0.0000000000
97793  -52.261  16.424  8.612 0.0000000000
97775  -51.709  16.884  10.824 0.0000000000
102045  -52.988  20.287  11.587 0.0000000000
100380  -52.630  19.529  10.242 0.0000000000
101204  -52.667  20.369  10.210 0.0000000000
102066  -52.059  21.401  9.624 0.0000000000
102031  -51.499  21.228  11.864 0.0000000000
91905  -49.762  10.715  -4.468 0.0000000000
94796  -41.224  13.277  13.443 0.0000000000
95823  -42.512  13.972  13.072 0.0000000000
95813  -42.400  14.059  14.805 0.0000000000
96778  -43.754  15.538  17.606 0.0000000000
95779  -44.057  14.850  16.460 0.0000000000
95752  -44.793  15.184  17.324 0.0000000000
96824  -45.798  15.781  16.576 0.0000000000
96758  -45.707  15.508  18.476 0.0000000000
99446  -46.031  17.682  19.240 0.0000000000
97672  -47.393  16.372  20.020 0.0000000000
97655  -48.774  17.064  20.249 0.0000000000
96762  -50.522  16.639  19.634 0.0000000000
99451  -50.378  18.523  19.658 0.0000000000
91754  -55.397  10.471  7.345 0.0000000000
91746  -55.281  10.458  8.530 0.0000000000
90588  -53.789  8.997  11.013 0.0000000000
89412  -52.529  7.755  9.609 0.0000000000
89423  -53.017  8.595  7.953 0.0000000000
88181  -51.420  7.303  8.711 0.0000000000
88178  -49.501  6.792  7.297 0.0000000000
88162  -50.099  6.790  8.755 0.0000000000
88129  -46.240  6.974  10.359 0.0000000000
86980  -46.324  6.678  9.253 0.0000000000
88143  -45.046  7.237  9.097 0.0000000000
88021  -42.145  7.222  18.605 0.0000000000
88055  -43.545  6.640  16.642 0.0000000000
88071  -43.838  6.732  15.796 0.0000000000
88073  -45.813  7.101  15.150 0.0000000000
86931  -44.453  6.584  14.259 0.0000000000
86944  -45.255  7.239  13.364 0.0000000000
86942  -43.624  6.465  13.435 0.0000000000
92805  -39.891  11.348  11.578 0.0000000000
91712  -38.974  10.559  12.047 0.0000000000
93947  -56.127  10.783  -0.104 0.0000000000
90674  -49.684  8.943  2.487 0.0000000000
90675  -50.811  9.197  2.367 0.0000000000
90689  -49.906  9.656  1.520 0.0000000000
91881  -51.177  11.357  -1.144 0.0000000000
91870  -51.588  11.125  -0.553 0.0000000000
92964  -53.150  12.020  -1.421 0.0000000000
92979  -54.278  12.468  -2.041 0.0000000000
93986  -54.171  12.369  -2.720 0.0000000000
93006  -53.679  11.374  -4.064 0.0000000000
92991  -52.899  12.577  -3.957 0.0000000000
94970  -52.217  13.895  -3.751 0.0000000000
93985  -52.193  13.013  -4.147 0.0000000000
94980  -52.033  13.869  -4.613 0.0000000000
94979  -51.157  13.803  -5.358 0.0000000000
96023  -51.447  14.686  -4.647 0.0000000000
96879  -44.565  15.070  10.825 0.0000000000
95865  -45.083  14.041  9.533 0.0000000000
94824  -45.736  13.283  10.224 0.0000000000
95878  -49.204  14.557  9.128 0.0000000000
94848  -47.627  13.818  8.678 0.0000000000
94871  -48.738  13.973  6.933 0.0000000000
94892  -48.220  13.926  5.078 0.0000000000
94894  -49.822  14.173  5.870 0.0000000000
94818  -53.425  13.866  11.467 0.0000000000
94827  -52.654  14.065  10.904 0.0000000000
94841  -53.153  13.742  9.570 0.0000000000
95929  -53.337  15.628  4.258 0.0000000000
95911  -52.269  14.744  5.573 0.0000000000
95928  -52.327  15.103  4.477 0.0000000000
95944  -51.422  15.043  3.633 0.0000000000
96932  -51.525  15.557  2.373 0.0000000000
96955  -50.518  15.681  0.800 0.0000000000
96944  -52.007  15.946  1.464 0.0000000000
98740  -52.163  17.594  -0.891 0.0000000000
97885  -51.589  16.761  -1.909 0.0000000000
98760  -51.476  17.162  -2.731 0.0000000000
97907  -50.524  16.114  -4.410 0.0000000000
98758  -50.366  16.737  -3.445 0.0000000000
97897  -48.943  15.804  -3.626 0.0000000000
98748  -50.439  17.572  -2.694 0.0000000000
101341  -50.005  20.399  -1.570 0.0000000000
100510  -49.282  18.942  -1.757 0.0000000000
98675  -50.162  17.555  4.424 0.0000000000
98701  -50.305  17.840  2.966 0.0000000000
98687  -49.459  18.233  3.932 0.0000000000
101287  -47.702  20.809  3.456 0.0000000000
101297  -48.217  20.532  2.773 0.0000000000
102159  -47.079  21.416  0.705 0.0000000000
102170  -46.030  21.612  -0.691 0.0000000000
102157  -45.332  22.104  -0.174 0.0000000000
102931  -44.391  21.874  -0.377 0.0000000000
102146  -45.057  21.927  0.878 0.0000000000
101257  -43.714  19.975  5.513 0.0000000000
102119  -43.333  21.335  3.173 0.0000000000
101268  -42.571  21.082  3.982 0.0000000000
102900  -41.834  22.361  2.781 0.0000000000
89433  -44.601  8.452  6.200 0.0000000000
90627  -44.899  9.260  5.353 0.0000000000
91760  -43.964  10.070  6.041 0.0000000000
93869  -44.295  11.630  6.068 0.0000000000
93862  -45.172  12.836  6.806 0.0000000000
97733  -53.331  17.542  15.774 0.0000000000
98603  -53.450  18.342  15.351 0.0000000000
98611  -53.713  18.045  14.805 0.0000000000
98610  -53.322  18.099  13.950 0.0000000000
99532  -52.578  18.365  12.598 0.0000000000
99534  -53.900  19.101  13.174 0.0000000000
101179  -53.981  20.111  12.491 0.0000000000
89586  -51.365  9.441  -3.412 0.0000000000
95775  -40.529  14.986  16.549 0.0000000000
95776  -41.458  14.632  16.216 0.0000000000
96775  -40.887  15.320  16.982 0.0000000000
88134  -50.155  7.102  10.914 0.0000000000
88149  -50.077  6.779  9.878 0.0000000000
88118  -48.332  7.388  11.385 0.0000000000
88117  -47.589  7.310  11.175 0.0000000000
88115  -45.980  7.219  11.082 0.0000000000
88033  -41.350  7.489  17.674 0.0000000000
86915  -40.353  6.646  15.922 0.0000000000
89371  -37.932  8.358  12.125 0.0000000000
91711  -38.421  10.462  12.220 0.0000000000
91721  -37.093  10.062  11.793 0.0000000000
92793  -36.315  11.180  12.793 0.0000000000
91853  -47.848  10.850  0.568 0.0000000000
90708  -49.560  10.149  0.741 0.0000000000
92931  -48.852  11.237  -0.266 0.0000000000
92946  -49.809  11.412  -1.130 0.0000000000
93957  -50.459  12.231  -2.088 0.0000000000
93970  -51.201  12.484  -2.774 0.0000000000
93969  -50.352  12.752  -2.168 0.0000000000
95996  -50.191  13.983  -2.117 0.0000000000
96004  -50.464  14.437  -2.586 0.0000000000
96857  -46.433  16.170  13.130 0.0000000000
96881  -46.575  15.178  10.993 0.0000000000
96870  -48.078  15.458  11.885 0.0000000000
95854  -49.465  15.065  10.866 0.0000000000
95869  -49.862  14.487  9.947 0.0000000000
95875  -54.622  15.000  8.279 0.0000000000
95884  -54.002  14.206  8.111 0.0000000000
95894  -54.563  15.019  6.799 0.0000000000
95914  -54.716  15.746  4.955 0.0000000000
96935  -53.270  16.390  3.146 0.0000000000
97858  -52.337  16.237  1.586 0.0000000000
97860  -53.085  16.951  1.849 0.0000000000
98732  -52.750  17.684  0.475 0.0000000000
99667  -52.028  18.143  -1.207 0.0000000000
99674  -50.555  18.038  -1.792 0.0000000000
100512  -52.201  18.763  -0.711 0.0000000000
101342  -51.134  19.883  -0.816 0.0000000000
101330  -50.631  20.525  -0.034 0.0000000000
100407  -49.734  19.502  6.203 0.0000000000
100435  -49.309  19.427  4.273 0.0000000000
101262  -48.882  20.538  5.639 0.0000000000
101261  -48.035  20.878  5.467 0.0000000000
102109  -46.894  21.429  4.154 0.0000000000
102121  -45.578  21.155  3.246 0.0000000000
100433  -46.490  20.367  5.146 0.0000000000
100421  -45.241  19.627  5.960 0.0000000000
100403  -44.027  19.696  6.708 0.0000000000
89474  -50.337  7.941  4.924 0.0000000000
89492  -51.459  8.510  3.921 0.0000000000
89490  -49.442  8.375  3.993 0.0000000000
89503  -48.711  8.642  3.388 0.0000000000
90672  -47.509  9.330  2.660 0.0000000000
90654  -45.584  9.385  4.243 0.0000000000
91802  -46.285  9.811  3.223 0.0000000000
91834  -46.937  10.519  1.859 0.0000000000
92918  -46.780  11.204  1.413 0.0000000000
93921  -46.873  12.447  1.455 0.0000000000
94927  -47.325  13.939  1.859 0.0000000000
95782  -50.633  16.203  16.398 0.0000000000
96838  -51.198  15.621  14.212 0.0000000000
95818  -52.229  15.203  14.422 0.0000000000
94800  -53.591  14.241  13.421 0.0000000000
94811  -54.220  13.931  12.038 0.0000000000
96839  -53.690  16.397  14.679 0.0000000000
95837  -54.986  14.729  12.136 0.0000000000
95844  -54.948  14.622  10.875 0.0000000000
97779  -54.305  15.715  9.192 0.0000000000
97796  -54.078  16.160  7.661 0.0000000000
98635  -53.803  17.181  6.487 0.0000000000
99596  -53.026  17.662  4.644 0.0000000000
97824  -52.603  17.093  5.997 0.0000000000
97809  -50.950  16.625  6.821 0.0000000000
98633  -49.870  17.718  7.041 0.0000000000
99544  -51.591  18.400  10.809 0.0000000000
99555  -50.815  18.298  9.023 0.0000000000
100394  -50.810  19.026  7.543 0.0000000000
102091  -51.191  20.883  7.833 0.0000000000
102064  -50.757  21.004  8.928 0.0000000000
102052  -50.018  20.881  9.771 0.0000000000
93830  -41.378  12.739  9.852 0.0000000000
94833  -42.599  13.662  9.564 0.0000000000
94815  -42.134  13.751  11.223 0.0000000000
96865  -43.188  15.065  11.521 0.0000000000
96855  -44.109  15.589  12.642 0.0000000000
95800  -42.836  14.278  15.429 0.0000000000
95815  -43.797  14.805  14.688 0.0000000000
96844  -45.200  15.922  14.046 0.0000000000
96845  -46.053  16.227  14.596 0.0000000000
97738  -47.378  16.333  15.970 0.0000000000
97713  -48.435  16.082  16.868 0.0000000000
97651  -44.757  16.489  20.305 0.0000000000
96743  -46.040  15.819  19.263 0.0000000000
96760  -47.613  16.230  18.536 0.0000000000
95755  -49.743  16.407  17.191 0.0000000000
95737  -50.047  16.381  17.945 0.0000000000
134116  -51.708  16.977  18.170 0.0000000000
98579  -52.427  17.521  17.603 0.0000000000
91761  -54.313  9.683  6.104 0.0000000000
89458  -53.368  8.798  6.198 0.0000000000
91734  -54.686  10.465  10.406 0.0000000000
91740  -54.746  10.408  9.524 0.0000000000
90602  -54.555  9.702  8.610 0.0000000000
89439  -53.176  8.724  6.894 0.0000000000
89456  -51.288  7.959  5.914 0.0000000000
89455  -50.144  7.480  5.999 0.0000000000
87040  -48.938  6.766  6.257 0.0000000000
88199  -47.449  7.118  6.377 0.0000000000
86983  -48.097  6.734  9.021 0.0000000000
87010  -46.582  6.487  7.863 0.0000000000
88197  -45.489  7.716  6.330 0.0000000000
89420  -44.113  8.287  6.920 0.0000000000
89272  -46.423  7.651  19.129 0.0000000000
88022  -43.227  6.959  18.547 0.0000000000
86884  -44.366  6.700  18.396 0.0000000000
89290  -46.804  7.651  17.803 0.0000000000
88039  -46.973  7.579  16.596 0.0000000000
88075  -47.504  8.152  15.190 0.0000000000
89336  -47.385  8.115  14.432 0.0000000000
89346  -46.411  8.058  13.307 0.0000000000
88101  -44.918  7.460  12.130 0.0000000000
86965  -44.304  7.090  10.956 0.0000000000
92838  -40.579  11.128  9.434 0.0000000000
92806  -40.572  11.940  11.355 0.0000000000
93810  -40.477  12.528  12.734 0.0000000000
94795  -40.619  13.113  13.821 0.0000000000
94769  -39.774  14.354  15.126 0.0000000000
90723  -55.465  9.560  0.061 0.0000000000
90737  -55.381  9.603  -1.299 0.0000000000
90749  -55.287  9.904  -2.125 0.0000000000
90660  -51.651  8.805  3.122 0.0000000000
90691  -52.157  9.838  1.574 0.0000000000
91856  -50.959  10.620  0.062 0.0000000000
91858  -52.714  11.076  0.393 0.0000000000
92934  -53.444  11.383  0.098 0.0000000000
92966  -54.619  11.292  -0.941 0.0000000000
93974  -54.840  11.530  -2.248 0.0000000000
91893  -54.168  10.092  -2.609 0.0000000000
90761  -53.171  9.795  -3.399 0.0000000000
91907  -52.704  10.290  -4.452 0.0000000000
90772  -51.808  10.463  -4.624 0.0000000000
93004  -52.080  11.920  -4.667 0.0000000000
91906  -50.521  10.691  -4.568 0.0000000000
92989  -49.853  11.161  -4.738 0.0000000000
93997  -49.139  12.697  -5.261 0.0000000000
94011  -48.859  13.319  -5.534 0.0000000000
94844  -43.812  13.303  8.757 0.0000000000
94858  -44.903  13.350  7.993 0.0000000000
94868  -45.755  13.289  6.835 0.0000000000
94838  -46.840  13.933  9.207 0.0000000000
94860  -47.028  13.563  7.673 0.0000000000
94877  -46.512  13.290  5.331 0.0000000000
94891  -47.300  13.554  4.727 0.0000000000
94918  -47.902  13.946  3.561 0.0000000000
95966  -48.495  14.740  1.841 0.0000000000
95843  -51.601  14.419  11.611 0.0000000000
95870  -50.905  14.485  9.903 0.0000000000
94864  -51.093  14.410  8.259 0.0000000000
95892  -53.221  14.520  7.442 0.0000000000
95899  -52.155  14.449  6.853 0.0000000000
95897  -50.536  14.382  6.592 0.0000000000
95926  -50.081  14.408  5.028 0.0000000000
95955  -49.406  14.867  2.793 0.0000000000
95967  -49.419  15.112  1.649 0.0000000000
96954  -49.948  15.512  0.514 0.0000000000
96980  -50.853  15.507  -2.758 0.0000000000
96966  -51.937  16.548  -0.280 0.0000000000
96974  -51.174  16.286  -1.822 0.0000000000
96988  -51.579  15.341  -3.494 0.0000000000
96997  -50.984  15.486  -4.693 0.0000000000
97004  -49.641  14.800  -5.482 0.0000000000
99672  -49.351  18.159  -2.338 0.0000000000
99623  -51.963  18.089  2.884 0.0000000000
100472  -50.707  18.968  1.239 0.0000000000
102161  -49.958  20.913  0.053 0.0000000000
100445  -49.150  19.577  3.310 0.0000000000
101304  -48.629  20.398  1.560 0.0000000000
101329  -48.460  20.691  -0.143 0.0000000000
102180  -46.746  21.337  -1.412 0.0000000000
101325  -45.969  20.868  -1.400 0.0000000000
99652  -44.754  19.309  -0.097 0.0000000000
102132  -44.167  21.632  2.090 0.0000000000
102144  -42.913  21.702  1.115 0.0000000000
102841  -48.618  22.435  10.946 0.0000000000
102037  -47.065  22.006  10.441 0.0000000000
101197  -45.864  21.272  9.474 0.0000000000
101208  -44.303  20.457  8.464 0.0000000000
101219  -43.431  20.391  7.789 0.0000000000
92840  -42.227  11.862  8.455 0.0000000000
92841  -42.811  11.955  8.097 0.0000000000
89365  -50.482  8.309  13.912 0.0000000000
89364  -49.482  8.173  13.743 0.0000000000
89363  -48.613  8.082  13.432 0.0000000000
88089  -35.628  7.434  14.153 0.0000000000
90628  -52.804  8.715  5.073 0.0000000000
90644  -52.881  8.877  4.454 0.0000000000
89476  -52.213  8.586  4.642 0.0000000000
94947  -48.910  14.188  -0.755 0.0000000000
95977  -48.643  14.707  0.712 0.0000000000
97740  -49.310  16.515  15.447 0.0000000000
96835  -49.224  16.174  13.713 0.0000000000
96836  -49.822  16.129  14.015 0.0000000000
99584  -53.889  17.327  5.321 0.0000000000
98663  -54.260  16.999  5.280 0.0000000000
99598  -53.735  17.346  4.296 0.0000000000
99611  -53.761  17.484  3.319 0.0000000000
100437  -53.193  18.072  3.678 0.0000000000
100462  -52.861  18.414  2.218 0.0000000000
99610  -53.061  17.908  3.961 0.0000000000
102051  -48.906  21.032  9.256 0.0000000000
101212  -48.574  20.684  8.229 0.0000000000
101200  -48.127  20.810  9.009 0.0000000000
101211  -47.683  20.397  8.440 0.0000000000
88218  -46.611  7.693  5.488 0.0000000000
89453  -46.685  7.866  5.091 0.0000000000
89452  -46.072  7.979  5.299 0.0000000000
93884  -45.034  12.072  4.378 0.0000000000
93885  -45.730  12.729  4.830 0.0000000000
93900  -45.978  12.463  3.496 0.0000000000
95741  -53.170  16.785  17.227 0.0000000000
95786  -52.934  16.419  15.767 0.0000000000
95761  -53.326  16.974  16.749 0.0000000000
97763  -52.994  16.752  12.952 0.0000000000
97764  -53.731  15.783  12.294 0.0000000000
102057  -52.716  20.202  11.081 0.0000000000
102044  -52.559  20.501  11.166 0.0000000000
102043  -52.014  21.021  10.960 0.0000000000
101185  -52.081  20.937  12.352 0.0000000000
89585  -50.324  9.242  -3.441 0.0000000000
94783  -41.295  13.539  14.262 0.0000000000
94784  -42.182  13.643  14.099 0.0000000000
94772  -41.822  13.881  14.703 0.0000000000
96756  -44.156  15.642  18.287 0.0000000000
95751  -44.284  15.164  17.135 0.0000000000
96779  -44.579  15.316  17.734 0.0000000000
96780  -45.317  15.294  17.586 0.0000000000
96757  -44.870  15.292  18.454 0.0000000000
99430  -48.854  18.056  19.945 0.0000000000
99431  -49.758  18.189  20.134 0.0000000000
92845  -56.146  11.458  8.296 0.0000000000
91747  -55.669  10.949  8.138 0.0000000000
92844  -55.648  11.114  8.761 0.0000000000
88164  -51.637  7.400  9.337 0.0000000000
88163  -50.889  7.122  9.142 0.0000000000
88128  -45.351  7.098  10.161 0.0000000000
88144  -45.875  6.830  9.439 0.0000000000
86978  -44.639  7.118  9.602 0.0000000000
88142  -44.174  7.389  8.926 0.0000000000
86977  -43.960  6.929  9.593 0.0000000000
88020  -41.180  7.486  18.623 0.0000000000
88070  -43.127  6.636  16.066 0.0000000000
86918  -43.223  6.481  15.303 0.0000000000
88072  -44.788  6.677  15.344 0.0000000000
86930  -43.480  6.301  14.405 0.0000000000
90572  -39.070  9.602  11.677 0.0000000000
90573  -39.291  10.086  11.480 0.0000000000
91873  -54.408  10.910  0.201 0.0000000000
90688  -48.725  9.461  1.627 0.0000000000
90707  -49.052  9.848  1.023 0.0000000000
92962  -50.978  11.725  -1.755 0.0000000000
92963  -52.003  11.648  -1.325 0.0000000000
92978  -53.763  12.439  -2.287 0.0000000000
92977  -52.588  12.246  -2.624 0.0000000000
92992  -53.706  12.150  -3.421 0.0000000000
96012  -52.155  14.768  -4.026 0.0000000000
95850  -45.224  14.345  10.005 0.0000000000
96880  -45.572  15.062  10.917 0.0000000000
94850  -49.432  14.510  8.475 0.0000000000
94849  -48.644  14.237  8.468 0.0000000000
94862  -49.086  14.338  7.749 0.0000000000
94880  -49.314  14.067  6.311 0.0000000000
94872  -49.641  14.275  7.094 0.0000000000
94819  -54.055  13.821  11.050 0.0000000000
94828  -53.238  13.616  10.485 0.0000000000
94829  -53.965  13.709  10.093 0.0000000000
95946  -52.965  15.770  3.589 0.0000000000
95945  -52.336  15.440  3.395 0.0000000000
95957  -51.489  15.352  2.904 0.0000000000
95958  -51.919  15.422  2.793 0.0000000000
96943  -51.444  15.755  1.588 0.0000000000
96933  -52.212  15.722  2.454 0.0000000000
98750  -51.630  17.508  -1.794 0.0000000000
98759  -51.116  17.262  -3.288 0.0000000000
101340  -49.780  20.583  -1.734 0.0000000000
101353  -49.410  20.554  -2.171 0.0000000000
102194  -49.110  21.054  -2.338 0.0000000000
102193  -48.598  21.255  -2.166 0.0000000000
98657  -49.591  17.714  5.076 0.0000000000
98674  -49.539  17.877  4.246 0.0000000000
99594  -49.430  18.570  4.542 0.0000000000
102135  -47.338  21.213  2.923 0.0000000000
102148  -47.115  21.277  1.833 0.0000000000
102158  -46.110  21.706  0.242 0.0000000000
102147  -46.164  21.536  1.398 0.0000000000
102133  -45.300  21.458  2.236 0.0000000000
101269  -43.441  20.762  4.093 0.0000000000
90626  -44.492  9.291  5.844 0.0000000000
91759  -43.441  10.280  6.609 0.0000000000
92854  -43.743  11.683  7.061 0.0000000000
92862  -43.840  11.162  6.395 0.0000000000
93861  -44.312  12.039  6.623 0.0000000000
98600  -53.261  18.335  16.056 0.0000000000
99530  -54.844  19.174  14.228 0.0000000000
99524  -54.044  18.916  14.495 0.0000000000
99529  -54.168  18.889  14.199 0.0000000000
98615  -53.538  18.093  14.648 0.0000000000
99528  -53.790  18.663  13.826 0.0000000000
99527  -53.552  18.560  13.599 0.0000000000
99535  -54.458  19.212  13.565 0.0000000000
101181  -54.793  20.597  13.390 0.0000000000
101180  -54.479  20.358  13.045 0.0000000000
102023  -53.941  21.086  12.947 0.0000000000
89573  -51.678  9.286  -2.733 0.0000000000
95746  -39.687  15.594  16.884 0.0000000000
95747  -40.306  15.523  17.157 0.0000000000
88121  -51.400  7.330  11.862 0.0000000000
88120  -50.383  7.299  11.785 0.0000000000
88119  -49.238  7.543  11.854 0.0000000000
89376  -47.721  7.807  12.403 0.0000000000
89387  -47.686  7.598  11.778 0.0000000000
89386  -47.261  7.504  11.530 0.0000000000
88116  -46.841  7.276  11.099 0.0000000000
88103  -46.449  7.471  11.623 0.0000000000
86949  -38.485  6.635  12.731 0.0000000000
88097  -37.902  7.329  12.558 0.0000000000
88098  -38.642  7.512  12.149 0.0000000000
89370  -37.362  8.851  12.173 0.0000000000
91708  -35.829  10.304  12.475 0.0000000000
92792  -35.666  10.803  12.780 0.0000000000
92919  -47.281  11.392  0.739 0.0000000000
92930  -48.007  11.517  0.130 0.0000000000
92945  -48.961  11.773  -0.989 0.0000000000
92960  -49.470  11.966  -1.531 0.0000000000
92961  -50.119  11.803  -1.711 0.0000000000
93956  -49.806  12.577  -1.802 0.0000000000
94956  -50.052  13.811  -1.831 0.0000000000
96003  -50.075  14.847  -2.029 0.0000000000
96869  -47.075  15.694  11.879 0.0000000000
96858  -47.699  15.986  12.686 0.0000000000
96871  -49.082  15.582  11.752 0.0000000000
96889  -54.379  15.557  7.855 0.0000000000
95886  -54.655  15.283  7.421 0.0000000000
95895  -54.963  15.519  6.658 0.0000000000
97835  -54.089  17.066  4.278 0.0000000000
96904  -55.071  16.071  5.326 0.0000000000
96915  -54.423  16.135  4.705 0.0000000000
97834  -54.405  15.885  3.741 0.0000000000
96925  -53.858  16.080  3.666 0.0000000000
96946  -53.147  16.732  2.617 0.0000000000
96947  -53.630  16.866  2.454 0.0000000000
99659  -53.360  18.039  1.020 0.0000000000
99645  -53.000  17.973  0.901 0.0000000000
99657  -52.713  18.101  0.171 0.0000000000
99668  -52.454  18.154  -0.540 0.0000000000
100513  -52.531  18.474  -0.096 0.0000000000
101344  -52.411  18.972  -0.019 0.0000000000
101319  -51.985  19.176  0.866 0.0000000000
101332  -52.098  19.268  0.443 0.0000000000
101318  -51.549  19.518  0.638 0.0000000000
101331  -51.231  20.157  -0.125 0.0000000000
101243  -50.059  20.339  6.712 0.0000000000
101263  -49.614  20.230  5.750 0.0000000000
101242  -49.335  20.672  6.530 0.0000000000
101273  -47.544  20.823  4.443 0.0000000000
101260  -47.212  20.845  5.320 0.0000000000
101272  -46.710  21.012  4.630 0.0000000000
100434  -46.809  20.688  5.204 0.0000000000
100393  -46.178  19.638  7.671 0.0000000000
100422  -46.108  19.750  5.660 0.0000000000
100405  -45.685  19.572  6.739 0.0000000000
100420  -44.504  19.659  6.032 0.0000000000
100392  -45.199  19.583  7.682 0.0000000000
89488  -47.338  8.421  4.113 0.0000000000
90657  -48.106  8.919  3.255 0.0000000000
90673  -48.538  9.005  2.626 0.0000000000
91772  -44.982  9.768  5.085 0.0000000000
90642  -45.349  9.207  4.876 0.0000000000
91788  -45.097  10.048  4.558 0.0000000000
92895  -45.531  11.227  3.213 0.0000000000
91818  -46.019  10.457  3.059 0.0000000000
92906  -46.062  10.922  2.670 0.0000000000
91819  -46.653  10.177  2.563 0.0000000000
92907  -46.422  11.182  2.157 0.0000000000
93912  -46.852  13.065  2.736 0.0000000000
94917  -47.528  13.899  2.897 0.0000000000
95783  -51.282  15.728  16.360 0.0000000000
95804  -51.075  15.528  15.730 0.0000000000
95805  -51.814  15.313  15.531 0.0000000000
95820  -53.802  14.888  14.356 0.0000000000
95819  -53.150  14.768  14.183 0.0000000000
94787  -54.103  14.182  13.900 0.0000000000
94801  -54.309  14.098  13.121 0.0000000000
97744  -53.418  17.356  15.075 0.0000000000
96851  -54.166  16.001  13.876 0.0000000000
96874  -54.601  15.254  10.502 0.0000000000
96884  -54.518  15.328  9.632 0.0000000000
97770  -54.367  15.605  9.978 0.0000000000
97786  -53.708  16.244  9.093 0.0000000000
97787  -54.030  16.053  8.700 0.0000000000
97795  -53.852  16.245  7.982 0.0000000000
98636  -54.081  17.008  6.591 0.0000000000
97803  -53.590  16.805  7.163 0.0000000000
98643  -53.498  17.312  6.085 0.0000000000
97802  -52.596  16.610  7.543 0.0000000000
97792  -51.314  16.569  8.770 0.0000000000
97801  -51.595  16.555  7.738 0.0000000000
97800  -50.728  16.752  7.824 0.0000000000
98641  -50.151  17.022  6.901 0.0000000000
98634  -50.270  17.456  7.861 0.0000000000
99540  -52.779  18.997  12.313 0.0000000000
98622  -51.766  17.866  11.619 0.0000000000
99545  -52.166  18.732  11.090 0.0000000000
100387  -52.222  19.473  9.086 0.0000000000
99557  -52.030  18.872  9.628 0.0000000000
100386  -51.782  19.001  8.590 0.0000000000
99560  -50.677  18.406  8.047 0.0000000000
100395  -51.413  19.515  8.021 0.0000000000
100409  -51.007  20.037  7.558 0.0000000000
101226  -51.623  20.531  8.383 0.0000000000
102054  -51.490  21.336  10.043 0.0000000000
102065  -51.492  21.121  9.226 0.0000000000
102053  -50.830  21.073  9.818 0.0000000000
101191  -50.395  21.143  10.372 0.0000000000
90770  -48.664  10.386  -4.515 0.0000000000
93001  -48.500  11.793  -4.946 0.0000000000
94814  -41.531  13.242  11.605 0.0000000000
94822  -41.700  13.363  10.646 0.0000000000
94807  -42.033  13.668  12.160 0.0000000000
95824  -42.877  14.333  13.136 0.0000000000
95832  -42.478  14.043  12.582 0.0000000000
96854  -43.329  15.089  12.432 0.0000000000
96842  -43.611  14.948  13.411 0.0000000000
95777  -42.304  14.471  16.156 0.0000000000
95778  -43.213  14.476  16.279 0.0000000000
95802  -44.574  14.934  16.084 0.0000000000
95801  -43.855  14.703  15.450 0.0000000000
96822  -44.680  15.125  15.519 0.0000000000
96832  -44.406  15.245  14.698 0.0000000000
96833  -45.260  15.591  15.138 0.0000000000
97726  -46.223  16.026  16.986 0.0000000000
97737  -46.456  16.229  16.299 0.0000000000
97727  -47.001  16.314  16.903 0.0000000000
96808  -47.493  16.152  17.110 0.0000000000
98572  -45.585  17.417  19.817 0.0000000000
97652  -45.762  16.615  20.163 0.0000000000
97670  -45.407  16.012  19.919 0.0000000000
97671  -46.388  16.236  19.919 0.0000000000
96745  -48.246  16.364  19.306 0.0000000000
95725  -48.447  16.279  18.507 0.0000000000
95754  -48.709  16.136  17.585 0.0000000000
95736  -49.086  16.108  18.032 0.0000000000
98559  -50.882  17.248  20.256 0.0000000000
134118  -50.809  16.544  19.049 0.0000000000
96737  -51.683  16.775  19.578 0.0000000000
98578  -51.900  17.181  18.510 0.0000000000
99453  -52.177  17.959  19.245 0.0000000000
92857  -55.953  10.954  6.724 0.0000000000
90616  -54.740  9.883  6.783 0.0000000000
91762  -54.916  10.268  6.258 0.0000000000
90615  -53.945  9.344  6.693 0.0000000000
91733  -54.313  9.843  10.711 0.0000000000
91739  -54.406  9.971  9.987 0.0000000000
90595  -54.350  9.676  9.358 0.0000000000
90601  -53.801  9.157  8.754 0.0000000000
89422  -52.034  7.623  8.265 0.0000000000
89438  -52.135  8.243  6.990 0.0000000000
89436  -50.466  7.386  6.644 0.0000000000
88201  -49.469  6.946  6.549 0.0000000000
87039  -48.523  6.799  6.544 0.0000000000
88176  -47.688  6.863  7.080 0.0000000000
88132  -48.173  6.983  10.539 0.0000000000
88148  -48.899  6.687  9.426 0.0000000000
87009  -45.988  6.569  8.233 0.0000000000
88174  -45.776  7.128  7.315 0.0000000000
88173  -44.861  7.734  6.764 0.0000000000
89338  -48.987  8.695  15.579 0.0000000000
89258  -44.699  7.745  19.989 0.0000000000
89259  -45.618  7.779  20.155 0.0000000000
89271  -45.272  7.547  19.575 0.0000000000
86889  -41.248  7.261  17.235 0.0000000000
88034  -42.237  6.829  17.654 0.0000000000
88036  -44.017  6.533  17.296 0.0000000000
86891  -43.706  6.475  17.851 0.0000000000
88025  -45.787  7.346  18.178 0.0000000000
88038  -46.241  7.299  17.057 0.0000000000
89307  -46.950  7.617  17.116 0.0000000000
88058  -46.581  7.168  15.950 0.0000000000
88074  -46.726  7.739  14.942 0.0000000000
88084  -46.640  8.118  14.086 0.0000000000
89347  -47.243  8.060  13.609 0.0000000000
86955  -44.469  7.161  12.543 0.0000000000
88092  -44.998  7.243  12.824 0.0000000000
88113  -44.423  7.258  11.530 0.0000000000
88100  -44.183  7.276  12.017 0.0000000000
90591  -39.956  9.631  9.985 0.0000000000
90592  -40.517  9.428  9.461 0.0000000000
91738  -40.115  10.376  9.776 0.0000000000
91743  -40.778  10.453  9.060 0.0000000000
92826  -40.309  11.236  10.128 0.0000000000
92815  -40.728  11.964  10.499 0.0000000000
92814  -40.137  11.275  10.905 0.0000000000
92797  -39.640  11.530  12.251 0.0000000000
92798  -40.334  11.971  12.003 0.0000000000
91710  -37.619  10.393  12.147 0.0000000000
92795  -38.329  11.134  12.903 0.0000000000
94780  -38.413  13.705  14.174 0.0000000000
94781  -39.472  13.791  14.537 0.0000000000
90724  -55.816  9.553  0.785 0.0000000000
91875  -55.650  9.880  0.178 0.0000000000
93961  -55.245  10.664  -0.748 0.0000000000
92953  -55.589  9.834  -0.999 0.0000000000
91896  -55.400  10.287  -1.491 0.0000000000
90750  -55.361  9.831  -1.902 0.0000000000
92981  -55.156  10.646  -1.947 0.0000000000
90690  -51.110  9.707  1.544 0.0000000000
91855  -49.770  10.646  -0.090 0.0000000000
91837  -50.450  10.221  0.812 0.0000000000
92948  -52.127  11.458  -0.557 0.0000000000
91871  -52.208  11.266  -0.163 0.0000000000
92933  -53.064  11.344  0.210 0.0000000000
92950  -53.593  11.670  -0.587 0.0000000000
92951  -54.215  11.308  -0.418 0.0000000000
93973  -54.554  12.272  -2.301 0.0000000000
92994  -54.491  11.038  -2.838 0.0000000000
91910  -54.467  10.498  -2.679 0.0000000000
90762  -53.641  9.921  -2.894 0.0000000000
91909  -53.981  10.390  -3.320 0.0000000000
91923  -53.243  10.821  -4.463 0.0000000000
90773  -52.100  10.223  -4.464 0.0000000000
91922  -52.403  10.853  -4.736 0.0000000000
93971  -52.195  12.697  -3.430 0.0000000000
91921  -51.467  10.849  -4.881 0.0000000000
93003  -50.668  11.625  -4.905 0.0000000000
93998  -50.294  12.823  -5.753 0.0000000000
94013  -49.993  13.484  -6.251 0.0000000000
94988  -49.660  14.011  -6.204 0.0000000000
95862  -42.922  14.163  9.886 0.0000000000
94834  -43.322  13.625  9.190 0.0000000000
94836  -45.298  13.573  9.356 0.0000000000
94845  -44.525  13.338  8.562 0.0000000000
94846  -45.509  13.363  8.763 0.0000000000
93854  -44.951  13.130  7.502 0.0000000000
94859  -45.731  13.460  7.585 0.0000000000
95852  -47.104  14.715  10.327 0.0000000000
95866  -46.576  14.124  9.724 0.0000000000
94861  -48.204  13.747  7.731 0.0000000000
94869  -46.457  13.414  6.532 0.0000000000
94878  -47.457  13.604  5.741 0.0000000000
95925  -48.899  14.334  4.707 0.0000000000
95924  -48.374  14.089  4.519 0.0000000000
95941  -48.446  14.238  3.996 0.0000000000
95954  -48.330  14.449  2.969 0.0000000000
95826  -51.591  15.312  13.676 0.0000000000
95834  -50.956  15.276  12.967 0.0000000000
95835  -51.775  14.522  12.652 0.0000000000
94840  -52.429  14.230  9.845 0.0000000000
95856  -51.764  14.381  10.698 0.0000000000
95871  -51.768  14.444  9.759 0.0000000000
95880  -51.124  14.440  9.146 0.0000000000
95893  -54.012  14.517  7.066 0.0000000000
95883  -53.260  14.310  8.283 0.0000000000
95910  -51.229  14.557  5.801 0.0000000000
95898  -51.076  14.445  6.660 0.0000000000
95909  -50.463  14.363  6.062 0.0000000000
95943  -50.363  14.762  3.767 0.0000000000
95978  -49.427  15.284  0.496 0.0000000000
95968  -50.155  15.298  1.375 0.0000000000
96956  -51.330  16.000  0.573 0.0000000000
96964  -50.606  15.880  -0.359 0.0000000000
96973  -50.687  15.828  -1.518 0.0000000000
96981  -51.281  16.213  -2.969 0.0000000000
96989  -51.592  15.666  -3.990 0.0000000000
96996  -50.031  15.240  -5.136 0.0000000000
97003  -49.420  14.937  -5.341 0.0000000000
96021  -49.081  14.835  -5.355 0.0000000000
96994  -48.353  15.053  -4.471 0.0000000000
100521  -50.894  18.653  -1.211 0.0000000000
99673  -49.774  18.133  -2.091 0.0000000000
100511  -49.542  18.615  -1.781 0.0000000000
99664  -48.684  18.818  -1.686 0.0000000000
98738  -48.761  17.947  -2.283 0.0000000000
99595  -52.475  17.609  4.481 0.0000000000
99608  -52.119  17.728  3.715 0.0000000000
98690  -51.428  17.525  3.985 0.0000000000
99621  -50.034  18.258  2.443 0.0000000000
99632  -50.631  18.269  1.834 0.0000000000
100458  -50.097  18.694  1.730 0.0000000000
101306  -50.197  19.605  1.045 0.0000000000
101289  -48.917  19.950  4.186 0.0000000000
100444  -48.654  20.051  3.068 0.0000000000
102160  -47.854  21.133  1.240 0.0000000000
101315  -48.262  20.770  0.590 0.0000000000
102172  -48.063  21.060  -0.770 0.0000000000
102181  -47.574  21.320  -1.430 0.0000000000
102171  -47.093  21.417  -0.441 0.0000000000
100496  -45.696  20.100  -0.625 0.0000000000
100495  -44.861  20.004  -0.351 0.0000000000
101324  -44.609  20.787  -0.809 0.0000000000
102930  -44.073  21.816  -0.181 0.0000000000
102167  -43.737  21.125  -0.269 0.0000000000
102155  -43.257  21.260  0.382 0.0000000000
101284  -45.116  21.020  3.736 0.0000000000
102120  -44.530  21.246  3.317 0.0000000000
102131  -42.843  21.915  2.087 0.0000000000
102916  -42.233  22.195  1.388 0.0000000000
102839  -47.189  22.521  10.257 0.0000000000
101188  -46.747  21.571  10.122 0.0000000000
102048  -45.983  21.848  9.835 0.0000000000
102060  -44.952  21.441  8.936 0.0000000000
101220  -43.918  20.123  8.103 0.0000000000
91753  -42.892  10.371  7.124 0.0000000000
92853  -43.062  11.513  7.531 0.0000000000
99519  -54.697  19.573  15.176 0.0000000000
100362  -55.208  19.661  14.441 0.0000000000
100366  -55.205  20.357  13.781 0.0000000000
101182  -54.937  20.792  13.607 0.0000000000
102025  -54.841  21.159  13.501 0.0000000000
90746  -52.410  9.597  -3.036 0.0000000000
97707  -39.085  16.533  17.840 0.0000000000
96752  -39.790  16.155  17.735 0.0000000000
88104  -49.357  7.660  12.343 0.0000000000
89378  -49.175  7.812  12.743 0.0000000000
89377  -48.383  7.855  12.684 0.0000000000
89361  -47.114  7.912  12.802 0.0000000000
89358  -36.926  8.320  12.844 0.0000000000
91773  -54.309  9.764  5.321 0.0000000000
90645  -53.585  9.395  4.398 0.0000000000
90661  -52.729  9.093  3.387 0.0000000000
93943  -47.840  12.508  -0.312 0.0000000000
94945  -47.434  13.041  -0.054 0.0000000000
94954  -48.629  13.160  -1.188 0.0000000000
95987  -49.407  14.767  -0.782 0.0000000000
97754  -48.156  16.430  13.716 0.0000000000
96846  -48.237  16.053  13.060 0.0000000000
96847  -48.858  16.021  13.225 0.0000000000
97813  -54.480  16.676  6.448 0.0000000000
96896  -55.109  16.025  6.430 0.0000000000
98664  -54.438  16.735  5.889 0.0000000000
98679  -54.030  17.066  4.578 0.0000000000
97851  -53.974  16.952  2.731 0.0000000000
98692  -53.824  17.313  3.112 0.0000000000
100464  -53.514  18.082  2.037 0.0000000000
100489  -53.004  18.674  1.063 0.0000000000
100488  -52.530  18.743  1.396 0.0000000000
100475  -52.537  18.897  2.065 0.0000000000
100474  -52.263  18.713  1.846 0.0000000000
102073  -49.502  20.805  7.380 0.0000000000
102088  -49.411  20.800  7.037 0.0000000000
101223  -48.979  20.926  7.245 0.0000000000
101221  -47.137  20.100  7.537 0.0000000000
101210  -46.568  20.228  8.699 0.0000000000
88238  -48.193  7.551  5.216 0.0000000000
89472  -47.972  7.954  4.621 0.0000000000
89487  -46.798  8.395  4.286 0.0000000000
90655  -46.381  8.967  3.820 0.0000000000
94905  -46.520  13.098  3.698 0.0000000000
95758  -52.277  16.350  16.658 0.0000000000
96813  -52.336  15.521  15.853 0.0000000000
95785  -52.731  16.188  15.777 0.0000000000
97769  -54.096  15.718  10.827 0.0000000000
97777  -53.520  16.124  10.209 0.0000000000
97785  -52.923  16.338  9.456 0.0000000000
97784  -51.933  16.387  9.716 0.0000000000
97783  -50.999  16.597  9.780 0.0000000000
100376  -52.831  19.669  11.327 0.0000000000
100375  -52.604  19.405  10.929 0.0000000000
100381  -52.734  19.880  10.704 0.0000000000
101215  -52.575  20.406  9.582 0.0000000000
101214  -52.264  20.654  9.124 0.0000000000
101203  -52.418  21.116  9.984 0.0000000000
102055  -52.073  21.495  10.293 0.0000000000
102042  -51.445  21.364  10.846 0.0000000000
90771  -49.206  10.333  -4.402 0.0000000000
91920  -49.253  10.782  -4.795 0.0000000000
94797  -42.136  13.674  13.138 0.0000000000
94785  -42.585  13.955  13.634 0.0000000000
96777  -42.701  15.537  17.385 0.0000000000
95750  -43.443  15.015  16.950 0.0000000000
95780  -44.840  15.133  16.806 0.0000000000
96806  -45.410  15.406  16.876 0.0000000000
96807  -45.839  15.642  17.196 0.0000000000
96781  -46.221  15.700  17.721 0.0000000000
98573  -46.547  17.561  19.882 0.0000000000
97653  -46.760  16.707  20.351 0.0000000000
98555  -47.108  17.330  20.363 0.0000000000
96734  -48.197  16.541  20.103 0.0000000000
96735  -48.774  16.652  19.805 0.0000000000
96746  -49.439  16.656  19.339 0.0000000000
97674  -49.565  17.237  19.967 0.0000000000
98558  -49.962  17.589  20.174 0.0000000000
92856  -55.756  10.957  7.120 0.0000000000
91755  -55.756  11.006  7.722 0.0000000000
89404  -53.317  8.349  10.199 0.0000000000
89413  -53.159  8.414  9.084 0.0000000000
89421  -51.410  7.371  7.802 0.0000000000
88203  -50.614  7.160  7.446 0.0000000000
88180  -51.040  7.067  8.102 0.0000000000
88179  -50.143  6.922  7.768 0.0000000000
88161  -49.333  6.664  8.198 0.0000000000
88130  -46.825  6.922  10.355 0.0000000000
88146  -47.154  6.731  9.835 0.0000000000
88145  -46.544  6.761  9.782 0.0000000000
86979  -46.084  6.723  9.233 0.0000000000
88160  -45.511  6.946  8.481 0.0000000000
88054  -42.712  6.608  16.766 0.0000000000
88056  -44.449  6.694  16.452 0.0000000000
88057  -45.567  6.721  16.234 0.0000000000
88082  -45.267  6.884  14.517 0.0000000000
86932  -45.166  6.895  13.856 0.0000000000
86943  -44.573  6.839  13.230 0.0000000000
89384  -40.017  8.438  10.819 0.0000000000
90586  -39.826  9.339  10.531 0.0000000000
91731  -39.586  9.970  10.824 0.0000000000
91724  -39.565  10.497  11.190 0.0000000000
91713  -39.315  10.654  11.680 0.0000000000
92796  -39.059  11.354  12.762 0.0000000000
92938  -56.019  9.982  0.133 0.0000000000
93946  -55.441  10.890  0.063 0.0000000000
92967  -54.884  10.817  -0.585 0.0000000000
91869  -50.546  11.062  -0.798 0.0000000000
92965  -54.175  12.093  -1.378 0.0000000000
93987  -54.399  11.934  -2.908 0.0000000000
92993  -54.121  11.332  -3.409 0.0000000000
94969  -51.212  13.637  -3.187 0.0000000000
95849  -44.184  14.657  10.108 0.0000000000
95864  -44.637  14.120  9.536 0.0000000000
93824  -46.059  12.439  10.133 0.0000000000
95877  -48.374  14.328  9.120 0.0000000000
94879  -48.444  13.866  6.049 0.0000000000
94893  -49.138  14.118  5.511 0.0000000000
94817  -52.913  14.129  11.821 0.0000000000
94816  -52.353  14.221  12.115 0.0000000000
94853  -52.517  14.245  8.917 0.0000000000
95912  -53.277  14.958  5.278 0.0000000000
95900  -53.205  14.631  6.365 0.0000000000
96931  -51.092  15.499  2.489 0.0000000000
96942  -50.854  15.600  1.906 0.0000000000
98731  -52.495  17.344  -0.070 0.0000000000
97879  -52.039  16.967  -0.757 0.0000000000
97886  -51.782  17.183  -1.533 0.0000000000
97893  -51.619  17.077  -2.319 0.0000000000
97900  -51.427  16.669  -3.424 0.0000000000
97908  -51.241  16.242  -4.238 0.0000000000
98768  -50.992  16.721  -3.959 0.0000000000
98767  -50.657  16.464  -3.975 0.0000000000
97899  -50.371  16.325  -3.939 0.0000000000
97898  -49.641  16.061  -3.850 0.0000000000
98757  -49.722  16.664  -3.307 0.0000000000
102196  -50.338  20.009  -1.405 0.0000000000
100519  -49.420  19.711  -2.005 0.0000000000
100509  -48.750  19.622  -2.063 0.0000000000
98676  -50.991  17.212  4.568 0.0000000000
99607  -51.371  17.621  3.449 0.0000000000
98700  -49.949  18.067  2.956 0.0000000000
99620  -49.587  18.829  2.926 0.0000000000
102136  -47.854  20.974  2.730 0.0000000000
102149  -47.946  21.090  2.196 0.0000000000
102924  -44.709  22.124  -0.227 0.0000000000
102917  -44.554  22.084  0.310 0.0000000000
102145  -43.918  21.796  0.928 0.0000000000
102108  -44.134  21.034  3.883 0.0000000000
102107  -43.870  21.117  3.622 0.0000000000
101283  -42.963  20.958  3.575 0.0000000000
101282  -42.741  21.309  3.491 0.0000000000
102118  -42.157  21.901  3.397 0.0000000000
102106  -41.942  21.342  4.552 0.0000000000
89434  -45.155  8.201  5.888 0.0000000000
89451  -45.396  8.560  5.394 0.0000000000
89450  -44.845  8.721  5.669 0.0000000000
91771  -44.606  10.056  5.433 0.0000000000
92868  -44.266  11.064  5.579 0.0000000000
93870  -44.851  12.145  5.632 0.0000000000
96814  -53.318  17.115  16.143 0.0000000000
98607  -53.545  18.226  15.001 0.0000000000
99518  -53.932  19.075  14.948 0.0000000000
97756  -53.258  16.972  13.590 0.0000000000
98619  -52.988  17.285  13.381 0.0000000000
97762  -52.441  17.230  12.401 0.0000000000
98618  -52.742  17.719  13.138 0.0000000000
99533  -53.188  18.665  13.009 0.0000000000
99541  -53.435  19.287  12.557 0.0000000000
100369  -54.402  19.663  13.022 0.0000000000
100368  -53.918  19.558  12.672 0.0000000000
100373  -53.435  19.702  12.179 0.0000000000
101186  -53.347  20.032  11.804 0.0000000000
102034  -53.434  20.532  12.319 0.0000000000
102022  -53.324  21.379  12.729 0.0000000000
90759  -51.220  10.079  -4.172 0.0000000000
95798  -40.937  14.452  15.651 0.0000000000
95799  -41.879  14.262  15.407 0.0000000000
96805  -41.206  15.043  16.719 0.0000000000
96776  -41.676  15.360  17.088 0.0000000000
96753  -40.743  15.750  17.661 0.0000000000
96754  -41.847  15.884  17.759 0.0000000000
88135  -51.146  7.308  11.004 0.0000000000
88133  -49.129  7.060  10.697 0.0000000000
88131  -47.385  6.977  10.500 0.0000000000
88032  -40.332  7.758  17.848 0.0000000000
88052  -40.564  7.436  17.180 0.0000000000
86903  -41.020  7.039  16.754 0.0000000000
86916  -41.322  6.458  15.934 0.0000000000
89372  -38.910  8.564  12.028 0.0000000000
90571  -38.564  9.496  11.912 0.0000000000
90579  -37.588  9.960  11.890 0.0000000000
90568  -36.078  9.645  12.189 0.0000000000
91709  -36.690  10.358  12.148 0.0000000000
91854  -48.625  10.475  0.469 0.0000000000
92932  -49.427  11.190  -0.636 0.0000000000
92944  -48.394  11.921  -0.465 0.0000000000
92947  -50.437  11.451  -1.329 0.0000000000
94962  -50.021  13.073  -1.853 0.0000000000
94963  -50.331  13.439  -2.284 0.0000000000
96868  -45.951  15.605  11.895 0.0000000000
96882  -47.587  15.175  11.102 0.0000000000
96883  -48.476  15.264  11.174 0.0000000000
95853  -48.177  14.835  10.467 0.0000000000
95868  -48.782  14.638  9.825 0.0000000000
95879  -50.184  14.503  9.039 0.0000000000
95859  -54.725  14.243  9.743 0.0000000000
95873  -54.267  13.950  9.008 0.0000000000
95874  -54.550  14.463  8.691 0.0000000000
95885  -54.490  14.699  7.737 0.0000000000
95903  -55.136  15.682  6.225 0.0000000000
95902  -54.864  15.443  5.857 0.0000000000
95913  -54.092  15.524  5.202 0.0000000000
96913  -53.966  15.818  4.066 0.0000000000
96934  -52.763  16.168  2.822 0.0000000000
97849  -52.378  16.122  2.174 0.0000000000
96945  -52.852  16.584  2.633 0.0000000000
97859  -52.755  16.714  1.882 0.0000000000
97870  -52.749  16.964  1.276 0.0000000000
97861  -53.743  16.977  2.060 0.0000000000
98722  -52.861  17.387  0.958 0.0000000000
98741  -52.560  17.783  -0.205 0.0000000000
99675  -51.332  18.024  -1.540 0.0000000000
100522  -51.649  18.575  -1.173 0.0000000000
101356  -51.442  19.173  -0.947 0.0000000000
101333  -52.403  18.862  0.458 0.0000000000
101343  -51.863  19.437  -0.393 0.0000000000
102185  -50.530  20.142  -1.183 0.0000000000
102175  -50.632  20.323  -0.787 0.0000000000
102174  -50.243  20.751  -0.590 0.0000000000
100424  -49.499  19.448  5.177 0.0000000000
101275  -49.220  20.096  4.903 0.0000000000
101274  -48.450  20.350  4.757 0.0000000000
102123  -47.240  21.323  3.843 0.0000000000
102122  -46.502  21.207  3.702 0.0000000000
101286  -46.196  20.815  4.232 0.0000000000
101271  -45.842  20.199  4.685 0.0000000000
100423  -46.774  20.381  5.715 0.0000000000
101259  -45.520  19.823  5.373 0.0000000000
101258  -44.901  19.931  5.278 0.0000000000
101239  -43.470  19.921  6.761 0.0000000000
89491  -50.537  8.337  4.004 0.0000000000
90658  -49.911  8.586  3.352 0.0000000000
89504  -49.246  8.646  3.140 0.0000000000
90687  -47.930  9.541  2.009 0.0000000000
89469  -45.784  8.577  4.931 0.0000000000
90643  -45.890  8.894  4.511 0.0000000000
91801  -45.559  10.078  3.640 0.0000000000
90671  -46.792  9.352  3.051 0.0000000000
91820  -47.337  9.958  2.066 0.0000000000
91835  -47.710  10.285  1.249 0.0000000000
94928  -47.899  14.440  1.691 0.0000000000
96825  -50.537  16.114  15.354 0.0000000000
96837  -50.645  15.906  14.533 0.0000000000
95816  -50.895  15.733  15.260 0.0000000000
95817  -51.395  15.531  14.769 0.0000000000
95827  -52.600  14.665  13.348 0.0000000000
95806  -52.531  15.322  15.193 0.0000000000
95828  -53.187  14.499  13.529 0.0000000000
94799  -53.144  14.429  13.204 0.0000000000
94810  -53.579  14.050  12.420 0.0000000000
94820  -54.598  13.989  10.562 0.0000000000
96828  -53.326  16.822  15.472 0.0000000000
95821  -54.080  15.387  14.180 0.0000000000
95830  -54.451  14.835  13.194 0.0000000000
94802  -54.797  14.212  12.464 0.0000000000
94812  -54.838  14.076  11.546 0.0000000000
95860  -54.640  14.905  9.207 0.0000000000
96886  -54.431  15.421  8.767 0.0000000000
97788  -54.174  15.821  8.269 0.0000000000
97797  -54.280  16.036  7.368 0.0000000000
98637  -54.224  16.917  6.787 0.0000000000
99571  -54.092  17.300  5.759 0.0000000000
99583  -53.641  17.454  5.284 0.0000000000
99582  -53.369  17.584  5.090 0.0000000000
98660  -52.441  17.238  5.471 0.0000000000
97823  -52.106  16.895  6.046 0.0000000000
97810  -51.897  16.657  6.797 0.0000000000
98659  -51.519  16.963  5.381 0.0000000000
98658  -50.407  16.927  5.623 0.0000000000
98640  -49.677  17.637  6.178 0.0000000000
97766  -52.139  17.334  11.752 0.0000000000
98625  -51.304  17.694  10.909 0.0000000000
97773  -50.587  17.378  10.021 0.0000000000
99552  -52.173  18.865  10.303 0.0000000000
99550  -50.879  18.334  9.811 0.0000000000
98631  -50.505  17.618  8.855 0.0000000000
99559  -50.015  18.169  7.470 0.0000000000
99568  -49.755  18.567  6.770 0.0000000000
100408  -50.508  19.569  7.164 0.0000000000
101244  -50.743  20.534  7.426 0.0000000000
102090  -50.892  20.958  7.608 0.0000000000
101213  -51.708  20.932  8.741 0.0000000000
102076  -51.269  21.016  8.472 0.0000000000
102075  -50.739  21.087  8.002 0.0000000000
102063  -49.999  20.866  8.570 0.0000000000
102039  -49.121  21.459  10.467 0.0000000000
93831  -42.240  13.160  9.240 0.0000000000
94832  -41.960  13.495  9.860 0.0000000000
94823  -42.335  13.810  10.326 0.0000000000
95847  -42.623  14.241  10.789 0.0000000000
95839  -42.475  14.158  11.704 0.0000000000
96877  -43.195  14.885  10.978 0.0000000000
96878  -43.667  15.066  10.840 0.0000000000
96866  -43.874  15.478  11.613 0.0000000000
96831  -43.843  14.968  14.181 0.0000000000
96843  -44.299  15.550  13.676 0.0000000000
96856  -45.140  15.775  12.855 0.0000000000
97753  -47.061  16.690  14.126 0.0000000000
96834  -45.852  16.024  15.725 0.0000000000
97746  -46.738  16.465  15.308 0.0000000000
97747  -47.780  16.596  14.891 0.0000000000
97739  -48.373  16.440  15.645 0.0000000000
97729  -48.902  16.389  16.347 0.0000000000
96742  -45.119  15.559  19.266 0.0000000000
96759  -46.644  15.888  18.481 0.0000000000
96744  -47.020  16.171  19.274 0.0000000000
96782  -47.342  16.198  17.646 0.0000000000
95753  -48.091  16.193  17.674 0.0000000000
96784  -48.954  16.194  17.012 0.0000000000
96810  -49.624  16.465  16.573 0.0000000000
95781  -50.122  16.494  16.594 0.0000000000
95756  -50.745  16.416  17.072 0.0000000000
95727  -50.275  16.593  18.726 0.0000000000
134113  -50.845  16.612  18.622 0.0000000000
96785  -51.912  16.656  17.225 0.0000000000
97714  -52.109  16.953  17.592 0.0000000000
97692  -52.698  16.914  17.453 0.0000000000
97693  -52.941  17.097  17.224 0.0000000000
99454  -52.444  17.958  18.127 0.0000000000
92855  -55.389  10.597  6.746 0.0000000000
89457  -52.487  8.548  5.754 0.0000000000
90609  -53.860  9.232  7.751 0.0000000000
89454  -49.548  7.507  5.592 0.0000000000
88202  -50.137  7.243  6.896 0.0000000000
88221  -49.292  7.199  5.823 0.0000000000
88239  -48.739  7.392  5.467 0.0000000000
88220  -48.309  7.052  5.910 0.0000000000
88198  -46.416  7.499  6.134 0.0000000000
86994  -48.487  6.660  8.376 0.0000000000
86982  -47.495  6.656  9.149 0.0000000000
86993  -47.806  6.672  8.411 0.0000000000
87011  -47.400  6.609  7.728 0.0000000000
88175  -46.877  6.846  7.021 0.0000000000
88196  -44.994  7.964  6.227 0.0000000000
90608  -43.668  8.952  6.688 0.0000000000
90607  -43.106  9.377  6.859 0.0000000000
91752  -42.374  10.419  7.773 0.0000000000
92851  -41.856  11.166  8.361 0.0000000000
89260  -46.735  7.839  20.275 0.0000000000
88035  -43.224  6.619  17.556 0.0000000000
86883  -43.829  6.656  18.325 0.0000000000
88023  -44.177  7.012  18.799 0.0000000000
88003  -45.448  7.331  18.985 0.0000000000
89291  -47.716  7.958  18.294 0.0000000000
89308  -47.648  8.031  16.974 0.0000000000
88059  -47.286  7.836  15.897 0.0000000000
89325  -47.984  8.493  15.866 0.0000000000
89337  -48.102  8.417  14.889 0.0000000000
89348  -48.014  8.177  13.971 0.0000000000
88093  -45.635  7.658  12.863 0.0000000000
89360  -46.419  7.802  12.463 0.0000000000
88102  -45.866  7.483  11.915 0.0000000000
88114  -45.041  7.367  11.147 0.0000000000
86941  -42.860  5.948  13.657 0.0000000000
86953  -42.601  6.226  12.591 0.0000000000
86963  -42.827  6.550  11.506 0.0000000000
86964  -43.730  6.936  11.330 0.0000000000
86971  -43.824  6.790  10.398 0.0000000000
91744  -41.533  10.445  8.554 0.0000000000
92839  -41.330  11.474  8.888 0.0000000000
92827  -40.864  11.845  9.653 0.0000000000
93822  -41.169  12.634  11.004 0.0000000000
93816  -40.983  12.533  11.921 0.0000000000
94782  -40.498  13.540  14.452 0.0000000000
94794  -39.813  12.974  13.870 0.0000000000
94770  -40.355  14.163  15.048 0.0000000000
95797  -40.039  14.627  15.684 0.0000000000
95774  -39.459  15.228  16.181 0.0000000000
96821  -38.463  15.370  15.993 0.0000000000
96803  -38.824  15.794  16.695 0.0000000000
96774  -39.154  16.217  17.278 0.0000000000
90709  -55.179  8.952  0.225 0.0000000000
91874  -55.511  9.805  -0.483 0.0000000000
90738  -55.479  9.713  -0.700 0.0000000000
90722  -55.107  9.188  -0.642 0.0000000000
89562  -54.982  9.149  -1.194 0.0000000000
90736  -54.992  9.351  -2.022 0.0000000000
90735  -54.283  9.371  -1.912 0.0000000000
90676  -51.925  9.186  2.286 0.0000000000
91859  -53.438  11.011  0.637 0.0000000000
91872  -54.117  11.167  0.104 0.0000000000
93960  -54.879  11.070  -0.996 0.0000000000
93959  -54.770  11.915  -1.636 0.0000000000
93975  -54.974  11.004  -1.622 0.0000000000
92980  -54.851  10.842  -2.315 0.0000000000
91882  -54.415  9.751  -2.307 0.0000000000
90748  -53.796  9.764  -2.311 0.0000000000
91924  -53.803  10.772  -4.023 0.0000000000
91908  -53.333  10.128  -4.126 0.0000000000
90760  -52.303  9.752  -3.904 0.0000000000
92990  -50.197  11.026  -4.693 0.0000000000
93002  -49.472  11.721  -4.921 0.0000000000
93842  -43.054  12.769  8.573 0.0000000000
93843  -43.881  13.028  8.398 0.0000000000
94835  -44.231  13.708  9.129 0.0000000000
93863  -45.755  13.191  6.502 0.0000000000
95851  -46.152  14.339  10.282 0.0000000000
94825  -46.305  13.229  10.169 0.0000000000
94837  -46.331  13.298  9.548 0.0000000000
94847  -46.362  13.482  8.798 0.0000000000
94907  -47.939  13.801  4.257 0.0000000000
95953  -47.739  14.273  2.487 0.0000000000
95965  -47.915  14.500  2.168 0.0000000000
96849  -50.471  15.706  13.536 0.0000000000
95842  -50.608  15.117  11.856 0.0000000000
95855  -50.729  14.663  10.799 0.0000000000
94855  -53.716  13.958  8.703 0.0000000000
94854  -53.197  14.026  8.883 0.0000000000
94866  -52.350  14.343  8.246 0.0000000000
95891  -52.613  14.434  7.850 0.0000000000
94865  -51.876  14.315  8.272 0.0000000000
94874  -51.482  14.372  7.488 0.0000000000
94873  -50.574  14.401  7.214 0.0000000000
94881  -50.055  14.257  6.503 0.0000000000
96963  -49.857  15.619  -0.126 0.0000000000
96957  -51.934  16.271  0.546 0.0000000000
97878  -51.613  16.602  -1.062 0.0000000000
96022  -50.663  14.613  -5.296 0.0000000000
96034  -49.939  14.561  -5.749 0.0000000000
96033  -49.244  14.495  -5.683 0.0000000000
98747  -49.451  17.378  -2.798 0.0000000000
99666  -49.385  18.490  -1.997 0.0000000000
98739  -49.128  18.042  -2.430 0.0000000000
99609  -52.910  17.864  3.782 0.0000000000
100460  -52.297  18.407  2.449 0.0000000000
100473  -51.725  18.714  1.624 0.0000000000
99622  -51.168  17.746  2.616 0.0000000000
99633  -51.245  18.323  1.800 0.0000000000
100485  -51.322  19.268  0.984 0.0000000000
101317  -50.564  20.163  0.608 0.0000000000
102162  -50.390  20.666  -0.006 0.0000000000
99605  -49.495  18.720  3.632 0.0000000000
100457  -49.554  19.165  2.276 0.0000000000
100456  -48.866  19.847  2.446 0.0000000000
100470  -49.263  19.679  1.741 0.0000000000
101316  -49.236  20.493  0.425 0.0000000000
102173  -49.135  20.837  -0.666 0.0000000000
102182  -48.465  21.246  -1.531 0.0000000000
101350  -47.515  21.256  -2.091 0.0000000000
101326  -46.655  20.587  -1.819 0.0000000000
101336  -46.412  21.127  -1.581 0.0000000000
101323  -43.969  21.032  -0.549 0.0000000000
101312  -43.820  20.671  -0.112 0.0000000000
102831  -53.210  22.549  12.842 0.0000000000
102837  -50.501  22.532  11.825 0.0000000000
102029  -50.155  21.885  11.294 0.0000000000
102842  -49.472  22.150  11.098 0.0000000000
102038  -47.975  21.554  10.266 0.0000000000
103573  -48.676  23.737  10.777 0.0000000000
101189  -47.089  21.372  10.139 0.0000000000
101198  -46.429  21.165  9.686 0.0000000000
102061  -45.525  21.484  9.374 0.0000000000
101209  -45.488  20.662  8.979 0.0000000000
100384  -44.829  19.918  8.367 0.0000000000
100391  -44.200  19.767  7.808 0.0000000000
100390  -43.743  19.891  7.288 0.0000000000
86882  -43.428  6.625  18.102 0.0000000000
86890  -41.533  7.037  17.244 0.0000000000
86892  -44.271  6.461  17.935 0.0000000000
86893  -44.657  6.663  18.116 0.0000000000
86919  -43.962  6.605  15.023 0.0000000000
86948  -37.789  6.704  13.050 0.0000000000
86981  -46.864  6.605  9.245 0.0000000000
86990  -46.026  6.679  8.919 0.0000000000
86991  -46.493  6.533  8.704 0.0000000000
86992  -47.137  6.498  8.535 0.0000000000
87013  -48.790  6.652  7.570 0.0000000000
87027  -48.388  6.767  7.070 0.0000000000
87028  -48.954  6.669  6.859 0.0000000000
88002  -44.759  7.285  19.238 0.0000000000
88024  -44.945  6.865  18.556 0.0000000000
88053  -41.028  7.368  17.216 0.0000000000
88177  -48.055  6.889  7.127 0.0000000000
88200  -48.064  6.930  6.694 0.0000000000
88222  -49.771  7.237  6.311 0.0000000000
88237  -47.660  7.741  4.980 0.0000000000
89270  -44.684  7.546  19.610 0.0000000000
89374  -46.457  7.623  11.995 0.0000000000
89389  -48.744  7.748  12.342 0.0000000000
89394  -40.109  8.856  10.391 0.0000000000
89471  -47.159  8.015  4.720 0.0000000000
89545  -54.832  8.949  -0.542 0.0000000000
90569  -36.879  9.389  12.056 0.0000000000
90570  -37.773  9.558  11.893 0.0000000000
90578  -37.329  9.789  11.832 0.0000000000
91722  -37.370  10.082  11.876 0.0000000000
91737  -39.749  9.981  10.315 0.0000000000
91787  -44.862  10.157  5.031 0.0000000000
91880  -50.779  11.370  -1.257 0.0000000000
91883  -54.733  9.576  -2.214 0.0000000000
91884  -55.517  9.975  -1.542 0.0000000000
91885  -55.498  9.868  -1.108 0.0000000000
91894  -54.953  10.091  -2.410 0.0000000000
91895  -55.232  10.237  -2.001 0.0000000000
92816  -45.992  12.146  10.133 0.0000000000
92817  -46.191  11.998  10.105 0.0000000000
92828  -45.869  11.897  9.904 0.0000000000
92829  -46.245  11.995  9.732 0.0000000000
92842  -45.968  11.994  9.491 0.0000000000
92843  -46.182  12.147  9.438 0.0000000000
92935  -53.877  11.355  -0.021 0.0000000000
92954  -55.976  10.188  -0.509 0.0000000000
92968  -55.377  10.389  -1.216 0.0000000000
92969  -55.737  10.542  -0.705 0.0000000000
92982  -55.183  10.491  -1.628 0.0000000000
93823  -45.614  12.480  10.054 0.0000000000
93832  -42.819  13.342  9.110 0.0000000000
93833  -45.735  12.564  9.530 0.0000000000
93834  -46.452  12.457  9.982 0.0000000000
93840  -41.322  12.169  9.308 0.0000000000
93845  -46.246  12.584  9.510 0.0000000000
93901  -46.618  13.049  3.395 0.0000000000
93920  -46.588  11.751  1.834 0.0000000000
93945  -55.136  10.979  0.107 0.0000000000
93958  -54.495  12.300  -1.855 0.0000000000
93962  -55.908  10.684  -0.624 0.0000000000
93972  -54.205  12.468  -2.360 0.0000000000
94012  -49.468  13.335  -5.951 0.0000000000
94786  -53.740  14.366  14.038 0.0000000000
94798  -42.538  13.945  13.303 0.0000000000
94808  -52.401  14.304  12.524 0.0000000000
94809  -52.939  14.395  12.614 0.0000000000
94826  -52.307  14.184  11.465 0.0000000000
94839  -52.004  14.413  9.555 0.0000000000
94842  -53.778  13.771  9.306 0.0000000000
94851  -51.239  14.429  8.779 0.0000000000
94875  -52.086  14.317  7.734 0.0000000000
94987  -49.061  13.867  -5.825 0.0000000000
95721  -51.604  16.577  19.680 0.0000000000
95734  -40.166  15.796  17.462 0.0000000000
95735  -48.193  16.245  18.041 0.0000000000
95738  -51.252  16.807  17.989 0.0000000000
95740  -53.022  16.689  17.050 0.0000000000
95748  -41.833  14.837  16.615 0.0000000000
95759  -52.744  16.578  16.504 0.0000000000
95760  -53.096  16.880  16.782 0.0000000000
95784  -52.062  15.572  16.254 0.0000000000
95787  -53.135  16.806  16.101 0.0000000000
95803  -50.738  15.972  15.776 0.0000000000
95825  -51.014  15.481  13.502 0.0000000000
95833  -42.786  14.605  12.124 0.0000000000
95840  -42.854  14.641  11.245 0.0000000000
95845  -54.686  14.874  10.019 0.0000000000
95848  -43.268  14.622  10.431 0.0000000000
95857  -52.192  14.339  10.270 0.0000000000
95858  -54.284  13.843  9.634 0.0000000000
95872  -52.163  14.394  9.965 0.0000000000
95881  -51.535  14.438  9.319 0.0000000000
95882  -52.773  14.308  8.458 0.0000000000
95889  -50.695  14.464  8.629 0.0000000000
95890  -51.009  14.439  8.684 0.0000000000
95930  -54.216  16.027  4.583 0.0000000000
95931  -54.452  15.929  4.570 0.0000000000
95979  -50.011  15.421  0.816 0.0000000000
96736  -51.596  16.454  19.849 0.0000000000
96761  -49.830  16.833  19.453 0.0000000000
96763  -52.780  16.720  17.414 0.0000000000
96764  -52.969  16.845  17.272 0.0000000000
96765  -53.143  16.875  17.093 0.0000000000
96783  -48.199  16.093  17.307 0.0000000000
96786  -52.384  16.715  17.179 0.0000000000
96787  -53.449  16.976  16.996 0.0000000000
96788  -53.281  17.058  16.671 0.0000000000
96804  -40.873  15.137  16.757 0.0000000000
96809  -47.800  16.082  17.149 0.0000000000
96811  -50.275  16.423  16.034 0.0000000000
96812  -52.211  15.268  15.896 0.0000000000
96826  -52.012  15.227  15.908 0.0000000000
96827  -52.175  15.263  15.676 0.0000000000
96848  -49.650  15.883  13.278 0.0000000000
96850  -51.012  15.649  13.872 0.0000000000
96859  -48.551  15.788  12.529 0.0000000000
96872  -49.824  15.500  12.070 0.0000000000
96895  -55.209  15.855  5.930 0.0000000000
96914  -54.263  15.972  4.134 0.0000000000
96924  -53.393  16.072  3.599 0.0000000000
96926  -53.821  16.297  4.128 0.0000000000
96936  -53.671  16.570  3.141 0.0000000000
97654  -47.732  16.880  20.455 0.0000000000
97656  -49.331  17.445  20.123 0.0000000000
97657  -50.720  16.817  20.152 0.0000000000
97658  -51.265  16.456  20.175 0.0000000000
97659  -51.715  16.688  19.952 0.0000000000
97673  -49.306  16.875  19.790 0.0000000000
97675  -52.470  17.043  17.499 0.0000000000
97676  -52.741  17.273  17.358 0.0000000000
97690  -49.583  16.804  19.562 0.0000000000
97691  -49.842  17.002  19.661 0.0000000000
97694  -53.045  17.418  16.888 0.0000000000
97709  -43.668  15.879  18.108 0.0000000000
97710  -46.170  15.820  17.325 0.0000000000
97712  -48.093  15.959  16.971 0.0000000000
97728  -47.933  16.075  16.615 0.0000000000
97730  -49.657  16.579  15.993 0.0000000000
97731  -52.240  14.992  16.038 0.0000000000
97732  -52.464  15.087  16.043 0.0000000000
97742  -52.078  14.903  15.926 0.0000000000
97743  -52.288  15.247  15.921 0.0000000000
97749  -49.873  16.322  14.795 0.0000000000
97750  -50.310  16.215  15.017 0.0000000000
97755  -48.811  16.272  13.759 0.0000000000
97760  -47.913  16.187  13.179 0.0000000000
97761  -52.269  17.430  12.178 0.0000000000
97774  -50.786  17.068  10.417 0.0000000000
97782  -50.540  17.135  9.636 0.0000000000
97804  -54.131  16.602  7.131 0.0000000000
97805  -54.291  16.571  6.885 0.0000000000
97806  -54.628  16.281  6.736 0.0000000000
97811  -52.871  16.983  6.534 0.0000000000
97812  -53.505  17.130  6.591 0.0000000000
97814  -54.834  16.440  6.104 0.0000000000
97822  -51.338  16.660  6.104 0.0000000000
97825  -54.387  16.599  5.070 0.0000000000
97826  -54.696  16.509  5.616 0.0000000000
97833  -53.949  16.006  3.645 0.0000000000
97842  -54.187  16.022  3.666 0.0000000000
97843  -54.493  16.020  3.700 0.0000000000
97850  -52.624  16.424  2.266 0.0000000000
97852  -53.963  17.070  2.260 0.0000000000
97862  -54.003  16.970  1.996 0.0000000000
97871  -52.895  17.124  1.182 0.0000000000
97891  -49.382  16.631  -3.259 0.0000000000
97901  -51.597  17.010  -2.910 0.0000000000
97906  -49.866  15.685  -4.618 0.0000000000
98557  -49.114  17.695  20.159 0.0000000000
98560  -51.625  17.131  20.063 0.0000000000
98561  -51.891  17.184  19.619 0.0000000000
98576  -50.308  17.088  20.021 0.0000000000
98577  -50.627  17.046  20.190 0.0000000000
98609  -53.419  18.290  13.807 0.0000000000
98613  -53.207  18.189  13.616 0.0000000000
98614  -53.288  17.592  13.845 0.0000000000
98617  -52.209  17.768  12.313 0.0000000000
98621  -51.550  18.077  11.227 0.0000000000
98624  -50.778  17.729  10.252 0.0000000000
98626  -51.713  17.429  11.293 0.0000000000
98629  -50.589  17.729  9.635 0.0000000000
98642  -52.955  17.249  5.906 0.0000000000
98644  -53.958  17.355  5.931 0.0000000000
98646  -54.388  16.705  6.157 0.0000000000
98661  -53.227  17.473  5.383 0.0000000000
98662  -53.659  17.453  5.678 0.0000000000
98678  -52.658  17.510  4.925 0.0000000000
98688  -49.815  17.918  3.529 0.0000000000
98689  -50.720  17.553  3.600 0.0000000000
98702  -53.951  17.073  3.048 0.0000000000
98703  -53.804  17.284  2.745 0.0000000000
98710  -53.365  17.369  1.499 0.0000000000
98711  -53.742  17.463  1.811 0.0000000000
98721  -52.673  17.209  0.629 0.0000000000
98723  -52.973  17.422  1.154 0.0000000000
98733  -52.876  17.710  0.979 0.0000000000
99429  -48.223  18.131  19.964 0.0000000000
99522  -53.568  18.398  13.960 0.0000000000
99523  -53.517  18.125  14.160 0.0000000000
99538  -51.827  18.320  11.363 0.0000000000
99539  -52.211  18.497  11.874 0.0000000000
99543  -51.074  18.225  10.443 0.0000000000
99546  -52.544  19.189  11.469 0.0000000000
99551  -51.466  18.664  10.060 0.0000000000
99553  -52.500  19.115  10.772 0.0000000000
99556  -51.518  18.726  9.223 0.0000000000
99561  -51.279  18.744  8.526 0.0000000000
99569  -50.326  18.743  7.374 0.0000000000
99570  -53.981  17.377  5.584 0.0000000000
99606  -49.726  18.351  3.058 0.0000000000
99612  -53.453  17.782  2.847 0.0000000000
99624  -53.603  17.843  2.338 0.0000000000
99634  -52.927  17.724  1.085 0.0000000000
99635  -53.522  17.839  1.227 0.0000000000
99636  -53.777  17.954  1.786 0.0000000000
99646  -53.662  18.113  1.080 0.0000000000
99647  -53.857  18.045  1.331 0.0000000000
99658  -52.954  18.068  0.884 0.0000000000
99665  -49.052  18.566  -2.062 0.0000000000
100359  -55.085  19.605  14.825 0.0000000000
100371  -55.034  20.482  13.555 0.0000000000
100379  -52.374  19.130  9.759 0.0000000000
100383  -44.397  19.972  8.287 0.0000000000
100388  -52.584  20.089  9.576 0.0000000000
100404  -44.792  19.604  6.829 0.0000000000
100436  -53.257  17.645  4.008 0.0000000000
100446  -52.476  18.037  3.145 0.0000000000
100447  -52.787  18.079  3.089 0.0000000000
100448  -52.981  18.042  3.155 0.0000000000
100449  -53.178  18.002  2.860 0.0000000000
100450  -53.370  18.047  2.424 0.0000000000
100459  -51.734  18.304  2.269 0.0000000000
100476  -52.740  18.703  1.683 0.0000000000
100477  -53.170  18.338  1.653 0.0000000000
100478  -53.629  18.089  1.437 0.0000000000
100487  -52.250  18.886  1.247 0.0000000000
100490  -53.461  18.168  1.240 0.0000000000
100491  -53.791  18.123  1.155 0.0000000000
100502  -53.193  18.083  0.981 0.0000000000
100503  -53.460  18.308  0.976 0.0000000000
100518  -49.079  20.179  -2.308 0.0000000000
100520  -49.865  18.884  -1.357 0.0000000000
101175  -55.098  20.816  13.779 0.0000000000
101177  -51.811  21.234  12.265 0.0000000000
101178  -52.022  21.191  12.400 0.0000000000
101184  -51.858  20.942  12.249 0.0000000000
101190  -50.185  21.039  10.236 0.0000000000
101192  -52.266  21.186  10.399 0.0000000000
101193  -52.429  20.882  10.522 0.0000000000
101194  -52.895  20.003  11.181 0.0000000000
101201  -50.430  21.009  10.078 0.0000000000
101202  -50.616  21.104  10.217 0.0000000000
101205  -52.709  20.045  10.758 0.0000000000
101224  -50.294  20.643  7.285 0.0000000000
101225  -50.619  20.829  7.577 0.0000000000
101227  -51.939  20.469  8.688 0.0000000000
101245  -51.230  20.348  7.785 0.0000000000
101285  -45.662  20.832  3.972 0.0000000000
101296  -47.809  20.919  2.990 0.0000000000
101305  -49.645  19.974  1.148 0.0000000000
101313  -44.394  20.418  -0.328 0.0000000000
101327  -47.425  21.294  0.181 0.0000000000
101328  -47.795  21.010  -0.030 0.0000000000
101337  -46.949  21.060  -2.115 0.0000000000
101352  -48.631  20.654  -2.338 0.0000000000
101354  -49.988  20.020  -1.701 0.0000000000
102030  -50.804  21.637  11.505 0.0000000000
102032  -51.991  20.495  12.030 0.0000000000
102040  -49.971  21.339  10.624 0.0000000000
102049  -46.522  21.809  10.133 0.0000000000
102056  -52.692  20.283  10.798 0.0000000000
102074  -50.078  20.798  7.658 0.0000000000
102110  -47.138  21.315  4.324 0.0000000000
102168  -44.065  21.448  -0.377 0.0000000000
102184  -50.057  20.516  -1.274 0.0000000000
102191  -47.310  21.371  -1.911 0.0000000000
102192  -47.880  21.415  -2.003 0.0000000000
102195  -50.177  20.251  -1.439 0.0000000000
102845  -46.686  22.592  9.938 0.0000000000
102846  -47.267  22.834  10.171 0.0000000000
102908  -42.475  22.200  1.620 0.0000000000
102918  -44.907  22.238  0.152 0.0000000000
102923  -44.180  22.031  0.041 0.0000000000
134111  -51.114  16.633  18.774 0.0000000000
134112  -51.293  16.087  20.069 0.0000000000
134114  -51.076  16.289  20.179 0.0000000000
134115  -51.352  16.519  19.497 0.0000000000
134117  -51.389  16.779  18.705 0.0000000000
134119  -51.368  16.270  20.087 0.0000000000
134120  -51.875  17.137  17.983 0.0000000000
134121  -52.261  16.995  17.902 0.0000000000
