#!ascii label  , from subject 3207 vox2ras=TkReg
1475
101995  -55.132  21.802  14.640 0.0000000000
117453  -50.852  42.405  6.711 0.0000000000
113470  -48.786  35.403  9.038 0.0000000000
107417  -53.562  28.010  0.880 0.0000000000
116266  -53.066  40.302  1.262 0.0000000000
111954  -52.655  35.219  3.100 0.0000000000
112003  -51.030  34.348  -1.089 0.0000000000
106667  -49.704  28.182  1.169 0.0000000000
99475  -48.201  18.345  18.907 0.0000000000
103501  -52.847  23.116  16.363 0.0000000000
119352  -43.398  45.307  3.091 0.0000000000
119988  -49.848  46.648  4.396 0.0000000000
120668  -51.516  47.390  2.155 0.0000000000
108101  -53.986  28.981  12.211 0.0000000000
114948  -48.880  38.700  6.279 0.0000000000
109672  -51.806  30.521  5.646 0.0000000000
106624  -55.329  26.230  7.729 0.0000000000
105125  -52.335  26.140  7.052 0.0000000000
104372  -46.268  24.934  7.078 0.0000000000
102024  -54.496  21.129  13.279 0.0000000000
116906  -53.315  41.201  -1.053 0.0000000000
114311  -51.961  37.957  0.353 0.0000000000
113614  -50.688  36.335  -1.682 0.0000000000
110472  -48.739  32.352  -1.921 0.0000000000
101128  -51.003  20.436  16.892 0.0000000000
103509  -50.084  23.558  15.542 0.0000000000
119976  -42.384  46.736  4.924 0.0000000000
120642  -52.393  47.403  4.090 0.0000000000
109596  -52.620  30.114  13.064 0.0000000000
111869  -52.722  33.094  10.717 0.0000000000
118654  -48.999  43.759  8.939 0.0000000000
116213  -51.597  40.737  8.611 0.0000000000
109716  -52.785  31.398  0.752 0.0000000000
110421  -50.952  32.387  2.619 0.0000000000
108201  -53.640  29.378  2.987 0.0000000000
107386  -54.318  28.596  5.751 0.0000000000
105911  -54.592  26.746  4.601 0.0000000000
103639  -53.981  25.153  6.645 0.0000000000
104400  -53.368  25.457  3.699 0.0000000000
105919  -48.547  27.508  4.041 0.0000000000
116232  -51.860  40.383  3.586 0.0000000000
116219  -53.472  39.178  5.996 0.0000000000
114283  -53.687  38.018  2.099 0.0000000000
112794  -52.300  34.737  0.448 0.0000000000
109749  -53.059  30.814  -0.847 0.0000000000
105953  -52.134  27.529  0.143 0.0000000000
108251  -50.413  29.470  -1.828 0.0000000000
108248  -47.368  29.616  -1.353 0.0000000000
99434  -52.003  17.520  19.920 0.0000000000
101113  -53.473  20.575  17.756 0.0000000000
102789  -54.402  22.660  16.313 0.0000000000
119299  -43.775  45.665  7.225 0.0000000000
119980  -45.571  44.893  6.158 0.0000000000
118104  -46.996  42.878  5.021 0.0000000000
118117  -49.317  43.194  3.507 0.0000000000
118120  -52.259  43.674  2.961 0.0000000000
118128  -53.128  43.625  2.094 0.0000000000
118761  -52.596  44.551  -0.125 0.0000000000
120031  -50.813  46.451  1.306 0.0000000000
106534  -52.064  26.346  14.206 0.0000000000
105805  -53.670  25.755  14.773 0.0000000000
105048  -54.474  24.874  14.156 0.0000000000
113510  -47.015  35.990  5.421 0.0000000000
113514  -51.890  36.878  5.723 0.0000000000
111150  -49.346  33.682  4.206 0.0000000000
110380  -50.503  32.972  7.212 0.0000000000
109652  -53.538  30.764  8.589 0.0000000000
106583  -54.670  27.118  10.168 0.0000000000
104281  -54.831  24.659  12.472 0.0000000000
104299  -54.009  24.614  11.256 0.0000000000
104297  -52.913  25.029  10.853 0.0000000000
104293  -49.547  24.599  10.558 0.0000000000
105922  -51.244  26.681  4.110 0.0000000000
105104  -48.717  25.870  7.738 0.0000000000
103582  -46.926  23.197  9.592 0.0000000000
100347  -54.709  20.540  15.336 0.0000000000
100363  -55.251  20.325  14.225 0.0000000000
102016  -55.211  21.391  13.785 0.0000000000
116312  -52.476  40.261  -2.352 0.0000000000
115050  -52.287  38.658  -2.134 0.0000000000
115048  -50.637  38.345  -2.456 0.0000000000
113613  -49.521  36.321  -2.142 0.0000000000
113460  -51.069  34.278  10.151 0.0000000000
118083  -49.741  43.097  7.649 0.0000000000
109025  -53.430  30.275  0.422 0.0000000000
109016  -53.179  30.379  1.298 0.0000000000
108213  -54.393  29.053  1.998 0.0000000000
107400  -54.215  28.214  2.914 0.0000000000
106662  -54.399  27.327  2.670 0.0000000000
104401  -54.099  25.327  3.669 0.0000000000
105937  -53.960  26.329  1.832 0.0000000000
116244  -52.191  40.370  2.780 0.0000000000
116246  -53.240  39.702  3.892 0.0000000000
115673  -53.776  39.184  2.055 0.0000000000
112806  -51.514  35.051  -0.666 0.0000000000
114293  -52.088  36.567  0.899 0.0000000000
111994  -52.104  34.367  -0.325 0.0000000000
111204  -52.869  32.875  -0.147 0.0000000000
110463  -51.982  32.331  -0.999 0.0000000000
109045  -51.189  30.226  -1.859 0.0000000000
109746  -50.478  31.746  -2.048 0.0000000000
109053  -48.128  30.560  -2.020 0.0000000000
101965  -52.370  21.240  17.044 0.0000000000
101111  -51.903  19.838  18.097 0.0000000000
101966  -53.329  21.730  17.152 0.0000000000
101954  -54.258  21.279  17.568 0.0000000000
103503  -53.698  22.898  16.626 0.0000000000
119333  -42.430  45.548  4.148 0.0000000000
119979  -45.141  45.433  5.884 0.0000000000
118717  -44.401  44.188  4.564 0.0000000000
118093  -46.505  43.599  6.184 0.0000000000
118113  -45.466  43.542  3.615 0.0000000000
120654  -48.659  47.405  3.691 0.0000000000
118733  -47.909  44.327  3.565 0.0000000000
119358  -49.448  45.184  3.887 0.0000000000
118118  -50.347  43.012  3.593 0.0000000000
119337  -50.933  45.682  4.257 0.0000000000
120656  -51.994  47.253  2.978 0.0000000000
119341  -53.400  45.401  3.700 0.0000000000
119378  -52.942  45.333  2.537 0.0000000000
118131  -53.051  44.098  0.901 0.0000000000
119390  -52.937  45.234  0.859 0.0000000000
119394  -51.697  45.196  0.642 0.0000000000
120018  -51.663  46.471  1.794 0.0000000000
108123  -49.616  29.781  11.720 0.0000000000
108095  -48.677  28.213  12.742 0.0000000000
108083  -50.313  28.261  13.330 0.0000000000
106532  -50.403  26.409  14.371 0.0000000000
108084  -51.176  28.545  13.124 0.0000000000
108880  -53.181  29.967  12.843 0.0000000000
107289  -53.130  28.210  13.905 0.0000000000
106551  -53.770  26.940  13.436 0.0000000000
105046  -54.171  25.484  14.451 0.0000000000
106563  -54.289  27.015  12.776 0.0000000000
114931  -47.020  38.975  6.750 0.0000000000
114229  -46.525  37.128  5.278 0.0000000000
114240  -48.108  36.731  4.588 0.0000000000
114243  -53.626  37.352  4.902 0.0000000000
114222  -53.477  37.751  6.059 0.0000000000
112745  -52.509  36.275  4.666 0.0000000000
109687  -51.014  30.788  3.902 0.0000000000
111159  -49.970  33.664  3.515 0.0000000000
109686  -50.171  31.305  4.313 0.0000000000
109654  -49.387  32.178  6.195 0.0000000000
109656  -50.816  31.995  6.638 0.0000000000
110383  -52.449  31.591  8.116 0.0000000000
109658  -52.652  30.605  7.006 0.0000000000
106633  -54.843  26.778  7.265 0.0000000000
106632  -54.374  27.777  7.881 0.0000000000
134222  -55.009  26.682  9.060 0.0000000000
105851  -55.431  25.869  11.374 0.0000000000
105855  -55.800  25.860  9.943 0.0000000000
103569  -55.013  24.809  11.770 0.0000000000
104336  -55.104  25.410  8.807 0.0000000000
104376  -53.135  25.554  6.855 0.0000000000
103585  -53.271  25.461  8.911 0.0000000000
104308  -52.666  25.675  9.417 0.0000000000
104295  -51.245  25.142  10.640 0.0000000000
105090  -51.332  26.144  8.859 0.0000000000
106675  -50.724  28.013  0.311 0.0000000000
105935  -51.841  26.956  1.575 0.0000000000
106660  -50.384  27.426  2.806 0.0000000000
105884  -46.898  26.434  6.282 0.0000000000
105134  -48.568  26.879  5.780 0.0000000000
104374  -47.410  25.487  7.636 0.0000000000
104329  -48.418  25.157  8.769 0.0000000000
104327  -46.363  24.122  8.541 0.0000000000
102852  -45.618  22.345  9.294 0.0000000000
98600  -53.261  18.335  16.056 0.0000000000
102023  -53.941  21.086  12.947 0.0000000000
116275  -53.418  40.376  0.450 0.0000000000
115684  -53.487  39.550  1.021 0.0000000000
115706  -53.406  39.408  -0.810 0.0000000000
113615  -51.545  37.409  -1.354 0.0000000000
112805  -51.031  35.550  -1.172 0.0000000000
111225  -50.083  33.270  -1.694 0.0000000000
112820  -49.753  35.244  -1.981 0.0000000000
99498  -49.551  18.480  17.984 0.0000000000
101127  -49.808  19.775  16.662 0.0000000000
103511  -52.017  22.982  15.689 0.0000000000
120649  -42.027  47.202  3.020 0.0000000000
120641  -51.895  47.608  4.348 0.0000000000
121999  -51.428  48.964  1.793 0.0000000000
120676  -51.228  48.526  1.121 0.0000000000
108892  -51.935  29.944  13.000 0.0000000000
110333  -53.055  31.867  12.531 0.0000000000
109616  -53.547  31.320  11.019 0.0000000000
115627  -50.760  39.811  7.478 0.0000000000
111171  -52.239  33.627  1.968 0.0000000000
111170  -51.814  33.765  2.454 0.0000000000
109714  -51.864  31.734  1.152 0.0000000000
108990  -51.904  30.636  2.367 0.0000000000
108979  -52.396  29.895  4.309 0.0000000000
108981  -53.604  29.720  5.750 0.0000000000
108192  -53.808  28.940  4.528 0.0000000000
106643  -54.489  27.649  5.369 0.0000000000
105913  -54.732  26.110  5.730 0.0000000000
104377  -55.005  25.234  6.984 0.0000000000
104394  -54.300  25.569  4.969 0.0000000000
103650  -53.731  25.397  5.479 0.0000000000
104382  -52.877  25.641  5.407 0.0000000000
106650  -48.657  27.748  3.229 0.0000000000
113493  -46.459  35.127  7.294 0.0000000000
116834  -51.011  41.561  5.131 0.0000000000
116827  -52.412  41.432  6.808 0.0000000000
116222  -53.256  40.289  5.619 0.0000000000
114973  -53.659  38.342  3.910 0.0000000000
112768  -53.087  36.335  2.813 0.0000000000
114295  -53.126  37.611  1.348 0.0000000000
113568  -52.753  36.543  1.599 0.0000000000
111978  -52.614  35.156  1.939 0.0000000000
111192  -52.785  33.084  0.492 0.0000000000
109725  -53.340  31.485  0.082 0.0000000000
108239  -53.454  29.144  -0.518 0.0000000000
107426  -53.212  27.857  -0.066 0.0000000000
108253  -52.451  28.956  -1.384 0.0000000000
107433  -51.674  28.428  -1.036 0.0000000000
107423  -49.985  28.734  -1.014 0.0000000000
109758  -49.751  31.060  -2.438 0.0000000000
108262  -49.082  29.636  -2.086 0.0000000000
99478  -50.957  18.460  18.573 0.0000000000
99480  -52.335  18.579  18.217 0.0000000000
99481  -52.695  18.517  17.508 0.0000000000
100319  -53.657  19.981  16.974 0.0000000000
101116  -54.560  21.160  16.986 0.0000000000
102791  -54.795  22.586  15.513 0.0000000000
118664  -44.302  44.242  8.134 0.0000000000
119301  -45.315  45.318  6.987 0.0000000000
118666  -46.375  44.905  8.360 0.0000000000
118684  -47.459  44.874  7.905 0.0000000000
118094  -47.272  43.137  6.559 0.0000000000
117451  -48.994  41.976  6.372 0.0000000000
119374  -45.610  45.917  2.549 0.0000000000
118732  -46.865  44.274  3.354 0.0000000000
118110  -47.725  42.995  4.034 0.0000000000
117470  -49.254  41.671  4.462 0.0000000000
116848  -50.320  40.951  3.688 0.0000000000
116853  -51.671  41.449  2.396 0.0000000000
117482  -52.358  42.260  2.003 0.0000000000
118721  -52.511  44.865  4.249 0.0000000000
118121  -52.816  43.883  2.926 0.0000000000
117483  -52.937  42.483  1.757 0.0000000000
117491  -52.955  42.382  0.477 0.0000000000
117499  -52.670  42.645  -1.147 0.0000000000
118146  -51.228  43.566  -0.485 0.0000000000
118759  -50.692  44.409  0.015 0.0000000000
120685  -51.179  48.748  0.331 0.0000000000
105008  -51.059  24.780  15.234 0.0000000000
105009  -52.006  24.755  15.193 0.0000000000
107288  -52.544  28.111  13.876 0.0000000000
105803  -52.671  25.980  14.655 0.0000000000
105011  -53.376  24.616  15.616 0.0000000000
104245  -53.960  23.630  15.899 0.0000000000
104247  -54.448  23.575  15.492 0.0000000000
103524  -54.771  23.272  14.849 0.0000000000
112722  -47.982  34.688  7.324 0.0000000000
116215  -52.939  40.240  7.714 0.0000000000
114936  -51.974  39.013  6.755 0.0000000000
114233  -50.502  37.635  5.597 0.0000000000
111952  -51.534  34.598  3.447 0.0000000000
111934  -50.336  35.044  4.225 0.0000000000
113522  -49.463  36.487  4.658 0.0000000000
111931  -47.884  34.623  4.959 0.0000000000
111130  -47.978  33.675  6.362 0.0000000000
112712  -50.122  34.437  8.261 0.0000000000
111110  -52.033  33.032  8.703 0.0000000000
111101  -53.323  32.092  9.514 0.0000000000
108127  -54.213  30.343  10.323 0.0000000000
108946  -53.509  29.729  7.786 0.0000000000
106581  -54.595  28.748  9.886 0.0000000000
106574  -54.315  28.084  10.844 0.0000000000
106576  -54.802  26.539  11.669 0.0000000000
105057  -54.702  25.074  13.173 0.0000000000
103547  -54.795  23.355  13.380 0.0000000000
103546  -54.736  23.335  13.212 0.0000000000
103555  -54.290  23.446  12.798 0.0000000000
103554  -53.749  23.609  12.572 0.0000000000
103587  -53.817  25.557  9.329 0.0000000000
104298  -53.384  24.800  10.982 0.0000000000
102830  -52.446  22.722  12.802 0.0000000000
102828  -51.027  23.097  12.194 0.0000000000
102836  -49.932  22.808  11.476 0.0000000000
105168  -52.872  26.180  1.964 0.0000000000
104398  -52.593  25.914  3.321 0.0000000000
105137  -51.559  26.389  5.837 0.0000000000
105920  -49.371  27.401  4.132 0.0000000000
105136  -50.586  26.698  5.679 0.0000000000
105106  -50.540  26.445  7.786 0.0000000000
105088  -49.513  25.818  8.691 0.0000000000
103584  -48.143  23.794  10.216 0.0000000000
101145  -54.773  21.125  15.004 0.0000000000
100360  -55.057  20.236  14.861 0.0000000000
101163  -55.001  21.010  14.429 0.0000000000
101173  -55.196  20.917  14.018 0.0000000000
102011  -55.264  21.633  14.108 0.0000000000
116311  -51.566  40.437  -2.338 0.0000000000
115715  -52.002  39.386  -2.596 0.0000000000
115714  -51.056  39.320  -2.368 0.0000000000
113459  -50.402  34.753  10.005 0.0000000000
113471  -49.789  34.918  8.982 0.0000000000
117439  -50.508  42.749  7.350 0.0000000000
118686  -51.107  43.909  8.113 0.0000000000
117441  -51.455  42.618  7.811 0.0000000000
108226  -53.927  28.862  1.011 0.0000000000
109026  -53.712  29.605  1.188 0.0000000000
107407  -54.239  28.120  1.813 0.0000000000
106670  -54.161  27.180  1.723 0.0000000000
106678  -53.530  27.088  1.253 0.0000000000
116255  -52.681  40.036  2.172 0.0000000000
115661  -53.149  39.632  2.262 0.0000000000
115672  -53.350  39.560  1.866 0.0000000000
112793  -51.770  35.376  0.057 0.0000000000
112004  -51.684  34.191  -0.754 0.0000000000
111216  -52.145  33.000  -0.907 0.0000000000
111215  -51.654  33.356  -0.981 0.0000000000
109747  -51.273  31.418  -1.727 0.0000000000
110462  -51.090  32.442  -1.479 0.0000000000
99450  -49.403  18.405  19.601 0.0000000000
102774  -52.378  22.312  16.224 0.0000000000
102775  -53.006  22.350  16.738 0.0000000000
101967  -53.808  21.871  17.081 0.0000000000
103502  -53.306  22.998  16.588 0.0000000000
119351  -42.655  45.519  3.578 0.0000000000
118715  -42.763  44.880  4.086 0.0000000000
118729  -44.034  44.317  3.643 0.0000000000
118106  -44.607  43.831  4.065 0.0000000000
119353  -44.387  45.017  2.998 0.0000000000
120639  -49.807  47.517  4.349 0.0000000000
121311  -49.009  47.913  4.197 0.0000000000
120655  -49.181  47.334  4.066 0.0000000000
120005  -49.227  46.474  3.927 0.0000000000
119336  -49.953  45.917  4.425 0.0000000000
119359  -50.192  45.099  4.168 0.0000000000
119989  -50.509  46.695  4.420 0.0000000000
120669  -52.266  46.678  2.886 0.0000000000
120021  -52.684  45.849  3.031 0.0000000000
120020  -52.407  46.129  2.377 0.0000000000
119377  -52.677  45.461  1.773 0.0000000000
119360  -52.397  46.046  1.901 0.0000000000
120033  -51.991  46.146  1.575 0.0000000000
120019  -52.118  46.342  1.921 0.0000000000
108916  -50.116  31.022  11.627 0.0000000000
108900  -50.042  29.715  12.054 0.0000000000
108889  -50.180  29.072  12.405 0.0000000000
108097  -50.528  28.775  12.803 0.0000000000
108102  -53.622  29.564  12.440 0.0000000000
107290  -53.618  28.127  13.430 0.0000000000
107291  -54.016  27.665  13.027 0.0000000000
107303  -54.207  27.711  12.564 0.0000000000
114933  -49.319  39.185  7.071 0.0000000000
114962  -47.625  37.918  5.279 0.0000000000
114963  -48.595  38.062  5.502 0.0000000000
111938  -52.807  35.834  3.408 0.0000000000
113526  -53.295  36.720  4.916 0.0000000000
111937  -52.587  35.535  3.833 0.0000000000
108962  -51.730  30.359  4.693 0.0000000000
109671  -51.148  31.151  5.266 0.0000000000
109670  -50.049  31.583  5.542 0.0000000000
109657  -51.829  31.042  6.519 0.0000000000
108944  -52.362  30.302  6.343 0.0000000000
106623  -55.112  26.472  7.685 0.0000000000
106614  -55.248  26.408  8.342 0.0000000000
106601  -55.509  26.234  9.233 0.0000000000
105868  -55.621  25.934  9.008 0.0000000000
104311  -55.012  25.610  9.786 0.0000000000
105094  -55.351  25.613  8.686 0.0000000000
104357  -52.850  25.717  7.357 0.0000000000
104331  -52.798  25.717  8.327 0.0000000000
105108  -52.272  26.140  8.066 0.0000000000
105091  -52.124  26.080  9.115 0.0000000000
105107  -51.465  26.348  7.860 0.0000000000
106674  -50.120  28.320  0.375 0.0000000000
106668  -50.488  27.676  1.583 0.0000000000
105120  -46.873  25.914  6.834 0.0000000000
105885  -47.325  26.380  6.577 0.0000000000
104373  -46.940  25.374  7.434 0.0000000000
104355  -46.956  24.964  8.149 0.0000000000
104354  -46.302  24.588  7.878 0.0000000000
104326  -45.860  24.086  8.262 0.0000000000
104353  -45.401  24.091  7.888 0.0000000000
99500  -53.327  19.204  16.423 0.0000000000
101180  -54.479  20.358  13.045 0.0000000000
116290  -53.527  40.329  -0.482 0.0000000000
114338  -51.787  38.175  -1.722 0.0000000000
113616  -51.857  38.160  -1.116 0.0000000000
113596  -51.048  36.109  -1.192 0.0000000000
112821  -50.457  34.956  -1.580 0.0000000000
112819  -48.804  35.359  -2.231 0.0000000000
101140  -49.096  20.091  16.019 0.0000000000
102787  -51.204  22.321  15.757 0.0000000000
103510  -50.882  23.312  15.653 0.0000000000
120648  -41.206  47.445  3.749 0.0000000000
121992  -51.473  48.807  2.582 0.0000000000
122002  -51.493  49.213  0.879 0.0000000000
123372  -51.672  50.083  0.920 0.0000000000
112658  -52.006  33.792  11.135 0.0000000000
111083  -52.658  33.278  12.120 0.0000000000
111084  -53.213  33.006  11.611 0.0000000000
110334  -53.319  31.779  12.062 0.0000000000
111085  -53.357  32.552  11.120 0.0000000000
118064  -47.602  43.962  8.434 0.0000000000
116212  -51.028  40.777  8.628 0.0000000000
110433  -52.265  32.472  1.115 0.0000000000
110423  -52.214  32.892  1.612 0.0000000000
109715  -52.263  31.684  0.840 0.0000000000
109004  -53.314  29.763  2.692 0.0000000000
109003  -52.578  30.430  1.963 0.0000000000
108991  -52.540  30.079  3.108 0.0000000000
108992  -53.025  29.577  3.929 0.0000000000
108182  -53.487  29.361  4.784 0.0000000000
108191  -53.474  29.250  3.641 0.0000000000
106653  -54.383  27.460  3.852 0.0000000000
107393  -54.105  28.292  4.239 0.0000000000
106644  -54.793  26.945  6.015 0.0000000000
105912  -54.662  26.184  5.009 0.0000000000
105150  -54.550  25.953  5.042 0.0000000000
105164  -54.892  25.577  3.940 0.0000000000
104392  -53.958  25.336  4.587 0.0000000000
104391  -53.497  25.378  4.773 0.0000000000
104383  -52.982  25.515  5.983 0.0000000000
104390  -52.892  25.629  4.399 0.0000000000
116843  -52.215  40.470  4.600 0.0000000000
116836  -52.760  40.573  5.301 0.0000000000
116844  -52.825  40.289  4.569 0.0000000000
114978  -53.708  39.041  3.099 0.0000000000
115643  -53.638  38.949  4.095 0.0000000000
114980  -53.680  37.999  2.939 0.0000000000
114245  -53.618  37.725  3.587 0.0000000000
113551  -53.504  37.461  2.773 0.0000000000
115028  -52.486  38.329  0.200 0.0000000000
115017  -53.430  38.639  0.920 0.0000000000
115016  -52.723  38.116  0.645 0.0000000000
112784  -52.105  35.526  0.662 0.0000000000
113567  -52.404  36.233  1.272 0.0000000000
112785  -52.464  35.291  1.242 0.0000000000
112778  -52.677  35.680  1.838 0.0000000000
112777  -52.558  35.156  1.718 0.0000000000
111191  -52.600  33.409  0.825 0.0000000000
111985  -52.493  34.032  0.850 0.0000000000
110464  -52.858  32.006  -0.777 0.0000000000
111218  -53.267  32.024  -0.188 0.0000000000
109750  -53.257  31.229  -0.416 0.0000000000
109035  -53.425  30.032  -0.387 0.0000000000
109047  -53.056  29.569  -1.044 0.0000000000
108254  -53.020  28.726  -0.914 0.0000000000
108252  -51.527  29.241  -1.661 0.0000000000
107432  -50.777  28.905  -1.302 0.0000000000
111224  -49.352  33.313  -1.608 0.0000000000
110473  -49.681  32.239  -2.100 0.0000000000
109757  -48.840  31.348  -2.387 0.0000000000
108261  -48.169  29.840  -1.995 0.0000000000
100331  -50.186  19.168  17.309 0.0000000000
99499  -50.374  18.450  17.897 0.0000000000
100332  -51.141  19.331  17.676 0.0000000000
101112  -52.657  20.160  18.075 0.0000000000
100316  -52.231  19.251  18.136 0.0000000000
100317  -52.853  19.449  17.944 0.0000000000
100318  -53.225  19.742  17.406 0.0000000000
99482  -53.023  18.910  16.956 0.0000000000
102767  -54.501  21.586  17.411 0.0000000000
101955  -54.579  21.350  17.409 0.0000000000
101968  -54.625  21.636  17.137 0.0000000000
101978  -54.581  21.905  16.061 0.0000000000
102790  -54.495  22.421  16.266 0.0000000000
118680  -42.263  44.682  7.312 0.0000000000
118681  -43.429  44.565  7.561 0.0000000000
118663  -43.748  43.976  8.009 0.0000000000
118682  -44.462  45.033  7.567 0.0000000000
120633  -43.416  47.361  5.469 0.0000000000
119978  -44.198  46.417  5.666 0.0000000000
119972  -44.950  45.615  6.483 0.0000000000
119967  -45.459  45.303  6.807 0.0000000000
119291  -45.880  45.314  7.782 0.0000000000
119302  -46.132  45.249  7.269 0.0000000000
119293  -47.251  45.411  7.996 0.0000000000
119311  -46.626  45.070  7.242 0.0000000000
118103  -46.177  43.357  5.372 0.0000000000
118095  -48.655  42.715  6.931 0.0000000000
117459  -47.819  42.532  5.259 0.0000000000
118731  -45.868  44.244  3.268 0.0000000000
119355  -46.385  45.481  2.935 0.0000000000
118116  -48.349  43.301  3.667 0.0000000000
117475  -48.864  42.664  3.609 0.0000000000
117469  -48.416  42.406  4.198 0.0000000000
116847  -49.665  41.055  3.964 0.0000000000
117476  -49.543  42.017  3.632 0.0000000000
118119  -51.359  43.134  3.145 0.0000000000
117477  -50.690  41.989  3.185 0.0000000000
117478  -51.426  42.105  2.623 0.0000000000
117481  -51.911  42.200  2.114 0.0000000000
118125  -51.906  42.866  2.586 0.0000000000
119991  -52.276  46.584  4.318 0.0000000000
119339  -52.727  45.649  4.185 0.0000000000
118743  -53.155  44.564  2.603 0.0000000000
118739  -53.343  44.669  3.449 0.0000000000
118122  -52.969  44.052  2.686 0.0000000000
118127  -52.871  43.235  2.332 0.0000000000
117484  -53.287  43.147  1.707 0.0000000000
117486  -53.002  42.161  1.192 0.0000000000
117487  -53.042  42.860  1.438 0.0000000000
118148  -52.807  44.260  -0.050 0.0000000000
118135  -52.714  43.557  0.401 0.0000000000
118134  -52.497  43.357  -0.135 0.0000000000
117513  -52.655  42.344  -1.914 0.0000000000
118147  -52.318  43.563  -0.555 0.0000000000
118760  -51.814  44.359  -0.151 0.0000000000
119388  -51.183  45.726  1.168 0.0000000000
118749  -51.436  44.817  0.298 0.0000000000
119387  -50.636  45.972  1.118 0.0000000000
119393  -50.480  45.452  0.581 0.0000000000
120043  -50.350  46.559  0.802 0.0000000000
120686  -51.328  48.791  0.550 0.0000000000
106531  -49.609  26.431  14.410 0.0000000000
106533  -51.266  26.318  14.216 0.0000000000
105801  -50.952  25.747  14.677 0.0000000000
105790  -51.314  25.267  15.024 0.0000000000
105802  -51.852  25.697  14.797 0.0000000000
108893  -52.275  30.129  13.055 0.0000000000
108099  -52.009  29.408  13.478 0.0000000000
108086  -52.498  28.971  13.471 0.0000000000
105823  -53.377  26.494  14.437 0.0000000000
106561  -53.023  27.033  14.569 0.0000000000
105804  -53.275  25.866  14.815 0.0000000000
105027  -53.083  25.275  15.186 0.0000000000
105028  -53.575  25.213  15.180 0.0000000000
104244  -53.600  23.933  16.009 0.0000000000
105012  -53.784  24.512  15.536 0.0000000000
105047  -54.301  25.349  14.227 0.0000000000
105030  -54.256  24.690  14.916 0.0000000000
105031  -54.389  24.331  14.806 0.0000000000
104257  -54.507  23.876  14.903 0.0000000000
104269  -54.597  24.124  14.103 0.0000000000
113494  -46.858  34.967  7.053 0.0000000000
117457  -53.044  40.576  6.829 0.0000000000
116807  -52.789  40.989  7.752 0.0000000000
116216  -53.092  39.899  7.185 0.0000000000
114221  -52.749  37.439  6.143 0.0000000000
114937  -52.596  38.982  6.560 0.0000000000
114220  -51.927  37.362  6.088 0.0000000000
114951  -51.570  38.304  6.316 0.0000000000
114234  -51.430  37.225  5.769 0.0000000000
110415  -51.238  33.196  2.722 0.0000000000
111161  -51.451  34.021  2.811 0.0000000000
110413  -49.467  32.766  3.871 0.0000000000
111950  -49.858  34.367  3.904 0.0000000000
111933  -49.301  34.686  4.298 0.0000000000
112742  -49.894  35.660  4.504 0.0000000000
111932  -48.490  34.636  4.672 0.0000000000
111149  -48.683  33.789  4.880 0.0000000000
110390  -50.198  32.758  6.980 0.0000000000
110388  -48.535  32.819  6.303 0.0000000000
111132  -49.483  33.392  7.125 0.0000000000
111916  -49.569  34.086  7.520 0.0000000000
111116  -50.512  33.648  7.891 0.0000000000
111892  -50.746  33.881  8.663 0.0000000000
111118  -51.758  33.131  8.135 0.0000000000
110384  -52.925  31.416  8.368 0.0000000000
111120  -52.753  32.248  8.916 0.0000000000
110378  -53.433  31.252  8.889 0.0000000000
109639  -53.994  31.174  9.997 0.0000000000
108931  -53.993  30.540  9.484 0.0000000000
108183  -54.076  29.380  5.646 0.0000000000
108158  -53.620  29.624  6.889 0.0000000000
107376  -53.895  29.068  6.983 0.0000000000
105886  -54.367  27.944  8.833 0.0000000000
134215  -54.315  28.261  8.972 0.0000000000
106582  -54.445  27.847  9.663 0.0000000000
105845  -54.476  27.521  10.543 0.0000000000
106575  -54.491  27.276  11.495 0.0000000000
105064  -55.255  25.399  11.554 0.0000000000
105062  -55.083  25.231  12.344 0.0000000000
104276  -54.662  24.301  13.250 0.0000000000
103557  -54.659  24.307  12.598 0.0000000000
103568  -54.436  24.570  11.654 0.0000000000
103556  -54.516  24.061  12.608 0.0000000000
103567  -54.085  24.346  11.686 0.0000000000
103640  -54.234  25.304  7.011 0.0000000000
103625  -54.502  25.233  7.567 0.0000000000
103624  -54.027  25.399  7.307 0.0000000000
104309  -52.967  25.421  9.748 0.0000000000
104310  -53.281  25.365  10.010 0.0000000000
103565  -53.395  24.304  11.824 0.0000000000
104279  -52.644  24.231  12.013 0.0000000000
102829  -51.633  22.871  12.641 0.0000000000
103563  -51.466  24.061  11.880 0.0000000000
104294  -50.347  24.599  10.910 0.0000000000
103575  -50.114  23.947  11.166 0.0000000000
103574  -49.636  23.996  10.993 0.0000000000
102835  -49.225  23.046  11.314 0.0000000000
103560  -49.314  23.576  11.133 0.0000000000
106686  -52.792  27.539  0.168 0.0000000000
105946  -52.965  27.015  1.156 0.0000000000
105945  -52.543  26.905  1.257 0.0000000000
105929  -51.554  26.714  2.845 0.0000000000
105930  -52.296  26.398  2.625 0.0000000000
105155  -51.965  26.219  3.690 0.0000000000
104389  -52.370  25.862  4.109 0.0000000000
105148  -51.577  26.389  4.764 0.0000000000
105122  -49.479  26.609  6.855 0.0000000000
105135  -49.438  27.022  5.884 0.0000000000
105123  -50.578  26.538  6.773 0.0000000000
105105  -49.599  26.338  7.732 0.0000000000
105087  -49.050  25.768  8.215 0.0000000000
104328  -47.323  24.235  8.888 0.0000000000
104303  -47.976  24.249  9.275 0.0000000000
103583  -47.519  23.526  9.855 0.0000000000
102840  -47.733  22.770  10.509 0.0000000000
100346  -54.570  20.464  15.750 0.0000000000
99520  -54.832  20.088  15.319 0.0000000000
100365  -55.262  19.721  13.909 0.0000000000
116916  -52.926  41.093  -1.927 0.0000000000
115717  -53.206  39.372  -1.626 0.0000000000
115716  -52.743  39.374  -2.226 0.0000000000
115049  -51.532  38.576  -2.326 0.0000000000
114337  -51.198  37.629  -2.198 0.0000000000
114336  -50.237  37.283  -2.472 0.0000000000
112671  -51.559  34.128  10.977 0.0000000000
112682  -51.634  34.017  10.327 0.0000000000
118066  -49.240  43.588  8.190 0.0000000000
118670  -50.829  44.108  8.707 0.0000000000
116793  -51.795  41.952  9.121 0.0000000000
109724  -53.186  31.194  0.428 0.0000000000
109015  -52.439  30.964  1.120 0.0000000000
109017  -53.958  29.726  2.176 0.0000000000
109005  -53.752  29.468  2.691 0.0000000000
108202  -53.899  29.032  3.106 0.0000000000
105923  -54.506  26.586  3.434 0.0000000000
105149  -54.579  25.721  4.039 0.0000000000
105931  -54.340  26.465  2.512 0.0000000000
105162  -54.150  25.692  2.584 0.0000000000
104418  -53.385  25.538  2.569 0.0000000000
116234  -53.055  40.078  4.222 0.0000000000
116245  -52.784  39.943  3.312 0.0000000000
115662  -53.383  39.437  2.729 0.0000000000
114993  -53.731  39.063  2.345 0.0000000000
113581  -51.671  37.170  0.056 0.0000000000
114310  -51.901  37.082  0.586 0.0000000000
113580  -51.736  36.305  0.447 0.0000000000
111995  -52.592  33.854  0.098 0.0000000000
111203  -52.295  33.349  -0.555 0.0000000000
110453  -52.468  32.683  -0.627 0.0000000000
109748  -52.177  31.108  -1.361 0.0000000000
109046  -52.407  29.949  -1.646 0.0000000000
109759  -50.543  30.753  -2.183 0.0000000000
99432  -50.713  18.081  20.205 0.0000000000
101129  -51.725  20.344  17.603 0.0000000000
101952  -52.995  21.084  17.836 0.0000000000
101953  -53.795  21.509  17.461 0.0000000000
102766  -54.147  21.857  17.202 0.0000000000
103504  -54.041  22.879  16.507 0.0000000000
119965  -43.963  46.315  6.893 0.0000000000
119986  -41.948  46.518  4.610 0.0000000000
119977  -42.945  46.524  5.054 0.0000000000
119319  -43.471  45.576  5.067 0.0000000000
119320  -44.413  45.014  5.364 0.0000000000
119321  -45.227  44.689  5.718 0.0000000000
119322  -45.719  44.477  6.030 0.0000000000
118718  -45.071  43.786  4.977 0.0000000000
118107  -45.371  43.391  4.305 0.0000000000
117466  -45.805  42.736  3.914 0.0000000000
120653  -47.752  47.585  3.040 0.0000000000
119356  -47.510  45.377  3.322 0.0000000000
119357  -48.542  45.332  3.533 0.0000000000
118734  -48.935  44.236  3.473 0.0000000000
118735  -50.016  44.193  3.658 0.0000000000
118736  -51.028  43.909  3.922 0.0000000000
118737  -51.930  44.271  3.540 0.0000000000
120643  -52.460  46.972  3.636 0.0000000000
119993  -52.824  45.921  3.812 0.0000000000
120008  -52.863  45.739  3.491 0.0000000000
119362  -53.254  45.267  3.155 0.0000000000
118747  -53.067  44.241  1.945 0.0000000000
118132  -53.047  43.637  1.407 0.0000000000
118746  -53.134  44.603  1.358 0.0000000000
119396  -53.085  45.175  0.307 0.0000000000
118750  -52.241  45.024  -0.007 0.0000000000
119389  -52.035  45.568  0.978 0.0000000000
120032  -51.430  46.280  1.537 0.0000000000
109623  -49.533  31.689  11.060 0.0000000000
108915  -49.627  30.422  11.335 0.0000000000
108122  -48.972  29.721  11.450 0.0000000000
108108  -49.692  29.162  11.952 0.0000000000
106545  -49.818  27.152  14.229 0.0000000000
107285  -50.071  27.812  13.905 0.0000000000
107286  -50.919  27.766  13.519 0.0000000000
106547  -51.603  27.073  13.876 0.0000000000
108879  -53.032  29.681  13.049 0.0000000000
108878  -52.602  29.577  13.239 0.0000000000
108087  -53.047  28.962  13.390 0.0000000000
106550  -53.448  27.168  13.940 0.0000000000
105824  -53.981  25.993  14.192 0.0000000000
105029  -53.984  25.200  15.017 0.0000000000
105825  -54.248  26.080  13.642 0.0000000000
105826  -54.382  25.547  13.781 0.0000000000
114946  -46.624  38.289  5.681 0.0000000000
114961  -47.000  37.647  5.191 0.0000000000
114230  -47.386  37.015  4.867 0.0000000000
114955  -53.847  38.756  5.859 0.0000000000
114939  -53.702  38.873  6.096 0.0000000000
114237  -53.612  37.381  5.555 0.0000000000
113525  -52.985  36.601  5.250 0.0000000000
112734  -52.099  36.523  5.120 0.0000000000
109696  -50.536  31.597  3.117 0.0000000000
110414  -50.299  32.728  3.083 0.0000000000
109695  -49.661  31.882  3.594 0.0000000000
109685  -49.362  32.008  4.701 0.0000000000
110398  -48.825  32.436  5.457 0.0000000000
109647  -51.131  32.322  7.054 0.0000000000
110374  -51.787  32.564  7.767 0.0000000000
109649  -52.123  31.483  7.582 0.0000000000
109650  -52.882  31.121  7.742 0.0000000000
109651  -53.352  30.946  8.085 0.0000000000
134216  -54.860  26.714  9.966 0.0000000000
106584  -55.144  26.427  10.644 0.0000000000
106588  -55.579  26.281  10.066 0.0000000000
105853  -55.586  25.857  10.732 0.0000000000
105068  -55.324  25.604  10.753 0.0000000000
104290  -55.098  25.011  11.651 0.0000000000
104301  -55.045  25.440  10.801 0.0000000000
103579  -54.669  25.289  10.755 0.0000000000
103578  -54.228  25.193  10.592 0.0000000000
103622  -53.541  25.414  6.982 0.0000000000
103602  -53.564  25.424  8.030 0.0000000000
104359  -53.429  25.423  7.704 0.0000000000
104332  -53.088  25.481  8.557 0.0000000000
104296  -52.238  25.377  10.655 0.0000000000
105073  -51.969  25.901  10.049 0.0000000000
105072  -51.157  25.631  9.869 0.0000000000
104306  -50.271  25.188  10.189 0.0000000000
106684  -51.748  27.838  -0.213 0.0000000000
105944  -52.026  27.288  0.618 0.0000000000
106676  -51.367  27.509  0.946 0.0000000000
106669  -51.165  27.297  2.069 0.0000000000
105928  -50.942  27.252  3.075 0.0000000000
105895  -47.206  26.778  5.581 0.0000000000
105907  -48.384  27.158  5.060 0.0000000000
105896  -47.694  26.697  6.056 0.0000000000
105121  -47.990  26.262  6.966 0.0000000000
104356  -47.801  25.315  8.017 0.0000000000
103599  -46.432  23.262  9.245 0.0000000000
102853  -46.177  22.638  9.585 0.0000000000
103598  -45.538  23.301  8.506 0.0000000000
97716  -53.180  17.453  16.500 0.0000000000
115696  -53.529  39.452  0.123 0.0000000000
114312  -52.324  38.392  -0.052 0.0000000000
115039  -52.905  38.774  -1.063 0.0000000000
113599  -52.004  38.324  -0.872 0.0000000000
113598  -51.717  37.859  -0.512 0.0000000000
113597  -51.398  36.384  -0.664 0.0000000000
111214  -50.734  33.311  -1.327 0.0000000000
112014  -50.384  34.018  -1.475 0.0000000000
112013  -49.924  34.179  -1.921 0.0000000000
112012  -49.114  34.312  -2.089 0.0000000000
99476  -49.025  18.460  18.906 0.0000000000
100330  -49.281  18.808  17.144 0.0000000000
101161  -49.521  20.916  15.412 0.0000000000
101141  -50.345  20.728  15.884 0.0000000000
101142  -51.091  20.955  16.141 0.0000000000
101964  -51.659  21.469  16.172 0.0000000000
102773  -51.848  22.062  15.887 0.0000000000
103500  -52.510  22.882  16.141 0.0000000000
120638  -41.784  47.159  4.807 0.0000000000
119999  -41.522  46.857  4.175 0.0000000000
120000  -41.959  46.407  3.715 0.0000000000
120001  -42.738  46.262  3.070 0.0000000000
120640  -50.976  47.645  4.403 0.0000000000
121301  -52.138  48.138  3.759 0.0000000000
121314  -51.884  48.031  3.162 0.0000000000
121320  -51.503  48.168  2.407 0.0000000000
121323  -51.343  48.549  1.513 0.0000000000
110343  -52.546  32.573  12.390 0.0000000000
109606  -52.957  31.163  12.899 0.0000000000
109598  -53.146  30.629  12.806 0.0000000000
108894  -53.338  30.353  12.536 0.0000000000
108904  -53.635  30.062  11.937 0.0000000000
115611  -49.393  40.290  8.352 0.0000000000
114949  -49.827  38.719  6.312 0.0000000000
111965  -52.370  34.482  2.588 0.0000000000
110422  -51.697  32.684  2.137 0.0000000000
109707  -51.548  31.569  1.842 0.0000000000
109697  -51.308  31.072  2.802 0.0000000000
108978  -51.811  30.386  3.498 0.0000000000
108963  -52.325  30.034  5.525 0.0000000000
108964  -52.941  29.911  6.282 0.0000000000
108980  -52.990  29.658  5.115 0.0000000000
106645  -54.834  26.397  6.185 0.0000000000
105899  -54.899  26.119  6.408 0.0000000000
105126  -55.147  25.612  6.974 0.0000000000
105139  -54.755  25.996  6.067 0.0000000000
104384  -54.554  25.653  5.971 0.0000000000
103652  -54.205  25.012  6.055 0.0000000000
104402  -54.608  25.459  3.969 0.0000000000
103663  -53.965  25.370  5.123 0.0000000000
103651  -53.957  25.383  5.782 0.0000000000
103637  -53.631  25.413  6.241 0.0000000000
104375  -52.861  25.703  6.410 0.0000000000
106659  -49.544  27.757  2.377 0.0000000000
106658  -48.689  28.094  2.221 0.0000000000
105918  -48.100  27.648  3.866 0.0000000000
105906  -47.507  27.283  4.602 0.0000000000
105883  -46.628  26.391  5.934 0.0000000000
105119  -46.247  25.685  6.261 0.0000000000
117463  -51.299  41.986  6.132 0.0000000000
117464  -51.677  41.933  6.506 0.0000000000
116835  -51.942  41.279  5.824 0.0000000000
116828  -52.842  40.885  6.312 0.0000000000
116837  -53.490  39.760  5.735 0.0000000000
116235  -53.319  39.977  4.864 0.0000000000
116228  -53.710  39.173  5.376 0.0000000000
115637  -53.787  39.089  5.712 0.0000000000
114244  -53.685  37.758  4.411 0.0000000000
113540  -53.364  36.829  3.390 0.0000000000
111955  -52.809  35.717  2.882 0.0000000000
115004  -53.797  39.037  1.505 0.0000000000
115018  -53.676  38.604  1.460 0.0000000000
114282  -53.514  37.658  1.862 0.0000000000
114294  -52.393  37.191  1.015 0.0000000000
114281  -53.148  36.969  1.834 0.0000000000
113548  -53.019  36.285  2.146 0.0000000000
112766  -52.853  35.928  2.181 0.0000000000
111966  -52.672  35.314  2.349 0.0000000000
111977  -52.500  34.548  1.745 0.0000000000
111181  -52.480  33.421  1.276 0.0000000000
111183  -52.818  32.634  0.517 0.0000000000
111996  -52.655  33.481  0.410 0.0000000000
111193  -53.048  32.572  0.217 0.0000000000
110444  -53.031  31.878  0.498 0.0000000000
108225  -53.565  29.444  0.278 0.0000000000
108240  -53.509  28.711  0.145 0.0000000000
107416  -53.332  27.906  0.293 0.0000000000
108255  -53.292  28.485  -0.444 0.0000000000
107435  -52.975  27.993  -0.598 0.0000000000
106693  -52.376  27.935  -0.554 0.0000000000
106692  -52.095  28.127  -0.736 0.0000000000
106683  -51.182  28.096  -0.337 0.0000000000
107415  -50.329  28.360  0.020 0.0000000000
107414  -49.622  28.694  0.146 0.0000000000
110461  -50.412  32.590  -1.757 0.0000000000
109055  -49.946  30.043  -2.300 0.0000000000
109054  -48.938  30.325  -2.504 0.0000000000
108263  -49.729  29.496  -2.055 0.0000000000
99477  -49.919  18.466  18.843 0.0000000000
99451  -50.378  18.523  19.658 0.0000000000
99452  -51.347  18.363  19.557 0.0000000000
100315  -51.652  18.998  18.083 0.0000000000
99479  -51.812  18.561  18.639 0.0000000000
99453  -52.177  17.959  19.245 0.0000000000
98580  -52.813  17.779  17.251 0.0000000000
98591  -52.871  17.883  16.994 0.0000000000
98592  -53.008  18.133  16.618 0.0000000000
100333  -54.106  20.018  16.548 0.0000000000
101114  -54.081  20.637  17.497 0.0000000000
101115  -54.419  20.788  17.122 0.0000000000
101130  -54.430  20.704  16.643 0.0000000000
101143  -54.493  20.752  16.181 0.0000000000
101144  -54.547  21.169  15.733 0.0000000000
101979  -54.867  21.898  15.304 0.0000000000
119971  -44.268  46.507  6.446 0.0000000000
119308  -44.705  45.824  6.566 0.0000000000
119300  -44.594  45.660  6.918 0.0000000000
118683  -45.165  45.189  7.458 0.0000000000
118665  -45.307  44.707  8.220 0.0000000000
118062  -46.037  43.891  8.693 0.0000000000
118063  -46.897  44.072  8.607 0.0000000000
118695  -46.541  43.972  6.652 0.0000000000
118081  -47.631  43.861  7.780 0.0000000000
118065  -48.569  43.725  8.430 0.0000000000
118082  -48.544  43.409  7.584 0.0000000000
118096  -49.336  42.484  6.953 0.0000000000
117452  -49.973  42.241  6.678 0.0000000000
119372  -44.027  45.662  2.635 0.0000000000
119354  -45.324  45.091  2.924 0.0000000000
118109  -46.984  43.019  4.198 0.0000000000
118115  -47.327  43.505  3.777 0.0000000000
117468  -47.577  42.758  4.511 0.0000000000
117460  -48.641  41.977  5.281 0.0000000000
117462  -50.535  41.855  5.872 0.0000000000
116833  -50.201  41.397  5.064 0.0000000000
116842  -51.279  40.779  4.342 0.0000000000
116849  -51.330  41.050  3.092 0.0000000000
116243  -51.827  40.617  2.983 0.0000000000
116850  -51.783  40.859  2.572 0.0000000000
116254  -52.245  40.631  2.083 0.0000000000
116855  -52.362  41.283  1.714 0.0000000000
119990  -51.480  46.679  4.407 0.0000000000
119338  -51.987  45.704  4.438 0.0000000000
118722  -53.342  44.927  4.202 0.0000000000
118738  -52.885  44.262  3.714 0.0000000000
118126  -52.459  43.034  2.468 0.0000000000
116861  -52.682  41.241  1.364 0.0000000000
116871  -53.096  41.299  0.806 0.0000000000
116888  -53.385  41.323  -0.062 0.0000000000
118136  -52.854  43.039  1.016 0.0000000000
117500  -53.162  42.152  -0.631 0.0000000000
117522  -52.876  41.865  -2.001 0.0000000000
117520  -52.137  41.703  -2.254 0.0000000000
120667  -51.300  46.973  1.876 0.0000000000
120675  -51.137  47.939  1.286 0.0000000000
120674  -50.901  47.192  1.332 0.0000000000
104239  -49.951  24.224  15.112 0.0000000000
105800  -50.116  25.723  14.740 0.0000000000
105007  -50.278  24.931  15.047 0.0000000000
104240  -50.629  24.130  15.312 0.0000000000
104241  -51.550  23.923  15.314 0.0000000000
104242  -52.640  23.734  15.874 0.0000000000
108876  -51.511  29.155  12.978 0.0000000000
107287  -51.860  27.908  13.573 0.0000000000
106548  -52.532  27.102  14.306 0.0000000000
105026  -52.520  25.296  15.132 0.0000000000
105010  -52.834  24.641  15.561 0.0000000000
104232  -53.064  23.506  16.377 0.0000000000
104233  -53.407  23.428  16.379 0.0000000000
104234  -53.710  23.328  16.339 0.0000000000
103513  -54.299  23.005  16.182 0.0000000000
105013  -54.055  24.376  15.426 0.0000000000
104246  -54.249  23.758  15.606 0.0000000000
103514  -54.462  23.109  15.924 0.0000000000
103515  -54.611  23.155  15.542 0.0000000000
102803  -55.057  22.597  14.792 0.0000000000
113481  -47.872  35.254  7.992 0.0000000000
112710  -48.693  35.095  7.748 0.0000000000
117442  -52.041  42.260  8.012 0.0000000000
116214  -52.363  40.746  8.324 0.0000000000
115630  -52.923  39.460  6.988 0.0000000000
115629  -52.409  39.552  7.285 0.0000000000
115614  -52.053  40.085  7.999 0.0000000000
114935  -51.170  39.049  6.863 0.0000000000
114950  -50.719  38.379  6.209 0.0000000000
114965  -50.169  38.266  5.888 0.0000000000
111953  -52.321  34.801  3.408 0.0000000000
111936  -52.069  35.303  4.076 0.0000000000
112744  -51.767  35.944  4.561 0.0000000000
111160  -50.823  33.823  3.085 0.0000000000
111951  -50.635  34.490  3.684 0.0000000000
112743  -50.911  35.994  4.626 0.0000000000
113524  -50.733  36.356  4.818 0.0000000000
113512  -50.059  36.871  5.037 0.0000000000
114232  -49.402  37.344  4.953 0.0000000000
114241  -48.841  36.874  4.585 0.0000000000
113520  -47.671  36.052  4.772 0.0000000000
112739  -47.400  35.122  5.117 0.0000000000
111140  -48.119  33.510  5.622 0.0000000000
111139  -47.849  33.687  6.102 0.0000000000
112731  -47.050  34.780  5.782 0.0000000000
111914  -48.112  34.341  7.016 0.0000000000
112723  -49.042  34.678  7.507 0.0000000000
113483  -49.564  35.055  8.452 0.0000000000
112693  -50.330  34.420  8.674 0.0000000000
112695  -51.592  33.831  9.788 0.0000000000
112696  -52.064  33.231  9.786 0.0000000000
111119  -52.355  32.616  8.533 0.0000000000
111111  -52.493  32.707  9.043 0.0000000000
111870  -53.061  32.797  10.251 0.0000000000
110356  -53.628  31.727  10.237 0.0000000000
108920  -53.858  30.697  10.701 0.0000000000
108125  -54.073  29.584  11.245 0.0000000000
109674  -53.240  30.038  6.816 0.0000000000
108945  -53.417  29.922  7.053 0.0000000000
108947  -53.496  30.028  8.207 0.0000000000
134214  -53.833  29.058  8.621 0.0000000000
134223  -53.928  29.823  9.190 0.0000000000
107327  -54.544  29.381  10.171 0.0000000000
107324  -54.409  29.121  10.729 0.0000000000
107312  -54.156  28.757  11.625 0.0000000000
107314  -54.339  27.470  12.234 0.0000000000
106564  -54.579  26.629  12.437 0.0000000000
105839  -54.648  25.903  13.041 0.0000000000
105847  -55.199  25.928  12.130 0.0000000000
103539  -54.866  23.361  14.110 0.0000000000
102821  -55.204  22.508  14.124 0.0000000000
102826  -55.199  22.183  13.684 0.0000000000
102825  -55.084  22.467  13.379 0.0000000000
102824  -54.851  22.574  13.226 0.0000000000
103545  -54.564  23.379  13.080 0.0000000000
102833  -54.398  22.066  13.233 0.0000000000
102832  -53.839  22.358  13.032 0.0000000000
104362  -55.898  25.194  7.932 0.0000000000
103605  -54.730  25.351  8.496 0.0000000000
103588  -54.106  25.620  9.515 0.0000000000
103586  -53.531  25.455  9.071 0.0000000000
103576  -53.612  25.219  10.305 0.0000000000
103577  -53.972  24.926  10.663 0.0000000000
103566  -53.684  24.419  11.494 0.0000000000
103553  -53.156  23.865  12.431 0.0000000000
102021  -52.507  21.428  12.507 0.0000000000
102020  -51.880  21.805  12.405 0.0000000000
102019  -51.116  22.131  12.226 0.0000000000
104284  -51.445  24.616  11.317 0.0000000000
103562  -50.598  23.773  11.599 0.0000000000
105179  -53.268  26.041  1.778 0.0000000000
104417  -53.191  25.663  2.333 0.0000000000
105936  -52.376  26.552  2.125 0.0000000000
104407  -52.704  25.967  2.893 0.0000000000
104399  -52.895  25.656  3.498 0.0000000000
104381  -52.317  25.975  5.060 0.0000000000
105138  -52.378  26.151  6.048 0.0000000000
105908  -49.526  27.250  4.996 0.0000000000
105897  -49.980  27.237  5.329 0.0000000000
105147  -50.981  26.637  4.990 0.0000000000
105124  -51.520  26.388  6.854 0.0000000000
105089  -50.526  26.186  8.687 0.0000000000
105070  -49.953  25.806  9.196 0.0000000000
104305  -49.483  25.205  9.712 0.0000000000
104304  -48.406  24.525  9.859 0.0000000000
104292  -48.974  24.602  10.328 0.0000000000
99433  -51.592  17.808  20.108 0.0000000000
99449  -48.572  18.325  19.568 0.0000000000
99455  -52.625  18.053  17.551 0.0000000000
99510  -54.578  19.957  15.615 0.0000000000
99511  -54.693  20.249  15.504 0.0000000000
99519  -54.697  19.573  15.176 0.0000000000
100345  -54.408  20.185  16.108 0.0000000000
101131  -54.495  21.257  16.487 0.0000000000
101951  -52.308  20.603  17.879 0.0000000000
101956  -54.812  21.285  17.251 0.0000000000
101969  -54.540  21.715  16.861 0.0000000000
102009  -55.198  22.050  13.279 0.0000000000
102010  -55.290  22.163  13.340 0.0000000000
102014  -54.862  21.767  13.301 0.0000000000
102015  -55.142  21.766  13.478 0.0000000000
102026  -55.045  21.146  13.702 0.0000000000
102765  -54.046  21.998  17.055 0.0000000000
102776  -53.654  22.326  16.818 0.0000000000
102777  -54.012  22.290  16.815 0.0000000000
102778  -54.392  22.028  16.778 0.0000000000
102779  -54.588  21.932  16.847 0.0000000000
102786  -50.233  22.777  15.747 0.0000000000
102788  -51.929  22.408  15.789 0.0000000000
102819  -55.246  22.270  13.362 0.0000000000
102820  -55.349  22.453  13.448 0.0000000000
102844  -46.067  22.365  9.728 0.0000000000
103512  -52.570  23.148  16.058 0.0000000000
103550  -51.142  23.640  12.027 0.0000000000
103551  -51.550  23.615  12.309 0.0000000000
103552  -52.304  23.817  12.428 0.0000000000
103561  -49.812  23.515  11.279 0.0000000000
103564  -51.905  24.002  12.097 0.0000000000
103572  -47.993  23.452  10.360 0.0000000000
103589  -54.546  25.647  9.663 0.0000000000
103600  -47.049  23.535  9.384 0.0000000000
103601  -53.320  25.446  8.341 0.0000000000
103603  -54.058  25.432  8.137 0.0000000000
103604  -54.386  25.330  8.358 0.0000000000
103623  -53.769  25.358  7.131 0.0000000000
103626  -54.990  24.350  7.505 0.0000000000
103638  -53.895  25.342  6.458 0.0000000000
103641  -54.854  25.240  7.203 0.0000000000
103653  -54.319  25.384  6.411 0.0000000000
103654  -54.588  25.374  6.967 0.0000000000
103662  -53.805  25.356  5.013 0.0000000000
103664  -54.067  25.455  5.336 0.0000000000
103665  -54.189  25.461  5.758 0.0000000000
104231  -52.905  23.482  16.297 0.0000000000
104243  -53.170  24.045  16.104 0.0000000000
104256  -54.363  24.020  15.190 0.0000000000
104280  -52.835  24.126  12.199 0.0000000000
104283  -50.875  24.593  11.177 0.0000000000
104285  -52.273  24.441  11.631 0.0000000000
104286  -53.036  24.442  11.725 0.0000000000
104287  -53.421  24.455  11.496 0.0000000000
104288  -54.109  24.448  11.469 0.0000000000
104289  -54.261  24.558  11.479 0.0000000000
104300  -54.203  24.723  11.138 0.0000000000
104307  -50.756  25.139  10.409 0.0000000000
104330  -48.940  25.176  9.263 0.0000000000
104333  -53.323  25.454  8.089 0.0000000000
104334  -55.327  25.174  8.008 0.0000000000
104335  -55.296  25.307  8.251 0.0000000000
104358  -53.180  25.507  7.630 0.0000000000
104360  -55.437  25.095  7.975 0.0000000000
104361  -55.525  25.332  7.929 0.0000000000
104385  -54.732  25.458  6.682 0.0000000000
104393  -54.115  25.144  4.596 0.0000000000
104403  -54.430  25.528  4.259 0.0000000000
104408  -52.901  25.773  2.658 0.0000000000
104409  -53.216  25.530  2.931 0.0000000000
104410  -53.679  25.408  3.007 0.0000000000
104411  -55.105  25.377  4.180 0.0000000000
104412  -54.889  25.286  4.265 0.0000000000
104416  -53.018  25.903  2.178 0.0000000000
105066  -51.488  25.584  10.251 0.0000000000
105067  -51.758  25.550  10.467 0.0000000000
105071  -50.445  25.705  9.447 0.0000000000
105074  -55.387  25.693  9.837 0.0000000000
105092  -55.166  24.991  7.866 0.0000000000
105093  -55.362  25.379  8.088 0.0000000000
105109  -55.398  25.025  7.669 0.0000000000
105110  -55.303  25.226  7.884 0.0000000000
105111  -55.365  25.546  7.776 0.0000000000
105140  -54.999  25.664  6.489 0.0000000000
105145  -48.876  27.158  5.337 0.0000000000
105146  -49.093  27.129  5.506 0.0000000000
105156  -54.407  25.988  2.919 0.0000000000
105160  -52.372  26.224  3.010 0.0000000000
105161  -52.672  26.157  2.549 0.0000000000
105163  -55.441  25.084  3.924 0.0000000000
105169  -53.163  25.922  1.953 0.0000000000
105170  -53.536  25.781  2.138 0.0000000000
105171  -55.848  25.138  3.596 0.0000000000
105172  -55.578  25.324  3.815 0.0000000000
105177  -52.867  26.553  1.480 0.0000000000
105178  -53.068  26.280  1.613 0.0000000000
105788  -50.327  25.315  14.917 0.0000000000
105789  -50.672  25.282  14.964 0.0000000000
105822  -53.043  26.551  14.642 0.0000000000
105836  -53.005  26.845  14.670 0.0000000000
105837  -53.229  26.665  14.551 0.0000000000
105838  -54.460  26.407  13.010 0.0000000000
105846  -54.528  27.284  10.654 0.0000000000
105849  -54.528  27.430  10.187 0.0000000000
105850  -54.533  27.306  10.403 0.0000000000
105875  -55.476  26.033  8.005 0.0000000000
105887  -55.352  26.041  7.167 0.0000000000
105898  -50.199  27.054  5.474 0.0000000000
105900  -55.021  25.862  6.665 0.0000000000
105909  -50.529  26.907  4.871 0.0000000000
105910  -51.112  26.641  4.679 0.0000000000
105938  -55.688  25.141  3.659 0.0000000000
105939  -55.458  25.387  3.759 0.0000000000
105947  -53.377  26.373  1.568 0.0000000000
105954  -52.423  27.385  0.445 0.0000000000
105955  -52.672  27.253  0.757 0.0000000000
106546  -50.660  27.100  13.990 0.0000000000
106549  -53.112  27.357  14.344 0.0000000000
106562  -53.198  26.870  14.489 0.0000000000
106573  -54.390  28.663  10.784 0.0000000000
106586  -55.517  26.158  10.701 0.0000000000
106615  -55.446  26.201  8.489 0.0000000000
106634  -54.963  26.371  6.873 0.0000000000
106635  -55.149  26.182  7.025 0.0000000000
106661  -51.073  27.252  2.710 0.0000000000
106677  -53.199  27.578  0.581 0.0000000000
106685  -52.337  27.643  -0.117 0.0000000000
106694  -52.602  27.797  -0.320 0.0000000000
107301  -54.063  28.750  12.180 0.0000000000
107302  -53.975  28.528  12.566 0.0000000000
107313  -54.221  27.944  11.918 0.0000000000
107351  -55.317  26.391  8.788 0.0000000000
107406  -49.256  28.445  1.013 0.0000000000
107424  -50.744  28.422  -0.542 0.0000000000
107425  -51.376  28.189  -0.599 0.0000000000
107427  -53.359  28.181  -0.004 0.0000000000
107434  -52.462  28.344  -0.937 0.0000000000
107436  -53.237  28.166  -0.330 0.0000000000
108085  -51.970  28.854  13.361 0.0000000000
108088  -53.414  29.150  13.028 0.0000000000
108100  -52.210  29.585  13.248 0.0000000000
108109  -54.030  29.284  11.769 0.0000000000
108110  -53.964  29.213  11.976 0.0000000000
108111  -53.627  29.842  12.196 0.0000000000
108124  -53.898  29.602  11.640 0.0000000000
108126  -54.167  30.070  10.706 0.0000000000
108134  -54.369  29.612  10.594 0.0000000000
108135  -54.443  29.910  10.125 0.0000000000
108136  -54.292  30.321  9.923 0.0000000000
108173  -53.904  29.643  6.332 0.0000000000
108877  -51.874  29.460  13.117 0.0000000000
108890  -50.665  29.349  12.348 0.0000000000
108901  -50.537  30.197  11.921 0.0000000000
108903  -53.856  29.608  11.889 0.0000000000
108905  -53.515  30.384  11.891 0.0000000000
108906  -53.630  31.136  11.063 0.0000000000
108914  -49.042  30.236  11.144 0.0000000000
108917  -53.800  29.790  11.683 0.0000000000
108918  -53.785  29.988  11.569 0.0000000000
108919  -53.792  30.275  11.196 0.0000000000
108928  -49.280  31.177  10.801 0.0000000000
108929  -54.130  30.742  10.147 0.0000000000
108933  -53.718  30.418  8.901 0.0000000000
108935  -53.580  30.255  8.541 0.0000000000
108943  -52.063  30.381  6.067 0.0000000000
108965  -53.511  29.835  6.490 0.0000000000
109002  -51.962  30.995  1.463 0.0000000000
109014  -52.097  31.317  1.119 0.0000000000
109044  -50.502  29.962  -2.030 0.0000000000
109056  -50.530  30.226  -2.084 0.0000000000
109597  -52.888  30.413  13.010 0.0000000000
109607  -53.313  31.098  12.407 0.0000000000
109613  -53.659  29.859  11.896 0.0000000000
109614  -53.634  29.990  11.684 0.0000000000
109615  -53.439  31.287  11.675 0.0000000000
109626  -53.237  30.025  11.929 0.0000000000
109627  -53.578  30.071  11.907 0.0000000000
109628  -53.765  31.206  10.461 0.0000000000
109641  -53.752  31.257  9.545 0.0000000000
109643  -51.728  32.378  7.692 0.0000000000
109644  -51.821  32.147  7.749 0.0000000000
109645  -53.686  31.004  9.107 0.0000000000
109648  -51.538  32.169  7.368 0.0000000000
109655  -49.809  32.104  6.323 0.0000000000
109659  -53.258  30.407  7.401 0.0000000000
109660  -53.436  30.367  8.054 0.0000000000
109661  -53.514  30.346  8.322 0.0000000000
109669  -49.371  32.060  5.781 0.0000000000
109673  -53.043  30.235  6.879 0.0000000000
109706  -51.120  31.829  2.383 0.0000000000
109736  -53.340  30.927  -0.152 0.0000000000
109737  -53.336  31.446  -0.200 0.0000000000
110332  -52.461  31.773  12.646 0.0000000000
110344  -53.207  32.511  12.144 0.0000000000
110345  -53.418  32.040  11.412 0.0000000000
110346  -53.535  31.674  10.765 0.0000000000
110355  -53.449  32.116  10.739 0.0000000000
110365  -53.485  32.135  10.274 0.0000000000
110366  -53.574  31.804  9.833 0.0000000000
110371  -53.083  32.014  9.088 0.0000000000
110372  -53.363  31.739  9.270 0.0000000000
110375  -52.032  32.243  8.018 0.0000000000
110376  -52.474  31.935  8.583 0.0000000000
110377  -53.052  31.798  8.908 0.0000000000
110381  -50.919  32.688  7.230 0.0000000000
110382  -51.541  32.835  7.699 0.0000000000
110385  -53.323  31.200  8.616 0.0000000000
110386  -53.508  31.043  8.749 0.0000000000
110389  -49.025  32.475  6.470 0.0000000000
110391  -50.668  32.488  6.949 0.0000000000
110397  -48.388  32.807  5.952 0.0000000000
110406  -48.434  33.011  5.267 0.0000000000
110407  -48.942  32.906  4.689 0.0000000000
110432  -51.849  32.324  1.471 0.0000000000
110434  -52.610  32.208  0.613 0.0000000000
110435  -52.980  32.296  0.447 0.0000000000
110445  -53.198  31.966  0.233 0.0000000000
110452  -52.281  32.859  -0.792 0.0000000000
110454  -53.345  31.828  -0.062 0.0000000000
110465  -53.220  31.676  -0.406 0.0000000000
111093  -53.149  32.933  11.089 0.0000000000
111094  -53.285  32.599  10.606 0.0000000000
111100  -53.345  32.404  9.929 0.0000000000
111109  -51.811  33.166  8.553 0.0000000000
111112  -53.076  32.329  9.287 0.0000000000
111113  -53.215  32.055  9.299 0.0000000000
111117  -50.899  33.450  7.967 0.0000000000
111121  -52.993  32.113  9.062 0.0000000000
111124  -49.811  33.680  7.365 0.0000000000
111125  -50.298  33.409  7.494 0.0000000000
111126  -51.251  33.088  7.725 0.0000000000
111127  -51.591  33.052  7.823 0.0000000000
111131  -48.344  33.302  6.473 0.0000000000
111133  -50.018  33.202  7.150 0.0000000000
111182  -52.644  32.888  0.830 0.0000000000
111202  -52.013  33.840  -0.710 0.0000000000
111205  -53.240  32.301  -0.042 0.0000000000
111217  -53.121  32.195  -0.299 0.0000000000
111857  -52.397  33.563  11.547 0.0000000000
111858  -52.823  33.242  11.249 0.0000000000
111868  -52.399  33.466  11.096 0.0000000000
111879  -52.650  32.970  10.140 0.0000000000
111880  -53.011  32.736  9.781 0.0000000000
111891  -50.463  34.145  8.479 0.0000000000
111893  -51.521  33.442  8.823 0.0000000000
111894  -51.989  33.132  9.299 0.0000000000
111895  -52.543  32.900  9.624 0.0000000000
111896  -52.925  32.680  9.534 0.0000000000
111906  -49.895  34.330  7.875 0.0000000000
111907  -50.306  34.025  8.080 0.0000000000
111908  -51.124  33.493  8.366 0.0000000000
111909  -51.497  33.330  8.439 0.0000000000
111915  -48.560  34.302  7.168 0.0000000000
111917  -50.070  33.875  7.684 0.0000000000
111919  -47.824  34.095  6.555 0.0000000000
111920  -48.841  33.830  7.016 0.0000000000
111921  -49.304  33.799  7.196 0.0000000000
111923  -47.655  34.239  5.593 0.0000000000
111924  -48.169  34.142  5.169 0.0000000000
111935  -51.279  35.122  4.217 0.0000000000
111939  -52.934  36.059  3.148 0.0000000000
111956  -52.898  36.076  2.919 0.0000000000
111964  -51.948  34.343  2.941 0.0000000000
111967  -52.854  35.878  2.548 0.0000000000
111968  -52.933  36.102  2.674 0.0000000000
111986  -52.602  33.515  0.665 0.0000000000
112672  -52.052  33.612  10.689 0.0000000000
112673  -52.314  33.246  10.361 0.0000000000
112683  -51.993  33.538  10.164 0.0000000000
112684  -52.266  33.117  9.992 0.0000000000
112692  -49.973  34.764  8.576 0.0000000000
112694  -50.989  33.999  9.328 0.0000000000
112697  -52.249  33.048  9.754 0.0000000000
112709  -48.202  35.060  7.710 0.0000000000
112711  -49.729  34.770  8.067 0.0000000000
112724  -49.446  34.557  7.659 0.0000000000
112732  -51.174  36.388  4.834 0.0000000000
112733  -51.538  36.467  4.947 0.0000000000
112740  -48.095  35.327  4.625 0.0000000000
112741  -48.950  35.490  4.447 0.0000000000
112746  -52.978  36.221  4.091 0.0000000000
112747  -53.116  36.344  3.517 0.0000000000
112759  -53.146  36.404  3.133 0.0000000000
112767  -52.937  36.155  2.436 0.0000000000
112786  -52.563  35.918  1.553 0.0000000000
113444  -50.933  34.437  10.609 0.0000000000
113445  -51.351  34.228  10.369 0.0000000000
113461  -51.435  34.201  10.124 0.0000000000
113472  -50.656  34.431  9.575 0.0000000000
113473  -51.266  34.160  9.941 0.0000000000
113474  -51.551  34.140  9.985 0.0000000000
113482  -49.118  35.252  8.336 0.0000000000
113504  -52.060  37.024  6.010 0.0000000000
113505  -52.264  37.026  6.005 0.0000000000
113511  -49.678  36.881  4.849 0.0000000000
113513  -50.994  36.749  5.058 0.0000000000
113515  -52.677  36.761  5.635 0.0000000000
113516  -53.254  36.838  5.528 0.0000000000
113521  -48.508  36.150  4.522 0.0000000000
113523  -50.335  36.330  4.815 0.0000000000
113527  -53.445  36.885  4.126 0.0000000000
113528  -53.498  37.122  3.888 0.0000000000
113541  -53.502  37.311  3.193 0.0000000000
113549  -53.152  36.525  2.393 0.0000000000
113550  -53.348  36.915  2.796 0.0000000000
113560  -52.911  36.288  1.903 0.0000000000
113566  -52.157  35.973  0.949 0.0000000000
113617  -52.045  38.361  -1.110 0.0000000000
114218  -50.805  37.911  5.947 0.0000000000
114219  -51.177  37.765  6.011 0.0000000000
114223  -53.822  38.083  5.828 0.0000000000
114231  -48.310  37.412  4.860 0.0000000000
114235  -51.763  37.097  5.921 0.0000000000
114236  -53.312  37.086  5.960 0.0000000000
114238  -53.806  38.019  5.351 0.0000000000
114242  -49.273  36.915  4.678 0.0000000000
114256  -53.582  37.714  3.052 0.0000000000
114269  -53.145  36.592  2.059 0.0000000000
114270  -53.299  36.990  2.178 0.0000000000
114271  -53.490  37.478  2.360 0.0000000000
114272  -53.620  37.878  2.575 0.0000000000
114284  -53.710  38.237  2.275 0.0000000000
114296  -53.565  38.203  1.491 0.0000000000
114325  -51.985  38.270  -0.169 0.0000000000
114326  -52.301  38.438  -0.585 0.0000000000
114339  -52.280  38.431  -1.291 0.0000000000
114934  -50.268  39.135  6.955 0.0000000000
114938  -53.167  38.970  6.418 0.0000000000
114940  -54.023  38.960  6.118 0.0000000000
114947  -47.807  38.665  6.004 0.0000000000
114952  -52.319  38.232  6.275 0.0000000000
114953  -52.965  38.260  6.221 0.0000000000
114954  -53.572  38.495  5.987 0.0000000000
114964  -49.552  38.144  5.726 0.0000000000
114966  -53.723  38.558  5.100 0.0000000000
114972  -53.636  38.904  3.820 0.0000000000
114974  -53.614  37.886  3.328 0.0000000000
114979  -53.696  38.590  3.185 0.0000000000
114994  -53.760  38.725  2.593 0.0000000000
114995  -53.698  38.329  2.650 0.0000000000
115005  -53.788  38.543  1.850 0.0000000000
115006  -53.788  38.695  2.046 0.0000000000
115007  -53.741  38.489  2.355 0.0000000000
115029  -52.991  38.629  -0.137 0.0000000000
115051  -52.817  38.776  -1.748 0.0000000000
115613  -51.299  40.353  8.029 0.0000000000
115615  -52.770  39.852  7.775 0.0000000000
115616  -52.898  39.664  7.233 0.0000000000
115617  -53.023  39.476  6.783 0.0000000000
115626  -49.822  39.765  7.660 0.0000000000
115628  -51.674  39.670  7.397 0.0000000000
115631  -53.117  38.950  6.769 0.0000000000
115632  -53.337  39.020  6.109 0.0000000000
115635  -53.830  38.886  6.071 0.0000000000
115644  -53.625  39.048  4.657 0.0000000000
115650  -53.522  39.247  3.828 0.0000000000
115651  -53.477  39.504  4.404 0.0000000000
116206  -51.733  41.296  9.004 0.0000000000
116207  -52.119  41.416  8.736 0.0000000000
116217  -53.136  39.666  6.561 0.0000000000
116223  -53.455  40.037  5.688 0.0000000000
116224  -53.953  39.263  5.978 0.0000000000
116226  -53.205  40.170  4.965 0.0000000000
116227  -53.540  39.778  5.247 0.0000000000
116230  -49.957  40.724  4.120 0.0000000000
116231  -50.191  40.701  3.972 0.0000000000
116233  -52.522  40.152  3.849 0.0000000000
116236  -53.515  39.530  4.919 0.0000000000
116241  -50.006  40.769  3.825 0.0000000000
116242  -50.198  40.835  3.738 0.0000000000
116247  -53.281  39.762  4.645 0.0000000000
116256  -53.018  39.710  3.020 0.0000000000
116303  -53.404  40.239  -1.400 0.0000000000
116313  -53.075  40.058  -2.029 0.0000000000
116808  -53.042  40.424  7.352 0.0000000000
116809  -53.230  39.985  6.993 0.0000000000
116819  -52.418  41.626  7.562 0.0000000000
116820  -52.698  41.156  7.165 0.0000000000
116821  -53.115  40.342  6.873 0.0000000000
116822  -53.240  40.029  6.421 0.0000000000
116829  -53.284  40.248  6.223 0.0000000000
116830  -53.490  39.467  5.908 0.0000000000
116832  -49.859  41.359  5.031 0.0000000000
116838  -53.678  39.209  5.611 0.0000000000
116840  -49.809  41.187  4.610 0.0000000000
116841  -50.377  40.963  4.396 0.0000000000
116854  -51.920  41.214  2.005 0.0000000000
116915  -52.230  41.155  -2.215 0.0000000000
117407  -51.653  42.649  9.513 0.0000000000
117423  -52.870  40.983  7.334 0.0000000000
117424  -52.937  40.774  7.507 0.0000000000
117440  -51.027  42.774  7.523 0.0000000000
117443  -52.881  40.852  6.950 0.0000000000
117444  -52.984  40.703  7.167 0.0000000000
117450  -48.211  42.378  6.114 0.0000000000
117454  -51.408  42.299  6.968 0.0000000000
117455  -51.960  41.976  7.078 0.0000000000
117456  -53.010  40.785  6.556 0.0000000000
117461  -49.630  41.636  5.425 0.0000000000
117467  -46.061  42.646  3.809 0.0000000000
117473  -45.708  42.955  3.725 0.0000000000
117474  -45.917  42.773  3.662 0.0000000000
117490  -52.565  42.899  -0.257 0.0000000000
117492  -52.929  42.643  1.028 0.0000000000
117514  -53.087  41.968  -1.557 0.0000000000
117521  -52.469  41.781  -2.118 0.0000000000
118067  -51.278  43.215  8.357 0.0000000000
118084  -50.727  43.323  7.860 0.0000000000
118085  -51.131  43.311  8.040 0.0000000000
118102  -45.512  43.577  5.044 0.0000000000
118108  -46.203  42.647  4.329 0.0000000000
118112  -44.859  43.820  3.771 0.0000000000
118114  -46.267  43.067  3.570 0.0000000000
118161  -52.289  42.824  -1.527 0.0000000000
118656  -50.398  44.199  9.642 0.0000000000
118667  -47.146  44.958  8.249 0.0000000000
118668  -49.274  43.731  8.688 0.0000000000
118669  -49.969  43.782  8.613 0.0000000000
118671  -51.269  43.669  8.706 0.0000000000
118685  -50.537  43.759  8.140 0.0000000000
118687  -51.209  43.607  8.289 0.0000000000
118696  -46.964  44.507  7.274 0.0000000000
118706  -44.842  44.245  5.319 0.0000000000
118707  -45.463  43.945  5.579 0.0000000000
118708  -46.108  44.023  6.074 0.0000000000
118716  -43.397  44.562  4.211 0.0000000000
118719  -50.749  44.722  4.078 0.0000000000
118720  -51.556  44.839  4.158 0.0000000000
118723  -53.667  45.145  3.975 0.0000000000
118727  -42.650  45.122  3.854 0.0000000000
118728  -42.997  44.745  3.665 0.0000000000
118730  -44.965  44.296  3.349 0.0000000000
118742  -53.151  44.856  2.066 0.0000000000
118751  -53.011  45.143  -0.135 0.0000000000
118752  -53.177  44.620  0.392 0.0000000000
118762  -53.024  44.696  -0.102 0.0000000000
119292  -46.719  45.431  7.951 0.0000000000
119303  -46.961  45.266  7.631 0.0000000000
119309  -44.893  45.583  6.699 0.0000000000
119310  -46.127  44.701  6.722 0.0000000000
119334  -42.973  45.083  4.553 0.0000000000
119335  -43.692  44.811  4.779 0.0000000000
119340  -53.243  45.541  4.036 0.0000000000
119361  -52.562  45.770  1.834 0.0000000000
119373  -44.770  45.742  2.630 0.0000000000
119376  -52.321  45.883  1.691 0.0000000000
119395  -52.558  45.213  0.414 0.0000000000
119966  -45.251  45.384  6.706 0.0000000000
119973  -45.538  45.197  6.596 0.0000000000
119985  -41.583  46.866  4.363 0.0000000000
119987  -42.681  45.785  4.726 0.0000000000
119992  -52.647  46.313  4.032 0.0000000000
120006  -52.437  45.949  1.860 0.0000000000
120007  -52.483  45.937  2.003 0.0000000000
120015  -44.255  46.355  2.437 0.0000000000
120634  -43.858  47.400  5.789 0.0000000000
120637  -41.409  47.295  4.473 0.0000000000
120644  -52.643  46.195  3.597 0.0000000000
120657  -52.495  46.404  3.316 0.0000000000
120666  -51.302  46.696  1.727 0.0000000000
121977  -51.623  48.697  3.372 0.0000000000
122697  -51.566  49.825  1.015 0.0000000000
134212  -54.734  26.087  4.658 0.0000000000
134213  -55.337  25.208  3.805 0.0000000000
134217  -53.621  29.534  8.333 0.0000000000
134218  -53.644  29.848  8.585 0.0000000000
134219  -54.341  29.493  9.578 0.0000000000
134220  -54.221  30.005  9.652 0.0000000000
134221  -53.814  30.140  9.052 0.0000000000
