#!ascii label  , from subject 3207 vox2ras=TkReg
1952
69703  53.558  1.990  11.814 0.0000000000
52157  43.273  -14.187  31.120 0.0000000000
42371  29.808  -23.329  33.776 0.0000000000
41349  26.018  -24.759  37.192 0.0000000000
46274  39.715  -20.095  36.559 0.0000000000
45387  33.703  -19.550  26.539 0.0000000000
67426  46.033  -0.447  11.318 0.0000000000
77626  55.522  7.870  8.116 0.0000000000
61764  51.880  -3.775  20.550 0.0000000000
57455  42.932  -8.197  22.351 0.0000000000
52312  35.170  -14.495  20.855 0.0000000000
44149  31.666  -21.266  36.488 0.0000000000
39372  28.532  -25.508  35.467 0.0000000000
42301  30.627  -23.142  39.778 0.0000000000
44174  35.531  -20.206  34.040 0.0000000000
67327  53.835  -0.057  20.892 0.0000000000
53018  44.940  -12.853  35.222 0.0000000000
56278  47.935  -10.050  32.352 0.0000000000
58475  47.219  -7.174  27.577 0.0000000000
56327  42.834  -10.431  28.189 0.0000000000
55363  39.187  -11.445  21.912 0.0000000000
52251  39.156  -14.534  25.529 0.0000000000
45393  27.541  -20.465  25.868 0.0000000000
46449  29.244  -19.277  22.220 0.0000000000
131249  55.247  4.233  10.991 0.0000000000
68645  56.459  0.870  7.851 0.0000000000
42425  26.372  -23.148  29.082 0.0000000000
41455  24.191  -25.463  30.091 0.0000000000
48354  43.068  -17.355  33.536 0.0000000000
47359  39.860  -18.160  27.984 0.0000000000
45293  37.499  -20.270  31.031 0.0000000000
44254  31.747  -20.320  29.884 0.0000000000
69732  49.269  1.788  10.846 0.0000000000
43167  28.896  -23.718  44.184 0.0000000000
40311  23.521  -25.596  40.930 0.0000000000
78660  54.677  7.962  14.500 0.0000000000
74153  52.093  5.498  16.397 0.0000000000
68525  51.833  0.734  16.324 0.0000000000
63994  49.814  -3.570  15.337 0.0000000000
59665  46.624  -6.665  15.933 0.0000000000
61684  50.950  -4.023  26.530 0.0000000000
60643  47.220  -5.053  22.267 0.0000000000
58600  42.537  -7.522  17.055 0.0000000000
57529  38.728  -9.048  17.169 0.0000000000
48465  35.309  -18.248  23.475 0.0000000000
47231  30.931  -19.803  37.969 0.0000000000
44122  30.639  -22.506  38.435 0.0000000000
46226  29.929  -20.617  39.641 0.0000000000
48314  33.404  -19.248  36.146 0.0000000000
52118  45.544  -14.135  32.961 0.0000000000
54088  46.345  -12.317  31.917 0.0000000000
55189  45.189  -10.604  30.482 0.0000000000
55192  42.911  -11.942  29.916 0.0000000000
54172  40.746  -12.560  26.946 0.0000000000
52188  41.291  -14.654  28.777 0.0000000000
43376  25.175  -23.432  23.986 0.0000000000
44340  26.072  -22.603  23.056 0.0000000000
70806  54.740  2.658  12.186 0.0000000000
68611  56.219  0.515  10.243 0.0000000000
68630  55.181  0.724  9.562 0.0000000000
42383  28.239  -23.438  31.527 0.0000000000
42409  24.890  -24.224  29.345 0.0000000000
41435  27.168  -24.162  31.827 0.0000000000
40358  27.784  -25.291  36.445 0.0000000000
41399  25.301  -24.744  33.471 0.0000000000
41383  23.722  -25.112  34.990 0.0000000000
40360  23.096  -26.028  36.803 0.0000000000
50186  43.087  -16.594  36.218 0.0000000000
47266  41.495  -19.289  35.596 0.0000000000
46327  40.876  -19.991  32.316 0.0000000000
45258  39.231  -19.752  34.107 0.0000000000
43241  32.294  -21.589  33.909 0.0000000000
44196  34.086  -20.910  32.406 0.0000000000
44199  31.382  -21.428  32.453 0.0000000000
44257  28.689  -21.598  29.831 0.0000000000
68617  47.728  1.201  11.264 0.0000000000
67470  48.489  -0.224  8.048 0.0000000000
66341  46.837  -1.054  8.090 0.0000000000
40284  22.579  -26.011  42.511 0.0000000000
71915  52.248  3.365  17.179 0.0000000000
70738  54.090  2.572  18.170 0.0000000000
63945  53.134  -2.013  20.316 0.0000000000
65100  52.754  -1.740  17.995 0.0000000000
61811  50.660  -3.688  17.736 0.0000000000
61824  48.583  -5.316  15.581 0.0000000000
60707  49.489  -5.218  18.161 0.0000000000
58501  44.232  -7.741  25.601 0.0000000000
59565  47.153  -5.728  24.592 0.0000000000
58547  44.281  -6.705  21.998 0.0000000000
59606  44.886  -6.435  19.657 0.0000000000
58558  42.553  -7.296  20.246 0.0000000000
57545  40.038  -8.508  16.441 0.0000000000
57482  40.894  -8.500  20.321 0.0000000000
55398  36.802  -11.365  19.254 0.0000000000
45364  36.677  -19.093  27.222 0.0000000000
47386  37.008  -18.503  25.211 0.0000000000
46428  35.027  -18.916  24.594 0.0000000000
47444  30.237  -18.604  20.544 0.0000000000
76577  54.806  8.123  6.396 0.0000000000
75398  55.210  6.651  7.499 0.0000000000
42338  31.169  -22.806  35.468 0.0000000000
40397  29.386  -24.513  34.687 0.0000000000
41347  30.933  -24.260  37.103 0.0000000000
40334  30.599  -25.038  37.835 0.0000000000
40321  29.128  -25.061  38.781 0.0000000000
47226  37.313  -19.260  38.211 0.0000000000
45241  37.528  -19.890  34.974 0.0000000000
46262  35.811  -19.499  36.311 0.0000000000
45225  33.085  -20.007  35.378 0.0000000000
71880  54.798  2.943  20.674 0.0000000000
63885  52.920  -1.992  23.040 0.0000000000
57379  47.623  -8.422  30.567 0.0000000000
57398  45.072  -8.432  28.409 0.0000000000
56358  42.950  -9.505  25.491 0.0000000000
57457  40.813  -9.532  22.622 0.0000000000
55324  40.673  -11.004  24.225 0.0000000000
53191  38.900  -12.638  24.222 0.0000000000
52288  37.007  -14.567  22.878 0.0000000000
45370  31.170  -19.691  26.946 0.0000000000
46418  31.811  -19.829  24.472 0.0000000000
46421  28.474  -19.581  24.221 0.0000000000
74227  55.667  5.898  9.452 0.0000000000
73156  55.383  3.994  8.802 0.0000000000
70841  56.477  1.515  9.737 0.0000000000
41418  25.838  -24.657  32.493 0.0000000000
50192  44.484  -15.522  34.461 0.0000000000
49342  43.394  -16.194  32.436 0.0000000000
49368  41.968  -16.621  30.175 0.0000000000
47315  41.348  -18.559  31.022 0.0000000000
46355  39.368  -19.249  29.865 0.0000000000
45325  36.147  -20.450  29.057 0.0000000000
44193  36.795  -20.802  33.035 0.0000000000
44251  34.939  -20.205  30.185 0.0000000000
45327  33.818  -20.567  28.342 0.0000000000
45350  29.534  -20.516  28.014 0.0000000000
44284  26.991  -21.826  27.911 0.0000000000
69718  51.489  1.865  10.704 0.0000000000
67455  52.811  0.454  8.696 0.0000000000
67468  50.565  -0.015  7.670 0.0000000000
42276  30.311  -23.158  42.493 0.0000000000
40293  27.548  -24.548  41.134 0.0000000000
40268  27.159  -24.667  43.288 0.0000000000
41328  25.198  -25.083  39.215 0.0000000000
77602  54.219  7.689  11.384 0.0000000000
131264  54.902  6.303  12.919 0.0000000000
73106  55.104  4.562  13.919 0.0000000000
71945  52.828  4.023  14.279 0.0000000000
70781  50.850  2.924  14.268 0.0000000000
69674  49.570  1.310  14.662 0.0000000000
68550  48.653  -0.290  14.516 0.0000000000
67360  53.101  0.197  17.899 0.0000000000
66291  50.728  -1.512  15.559 0.0000000000
66306  47.624  -1.734  13.513 0.0000000000
64028  46.370  -3.254  13.868 0.0000000000
61841  45.505  -5.589  14.199 0.0000000000
61726  51.341  -4.385  23.623 0.0000000000
59520  49.046  -5.500  27.490 0.0000000000
60617  49.245  -5.058  24.826 0.0000000000
60667  49.471  -4.762  20.923 0.0000000000
59603  47.242  -5.695  18.793 0.0000000000
58631  44.961  -7.057  16.283 0.0000000000
56453  38.660  -10.058  20.224 0.0000000000
50331  39.716  -16.503  26.977 0.0000000000
50352  37.492  -16.451  24.464 0.0000000000
50373  35.115  -16.514  22.296 0.0000000000
47409  32.370  -18.750  22.427 0.0000000000
48484  32.343  -17.930  20.994 0.0000000000
47215  30.482  -19.668  38.771 0.0000000000
48254  30.704  -18.761  38.812 0.0000000000
51186  44.624  -14.810  32.338 0.0000000000
53050  46.327  -13.379  32.163 0.0000000000
53062  44.482  -13.366  31.510 0.0000000000
54103  44.473  -12.426  31.014 0.0000000000
53070  43.323  -13.487  30.750 0.0000000000
54119  42.267  -13.247  29.311 0.0000000000
52171  42.465  -14.484  30.156 0.0000000000
69702  54.457  1.903  11.916 0.0000000000
68575  54.991  1.634  11.187 0.0000000000
68594  53.990  1.344  10.729 0.0000000000
42372  29.009  -23.421  32.705 0.0000000000
42384  27.407  -23.840  31.291 0.0000000000
41433  28.418  -23.965  32.609 0.0000000000
40359  27.042  -24.710  36.717 0.0000000000
41366  26.032  -24.727  35.319 0.0000000000
41360  24.878  -24.643  36.688 0.0000000000
40368  23.113  -26.152  35.673 0.0000000000
41368  23.782  -25.029  36.147 0.0000000000
47224  39.222  -18.820  38.349 0.0000000000
47239  40.578  -18.793  37.087 0.0000000000
48313  41.593  -18.468  36.599 0.0000000000
46273  40.680  -20.072  36.365 0.0000000000
45238  40.034  -19.639  34.468 0.0000000000
45239  39.619  -19.919  35.110 0.0000000000
43243  31.445  -22.582  33.767 0.0000000000
43253  31.865  -21.747  33.291 0.0000000000
43255  30.278  -22.474  33.191 0.0000000000
43269  29.163  -22.524  31.827 0.0000000000
68600  46.545  0.138  11.510 0.0000000000
67456  46.686  -0.081  9.304 0.0000000000
67457  45.902  -0.475  9.502 0.0000000000
74122  54.362  5.137  19.428 0.0000000000
73048  53.315  4.033  18.434 0.0000000000
73038  54.599  4.152  19.215 0.0000000000
62853  52.814  -2.718  20.958 0.0000000000
62880  52.278  -3.162  19.256 0.0000000000
61788  51.823  -3.645  19.421 0.0000000000
60721  49.954  -4.707  17.911 0.0000000000
60688  50.728  -4.446  19.930 0.0000000000
57438  43.209  -7.824  24.255 0.0000000000
58524  44.585  -6.430  24.018 0.0000000000
58537  43.725  -7.422  22.524 0.0000000000
58548  43.807  -7.103  21.702 0.0000000000
57470  42.893  -7.970  21.479 0.0000000000
57481  41.649  -7.639  19.820 0.0000000000
57471  42.015  -8.052  21.195 0.0000000000
46386  35.690  -19.452  26.544 0.0000000000
46401  35.856  -19.125  25.930 0.0000000000
46402  35.188  -19.217  25.812 0.0000000000
76566  55.256  7.671  7.236 0.0000000000
75397  55.443  6.461  8.013 0.0000000000
43220  31.089  -22.537  36.338 0.0000000000
41357  30.828  -23.915  36.232 0.0000000000
42324  31.124  -23.214  36.784 0.0000000000
43201  30.776  -22.940  39.201 0.0000000000
41325  31.095  -24.027  38.556 0.0000000000
41326  30.622  -24.256  38.904 0.0000000000
40320  29.737  -24.989  38.663 0.0000000000
41318  30.200  -23.802  39.710 0.0000000000
47227  36.466  -19.072  37.719 0.0000000000
46247  36.310  -19.180  37.044 0.0000000000
47228  35.557  -19.028  37.140 0.0000000000
46264  31.979  -20.156  36.117 0.0000000000
46279  32.967  -19.796  35.634 0.0000000000
45226  32.106  -20.670  36.011 0.0000000000
43226  31.405  -22.056  35.399 0.0000000000
56269  46.613  -10.497  33.172 0.0000000000
57341  46.796  -9.082  33.041 0.0000000000
58419  47.661  -8.328  32.650 0.0000000000
58441  48.145  -8.369  31.352 0.0000000000
56292  47.536  -9.502  31.200 0.0000000000
56314  43.915  -10.133  29.000 0.0000000000
56313  44.956  -9.549  29.468 0.0000000000
56326  43.252  -9.350  27.662 0.0000000000
56339  43.553  -9.414  26.373 0.0000000000
56340  42.646  -10.242  26.768 0.0000000000
56359  41.884  -10.088  25.599 0.0000000000
56341  41.589  -10.628  26.491 0.0000000000
53116  39.922  -13.424  26.761 0.0000000000
54195  39.895  -11.908  25.575 0.0000000000
53143  39.245  -13.594  25.279 0.0000000000
53192  38.055  -13.371  23.573 0.0000000000
52265  38.374  -14.522  24.679 0.0000000000
45392  28.683  -19.922  26.048 0.0000000000
46404  29.807  -19.670  25.349 0.0000000000
45408  28.171  -19.970  25.176 0.0000000000
74211  55.600  4.801  10.038 0.0000000000
73147  55.619  3.915  9.511 0.0000000000
70832  56.419  1.957  10.095 0.0000000000
67450  57.247  -0.116  9.485 0.0000000000
42449  24.722  -23.585  27.577 0.0000000000
42428  24.150  -24.323  27.698 0.0000000000
40384  29.033  -25.240  35.034 0.0000000000
40419  28.073  -24.773  33.501 0.0000000000
40400  27.866  -24.958  34.102 0.0000000000
40420  23.458  -26.589  32.592 0.0000000000
41419  24.339  -25.198  32.288 0.0000000000
49291  43.119  -17.441  35.469 0.0000000000
49278  43.398  -16.752  35.600 0.0000000000
49304  44.406  -17.649  34.023 0.0000000000
49317  44.478  -16.407  33.176 0.0000000000
48361  43.608  -17.358  33.061 0.0000000000
48381  42.540  -17.142  31.288 0.0000000000
47293  42.164  -17.982  32.277 0.0000000000
45278  39.478  -19.505  32.329 0.0000000000
46338  40.438  -19.750  31.402 0.0000000000
45292  38.796  -19.596  30.646 0.0000000000
45324  37.044  -19.902  28.982 0.0000000000
45308  36.780  -20.550  30.029 0.0000000000
44159  36.465  -20.405  34.898 0.0000000000
44171  37.452  -20.455  34.538 0.0000000000
44185  36.298  -20.596  33.490 0.0000000000
44211  33.019  -20.626  31.799 0.0000000000
44209  35.177  -21.353  31.764 0.0000000000
44252  33.945  -20.162  29.943 0.0000000000
44269  33.775  -20.288  28.963 0.0000000000
45310  32.276  -19.882  29.256 0.0000000000
45329  32.052  -19.729  28.672 0.0000000000
45311  31.477  -20.212  29.303 0.0000000000
43295  27.408  -22.603  29.602 0.0000000000
44272  27.692  -21.857  28.787 0.0000000000
43319  26.414  -22.452  27.978 0.0000000000
69719  50.112  2.114  11.304 0.0000000000
69730  50.955  1.600  9.752 0.0000000000
69747  50.050  1.535  9.571 0.0000000000
66354  49.250  -1.353  6.963 0.0000000000
42277  29.835  -23.487  42.895 0.0000000000
40278  28.990  -24.076  41.395 0.0000000000
41288  28.713  -24.278  43.305 0.0000000000
40282  24.891  -25.233  42.444 0.0000000000
40295  25.403  -25.224  41.556 0.0000000000
40309  25.846  -25.149  40.560 0.0000000000
40326  23.856  -25.203  39.889 0.0000000000
40339  23.558  -25.477  38.897 0.0000000000
40340  22.985  -26.121  39.446 0.0000000000
79804  54.555  9.714  10.302 0.0000000000
78681  54.043  8.334  12.692 0.0000000000
76494  54.722  6.908  13.654 0.0000000000
131265  55.651  5.583  13.420 0.0000000000
75324  55.524  6.612  14.127 0.0000000000
75300  53.079  6.588  15.988 0.0000000000
74181  52.819  5.769  14.288 0.0000000000
73080  52.053  4.697  15.211 0.0000000000
71960  51.587  3.268  13.798 0.0000000000
73081  51.770  4.222  15.536 0.0000000000
69643  52.085  1.505  16.774 0.0000000000
69645  50.617  1.797  15.985 0.0000000000
69657  50.328  1.223  15.628 0.0000000000
68562  48.621  0.440  14.339 0.0000000000
68548  49.966  0.208  15.249 0.0000000000
69610  54.432  1.221  20.632 0.0000000000
69623  54.487  1.522  18.936 0.0000000000
67348  53.701  0.281  19.147 0.0000000000
63991  51.992  -3.011  16.297 0.0000000000
65120  52.444  -1.795  16.297 0.0000000000
65122  50.832  -2.283  15.672 0.0000000000
66304  49.200  -1.939  14.022 0.0000000000
64025  49.147  -3.306  14.013 0.0000000000
64027  47.398  -2.967  14.127 0.0000000000
64007  48.649  -3.666  14.566 0.0000000000
59663  48.024  -6.244  15.967 0.0000000000
61833  46.855  -5.150  15.013 0.0000000000
60744  46.553  -5.914  15.115 0.0000000000
59675  45.104  -6.923  14.463 0.0000000000
61706  51.050  -4.226  25.064 0.0000000000
59502  48.056  -6.606  29.111 0.0000000000
59511  48.365  -5.971  28.405 0.0000000000
59522  47.630  -6.664  27.418 0.0000000000
59575  46.819  -5.540  23.716 0.0000000000
59564  48.292  -5.539  24.973 0.0000000000
60630  48.401  -4.959  23.537 0.0000000000
60640  49.613  -4.585  23.064 0.0000000000
60656  48.020  -4.975  21.407 0.0000000000
61766  48.175  -4.955  19.769 0.0000000000
60670  46.895  -5.619  20.202 0.0000000000
58582  43.447  -7.229  18.563 0.0000000000
59639  44.840  -6.873  18.402 0.0000000000
58617  43.259  -7.366  16.479 0.0000000000
59668  43.448  -7.587  15.222 0.0000000000
59656  42.847  -7.733  15.511 0.0000000000
57543  41.827  -7.850  15.925 0.0000000000
58621  39.381  -8.717  17.018 0.0000000000
57563  39.267  -9.097  15.375 0.0000000000
56413  39.899  -10.484  22.655 0.0000000000
56439  39.603  -10.121  21.432 0.0000000000
56441  38.385  -10.611  20.424 0.0000000000
56470  36.637  -10.671  18.300 0.0000000000
49382  41.196  -17.492  28.739 0.0000000000
50315  41.118  -16.861  28.467 0.0000000000
48432  39.788  -17.799  27.660 0.0000000000
48457  36.446  -18.247  24.328 0.0000000000
49420  37.493  -17.713  24.877 0.0000000000
49431  36.391  -17.837  23.958 0.0000000000
50362  36.294  -16.732  23.429 0.0000000000
49450  34.934  -17.471  22.569 0.0000000000
46433  30.627  -19.298  23.654 0.0000000000
46431  32.464  -19.494  23.836 0.0000000000
46447  31.485  -18.972  22.887 0.0000000000
47443  31.025  -18.185  20.778 0.0000000000
49478  32.526  -17.243  20.093 0.0000000000
70853  55.727  1.997  8.789 0.0000000000
72020  55.032  3.419  8.512 0.0000000000
67465  53.589  -0.078  8.473 0.0000000000
46249  31.207  -20.336  37.194 0.0000000000
44129  31.030  -22.487  37.758 0.0000000000
46234  30.928  -20.917  38.159 0.0000000000
45178  30.341  -21.546  38.855 0.0000000000
45163  29.929  -21.772  40.079 0.0000000000
47230  31.599  -19.105  37.198 0.0000000000
52088  45.165  -13.675  34.416 0.0000000000
54046  45.541  -11.924  34.722 0.0000000000
53042  45.882  -12.803  33.181 0.0000000000
54064  46.405  -12.099  32.652 0.0000000000
55162  46.896  -11.202  31.641 0.0000000000
55175  46.340  -10.546  31.370 0.0000000000
55176  45.552  -11.055  31.255 0.0000000000
55191  43.679  -11.395  29.731 0.0000000000
55209  42.613  -11.664  28.908 0.0000000000
55255  41.416  -11.572  27.091 0.0000000000
55210  42.123  -12.332  28.449 0.0000000000
53114  41.456  -13.320  27.862 0.0000000000
52229  40.197  -14.619  27.373 0.0000000000
44313  25.864  -21.790  25.166 0.0000000000
45410  26.332  -21.118  24.350 0.0000000000
44341  25.645  -22.819  23.781 0.0000000000
70805  55.289  2.595  11.619 0.0000000000
69716  55.959  1.627  10.908 0.0000000000
68574  55.558  1.475  11.060 0.0000000000
68612  55.564  0.776  10.111 0.0000000000
42406  27.006  -22.972  29.892 0.0000000000
42427  24.735  -23.850  28.702 0.0000000000
42397  26.559  -23.907  30.608 0.0000000000
42398  25.966  -24.296  30.288 0.0000000000
41453  25.924  -24.452  30.821 0.0000000000
39373  28.261  -25.572  35.771 0.0000000000
40401  27.288  -24.801  34.471 0.0000000000
40387  27.150  -24.813  35.190 0.0000000000
41382  24.938  -24.699  34.550 0.0000000000
39358  22.796  -27.462  35.288 0.0000000000
48311  42.863  -18.020  35.768 0.0000000000
47264  42.117  -17.668  34.595 0.0000000000
47284  41.413  -18.299  33.278 0.0000000000
46301  40.703  -18.876  33.662 0.0000000000
45257  40.071  -19.552  33.638 0.0000000000
45279  38.299  -19.649  32.738 0.0000000000
44175  34.250  -20.250  33.907 0.0000000000
44186  35.304  -20.370  33.204 0.0000000000
44188  32.993  -20.778  33.140 0.0000000000
44198  32.009  -21.254  32.552 0.0000000000
44212  32.042  -20.877  31.709 0.0000000000
44234  30.754  -20.854  30.479 0.0000000000
44214  29.908  -21.527  31.415 0.0000000000
43283  28.503  -22.471  30.745 0.0000000000
69733  48.468  1.530  11.016 0.0000000000
68636  49.128  1.297  9.217 0.0000000000
68650  48.226  0.649  8.831 0.0000000000
67483  47.640  -0.668  7.681 0.0000000000
40271  24.242  -25.189  43.222 0.0000000000
40297  23.060  -25.756  41.722 0.0000000000
39322  22.513  -27.199  39.801 0.0000000000
39312  22.365  -27.273  40.615 0.0000000000
74142  52.888  5.233  18.056 0.0000000000
73068  52.072  4.387  16.910 0.0000000000
73057  52.630  4.306  17.801 0.0000000000
70746  52.630  2.569  17.295 0.0000000000
69632  52.953  1.588  17.195 0.0000000000
66231  53.573  -0.535  20.562 0.0000000000
66245  53.055  -0.647  19.028 0.0000000000
63969  52.693  -2.130  18.724 0.0000000000
63971  51.891  -2.780  17.819 0.0000000000
62899  51.094  -3.951  16.420 0.0000000000
62915  49.211  -4.485  15.422 0.0000000000
61813  49.837  -4.728  16.658 0.0000000000
60723  49.279  -5.358  17.071 0.0000000000
59635  48.092  -6.037  17.367 0.0000000000
59536  45.631  -6.983  26.782 0.0000000000
59534  47.399  -6.399  26.678 0.0000000000
59566  45.892  -6.287  25.025 0.0000000000
59576  45.818  -5.859  23.599 0.0000000000
60645  45.617  -5.596  22.048 0.0000000000
60671  45.985  -5.604  20.253 0.0000000000
58566  44.362  -6.339  20.449 0.0000000000
58568  43.220  -6.725  19.554 0.0000000000
58583  42.626  -7.617  18.101 0.0000000000
57509  41.761  -7.718  17.603 0.0000000000
57493  41.726  -7.658  18.654 0.0000000000
57511  40.377  -8.169  18.626 0.0000000000
58585  39.316  -8.732  18.627 0.0000000000
54252  38.474  -12.401  22.020 0.0000000000
55380  37.666  -11.795  20.396 0.0000000000
54264  36.822  -12.532  20.469 0.0000000000
54292  35.037  -12.040  18.668 0.0000000000
54308  33.858  -12.577  17.452 0.0000000000
46383  38.132  -18.468  27.342 0.0000000000
47373  38.801  -18.167  26.673 0.0000000000
46399  37.368  -18.650  26.237 0.0000000000
47376  36.666  -18.666  25.477 0.0000000000
47395  35.145  -18.701  24.039 0.0000000000
46464  30.129  -18.752  21.512 0.0000000000
46484  29.035  -19.835  20.106 0.0000000000
77651  55.194  8.477  6.779 0.0000000000
75408  54.884  7.101  7.049 0.0000000000
74251  54.540  5.415  7.575 0.0000000000
42348  31.254  -23.053  34.513 0.0000000000
41395  29.738  -24.040  34.483 0.0000000000
41379  30.292  -24.052  34.847 0.0000000000
40363  30.020  -24.492  35.327 0.0000000000
40357  29.807  -25.157  36.581 0.0000000000
42325  31.186  -23.746  37.323 0.0000000000
40333  30.970  -24.665  37.579 0.0000000000
39338  29.355  -25.461  36.946 0.0000000000
39339  29.093  -25.604  37.186 0.0000000000
39330  28.842  -25.667  37.998 0.0000000000
40337  28.014  -25.165  38.231 0.0000000000
46244  38.987  -19.824  38.060 0.0000000000
45220  38.089  -19.428  35.941 0.0000000000
46260  37.531  -19.799  37.187 0.0000000000
45204  36.460  -19.337  35.800 0.0000000000
45223  35.760  -20.078  35.615 0.0000000000
47242  34.944  -19.401  36.592 0.0000000000
45224  34.760  -19.925  35.478 0.0000000000
45244  34.655  -19.941  35.133 0.0000000000
44162  32.834  -20.522  34.783 0.0000000000
43235  31.611  -22.454  34.572 0.0000000000
66319  45.361  -1.296  11.517 0.0000000000
66332  45.033  -0.841  9.579 0.0000000000
66333  44.401  -1.388  9.753 0.0000000000
71881  54.572  3.820  20.746 0.0000000000
67314  54.205  -0.404  21.605 0.0000000000
66200  54.942  -1.186  21.875 0.0000000000
63901  53.881  -1.747  22.017 0.0000000000
62836  52.745  -2.625  22.001 0.0000000000
58449  48.299  -7.227  30.058 0.0000000000
58467  46.582  -7.843  28.835 0.0000000000
56302  46.254  -8.980  30.749 0.0000000000
57388  45.772  -8.502  29.440 0.0000000000
58477  45.838  -7.976  28.061 0.0000000000
58490  44.356  -7.995  26.360 0.0000000000
57427  43.553  -8.202  25.172 0.0000000000
57429  42.566  -9.036  24.198 0.0000000000
57456  41.741  -8.872  22.386 0.0000000000
56394  41.760  -9.717  23.557 0.0000000000
56395  40.930  -10.300  23.509 0.0000000000
55345  39.802  -11.101  23.203 0.0000000000
55278  40.350  -11.369  25.687 0.0000000000
54222  39.751  -11.782  24.394 0.0000000000
54238  38.964  -11.837  23.327 0.0000000000
53211  38.004  -13.032  22.698 0.0000000000
53212  37.410  -13.631  22.273 0.0000000000
52301  36.220  -14.507  21.915 0.0000000000
45389  31.896  -19.662  26.117 0.0000000000
45405  32.664  -19.612  25.413 0.0000000000
45407  31.371  -19.804  25.033 0.0000000000
46420  29.726  -19.467  24.400 0.0000000000
46435  28.317  -19.407  22.993 0.0000000000
45418  26.837  -20.569  23.501 0.0000000000
46436  27.312  -19.938  22.657 0.0000000000
76524  55.285  7.114  8.857 0.0000000000
75384  55.474  6.371  8.403 0.0000000000
73155  55.474  4.131  9.067 0.0000000000
72018  55.674  2.706  9.117 0.0000000000
69758  56.426  1.119  8.806 0.0000000000
69729  56.525  1.242  10.085 0.0000000000
67449  57.235  0.116  9.445 0.0000000000
41415  28.244  -24.452  33.048 0.0000000000
41417  26.978  -24.418  32.559 0.0000000000
41437  25.220  -24.714  31.469 0.0000000000
41398  26.797  -24.584  33.530 0.0000000000
52089  44.607  -14.197  34.783 0.0000000000
51138  44.816  -14.928  33.645 0.0000000000
50233  44.408  -15.426  32.997 0.0000000000
50251  43.390  -15.602  31.836 0.0000000000
50287  43.230  -15.578  30.289 0.0000000000
49353  42.902  -16.448  30.779 0.0000000000
48398  41.908  -17.130  30.367 0.0000000000
47338  40.566  -18.273  29.273 0.0000000000
46336  41.479  -19.373  31.886 0.0000000000
46353  40.280  -18.799  30.695 0.0000000000
46371  39.792  -18.614  28.766 0.0000000000
45323  38.109  -19.199  28.761 0.0000000000
45343  36.435  -19.926  28.053 0.0000000000
45366  35.065  -19.857  27.181 0.0000000000
45260  37.898  -19.993  34.615 0.0000000000
45272  37.589  -20.586  33.558 0.0000000000
44227  37.047  -20.498  31.869 0.0000000000
44194  36.103  -20.575  32.642 0.0000000000
44229  35.903  -20.590  31.196 0.0000000000
45294  36.822  -20.544  30.759 0.0000000000
45309  36.147  -20.582  29.751 0.0000000000
44281  34.680  -20.488  28.409 0.0000000000
45368  33.159  -19.730  27.269 0.0000000000
45347  32.697  -19.642  27.982 0.0000000000
45371  30.194  -19.999  26.985 0.0000000000
45372  29.036  -20.220  27.163 0.0000000000
45332  28.943  -21.065  29.015 0.0000000000
45351  28.277  -21.024  28.164 0.0000000000
45374  26.975  -21.103  26.480 0.0000000000
44314  25.448  -22.473  25.743 0.0000000000
69704  52.469  1.992  11.497 0.0000000000
68595  53.071  1.552  10.636 0.0000000000
68596  52.390  1.545  10.348 0.0000000000
67469  49.615  -0.113  7.936 0.0000000000
66353  50.297  -1.202  6.928 0.0000000000
66358  45.626  -1.722  7.917 0.0000000000
48227  29.704  -19.484  39.752 0.0000000000
46218  29.900  -20.653  40.812 0.0000000000
44097  30.888  -22.420  41.503 0.0000000000
44098  31.368  -22.178  42.092 0.0000000000
42294  30.272  -23.170  41.117 0.0000000000
41310  29.566  -23.807  41.015 0.0000000000
40306  28.756  -24.683  39.643 0.0000000000
40323  27.515  -24.830  39.250 0.0000000000
41289  27.778  -24.810  43.479 0.0000000000
40280  27.231  -24.491  42.493 0.0000000000
40308  26.940  -24.807  40.309 0.0000000000
41327  25.665  -25.042  38.851 0.0000000000
41351  24.105  -24.942  38.260 0.0000000000
78706  55.199  9.020  8.776 0.0000000000
77617  54.997  7.805  9.173 0.0000000000
76517  54.744  7.004  10.045 0.0000000000
76516  54.610  6.189  11.189 0.0000000000
79782  53.713  8.905  11.847 0.0000000000
76509  54.333  7.134  12.276 0.0000000000
131258  54.678  5.246  11.539 0.0000000000
73113  54.637  4.394  12.043 0.0000000000
71970  54.258  3.910  12.765 0.0000000000
71971  53.611  3.394  12.879 0.0000000000
75325  54.615  6.521  14.421 0.0000000000
71944  53.552  4.434  13.867 0.0000000000
70791  53.060  3.103  13.027 0.0000000000
70792  52.093  3.038  13.040 0.0000000000
70793  51.131  2.806  13.353 0.0000000000
69688  50.551  2.453  12.881 0.0000000000
71929  50.712  3.160  15.753 0.0000000000
70782  50.236  2.199  14.878 0.0000000000
69707  48.927  1.514  13.021 0.0000000000
68597  48.256  1.168  12.818 0.0000000000
68579  47.844  0.271  13.174 0.0000000000
67413  47.453  -0.522  13.188 0.0000000000
70731  54.653  2.238  19.332 0.0000000000
69630  54.443  1.293  18.239 0.0000000000
68523  52.877  0.565  16.904 0.0000000000
66271  52.845  -1.125  17.687 0.0000000000
67381  52.426  -0.885  16.194 0.0000000000
67383  51.170  -0.547  15.727 0.0000000000
67391  49.907  -0.666  14.798 0.0000000000
66305  48.422  -1.626  13.720 0.0000000000
66314  46.301  -1.190  12.672 0.0000000000
65159  45.849  -2.112  12.606 0.0000000000
64040  45.936  -2.971  13.190 0.0000000000
62930  47.344  -4.372  14.860 0.0000000000
62940  45.979  -3.984  13.858 0.0000000000
62807  52.190  -3.250  23.413 0.0000000000
61733  51.641  -3.510  22.227 0.0000000000
60584  49.556  -5.039  27.348 0.0000000000
59533  48.306  -6.087  26.542 0.0000000000
59548  49.496  -5.815  25.750 0.0000000000
60604  49.852  -4.798  25.916 0.0000000000
60627  50.376  -4.506  24.167 0.0000000000
60652  50.692  -4.257  22.559 0.0000000000
60676  50.689  -4.308  20.668 0.0000000000
60678  49.400  -4.818  19.946 0.0000000000
60691  48.501  -5.451  18.772 0.0000000000
59636  46.882  -6.043  17.416 0.0000000000
59605  45.681  -6.093  19.278 0.0000000000
59637  45.803  -6.523  17.709 0.0000000000
59652  45.992  -6.589  16.680 0.0000000000
59676  44.573  -7.293  14.626 0.0000000000
57562  40.255  -8.894  15.122 0.0000000000
57576  39.490  -9.349  14.382 0.0000000000
57472  40.830  -8.935  21.561 0.0000000000
57496  38.855  -9.381  19.462 0.0000000000
57512  38.640  -9.154  18.137 0.0000000000
56455  37.360  -10.735  19.176 0.0000000000
57514  37.302  -10.193  18.083 0.0000000000
51237  41.403  -15.438  29.402 0.0000000000
51253  40.611  -15.761  27.899 0.0000000000
51272  39.668  -15.576  26.714 0.0000000000
48446  38.852  -17.958  26.291 0.0000000000
50343  38.793  -16.437  25.520 0.0000000000
51285  38.644  -15.370  25.193 0.0000000000
51295  37.308  -15.582  24.083 0.0000000000
51319  35.941  -15.610  22.318 0.0000000000
51332  35.136  -15.366  21.562 0.0000000000
46416  33.458  -19.304  24.799 0.0000000000
46445  33.009  -19.218  23.351 0.0000000000
47407  34.093  -18.498  23.106 0.0000000000
47425  31.238  -18.432  21.490 0.0000000000
47423  32.907  -18.386  22.066 0.0000000000
48473  34.124  -18.124  22.457 0.0000000000
49462  34.015  -17.178  21.520 0.0000000000
50384  34.127  -16.461  21.210 0.0000000000
74249  55.318  5.609  8.005 0.0000000000
73172  54.745  4.556  7.832 0.0000000000
70862  54.267  2.930  7.387 0.0000000000
68632  53.418  0.665  9.407 0.0000000000
51202  43.883  -14.447  32.047 0.0000000000
52143  44.592  -14.040  31.908 0.0000000000
52156  43.911  -14.070  31.525 0.0000000000
53063  43.938  -13.474  31.034 0.0000000000
52170  42.851  -14.359  30.673 0.0000000000
68576  54.232  1.582  11.313 0.0000000000
68577  53.490  1.687  11.213 0.0000000000
40351  27.100  -24.599  37.681 0.0000000000
41359  25.963  -24.751  36.219 0.0000000000
47240  39.789  -19.022  37.649 0.0000000000
46257  40.158  -19.506  36.884 0.0000000000
47255  40.810  -19.288  36.654 0.0000000000
45218  39.938  -20.493  35.969 0.0000000000
42370  30.541  -22.894  33.640 0.0000000000
43254  31.117  -22.151  33.327 0.0000000000
43256  29.553  -22.716  32.859 0.0000000000
68639  46.235  -0.004  9.934 0.0000000000
67441  45.701  -0.400  10.448 0.0000000000
73039  54.803  4.523  19.666 0.0000000000
62854  52.296  -3.412  20.924 0.0000000000
61775  51.997  -3.861  19.811 0.0000000000
61789  51.271  -3.949  19.512 0.0000000000
61776  51.353  -4.136  20.222 0.0000000000
57454  43.291  -7.844  23.262 0.0000000000
58538  43.528  -7.670  22.002 0.0000000000
45386  34.589  -19.507  26.554 0.0000000000
46387  35.294  -19.406  26.373 0.0000000000
45403  34.275  -19.276  25.937 0.0000000000
77635  55.469  8.108  7.665 0.0000000000
76551  55.477  7.281  8.073 0.0000000000
44136  31.548  -22.446  36.744 0.0000000000
43213  31.207  -22.858  36.873 0.0000000000
41317  30.617  -23.581  39.272 0.0000000000
41308  30.336  -23.240  40.249 0.0000000000
48251  35.886  -17.940  38.488 0.0000000000
48272  35.665  -18.596  37.961 0.0000000000
44148  31.679  -21.396  36.008 0.0000000000
55135  47.231  -10.658  32.622 0.0000000000
56268  47.027  -9.695  32.888 0.0000000000
57349  47.329  -8.943  32.904 0.0000000000
57356  48.010  -9.170  32.645 0.0000000000
57363  48.221  -9.260  31.842 0.0000000000
56284  47.748  -10.020  31.579 0.0000000000
55254  41.988  -10.856  27.036 0.0000000000
53117  39.480  -13.801  25.970 0.0000000000
52264  38.925  -14.190  24.996 0.0000000000
52252  38.808  -14.662  25.082 0.0000000000
131251  55.400  4.327  10.703 0.0000000000
73122  55.636  3.904  10.311 0.0000000000
71980  55.906  3.030  10.444 0.0000000000
42448  25.382  -23.274  28.296 0.0000000000
39371  28.728  -25.434  35.290 0.0000000000
40385  28.442  -25.254  34.893 0.0000000000
48343  42.970  -17.502  34.289 0.0000000000
49290  43.810  -17.238  34.850 0.0000000000
48342  43.673  -18.148  33.898 0.0000000000
48353  43.992  -18.018  33.362 0.0000000000
48362  42.717  -17.279  32.828 0.0000000000
47283  42.166  -17.764  33.036 0.0000000000
45285  38.428  -19.418  31.754 0.0000000000
45284  39.727  -19.554  31.583 0.0000000000
45307  37.951  -20.111  29.729 0.0000000000
44173  36.433  -20.603  34.269 0.0000000000
44232  33.000  -20.406  30.817 0.0000000000
44231  34.041  -20.561  30.943 0.0000000000
44253  32.912  -19.983  29.684 0.0000000000
43296  26.899  -22.935  29.467 0.0000000000
43305  27.191  -22.395  28.938 0.0000000000
43307  25.852  -22.947  28.521 0.0000000000
69731  50.213  1.842  10.350 0.0000000000
43165  29.986  -23.238  43.543 0.0000000000
42268  29.109  -23.867  43.708 0.0000000000
42278  29.216  -23.839  43.137 0.0000000000
40296  24.244  -25.462  41.658 0.0000000000
40310  24.674  -25.236  40.774 0.0000000000
40327  22.873  -26.202  40.305 0.0000000000
80960  54.486  10.229  10.719 0.0000000000
80961  54.361  10.456  11.113 0.0000000000
78673  54.474  8.102  13.748 0.0000000000
77588  54.602  7.537  14.090 0.0000000000
76484  54.690  7.013  14.185 0.0000000000
74166  52.137  5.405  15.394 0.0000000000
73098  51.999  4.217  15.132 0.0000000000
74154  51.710  5.027  16.198 0.0000000000
69644  51.056  1.314  16.365 0.0000000000
69656  50.835  0.706  15.965 0.0000000000
68537  50.685  0.166  15.676 0.0000000000
68492  54.121  0.674  20.294 0.0000000000
68502  54.243  0.751  19.451 0.0000000000
67336  53.798  0.172  19.975 0.0000000000
63992  51.407  -3.300  15.910 0.0000000000
65123  50.032  -2.757  15.326 0.0000000000
65124  49.593  -3.061  15.073 0.0000000000
64006  49.291  -3.545  14.799 0.0000000000
59664  47.529  -6.439  15.970 0.0000000000
60734  47.034  -6.219  15.554 0.0000000000
60745  45.743  -6.289  14.748 0.0000000000
60735  46.255  -6.392  15.413 0.0000000000
61694  50.891  -4.054  25.748 0.0000000000
58466  47.331  -7.331  28.182 0.0000000000
59512  47.849  -6.666  28.352 0.0000000000
60632  46.733  -5.391  23.102 0.0000000000
60631  47.523  -5.223  23.443 0.0000000000
60642  48.229  -5.015  22.505 0.0000000000
60657  47.064  -5.236  21.197 0.0000000000
58599  43.459  -7.388  17.490 0.0000000000
59655  43.124  -7.512  15.725 0.0000000000
58618  42.468  -7.614  15.949 0.0000000000
58619  42.052  -8.075  15.519 0.0000000000
57546  38.963  -8.959  16.328 0.0000000000
56414  39.435  -11.036  22.255 0.0000000000
56427  39.381  -10.702  21.784 0.0000000000
55378  38.957  -11.188  21.374 0.0000000000
48418  40.789  -18.085  28.568 0.0000000000
48419  40.412  -18.009  28.065 0.0000000000
48464  35.864  -18.272  23.946 0.0000000000
49440  35.862  -17.575  23.506 0.0000000000
49441  35.301  -17.815  23.079 0.0000000000
46448  30.321  -18.954  22.659 0.0000000000
69759  55.989  1.362  8.041 0.0000000000
46250  30.908  -20.442  38.015 0.0000000000
46235  30.514  -20.572  38.642 0.0000000000
45164  30.025  -21.235  39.558 0.0000000000
46225  29.876  -21.191  40.016 0.0000000000
48276  31.254  -18.725  38.035 0.0000000000
48275  32.249  -18.174  37.385 0.0000000000
52103  45.207  -14.205  33.713 0.0000000000
53037  45.550  -13.238  33.910 0.0000000000
53043  45.626  -13.592  33.299 0.0000000000
53055  46.062  -13.311  31.775 0.0000000000
53049  46.577  -13.027  32.497 0.0000000000
53054  46.601  -12.933  32.013 0.0000000000
54076  46.861  -12.273  32.138 0.0000000000
55163  46.029  -11.688  31.839 0.0000000000
54117  43.586  -12.613  30.186 0.0000000000
54116  44.243  -11.995  30.205 0.0000000000
54137  42.426  -12.377  29.149 0.0000000000
53083  41.973  -13.785  29.079 0.0000000000
53094  41.608  -13.637  28.413 0.0000000000
53095  41.106  -13.931  28.011 0.0000000000
52228  40.720  -14.207  27.794 0.0000000000
44328  25.427  -22.606  24.614 0.0000000000
69701  55.137  1.943  11.561 0.0000000000
68593  54.867  1.450  10.658 0.0000000000
68592  55.602  1.178  10.700 0.0000000000
67452  55.285  -0.103  9.107 0.0000000000
42395  28.018  -23.090  30.765 0.0000000000
42396  27.371  -23.240  30.513 0.0000000000
41434  27.837  -24.064  32.166 0.0000000000
42385  26.968  -23.989  31.238 0.0000000000
41452  26.619  -24.212  31.227 0.0000000000
39357  28.357  -25.596  36.245 0.0000000000
40366  27.790  -25.347  35.748 0.0000000000
40367  27.010  -24.903  35.911 0.0000000000
41367  24.830  -24.600  35.624 0.0000000000
41400  23.715  -25.308  33.643 0.0000000000
40402  23.148  -26.664  33.612 0.0000000000
40388  23.123  -26.318  34.562 0.0000000000
38384  23.276  -28.592  34.942 0.0000000000
49267  41.891  -17.238  37.134 0.0000000000
47253  41.997  -18.879  35.736 0.0000000000
48312  42.271  -18.305  36.249 0.0000000000
48330  42.351  -18.339  35.591 0.0000000000
47265  41.723  -18.541  35.059 0.0000000000
47274  41.308  -18.025  34.213 0.0000000000
46287  40.868  -18.730  34.531 0.0000000000
45270  39.227  -19.599  33.188 0.0000000000
44176  32.992  -20.702  33.851 0.0000000000
44213  30.975  -21.256  31.731 0.0000000000
43284  27.850  -22.791  30.371 0.0000000000
68637  48.017  1.221  10.053 0.0000000000
67471  47.368  -0.214  8.542 0.0000000000
66356  47.126  -1.500  7.403 0.0000000000
65182  47.380  -2.155  6.770 0.0000000000
40283  23.698  -25.513  42.463 0.0000000000
40298  22.131  -26.570  41.830 0.0000000000
40312  22.631  -26.423  41.116 0.0000000000
39305  21.989  -27.476  41.346 0.0000000000
73049  53.004  4.549  18.196 0.0000000000
71898  54.017  3.272  18.462 0.0000000000
71905  53.094  3.200  17.940 0.0000000000
70744  53.660  2.675  17.898 0.0000000000
70745  53.211  2.512  17.621 0.0000000000
63944  53.295  -1.528  20.635 0.0000000000
65078  53.126  -1.174  20.069 0.0000000000
63957  52.807  -2.221  19.407 0.0000000000
62889  51.691  -3.099  18.481 0.0000000000
62890  51.198  -3.085  17.801 0.0000000000
62898  51.048  -3.471  17.065 0.0000000000
61821  50.527  -4.364  16.384 0.0000000000
61812  50.368  -4.285  17.187 0.0000000000
60706  50.063  -4.612  18.666 0.0000000000
60722  49.672  -4.994  17.463 0.0000000000
60708  49.222  -5.496  17.679 0.0000000000
60709  48.817  -5.689  17.373 0.0000000000
59633  49.163  -5.606  18.018 0.0000000000
59553  45.285  -6.838  26.080 0.0000000000
59552  45.899  -6.432  26.107 0.0000000000
58513  44.898  -6.642  25.245 0.0000000000
58536  44.362  -6.697  22.949 0.0000000000
59577  44.897  -6.210  23.253 0.0000000000
59585  45.645  -5.709  22.642 0.0000000000
59586  44.965  -5.984  22.429 0.0000000000
59592  44.781  -6.202  21.348 0.0000000000
58555  44.266  -6.509  21.163 0.0000000000
58557  43.235  -6.868  20.609 0.0000000000
58556  43.816  -6.695  20.947 0.0000000000
58569  42.545  -7.356  19.143 0.0000000000
57494  40.972  -8.127  19.177 0.0000000000
58601  39.765  -8.185  18.187 0.0000000000
58570  39.796  -8.542  19.273 0.0000000000
54253  37.858  -12.660  21.600 0.0000000000
54263  37.531  -12.374  20.926 0.0000000000
54293  34.521  -12.494  18.607 0.0000000000
55415  34.897  -11.940  18.364 0.0000000000
45362  37.731  -18.556  27.517 0.0000000000
46398  37.888  -18.490  26.568 0.0000000000
46385  36.792  -18.796  26.523 0.0000000000
46414  35.520  -18.955  25.148 0.0000000000
46413  36.161  -18.832  25.486 0.0000000000
47388  35.577  -18.766  24.557 0.0000000000
75407  55.171  7.380  7.117 0.0000000000
75399  54.811  6.257  7.298 0.0000000000
42349  30.909  -23.694  34.991 0.0000000000
42339  31.008  -23.305  35.462 0.0000000000
41365  30.624  -24.093  35.673 0.0000000000
41358  30.663  -24.329  36.613 0.0000000000
40356  30.214  -24.656  36.161 0.0000000000
43214  31.270  -22.963  37.417 0.0000000000
43207  31.150  -23.017  38.324 0.0000000000
40318  31.020  -24.675  38.259 0.0000000000
41336  31.247  -24.279  37.833 0.0000000000
40349  29.952  -25.222  37.391 0.0000000000
39328  29.439  -25.495  37.618 0.0000000000
39318  29.392  -25.420  38.188 0.0000000000
39319  29.004  -25.508  38.293 0.0000000000
39331  28.601  -25.480  38.069 0.0000000000
40322  28.519  -25.133  38.833 0.0000000000
48270  37.586  -18.305  38.621 0.0000000000
47225  38.285  -19.151  38.434 0.0000000000
46245  37.910  -20.216  38.125 0.0000000000
46259  38.413  -19.932  37.137 0.0000000000
46261  36.763  -19.218  36.732 0.0000000000
45205  36.065  -19.899  35.833 0.0000000000
46276  35.762  -19.892  35.988 0.0000000000
48295  33.747  -18.876  36.572 0.0000000000
48294  34.491  -19.058  36.873 0.0000000000
47243  34.290  -19.254  36.566 0.0000000000
46278  34.133  -20.086  35.919 0.0000000000
45245  34.026  -20.111  35.136 0.0000000000
43227  31.401  -22.515  35.066 0.0000000000
43234  32.123  -21.700  34.601 0.0000000000
66326  44.616  -1.210  10.325 0.0000000000
67299  54.545  -0.727  22.305 0.0000000000
65012  53.386  -1.500  23.054 0.0000000000
65032  54.294  -1.486  22.348 0.0000000000
65033  53.621  -1.713  22.529 0.0000000000
62821  52.628  -2.601  22.848 0.0000000000
54045  45.807  -11.802  34.389 0.0000000000
58450  48.063  -8.117  30.539 0.0000000000
58458  47.583  -7.522  29.572 0.0000000000
58459  46.842  -7.795  29.704 0.0000000000
56294  46.086  -10.240  31.088 0.0000000000
56293  46.803  -9.756  31.201 0.0000000000
56303  45.663  -9.657  30.380 0.0000000000
57389  45.245  -8.870  29.064 0.0000000000
57397  45.570  -8.364  28.719 0.0000000000
58468  45.951  -8.141  28.732 0.0000000000
58478  45.217  -8.048  27.875 0.0000000000
58489  45.070  -7.718  27.124 0.0000000000
57406  44.656  -8.114  27.800 0.0000000000
56357  43.560  -9.268  25.792 0.0000000000
57415  43.848  -8.680  25.940 0.0000000000
57416  43.433  -8.962  25.457 0.0000000000
57428  42.970  -8.715  24.777 0.0000000000
56376  42.660  -9.257  24.738 0.0000000000
56377  42.079  -9.723  24.377 0.0000000000
56378  41.243  -10.551  24.678 0.0000000000
56396  40.204  -10.788  23.322 0.0000000000
55256  40.456  -11.727  26.475 0.0000000000
53166  39.445  -12.531  24.873 0.0000000000
53190  39.288  -12.128  24.460 0.0000000000
54223  39.193  -11.775  24.015 0.0000000000
54224  38.648  -12.365  23.627 0.0000000000
54239  38.531  -12.398  22.755 0.0000000000
53193  37.444  -14.017  23.094 0.0000000000
53213  36.799  -14.154  21.862 0.0000000000
52289  36.652  -14.566  22.321 0.0000000000
45390  30.968  -19.940  25.799 0.0000000000
46405  28.960  -19.640  25.058 0.0000000000
46434  29.467  -19.308  23.353 0.0000000000
45419  26.240  -21.506  23.231 0.0000000000
45431  26.742  -20.964  22.407 0.0000000000
45447  26.930  -21.611  21.301 0.0000000000
46451  27.346  -20.409  21.631 0.0000000000
75370  55.551  6.288  8.967 0.0000000000
74226  55.582  5.164  9.303 0.0000000000
72005  55.774  2.953  9.306 0.0000000000
72004  56.128  2.090  9.437 0.0000000000
70852  56.124  1.614  8.989 0.0000000000
70851  56.381  1.464  9.372 0.0000000000
68590  56.300  0.991  10.486 0.0000000000
69715  56.324  1.490  10.482 0.0000000000
68610  56.581  0.759  10.033 0.0000000000
41499  24.434  -24.605  29.047 0.0000000000
41396  29.127  -24.418  34.385 0.0000000000
41414  28.990  -24.066  33.726 0.0000000000
40417  28.829  -24.450  34.266 0.0000000000
41397  27.595  -24.647  33.228 0.0000000000
41436  26.328  -24.443  31.697 0.0000000000
41381  26.268  -24.670  34.431 0.0000000000
40439  23.724  -26.362  31.528 0.0000000000
49266  42.711  -16.872  36.737 0.0000000000
50177  42.909  -15.963  36.411 0.0000000000
50193  44.151  -15.881  34.922 0.0000000000
51114  43.834  -15.104  35.509 0.0000000000
51126  44.251  -14.934  34.992 0.0000000000
51125  44.507  -15.044  34.457 0.0000000000
52104  44.868  -14.392  34.274 0.0000000000
50202  44.705  -15.598  34.004 0.0000000000
50215  44.541  -15.736  33.424 0.0000000000
49341  43.651  -15.895  32.715 0.0000000000
50250  43.702  -15.463  32.672 0.0000000000
50269  43.302  -15.801  30.792 0.0000000000
49352  43.128  -16.352  31.465 0.0000000000
47304  42.005  -17.929  31.583 0.0000000000
48397  42.105  -17.337  30.853 0.0000000000
47314  41.793  -17.761  31.035 0.0000000000
47329  41.240  -17.766  30.294 0.0000000000
47330  40.672  -18.418  30.383 0.0000000000
46314  40.992  -19.392  32.751 0.0000000000
47294  41.625  -18.778  32.431 0.0000000000
46326  41.276  -19.615  32.198 0.0000000000
46344  39.447  -19.303  30.595 0.0000000000
46343  39.959  -19.277  31.026 0.0000000000
46354  39.744  -18.893  30.297 0.0000000000
46362  39.821  -18.694  29.392 0.0000000000
46363  39.287  -18.890  29.078 0.0000000000
46364  38.860  -18.767  28.744 0.0000000000
45322  38.783  -19.049  29.009 0.0000000000
45344  35.388  -20.365  28.196 0.0000000000
45240  38.462  -19.685  35.078 0.0000000000
44184  36.932  -21.091  33.807 0.0000000000
44183  37.491  -20.759  33.979 0.0000000000
44192  37.269  -20.836  33.374 0.0000000000
45280  37.609  -20.361  33.065 0.0000000000
44206  37.138  -20.656  32.635 0.0000000000
44195  35.147  -20.566  32.377 0.0000000000
44230  35.050  -20.531  31.116 0.0000000000
44208  35.963  -20.595  31.860 0.0000000000
44228  36.621  -20.527  31.347 0.0000000000
44249  36.453  -20.550  30.724 0.0000000000
44250  35.893  -20.567  30.362 0.0000000000
44268  34.771  -20.371  29.058 0.0000000000
44282  34.277  -20.550  28.499 0.0000000000
45345  34.401  -20.516  27.929 0.0000000000
45346  33.547  -20.279  27.897 0.0000000000
45330  31.030  -20.088  28.706 0.0000000000
45349  30.522  -19.962  27.912 0.0000000000
45296  29.701  -21.185  30.094 0.0000000000
45313  29.576  -21.083  29.612 0.0000000000
45314  29.074  -21.237  29.514 0.0000000000
44283  27.642  -21.490  28.210 0.0000000000
45352  27.658  -21.308  27.852 0.0000000000
44297  26.959  -21.427  27.059 0.0000000000
44298  26.144  -21.919  26.673 0.0000000000
69717  52.390  1.728  10.827 0.0000000000
68634  51.175  1.117  8.986 0.0000000000
68647  51.459  0.528  8.152 0.0000000000
68649  49.324  0.558  8.516 0.0000000000
66339  48.995  -0.797  7.667 0.0000000000
66369  49.824  -1.684  6.546 0.0000000000
66368  50.610  -1.859  6.676 0.0000000000
66343  45.186  -1.491  8.528 0.0000000000
65176  45.012  -2.012  7.827 0.0000000000
48238  29.759  -18.932  39.564 0.0000000000
47190  29.809  -20.278  40.839 0.0000000000
46206  30.648  -20.860  41.696 0.0000000000
46205  30.451  -21.183  41.318 0.0000000000
45138  31.018  -21.619  41.665 0.0000000000
43174  30.687  -23.021  42.444 0.0000000000
43182  31.243  -22.948  42.019 0.0000000000
42285  30.496  -23.244  41.928 0.0000000000
41309  29.934  -23.462  40.632 0.0000000000
41298  29.886  -23.248  41.484 0.0000000000
40292  28.446  -24.453  40.738 0.0000000000
40307  27.990  -25.008  40.034 0.0000000000
40269  26.549  -24.683  43.176 0.0000000000
41291  26.306  -24.629  43.636 0.0000000000
41290  26.905  -24.751  43.711 0.0000000000
41276  27.307  -24.567  44.288 0.0000000000
40325  25.089  -25.090  39.906 0.0000000000
40324  26.201  -24.941  39.383 0.0000000000
41338  25.109  -25.102  38.542 0.0000000000
40352  23.147  -25.842  37.965 0.0000000000
39321  22.581  -27.712  39.250 0.0000000000
79816  54.969  9.931  9.102 0.0000000000
78700  54.703  9.046  9.664 0.0000000000
78694  54.385  8.718  10.736 0.0000000000
77608  54.611  7.714  10.256 0.0000000000
79797  53.979  9.368  11.563 0.0000000000
79783  53.804  9.290  11.957 0.0000000000
131263  54.718  6.896  12.998 0.0000000000
77598  53.989  7.790  12.267 0.0000000000
131267  54.492  6.608  12.408 0.0000000000
131259  54.558  5.447  11.951 0.0000000000
73123  54.629  5.060  12.195 0.0000000000
73114  54.886  5.355  12.854 0.0000000000
131262  55.839  5.319  13.995 0.0000000000
71957  54.089  4.435  13.631 0.0000000000
75326  54.165  6.558  14.825 0.0000000000
73096  52.825  4.876  13.981 0.0000000000
71958  53.443  3.791  13.487 0.0000000000
71959  52.445  3.495  13.740 0.0000000000
71916  51.683  3.420  16.591 0.0000000000
71928  51.307  3.719  15.910 0.0000000000
71917  51.056  3.070  16.319 0.0000000000
69689  49.560  1.967  13.495 0.0000000000
69690  48.875  1.259  14.004 0.0000000000
68578  48.327  0.809  13.580 0.0000000000
68563  48.207  -0.101  13.943 0.0000000000
68580  47.207  0.292  12.702 0.0000000000
67403  48.060  -0.721  13.550 0.0000000000
71889  54.976  3.056  19.669 0.0000000000
68511  54.217  0.698  18.673 0.0000000000
68512  54.069  0.655  17.926 0.0000000000
68513  53.408  0.760  17.447 0.0000000000
66259  52.957  -0.623  18.333 0.0000000000
65109  52.763  -1.524  17.415 0.0000000000
66282  52.238  -1.384  16.051 0.0000000000
66281  52.548  -1.265  16.450 0.0000000000
67382  52.063  -0.509  15.992 0.0000000000
66284  50.823  -1.086  15.510 0.0000000000
66292  50.349  -1.305  15.108 0.0000000000
66294  48.984  -1.408  14.267 0.0000000000
66312  47.746  -1.195  13.431 0.0000000000
66313  47.019  -1.256  13.223 0.0000000000
65158  46.462  -1.670  13.037 0.0000000000
65150  46.166  -2.582  13.351 0.0000000000
64041  45.178  -2.944  13.136 0.0000000000
64029  45.625  -3.554  13.615 0.0000000000
62901  49.406  -4.953  15.865 0.0000000000
62929  48.327  -4.382  15.062 0.0000000000
61831  48.330  -5.081  15.202 0.0000000000
62932  45.836  -5.007  14.285 0.0000000000
62931  46.354  -4.422  14.374 0.0000000000
62941  45.384  -4.551  13.891 0.0000000000
64030  44.903  -3.772  13.429 0.0000000000
61705  51.605  -3.831  24.684 0.0000000000
61716  51.789  -3.939  23.927 0.0000000000
61725  51.692  -3.700  23.116 0.0000000000
61734  51.182  -4.019  22.838 0.0000000000
59510  48.774  -5.412  28.575 0.0000000000
60573  49.488  -4.917  28.078 0.0000000000
59551  46.801  -6.170  25.884 0.0000000000
59550  47.867  -5.885  25.761 0.0000000000
59563  48.860  -5.475  24.952 0.0000000000
59549  48.966  -5.836  25.556 0.0000000000
60606  49.480  -5.371  25.431 0.0000000000
60605  49.619  -5.252  25.730 0.0000000000
60616  49.753  -4.601  25.020 0.0000000000
60615  50.295  -4.441  24.835 0.0000000000
60628  49.719  -4.456  24.116 0.0000000000
60654  49.521  -4.707  21.970 0.0000000000
60639  50.257  -4.455  23.304 0.0000000000
60653  50.121  -4.429  22.282 0.0000000000
60665  50.612  -4.172  21.571 0.0000000000
60666  50.071  -4.473  21.256 0.0000000000
60677  50.100  -4.614  20.356 0.0000000000
60680  47.789  -5.397  19.376 0.0000000000
60679  48.598  -5.073  19.497 0.0000000000
60692  47.926  -5.693  18.611 0.0000000000
59617  47.569  -5.859  18.101 0.0000000000
59595  45.441  -5.905  19.958 0.0000000000
59594  46.226  -5.704  19.672 0.0000000000
58615  45.141  -6.933  16.932 0.0000000000
58597  45.252  -6.831  17.500 0.0000000000
58614  45.547  -6.709  17.179 0.0000000000
59653  45.366  -6.864  16.343 0.0000000000
59666  45.346  -6.846  15.556 0.0000000000
59667  44.249  -7.223  15.280 0.0000000000
58633  43.369  -7.883  14.764 0.0000000000
57527  41.085  -8.184  17.038 0.0000000000
57544  41.258  -8.329  15.772 0.0000000000
57484  39.123  -9.841  20.327 0.0000000000
57483  39.779  -9.426  20.703 0.0000000000
55381  37.072  -11.830  19.855 0.0000000000
55397  37.511  -11.208  19.748 0.0000000000
56498  36.072  -10.253  17.189 0.0000000000
56484  36.955  -10.382  17.995 0.0000000000
57531  37.070  -10.016  17.466 0.0000000000
50288  42.818  -15.991  29.972 0.0000000000
51219  42.098  -15.328  30.063 0.0000000000
50289  41.652  -16.085  29.843 0.0000000000
50317  40.218  -16.532  27.658 0.0000000000
50306  41.059  -16.060  28.469 0.0000000000
51271  40.049  -15.701  27.491 0.0000000000
47374  38.182  -18.421  26.226 0.0000000000
48447  38.182  -18.027  25.789 0.0000000000
49429  37.652  -17.110  24.794 0.0000000000
49419  38.109  -17.356  25.305 0.0000000000
50344  38.126  -16.387  24.978 0.0000000000
51294  37.957  -15.530  24.623 0.0000000000
50372  35.598  -16.728  22.699 0.0000000000
51308  36.094  -16.362  22.923 0.0000000000
51320  35.262  -15.986  21.961 0.0000000000
46417  32.580  -19.597  24.559 0.0000000000
46446  32.402  -19.155  23.158 0.0000000000
46430  33.342  -19.222  23.966 0.0000000000
47397  33.513  -18.859  23.373 0.0000000000
47408  33.256  -18.746  22.702 0.0000000000
46483  29.561  -19.072  20.666 0.0000000000
47426  30.680  -18.503  21.062 0.0000000000
47424  32.228  -18.304  21.660 0.0000000000
48474  33.450  -18.175  22.126 0.0000000000
48482  33.812  -17.779  21.935 0.0000000000
48483  33.159  -17.751  21.343 0.0000000000
49477  33.291  -16.903  20.372 0.0000000000
50397  33.971  -16.078  20.563 0.0000000000
76578  54.470  8.028  6.027 0.0000000000
73169  55.437  4.809  8.628 0.0000000000
74248  55.437  5.594  8.333 0.0000000000
73170  55.362  4.789  8.364 0.0000000000
72030  54.748  3.570  8.130 0.0000000000
72031  54.406  3.651  7.750 0.0000000000
68615  52.857  1.208  9.830 0.0000000000
68614  53.701  1.160  10.012 0.0000000000
47203  29.860  -19.766  39.567 0.0000000000
51185  45.481  -14.664  32.260 0.0000000000
52131  45.587  -13.805  32.304 0.0000000000
52142  45.459  -14.148  31.933 0.0000000000
53056  45.162  -13.354  31.801 0.0000000000
54089  45.369  -12.321  31.783 0.0000000000
54090  44.865  -12.867  31.569 0.0000000000
54104  43.937  -13.071  30.632 0.0000000000
54118  42.594  -12.709  29.620 0.0000000000
53071  42.769  -13.521  30.318 0.0000000000
53072  42.325  -13.719  29.703 0.0000000000
52172  41.876  -14.575  29.591 0.0000000000
68613  54.630  1.218  10.041 0.0000000000
40350  27.878  -25.157  37.265 0.0000000000
48291  41.183  -18.055  37.035 0.0000000000
47238  41.144  -18.776  36.740 0.0000000000
47254  41.481  -19.212  36.259 0.0000000000
46272  41.233  -19.973  35.806 0.0000000000
46288  40.796  -19.538  35.075 0.0000000000
46289  40.577  -20.287  35.678 0.0000000000
43242  31.810  -22.353  33.922 0.0000000000
43252  32.282  -21.421  33.374 0.0000000000
43267  30.741  -21.782  32.708 0.0000000000
43268  30.004  -21.934  32.394 0.0000000000
68618  47.094  0.647  10.870 0.0000000000
68638  46.895  0.473  9.981 0.0000000000
67472  46.483  -0.764  8.808 0.0000000000
40285  21.704  -26.730  42.572 0.0000000000
74132  53.588  4.906  18.691 0.0000000000
74121  54.171  4.671  18.987 0.0000000000
73047  54.053  4.041  18.773 0.0000000000
71897  54.537  3.206  18.922 0.0000000000
63932  53.280  -2.051  21.103 0.0000000000
62867  52.817  -2.780  19.874 0.0000000000
61800  51.599  -3.525  19.071 0.0000000000
61801  50.809  -3.703  18.637 0.0000000000
61802  50.305  -4.200  18.034 0.0000000000
58514  44.041  -7.366  24.632 0.0000000000
58525  43.868  -7.298  23.578 0.0000000000
58549  43.343  -7.490  21.471 0.0000000000
58550  42.867  -7.602  21.004 0.0000000000
45384  36.390  -19.164  26.640 0.0000000000
45385  36.103  -19.283  26.455 0.0000000000
47377  35.665  -19.191  25.821 0.0000000000
46415  34.466  -19.089  25.143 0.0000000000
77650  55.354  8.293  7.232 0.0000000000
76552  55.412  7.178  7.700 0.0000000000
42331  31.061  -23.019  36.007 0.0000000000
42332  30.968  -23.648  36.519 0.0000000000
42308  30.938  -23.389  38.821 0.0000000000
40319  30.412  -24.876  38.508 0.0000000000
40335  29.959  -25.280  38.053 0.0000000000
40304  30.045  -24.462  39.205 0.0000000000
40305  29.411  -24.576  39.413 0.0000000000
48271  36.615  -18.536  38.330 0.0000000000
46246  37.012  -19.709  37.614 0.0000000000
47241  35.558  -19.280  36.676 0.0000000000
47258  32.866  -19.483  35.909 0.0000000000
55121  46.287  -11.038  33.797 0.0000000000
56259  46.046  -9.970  33.682 0.0000000000
57342  46.239  -9.024  33.478 0.0000000000
58418  47.871  -7.653  32.223 0.0000000000
58430  48.147  -7.656  31.636 0.0000000000
58431  48.269  -8.403  32.160 0.0000000000
57371  48.040  -9.113  31.018 0.0000000000
57372  47.407  -9.044  30.912 0.0000000000
56304  44.849  -10.394  29.859 0.0000000000
57390  44.675  -9.137  28.862 0.0000000000
57399  44.035  -8.630  28.339 0.0000000000
57407  43.918  -8.376  27.054 0.0000000000
56360  40.986  -10.670  25.633 0.0000000000
54173  40.069  -12.382  26.341 0.0000000000
53142  39.639  -12.920  25.809 0.0000000000
53167  38.768  -13.542  24.563 0.0000000000
53168  38.253  -13.877  24.290 0.0000000000
52278  37.403  -14.577  23.648 0.0000000000
45391  29.905  -19.856  26.170 0.0000000000
46403  30.436  -19.824  25.517 0.0000000000
75356  55.609  5.537  10.020 0.0000000000
73135  55.784  3.685  9.927 0.0000000000
71994  56.060  3.029  9.816 0.0000000000
70831  56.929  1.714  10.156 0.0000000000
66323  56.915  -0.201  9.495 0.0000000000
67438  56.934  0.009  9.616 0.0000000000
41476  24.776  -24.655  29.783 0.0000000000
40398  28.880  -24.767  34.674 0.0000000000
40399  28.385  -24.888  34.415 0.0000000000
39429  23.677  -27.524  31.828 0.0000000000
50203  44.644  -16.711  34.362 0.0000000000
49303  45.001  -16.698  33.648 0.0000000000
49318  44.382  -17.276  33.293 0.0000000000
48370  43.131  -16.879  32.633 0.0000000000
48380  42.959  -16.776  31.963 0.0000000000
48371  42.607  -17.341  32.083 0.0000000000
45277  40.325  -20.259  32.004 0.0000000000
45283  40.456  -20.018  31.657 0.0000000000
45291  39.445  -19.380  31.040 0.0000000000
45306  38.780  -19.465  29.454 0.0000000000
45242  36.967  -20.228  35.052 0.0000000000
44157  37.191  -20.372  34.829 0.0000000000
44172  37.016  -20.902  34.486 0.0000000000
44210  34.079  -20.950  31.770 0.0000000000
44270  33.339  -20.010  29.075 0.0000000000
45328  33.163  -19.932  28.674 0.0000000000
45331  30.064  -20.652  28.778 0.0000000000
44258  28.111  -22.115  29.428 0.0000000000
44271  28.319  -21.618  29.176 0.0000000000
44273  27.100  -22.227  28.618 0.0000000000
44285  26.320  -22.276  27.563 0.0000000000
43320  25.654  -22.750  27.621 0.0000000000
43321  24.973  -23.291  27.071 0.0000000000
69705  51.061  2.242  11.869 0.0000000000
69746  50.592  1.359  9.297 0.0000000000
68648  50.376  0.577  8.303 0.0000000000
66340  48.470  -0.651  7.575 0.0000000000
42286  29.796  -23.327  42.157 0.0000000000
41287  29.305  -23.728  42.622 0.0000000000
41300  28.808  -23.976  42.336 0.0000000000
40279  28.216  -24.280  41.833 0.0000000000
40259  25.256  -24.339  43.984 0.0000000000
40281  26.025  -24.878  42.409 0.0000000000
40294  26.478  -24.753  41.416 0.0000000000
41329  24.653  -25.080  39.525 0.0000000000
41339  24.407  -25.064  39.053 0.0000000000
40353  22.972  -26.189  38.737 0.0000000000
79810  54.729  10.058  9.664 0.0000000000
78682  53.866  8.874  12.562 0.0000000000
78674  54.232  8.710  13.422 0.0000000000
77594  54.492  7.571  13.118 0.0000000000
131256  55.556  6.510  13.303 0.0000000000
131255  55.887  6.715  13.537 0.0000000000
131254  56.067  6.043  13.920 0.0000000000
74179  55.266  5.933  14.312 0.0000000000
75312  53.590  6.749  15.349 0.0000000000
74164  53.439  6.519  14.999 0.0000000000
74165  52.868  6.305  15.441 0.0000000000
74182  52.433  5.045  14.726 0.0000000000
73097  52.319  4.414  14.728 0.0000000000
71946  51.591  3.692  14.809 0.0000000000
70756  51.404  2.393  16.587 0.0000000000
70757  50.772  2.361  16.199 0.0000000000
69675  49.064  0.760  14.493 0.0000000000
68549  49.211  0.111  14.865 0.0000000000
70725  54.798  2.091  20.181 0.0000000000
69617  54.514  1.384  19.793 0.0000000000
67359  53.479  0.264  18.485 0.0000000000
65111  52.296  -2.653  16.514 0.0000000000
65110  52.596  -2.070  16.949 0.0000000000
65121  52.074  -2.312  15.984 0.0000000000
65131  50.459  -1.738  15.371 0.0000000000
65132  50.165  -1.995  15.060 0.0000000000
65133  49.507  -2.572  14.560 0.0000000000
65147  48.868  -2.556  13.800 0.0000000000
65148  47.957  -2.403  13.694 0.0000000000
64026  48.340  -3.125  14.053 0.0000000000
64008  47.839  -3.581  14.667 0.0000000000
60732  48.354  -5.854  16.065 0.0000000000
61832  47.757  -5.191  15.145 0.0000000000
60743  47.230  -5.720  15.289 0.0000000000
61834  46.137  -5.417  14.625 0.0000000000
61842  44.782  -5.578  13.693 0.0000000000
60754  45.054  -6.493  14.063 0.0000000000
62789  51.293  -4.012  25.056 0.0000000000
61717  51.120  -4.487  24.411 0.0000000000
58457  48.172  -6.912  29.570 0.0000000000
59501  48.422  -6.000  29.461 0.0000000000
59521  48.364  -6.050  27.400 0.0000000000
60619  47.987  -5.209  24.247 0.0000000000
60618  48.649  -5.117  24.440 0.0000000000
60629  49.023  -4.627  23.838 0.0000000000
60641  48.997  -4.936  22.756 0.0000000000
60655  48.906  -5.078  21.664 0.0000000000
60668  48.665  -4.912  20.489 0.0000000000
60669  47.746  -5.040  20.271 0.0000000000
60681  46.953  -5.734  19.425 0.0000000000
58581  44.071  -6.741  19.045 0.0000000000
59621  44.690  -6.732  18.884 0.0000000000
58598  44.479  -7.062  17.962 0.0000000000
58616  44.226  -7.084  16.707 0.0000000000
58632  44.530  -7.078  15.931 0.0000000000
59654  43.777  -7.176  15.867 0.0000000000
59669  43.050  -7.737  15.366 0.0000000000
58643  42.457  -8.571  14.157 0.0000000000
57561  41.063  -8.736  14.627 0.0000000000
57528  40.378  -8.146  17.624 0.0000000000
57458  40.305  -9.922  22.535 0.0000000000
57473  40.073  -9.745  21.945 0.0000000000
56426  39.696  -10.233  21.962 0.0000000000
56440  39.020  -10.396  20.911 0.0000000000
55414  35.416  -11.450  18.357 0.0000000000
55413  36.280  -11.097  18.674 0.0000000000
56471  36.054  -10.791  18.167 0.0000000000
49381  41.514  -16.979  29.277 0.0000000000
49390  41.243  -17.036  28.681 0.0000000000
49391  40.955  -17.411  28.273 0.0000000000
49392  40.391  -17.317  27.835 0.0000000000
49403  39.811  -17.257  27.264 0.0000000000
48456  37.065  -18.260  24.730 0.0000000000
48448  37.559  -18.134  25.268 0.0000000000
49430  37.066  -17.507  24.288 0.0000000000
49439  36.524  -17.281  23.810 0.0000000000
50353  36.860  -16.537  23.923 0.0000000000
50363  35.888  -16.962  23.084 0.0000000000
46432  31.648  -19.514  23.771 0.0000000000
47461  30.110  -18.643  19.625 0.0000000000
48498  31.717  -17.662  20.444 0.0000000000
48497  32.673  -17.579  20.590 0.0000000000
72019  55.266  3.106  8.849 0.0000000000
73157  55.231  4.027  8.517 0.0000000000
67454  53.240  0.363  8.890 0.0000000000
67478  52.902  -0.162  7.629 0.0000000000
45206  31.680  -21.061  36.802 0.0000000000
44137  31.135  -21.893  36.985 0.0000000000
45191  31.391  -21.584  37.917 0.0000000000
44114  30.273  -22.487  39.544 0.0000000000
43194  30.513  -22.900  40.232 0.0000000000
48274  33.410  -18.194  37.178 0.0000000000
48296  32.591  -18.513  36.555 0.0000000000
47244  32.049  -19.372  36.345 0.0000000000
53031  45.037  -13.306  34.942 0.0000000000
53030  45.444  -12.590  34.584 0.0000000000
53029  45.609  -12.261  34.396 0.0000000000
54054  45.982  -11.865  33.464 0.0000000000
52117  46.009  -13.556  32.800 0.0000000000
55136  46.587  -11.269  32.962 0.0000000000
55149  47.167  -11.511  32.326 0.0000000000
55148  47.690  -10.837  32.037 0.0000000000
55161  47.449  -10.632  31.734 0.0000000000
54102  44.933  -11.788  31.447 0.0000000000
55190  44.615  -11.267  30.455 0.0000000000
56305  44.298  -10.815  29.741 0.0000000000
55208  43.256  -10.901  29.217 0.0000000000
55230  42.257  -11.137  27.639 0.0000000000
55231  41.934  -12.028  27.962 0.0000000000
54171  41.443  -12.654  27.555 0.0000000000
54138  42.203  -12.821  28.853 0.0000000000
54153  42.049  -12.884  28.018 0.0000000000
53115  40.800  -13.498  27.507 0.0000000000
52230  39.578  -14.577  26.389 0.0000000000
45394  26.629  -21.040  25.558 0.0000000000
44327  25.807  -22.029  24.000 0.0000000000
43400  25.705  -23.404  23.312 0.0000000000
71968  55.349  3.563  11.178 0.0000000000
71981  55.731  2.950  10.815 0.0000000000
70804  55.557  2.538  11.199 0.0000000000
68573  55.773  1.388  10.967 0.0000000000
68591  55.952  1.057  10.879 0.0000000000
67439  56.260  -0.065  9.693 0.0000000000
42426  25.951  -23.391  28.916 0.0000000000
42407  26.536  -23.279  29.639 0.0000000000
42408  25.703  -24.080  29.648 0.0000000000
41475  25.510  -24.450  30.216 0.0000000000
41454  24.935  -24.757  30.565 0.0000000000
39356  28.675  -25.680  36.054 0.0000000000
40386  27.948  -25.284  35.071 0.0000000000
39374  22.797  -27.594  34.224 0.0000000000
48290  41.917  -17.971  36.798 0.0000000000
49280  42.408  -17.586  36.678 0.0000000000
49279  43.005  -17.457  36.221 0.0000000000
48329  42.927  -17.997  35.009 0.0000000000
47273  41.997  -17.297  33.834 0.0000000000
45256  40.529  -19.499  33.055 0.0000000000
46302  40.436  -19.235  34.300 0.0000000000
45269  40.307  -19.787  32.682 0.0000000000
44187  34.144  -20.527  33.082 0.0000000000
44197  32.802  -20.794  32.602 0.0000000000
44233  31.905  -20.567  30.746 0.0000000000
44235  29.719  -21.333  30.555 0.0000000000
44236  28.992  -21.633  30.531 0.0000000000
44215  29.161  -21.826  31.098 0.0000000000
43294  28.141  -22.390  29.978 0.0000000000
69748  49.227  1.641  10.058 0.0000000000
69749  48.743  1.582  10.485 0.0000000000
68651  47.394  0.452  9.301 0.0000000000
67482  48.182  -0.575  7.529 0.0000000000
66355  48.167  -1.138  7.159 0.0000000000
40260  24.533  -24.729  43.915 0.0000000000
38349  22.367  -28.339  41.006 0.0000000000
73067  52.349  5.051  17.054 0.0000000000
73058  52.373  3.852  17.457 0.0000000000
73056  53.129  3.644  18.165 0.0000000000
71906  52.709  3.297  17.602 0.0000000000
70755  52.070  2.563  16.950 0.0000000000
69633  52.443  2.056  17.077 0.0000000000
69642  52.613  1.011  16.838 0.0000000000
66244  53.310  -0.345  19.579 0.0000000000
65089  53.050  -0.866  19.412 0.0000000000
65090  52.882  -1.396  19.060 0.0000000000
63958  52.592  -2.590  18.986 0.0000000000
63970  52.419  -2.578  18.276 0.0000000000
63981  52.323  -2.540  17.525 0.0000000000
63982  51.927  -2.936  17.058 0.0000000000
63983  51.542  -3.371  16.500 0.0000000000
62913  50.898  -4.158  15.838 0.0000000000
62914  50.124  -4.156  15.715 0.0000000000
62900  49.702  -4.671  16.015 0.0000000000
61814  49.306  -5.211  16.336 0.0000000000
61815  48.819  -5.475  16.119 0.0000000000
60724  48.662  -5.687  16.719 0.0000000000
59650  48.027  -6.203  16.456 0.0000000000
61674  51.238  -4.208  27.323 0.0000000000
58487  46.546  -7.280  27.323 0.0000000000
59523  47.162  -7.022  27.228 0.0000000000
59535  46.573  -6.877  26.936 0.0000000000
58512  45.402  -6.392  24.922 0.0000000000
58523  45.337  -6.317  24.544 0.0000000000
60644  46.261  -5.410  22.323 0.0000000000
60658  46.185  -5.502  21.251 0.0000000000
60659  45.318  -5.782  21.523 0.0000000000
59591  45.371  -5.845  20.733 0.0000000000
59596  44.831  -6.227  20.512 0.0000000000
59607  44.461  -6.541  19.388 0.0000000000
57526  41.764  -7.776  16.562 0.0000000000
57510  41.089  -8.080  18.123 0.0000000000
58620  39.747  -8.316  17.386 0.0000000000
58602  39.280  -8.677  17.753 0.0000000000
55364  38.609  -11.902  21.536 0.0000000000
55379  38.378  -11.287  20.859 0.0000000000
55365  38.049  -12.029  21.037 0.0000000000
54277  36.345  -12.051  19.677 0.0000000000
55399  35.994  -11.593  19.118 0.0000000000
47348  39.602  -18.326  28.053 0.0000000000
47360  39.137  -18.154  27.398 0.0000000000
47361  38.438  -18.336  26.760 0.0000000000
47375  37.384  -18.536  25.739 0.0000000000
46400  36.569  -18.868  26.046 0.0000000000
47387  36.282  -18.617  24.888 0.0000000000
47394  35.877  -18.598  24.332 0.0000000000
47406  34.730  -18.478  23.480 0.0000000000
46465  29.070  -19.470  21.177 0.0000000000
47445  29.608  -19.037  20.017 0.0000000000
46504  29.244  -20.268  19.156 0.0000000000
47462  29.526  -19.430  19.295 0.0000000000
77652  54.995  8.427  6.481 0.0000000000
76567  55.018  7.831  6.800 0.0000000000
76568  54.662  7.547  6.579 0.0000000000
75409  54.455  6.816  6.869 0.0000000000
75400  54.241  6.110  7.263 0.0000000000
74252  53.877  5.416  7.489 0.0000000000
69762  56.073  0.998  7.445 0.0000000000
42359  30.823  -23.336  34.125 0.0000000000
42360  30.231  -23.590  34.258 0.0000000000
41394  30.317  -23.777  34.500 0.0000000000
41380  29.898  -24.283  34.870 0.0000000000
41364  30.837  -23.764  35.749 0.0000000000
40383  29.577  -24.644  34.956 0.0000000000
40364  29.541  -25.156  35.657 0.0000000000
39354  29.184  -25.493  35.754 0.0000000000
42316  31.298  -23.630  38.081 0.0000000000
40347  30.866  -24.569  37.271 0.0000000000
40348  30.557  -24.777  37.089 0.0000000000
39355  28.930  -25.609  35.712 0.0000000000
39347  29.003  -25.680  36.478 0.0000000000
39348  28.816  -25.643  36.706 0.0000000000
39349  28.461  -25.523  36.934 0.0000000000
39329  29.128  -25.675  37.789 0.0000000000
39340  28.897  -25.671  37.387 0.0000000000
46258  39.393  -19.721  37.177 0.0000000000
46275  39.031  -19.422  36.526 0.0000000000
45203  37.274  -19.270  36.264 0.0000000000
45221  37.059  -19.550  35.425 0.0000000000
45222  36.427  -20.056  35.301 0.0000000000
44145  36.119  -20.200  35.256 0.0000000000
44160  35.736  -20.167  34.734 0.0000000000
47229  34.885  -19.089  37.071 0.0000000000
46263  35.174  -19.695  36.226 0.0000000000
47257  33.912  -19.557  36.202 0.0000000000
47256  34.698  -19.769  36.160 0.0000000000
46277  35.202  -19.914  35.965 0.0000000000
44147  35.098  -19.881  34.989 0.0000000000
44161  34.615  -19.997  34.694 0.0000000000
42358  31.445  -22.966  34.055 0.0000000000
66324  45.526  -0.805  11.257 0.0000000000
67442  45.259  -0.594  10.184 0.0000000000
66325  45.068  -0.972  10.766 0.0000000000
66344  44.573  -1.575  9.074 0.0000000000
71864  54.513  2.701  21.125 0.0000000000
70713  54.626  2.090  21.126 0.0000000000
68483  54.061  0.444  21.077 0.0000000000
68470  54.049  0.237  21.521 0.0000000000
66218  54.257  -0.898  21.300 0.0000000000
63916  53.707  -1.727  21.475 0.0000000000
66181  54.695  -1.245  22.362 0.0000000000
62837  52.327  -3.274  21.661 0.0000000000
57380  46.857  -8.374  30.503 0.0000000000
56312  45.360  -9.106  29.615 0.0000000000
57381  46.072  -8.592  30.266 0.0000000000
57387  46.419  -8.170  29.760 0.0000000000
58476  46.741  -7.464  27.628 0.0000000000
58488  46.093  -7.326  27.405 0.0000000000
59537  45.174  -7.277  26.528 0.0000000000
58500  44.850  -7.434  26.141 0.0000000000
57439  42.753  -8.372  23.721 0.0000000000
57440  42.217  -9.079  23.375 0.0000000000
57441  41.528  -9.518  23.095 0.0000000000
56412  40.492  -10.048  22.858 0.0000000000
55346  39.285  -11.483  22.695 0.0000000000
56342  40.848  -11.060  26.379 0.0000000000
55302  40.493  -11.140  24.893 0.0000000000
55279  40.168  -11.689  25.983 0.0000000000
54209  40.136  -11.498  25.177 0.0000000000
55303  40.274  -11.430  24.379 0.0000000000
55325  40.134  -11.283  23.799 0.0000000000
55326  39.496  -11.484  23.432 0.0000000000
55347  38.971  -12.038  22.113 0.0000000000
54240  38.083  -12.828  22.250 0.0000000000
53226  37.269  -13.205  21.560 0.0000000000
53227  36.511  -13.616  21.203 0.0000000000
45388  32.819  -19.609  26.360 0.0000000000
45406  31.844  -19.768  25.185 0.0000000000
46419  30.847  -19.711  24.746 0.0000000000
45409  27.264  -20.229  24.665 0.0000000000
46422  27.519  -19.753  23.675 0.0000000000
45432  26.290  -21.910  22.243 0.0000000000
46450  28.051  -19.608  21.731 0.0000000000
76537  55.455  7.099  8.438 0.0000000000
74239  55.508  5.410  8.727 0.0000000000
70821  56.228  2.192  10.474 0.0000000000
69728  56.627  0.968  9.868 0.0000000000
67437  57.262  0.288  9.648 0.0000000000
68609  56.984  0.565  9.943 0.0000000000
69745  56.602  1.006  9.626 0.0000000000
68643  56.934  0.492  9.140 0.0000000000
41413  29.551  -23.763  34.015 0.0000000000
40418  28.470  -24.564  33.966 0.0000000000
41416  27.708  -24.452  32.689 0.0000000000
41438  24.278  -25.409  31.057 0.0000000000
40459  23.682  -26.352  30.489 0.0000000000
50185  43.275  -15.848  35.810 0.0000000000
53032  44.430  -13.709  35.209 0.0000000000
51153  45.151  -14.735  33.218 0.0000000000
50232  44.880  -15.097  32.995 0.0000000000
51170  45.144  -15.121  32.537 0.0000000000
51187  43.565  -14.923  32.257 0.0000000000
51203  43.394  -14.861  31.492 0.0000000000
51217  43.200  -15.038  30.708 0.0000000000
50270  43.178  -16.168  30.371 0.0000000000
49367  42.648  -16.325  30.377 0.0000000000
48382  42.444  -16.968  30.785 0.0000000000
48399  41.892  -16.875  30.029 0.0000000000
48411  41.466  -17.302  29.806 0.0000000000
47337  41.100  -17.754  29.595 0.0000000000
47346  40.510  -18.335  28.652 0.0000000000
47305  41.757  -18.734  31.746 0.0000000000
46337  41.060  -20.008  31.642 0.0000000000
46342  40.765  -19.271  31.153 0.0000000000
47316  40.746  -18.764  30.858 0.0000000000
47339  40.081  -18.536  28.843 0.0000000000
47347  40.195  -18.467  28.426 0.0000000000
46372  39.410  -18.541  28.466 0.0000000000
46373  38.550  -18.532  28.238 0.0000000000
45363  37.374  -18.659  27.449 0.0000000000
45342  37.026  -19.026  28.188 0.0000000000
45365  36.025  -19.769  27.108 0.0000000000
45219  39.196  -19.687  35.826 0.0000000000
45259  38.417  -19.978  34.434 0.0000000000
44182  37.838  -20.358  34.206 0.0000000000
45271  38.173  -20.151  33.669 0.0000000000
45286  37.588  -20.125  32.188 0.0000000000
44207  36.641  -20.609  32.206 0.0000000000
44267  35.592  -20.495  29.559 0.0000000000
45326  35.485  -20.475  28.958 0.0000000000
45367  34.060  -19.946  27.283 0.0000000000
45369  32.188  -19.494  27.131 0.0000000000
45348  31.588  -19.585  27.921 0.0000000000
44255  31.136  -20.524  29.792 0.0000000000
45312  30.597  -20.661  29.521 0.0000000000
45333  28.286  -21.402  28.800 0.0000000000
45373  27.737  -20.880  27.099 0.0000000000
43337  25.608  -22.555  26.808 0.0000000000
43356  25.042  -23.274  25.128 0.0000000000
68616  51.931  1.347  9.770 0.0000000000
68633  52.435  0.721  9.042 0.0000000000
68635  50.118  1.085  8.955 0.0000000000
67481  49.918  -0.642  7.330 0.0000000000
67480  50.840  -0.663  7.341 0.0000000000
66331  45.783  -1.000  8.941 0.0000000000
66342  46.074  -1.327  8.349 0.0000000000
66357  46.272  -1.667  7.662 0.0000000000
65183  46.406  -2.207  6.947 0.0000000000
48237  30.239  -18.656  39.285 0.0000000000
46217  29.922  -21.179  40.634 0.0000000000
45151  30.274  -21.815  41.138 0.0000000000
43188  30.540  -22.816  41.111 0.0000000000
45139  30.952  -21.524  42.334 0.0000000000
43181  30.952  -22.895  41.472 0.0000000000
42293  30.554  -23.016  41.012 0.0000000000
40290  29.738  -24.092  40.083 0.0000000000
40291  29.180  -24.325  40.402 0.0000000000
40338  27.051  -24.609  38.591 0.0000000000
41274  28.813  -24.475  43.939 0.0000000000
41301  28.188  -24.397  42.754 0.0000000000
41337  26.058  -24.831  38.272 0.0000000000
41350  25.021  -24.966  37.677 0.0000000000
41361  23.817  -24.866  37.278 0.0000000000
39333  22.538  -26.905  39.029 0.0000000000
78712  55.411  9.044  8.158 0.0000000000
78705  55.380  8.351  8.376 0.0000000000
77616  55.346  7.651  8.518 0.0000000000
76525  55.086  6.751  9.587 0.0000000000
77609  54.800  7.351  9.685 0.0000000000
75346  55.404  5.610  10.388 0.0000000000
131257  55.279  5.194  10.707 0.0000000000
131250  55.055  4.798  11.134 0.0000000000
80947  54.216  9.871  11.454 0.0000000000
79796  54.251  9.416  11.175 0.0000000000
78688  53.882  8.465  11.632 0.0000000000
131253  54.806  4.615  11.544 0.0000000000
71969  54.958  3.393  12.055 0.0000000000
70807  53.777  2.777  12.345 0.0000000000
76472  54.673  7.463  14.652 0.0000000000
73094  55.067  5.186  14.248 0.0000000000
74180  53.965  6.179  14.439 0.0000000000
73095  54.024  4.943  14.113 0.0000000000
70808  52.783  2.557  12.332 0.0000000000
70809  51.691  2.494  12.475 0.0000000000
69706  49.780  2.184  12.396 0.0000000000
73069  51.658  4.302  16.175 0.0000000000
71947  50.605  2.949  15.072 0.0000000000
70767  50.440  2.286  15.633 0.0000000000
70794  50.193  2.403  13.910 0.0000000000
69720  48.825  1.690  11.904 0.0000000000
69721  48.201  1.435  11.612 0.0000000000
68598  47.795  1.108  12.251 0.0000000000
68599  47.114  0.671  11.823 0.0000000000
68581  46.664  0.134  12.262 0.0000000000
67415  46.296  -0.489  12.099 0.0000000000
73030  55.040  3.888  20.058 0.0000000000
70737  54.403  2.437  18.653 0.0000000000
69624  54.326  1.923  18.339 0.0000000000
69631  53.962  1.765  17.708 0.0000000000
68524  52.401  0.483  16.468 0.0000000000
66258  53.172  -0.104  18.912 0.0000000000
66260  52.881  -0.546  17.651 0.0000000000
66272  52.761  -1.015  17.090 0.0000000000
67361  52.932  -0.064  17.222 0.0000000000
67372  52.697  -0.346  16.420 0.0000000000
67373  52.460  -0.016  16.066 0.0000000000
68535  52.106  0.203  16.090 0.0000000000
67384  50.454  -0.608  15.374 0.0000000000
67392  49.136  -0.840  14.663 0.0000000000
66293  49.681  -1.531  14.545 0.0000000000
67393  48.557  -0.872  14.132 0.0000000000
67414  46.758  -0.479  12.783 0.0000000000
66318  45.776  -1.137  11.965 0.0000000000
65163  45.488  -1.623  11.929 0.0000000000
65149  46.778  -2.122  13.621 0.0000000000
62928  48.901  -4.065  14.891 0.0000000000
64009  47.034  -3.679  14.443 0.0000000000
62806  52.475  -2.640  23.691 0.0000000000
62822  52.265  -3.219  22.544 0.0000000000
61748  51.715  -3.585  21.335 0.0000000000
60572  49.915  -4.686  27.666 0.0000000000
61685  50.405  -4.570  27.198 0.0000000000
59532  49.254  -5.953  26.418 0.0000000000
60594  49.607  -5.406  26.611 0.0000000000
60593  49.790  -4.824  26.816 0.0000000000
61695  50.332  -4.433  26.295 0.0000000000
61707  50.433  -4.372  25.410 0.0000000000
60614  50.752  -4.540  24.316 0.0000000000
60626  50.872  -4.654  24.105 0.0000000000
60638  50.856  -4.536  23.432 0.0000000000
61749  51.078  -3.792  21.896 0.0000000000
61765  51.183  -3.900  20.965 0.0000000000
60689  50.035  -4.671  19.541 0.0000000000
60690  49.307  -5.094  18.978 0.0000000000
59615  48.959  -5.554  18.318 0.0000000000
59616  48.357  -5.834  18.172 0.0000000000
59651  47.212  -6.314  16.616 0.0000000000
59604  46.461  -5.879  19.034 0.0000000000
59620  45.254  -6.598  18.688 0.0000000000
59619  45.898  -6.291  18.558 0.0000000000
59618  46.654  -5.962  18.276 0.0000000000
59677  43.830  -7.609  14.662 0.0000000000
57575  40.288  -9.174  14.090 0.0000000000
57495  39.992  -8.562  19.554 0.0000000000
58571  39.548  -8.709  19.202 0.0000000000
56454  37.993  -10.327  19.747 0.0000000000
56456  36.871  -10.865  18.774 0.0000000000
56468  37.704  -10.236  19.007 0.0000000000
57497  38.094  -9.923  19.162 0.0000000000
57513  37.865  -9.855  18.394 0.0000000000
51218  42.868  -15.189  30.240 0.0000000000
52189  41.069  -15.216  28.391 0.0000000000
50305  41.252  -16.347  28.863 0.0000000000
51238  41.114  -15.587  28.689 0.0000000000
52209  40.475  -15.238  27.710 0.0000000000
48433  39.315  -17.823  26.945 0.0000000000
49404  39.364  -17.288  26.547 0.0000000000
49418  38.877  -17.348  25.860 0.0000000000
50332  39.396  -16.487  26.159 0.0000000000
51284  39.279  -15.513  25.864 0.0000000000
52266  37.758  -14.865  24.281 0.0000000000
51307  36.606  -15.603  23.289 0.0000000000
51318  36.490  -15.036  22.720 0.0000000000
51331  35.699  -14.943  21.913 0.0000000000
51342  34.625  -15.286  20.711 0.0000000000
45404  33.529  -19.377  25.672 0.0000000000
46429  34.242  -18.834  24.396 0.0000000000
47396  34.147  -18.653  23.781 0.0000000000
46463  30.996  -18.647  22.180 0.0000000000
47410  31.706  -18.631  22.141 0.0000000000
48472  34.792  -18.171  22.990 0.0000000000
49451  34.297  -17.572  22.107 0.0000000000
49461  34.548  -17.047  22.089 0.0000000000
49463  33.567  -17.198  21.022 0.0000000000
49476  33.767  -16.795  20.948 0.0000000000
50383  34.633  -16.346  21.722 0.0000000000
50396  34.470  -15.892  21.158 0.0000000000
51343  34.242  -15.284  20.075 0.0000000000
73171  55.129  4.543  8.119 0.0000000000
74250  55.053  5.509  7.698 0.0000000000
73173  54.148  4.549  7.684 0.0000000000
73174  53.524  4.570  7.504 0.0000000000
68631  54.349  0.628  9.515 0.0000000000
67453  54.003  0.050  9.091 0.0000000000
39320  28.846  -25.386  38.308 0.0000000000
39341  28.534  -25.494  37.658 0.0000000000
39346  29.269  -25.500  36.190 0.0000000000
40336  28.640  -25.408  38.311 0.0000000000
40365  29.132  -25.428  35.532 0.0000000000
40382  29.995  -24.437  35.022 0.0000000000
41275  28.345  -24.796  44.082 0.0000000000
41299  29.438  -23.655  41.859 0.0000000000
41348  30.783  -24.481  37.061 0.0000000000
42267  29.652  -23.545  43.626 0.0000000000
42284  30.932  -23.129  41.637 0.0000000000
42340  30.842  -23.730  35.484 0.0000000000
43306  26.606  -22.774  28.743 0.0000000000
44106  30.178  -22.531  40.699 0.0000000000
44146  35.739  -20.106  35.233 0.0000000000
44158  36.983  -20.593  34.844 0.0000000000
44170  37.861  -20.218  34.421 0.0000000000
44256  29.332  -21.333  30.135 0.0000000000
44299  25.565  -22.494  26.422 0.0000000000
45179  30.223  -20.989  39.188 0.0000000000
45202  37.812  -19.634  36.660 0.0000000000
45243  36.718  -20.398  34.993 0.0000000000
45268  40.668  -19.706  32.713 0.0000000000
45295  30.078  -21.005  30.054 0.0000000000
45341  37.766  -18.625  27.923 0.0000000000
46248  35.849  -19.175  36.730 0.0000000000
46315  40.760  -19.845  32.522 0.0000000000
46341  41.321  -19.262  31.489 0.0000000000
46361  40.128  -18.520  30.019 0.0000000000
46382  39.006  -18.318  27.923 0.0000000000
46384  37.329  -18.643  26.800 0.0000000000
47328  41.747  -17.493  30.645 0.0000000000
47362  35.627  -19.268  26.121 0.0000000000
47363  35.472  -19.247  25.936 0.0000000000
47378  35.434  -19.207  25.697 0.0000000000
47442  31.743  -18.134  21.072 0.0000000000
48315  32.938  -19.002  36.107 0.0000000000
48328  43.650  -17.910  34.454 0.0000000000
48383  42.136  -16.938  30.379 0.0000000000
48412  41.178  -17.714  29.175 0.0000000000
49331  43.899  -16.037  32.928 0.0000000000
49332  43.916  -16.768  32.866 0.0000000000
49354  42.376  -16.625  30.464 0.0000000000
49355  41.972  -16.805  30.254 0.0000000000
49369  42.082  -16.734  30.002 0.0000000000
49449  35.503  -17.320  22.993 0.0000000000
50201  44.700  -15.216  33.686 0.0000000000
50214  44.713  -15.179  33.435 0.0000000000
50316  40.895  -16.532  28.163 0.0000000000
50398  33.628  -16.222  20.093 0.0000000000
51139  44.819  -14.833  34.001 0.0000000000
51169  45.474  -14.696  32.676 0.0000000000
51252  41.007  -15.693  28.225 0.0000000000
52130  46.255  -13.526  32.420 0.0000000000
52207  41.190  -14.257  28.313 0.0000000000
52208  41.002  -14.874  27.944 0.0000000000
52277  37.918  -14.205  24.145 0.0000000000
53017  45.192  -12.682  34.944 0.0000000000
53036  45.704  -12.428  34.033 0.0000000000
54035  45.834  -11.461  34.869 0.0000000000
54194  40.101  -11.584  25.438 0.0000000000
54210  39.938  -11.657  24.822 0.0000000000
55177  44.797  -11.579  31.135 0.0000000000
55257  40.094  -11.904  26.134 0.0000000000
55396  38.001  -11.063  20.219 0.0000000000
56258  46.502  -9.411  33.222 0.0000000000
56285  47.280  -10.421  31.582 0.0000000000
56315  43.093  -10.709  28.874 0.0000000000
56469  37.247  -10.424  18.529 0.0000000000
56485  36.419  -10.414  17.708 0.0000000000
57532  36.451  -10.130  17.249 0.0000000000
58567  43.987  -6.340  19.952 0.0000000000
58584  39.804  -8.411  18.947 0.0000000000
58596  45.544  -6.690  17.418 0.0000000000
58634  42.820  -8.093  15.077 0.0000000000
59567  45.507  -6.519  25.581 0.0000000000
59634  48.797  -5.763  17.836 0.0000000000
59638  44.962  -6.921  17.980 0.0000000000
60583  49.836  -4.750  27.329 0.0000000000
60693  46.002  -6.352  18.410 0.0000000000
60694  45.641  -6.471  18.401 0.0000000000
60705  50.555  -4.286  19.298 0.0000000000
60710  45.762  -6.465  18.183 0.0000000000
60711  45.461  -6.614  18.166 0.0000000000
60733  47.899  -5.927  15.523 0.0000000000
61718  50.686  -4.406  24.862 0.0000000000
61735  46.660  -5.240  21.720 0.0000000000
61736  46.367  -5.350  21.697 0.0000000000
61750  46.626  -5.341  21.383 0.0000000000
61751  46.459  -5.373  21.480 0.0000000000
61767  47.900  -5.132  19.688 0.0000000000
61777  48.195  -5.166  19.485 0.0000000000
61778  47.959  -5.244  19.473 0.0000000000
61822  50.270  -4.460  16.090 0.0000000000
61823  49.139  -5.192  15.814 0.0000000000
61825  48.156  -5.415  15.347 0.0000000000
62868  52.427  -3.353  20.203 0.0000000000
62879  52.681  -2.736  19.347 0.0000000000
62916  48.652  -4.857  15.246 0.0000000000
63902  53.212  -2.075  22.350 0.0000000000
63917  53.294  -2.119  21.674 0.0000000000
63931  53.414  -1.712  20.957 0.0000000000
63993  50.558  -3.398  15.642 0.0000000000
65053  54.416  -1.583  21.639 0.0000000000
65069  53.683  -1.285  21.038 0.0000000000
65079  52.949  -1.712  19.697 0.0000000000
65101  52.572  -2.250  17.668 0.0000000000
66283  51.431  -1.373  15.825 0.0000000000
67458  45.475  -0.485  9.894 0.0000000000
67466  53.046  0.263  8.410 0.0000000000
68536  51.443  0.300  15.952 0.0000000000
68619  46.396  0.073  10.667 0.0000000000
68629  56.997  0.435  9.726 0.0000000000
69583  54.165  0.639  21.874 0.0000000000
69700  55.634  1.810  11.102 0.0000000000
69757  56.617  0.958  9.217 0.0000000000
70822  55.885  2.360  10.821 0.0000000000
71904  53.549  3.219  18.197 0.0000000000
71943  53.956  4.582  13.885 0.0000000000
71967  55.572  3.696  10.642 0.0000000000
71993  56.298  2.184  9.763 0.0000000000
71995  55.929  3.221  9.653 0.0000000000
72006  55.855  3.047  9.521 0.0000000000
72017  55.863  1.939  9.040 0.0000000000
73031  54.806  4.683  20.289 0.0000000000
73105  55.333  4.897  14.003 0.0000000000
73136  55.796  3.401  9.667 0.0000000000
73148  55.746  3.251  9.475 0.0000000000
74131  54.078  4.410  18.873 0.0000000000
74133  53.171  4.662  18.370 0.0000000000
74167  51.743  4.800  15.706 0.0000000000
74178  55.816  5.965  14.183 0.0000000000
74212  55.642  5.527  9.726 0.0000000000
75313  53.178  6.626  15.591 0.0000000000
75357  55.559  6.076  10.012 0.0000000000
75371  55.517  6.262  9.461 0.0000000000
76526  54.844  7.050  9.647 0.0000000000
76565  55.436  7.728  7.588 0.0000000000
77578  54.722  7.751  14.656 0.0000000000
77618  54.900  7.217  9.458 0.0000000000
131252  54.634  4.986  11.869 0.0000000000
131260  55.237  6.570  13.466 0.0000000000
131261  55.221  5.022  14.113 0.0000000000
131266  55.831  6.077  13.438 0.0000000000
