#!ascii label  , from subject 3207 vox2ras=TkReg
729
49243  30.971  -17.930  38.742 0.0000000000
67316  48.264  -0.840  21.122 0.0000000000
74114  53.835  5.692  20.803 0.0000000000
62725  48.599  -4.696  31.256 0.0000000000
51108  37.245  -15.429  37.130 0.0000000000
48252  34.943  -18.064  38.249 0.0000000000
71849  49.882  3.383  22.449 0.0000000000
68398  52.430  -0.288  24.681 0.0000000000
60511  44.477  -6.740  34.661 0.0000000000
52059  41.699  -14.711  36.658 0.0000000000
83289  54.004  11.514  11.068 0.0000000000
78622  52.043  8.503  17.624 0.0000000000
64920  44.696  -4.329  29.681 0.0000000000
67212  48.717  -1.787  28.059 0.0000000000
52036  34.096  -15.475  38.282 0.0000000000
49241  32.863  -17.290  38.198 0.0000000000
69586  49.644  1.390  22.111 0.0000000000
70663  51.619  1.818  23.734 0.0000000000
68424  50.326  0.015  23.940 0.0000000000
55121  46.287  -11.038  33.797 0.0000000000
49252  38.973  -17.246  38.499 0.0000000000
51106  39.211  -16.143  37.149 0.0000000000
49268  40.998  -17.357  37.580 0.0000000000
82111  52.968  11.636  12.399 0.0000000000
79768  53.937  9.239  12.906 0.0000000000
80899  52.994  10.344  14.592 0.0000000000
75264  50.529  6.444  20.519 0.0000000000
76438  49.549  7.240  17.976 0.0000000000
77523  53.268  8.260  19.941 0.0000000000
76437  54.059  7.273  17.975 0.0000000000
74132  53.588  4.906  18.691 0.0000000000
62687  46.326  -5.209  33.798 0.0000000000
62714  44.293  -4.819  32.094 0.0000000000
64887  46.888  -2.636  32.090 0.0000000000
66055  46.924  -2.190  29.576 0.0000000000
64917  48.736  -2.273  30.611 0.0000000000
66066  50.827  -2.338  28.524 0.0000000000
62754  50.166  -4.189  29.434 0.0000000000
51076  36.656  -15.887  38.563 0.0000000000
73032  47.893  4.935  20.637 0.0000000000
72995  52.415  4.478  22.118 0.0000000000
70701  53.726  2.345  22.601 0.0000000000
68439  53.940  -0.370  22.484 0.0000000000
55092  42.891  -11.354  36.206 0.0000000000
57316  44.659  -9.760  35.392 0.0000000000
59440  46.231  -8.064  34.472 0.0000000000
59457  47.664  -7.155  32.180 0.0000000000
59489  48.406  -6.607  30.429 0.0000000000
54042  41.414  -12.558  35.465 0.0000000000
53008  43.040  -13.896  36.544 0.0000000000
79810  54.729  10.058  9.664 0.0000000000
78662  51.702  9.205  15.719 0.0000000000
79713  53.475  8.625  16.331 0.0000000000
76474  54.166  7.302  15.711 0.0000000000
68426  48.806  -0.933  25.257 0.0000000000
68366  50.609  -0.835  26.439 0.0000000000
64980  51.822  -2.291  25.436 0.0000000000
49258  31.297  -18.086  38.304 0.0000000000
49242  31.780  -17.452  38.294 0.0000000000
49257  32.113  -17.913  38.055 0.0000000000
68471  49.065  0.482  21.558 0.0000000000
68442  50.171  0.351  22.770 0.0000000000
68443  49.642  -0.408  23.375 0.0000000000
49251  40.038  -17.144  38.451 0.0000000000
80949  52.087  11.041  12.532 0.0000000000
82083  53.151  11.332  13.621 0.0000000000
80918  52.661  10.477  14.195 0.0000000000
75251  52.639  6.063  21.399 0.0000000000
76419  51.791  7.677  20.367 0.0000000000
75263  53.001  6.965  20.757 0.0000000000
76429  54.002  7.517  19.594 0.0000000000
62697  47.474  -5.133  32.729 0.0000000000
63759  46.630  -4.057  32.816 0.0000000000
63771  47.946  -3.693  32.059 0.0000000000
64903  47.435  -2.616  31.351 0.0000000000
63785  48.905  -3.636  31.178 0.0000000000
63797  49.998  -3.575  30.195 0.0000000000
62740  49.381  -4.481  30.504 0.0000000000
51092  35.343  -15.888  37.693 0.0000000000
49238  36.085  -17.260  38.928 0.0000000000
48250  36.751  -17.784  38.713 0.0000000000
71868  47.796  3.217  21.611 0.0000000000
73020  47.736  3.881  21.010 0.0000000000
72999  48.860  3.959  22.198 0.0000000000
74087  49.775  5.182  21.980 0.0000000000
72974  51.420  3.816  22.305 0.0000000000
71847  52.584  3.588  22.357 0.0000000000
71823  52.073  3.286  22.885 0.0000000000
68421  52.297  0.497  24.397 0.0000000000
69545  52.810  0.784  23.516 0.0000000000
68419  53.162  -0.280  23.617 0.0000000000
66165  53.513  -1.209  23.065 0.0000000000
67277  52.963  -1.018  24.235 0.0000000000
54038  44.109  -12.080  35.433 0.0000000000
56231  44.122  -10.584  35.458 0.0000000000
56247  44.892  -11.219  35.311 0.0000000000
57328  45.743  -9.375  34.405 0.0000000000
59449  46.884  -7.654  32.916 0.0000000000
51105  40.470  -15.873  36.734 0.0000000000
52075  40.773  -14.684  36.099 0.0000000000
52074  41.537  -14.001  36.357 0.0000000000
53022  41.964  -13.280  36.408 0.0000000000
52058  42.545  -14.684  36.704 0.0000000000
83309  53.260  11.910  10.865 0.0000000000
82126  54.595  10.750  10.205 0.0000000000
78674  54.232  8.710  13.422 0.0000000000
77543  50.727  8.229  18.026 0.0000000000
76447  50.187  7.547  16.733 0.0000000000
77567  50.763  7.960  16.400 0.0000000000
77580  50.974  8.192  15.681 0.0000000000
78647  51.669  9.056  16.467 0.0000000000
79734  52.314  9.634  15.734 0.0000000000
79697  52.602  8.857  17.112 0.0000000000
74151  52.803  6.284  17.622 0.0000000000
76459  54.278  7.461  16.382 0.0000000000
59444  43.195  -7.892  34.914 0.0000000000
60532  43.398  -6.346  33.334 0.0000000000
63788  44.206  -4.323  30.977 0.0000000000
62728  43.664  -5.312  30.868 0.0000000000
67198  47.505  -1.841  28.684 0.0000000000
66088  47.054  -2.419  27.645 0.0000000000
67230  47.756  -1.657  27.327 0.0000000000
67265  47.528  -1.636  25.390 0.0000000000
68369  48.758  -1.050  27.001 0.0000000000
68384  49.607  -0.786  26.225 0.0000000000
68353  49.885  -0.564  27.764 0.0000000000
63829  51.499  -3.233  27.259 0.0000000000
64948  51.052  -2.713  26.728 0.0000000000
62770  51.198  -3.022  26.014 0.0000000000
62788  51.897  -3.040  25.073 0.0000000000
50157  33.575  -16.656  38.407 0.0000000000
49240  34.112  -17.446  38.150 0.0000000000
48273  34.561  -18.565  37.446 0.0000000000
48274  33.410  -18.194  37.178 0.0000000000
70684  49.732  2.255  22.442 0.0000000000
70682  51.176  2.345  23.133 0.0000000000
70665  51.043  1.247  22.867 0.0000000000
69548  51.508  0.997  23.886 0.0000000000
68400  51.353  -0.195  24.993 0.0000000000
51088  38.818  -15.675  38.061 0.0000000000
51117  38.361  -16.472  36.483 0.0000000000
50168  39.412  -16.446  38.293 0.0000000000
50167  40.449  -16.473  37.975 0.0000000000
50179  41.208  -16.500  37.348 0.0000000000
50178  42.307  -16.243  36.974 0.0000000000
49280  42.408  -17.586  36.678 0.0000000000
83290  53.555  11.662  11.403 0.0000000000
82108  54.158  10.599  11.783 0.0000000000
82094  53.743  10.561  12.756 0.0000000000
80915  53.613  10.233  13.477 0.0000000000
79754  53.750  9.341  14.590 0.0000000000
75274  48.715  6.085  19.611 0.0000000000
76431  49.892  7.257  18.900 0.0000000000
77535  51.106  8.168  18.964 0.0000000000
78614  51.778  8.428  18.496 0.0000000000
78621  52.781  8.012  17.590 0.0000000000
77531  54.107  7.848  18.885 0.0000000000
75291  53.375  6.833  17.809 0.0000000000
61613  45.770  -5.739  34.242 0.0000000000
61615  44.045  -5.621  34.003 0.0000000000
62700  45.603  -4.664  33.394 0.0000000000
63774  45.379  -3.206  32.300 0.0000000000
64906  45.150  -3.416  30.962 0.0000000000
66071  45.723  -3.696  28.839 0.0000000000
66041  46.620  -2.882  30.559 0.0000000000
66054  47.623  -1.454  30.238 0.0000000000
67183  49.039  -1.506  29.498 0.0000000000
67194  50.125  -1.633  28.717 0.0000000000
66051  49.988  -2.359  29.737 0.0000000000
63814  51.022  -3.491  28.780 0.0000000000
61675  50.525  -4.604  27.990 0.0000000000
52064  34.831  -15.403  37.260 0.0000000000
52046  35.593  -15.480  37.625 0.0000000000
52044  37.223  -14.870  38.067 0.0000000000
50152  37.659  -16.538  38.702 0.0000000000
48269  38.633  -18.182  38.602 0.0000000000
75255  49.619  5.783  20.753 0.0000000000
75237  51.231  6.080  21.957 0.0000000000
74104  52.736  5.102  21.689 0.0000000000
71866  53.472  3.809  21.586 0.0000000000
70714  54.371  2.291  21.607 0.0000000000
69596  54.291  0.882  21.496 0.0000000000
69564  52.794  1.767  23.450 0.0000000000
69562  53.628  0.938  22.719 0.0000000000
55109  41.783  -11.230  35.345 0.0000000000
57319  42.510  -9.919  35.672 0.0000000000
58389  43.481  -9.136  35.446 0.0000000000
59442  44.724  -7.769  35.306 0.0000000000
56228  45.721  -10.449  35.058 0.0000000000
58386  45.569  -8.914  35.310 0.0000000000
60510  45.487  -7.184  35.097 0.0000000000
61601  46.297  -6.659  34.175 0.0000000000
61610  47.241  -6.062  32.893 0.0000000000
61637  47.958  -5.656  31.768 0.0000000000
61648  48.468  -5.551  31.080 0.0000000000
59478  48.238  -6.894  31.188 0.0000000000
55094  41.596  -11.829  35.633 0.0000000000
54039  43.249  -12.215  36.089 0.0000000000
53019  44.118  -13.163  35.476 0.0000000000
51101  43.319  -15.177  36.197 0.0000000000
51114  43.834  -15.104  35.509 0.0000000000
80984  54.810  10.677  8.775 0.0000000000
78683  51.905  9.170  13.673 0.0000000000
79755  52.282  9.580  15.259 0.0000000000
80877  53.035  9.804  15.052 0.0000000000
78645  54.789  8.681  15.788 0.0000000000
78619  54.245  8.361  17.602 0.0000000000
77565  55.147  8.160  16.341 0.0000000000
76473  54.632  7.448  15.175 0.0000000000
61639  43.734  -6.555  32.259 0.0000000000
67281  47.789  -1.772  24.302 0.0000000000
67288  48.963  -0.931  23.993 0.0000000000
68425  49.278  -0.818  24.610 0.0000000000
68382  50.915  -0.596  25.665 0.0000000000
68381  51.484  -0.618  25.489 0.0000000000
67209  50.633  -1.893  26.985 0.0000000000
67227  50.703  -1.985  25.979 0.0000000000
66139  52.389  -1.715  25.094 0.0000000000
64991  52.404  -1.967  25.002 0.0000000000
60552  49.095  -5.187  29.642 0.0000000000
60573  49.488  -4.917  28.078 0.0000000000
48254  30.704  -18.761  38.812 0.0000000000
67315  48.939  -0.417  21.779 0.0000000000
68459  49.706  0.173  22.126 0.0000000000
80933  52.447  10.787  13.562 0.0000000000
79786  52.115  10.092  13.095 0.0000000000
75250  53.216  5.960  21.075 0.0000000000
75262  53.651  6.320  20.696 0.0000000000
75261  54.237  6.316  20.195 0.0000000000
74113  54.326  5.580  20.419 0.0000000000
62712  47.960  -4.532  32.061 0.0000000000
63757  47.728  -4.403  32.431 0.0000000000
63786  48.410  -3.611  31.567 0.0000000000
62726  48.376  -4.043  31.648 0.0000000000
62741  49.371  -4.008  30.863 0.0000000000
49239  35.203  -17.360  38.549 0.0000000000
48251  35.886  -17.940  38.488 0.0000000000
48272  35.665  -18.596  37.961 0.0000000000
71850  49.189  3.212  22.420 0.0000000000
71867  48.463  3.570  22.062 0.0000000000
72976  50.148  3.590  22.424 0.0000000000
72998  49.726  4.310  22.228 0.0000000000
72975  50.635  3.702  22.353 0.0000000000
71824  51.254  3.123  22.846 0.0000000000
68420  52.812  0.309  23.835 0.0000000000
67278  52.811  -0.515  24.319 0.0000000000
54048  44.688  -11.871  35.252 0.0000000000
55090  44.331  -11.263  35.427 0.0000000000
54047  44.923  -11.755  35.213 0.0000000000
51104  41.225  -15.687  36.958 0.0000000000
52060  41.076  -15.269  36.601 0.0000000000
53010  41.898  -13.985  36.506 0.0000000000
83308  53.713  12.201  10.432 0.0000000000
83307  53.758  12.061  9.852 0.0000000000
82127  54.433  11.087  10.525 0.0000000000
78623  51.417  8.420  17.906 0.0000000000
77554  50.590  8.050  17.212 0.0000000000
78635  51.229  8.530  17.176 0.0000000000
78648  51.148  8.639  16.301 0.0000000000
78634  51.754  8.815  17.067 0.0000000000
79698  52.165  9.033  16.947 0.0000000000
74152  52.520  5.917  16.945 0.0000000000
75299  53.465  6.860  16.610 0.0000000000
60512  43.795  -6.972  34.618 0.0000000000
60524  42.772  -6.912  33.906 0.0000000000
60523  43.398  -6.417  34.136 0.0000000000
63799  44.585  -4.262  30.140 0.0000000000
63800  43.929  -4.254  29.876 0.0000000000
67197  48.101  -1.528  28.749 0.0000000000
67213  47.962  -1.821  27.943 0.0000000000
68356  48.068  -1.576  27.443 0.0000000000
68370  48.135  -1.266  27.052 0.0000000000
68354  49.178  -1.139  27.596 0.0000000000
68368  49.402  -0.747  27.031 0.0000000000
61674  51.238  -4.208  27.323 0.0000000000
62771  51.253  -3.336  26.523 0.0000000000
61684  50.950  -4.023  26.530 0.0000000000
62778  51.147  -3.414  25.800 0.0000000000
49256  33.125  -17.772  37.790 0.0000000000
49255  33.929  -18.009  37.756 0.0000000000
69599  48.458  1.354  21.327 0.0000000000
69600  47.694  1.605  20.811 0.0000000000
69587  48.853  1.702  21.916 0.0000000000
70702  48.963  2.316  22.193 0.0000000000
70683  50.597  1.989  22.700 0.0000000000
69566  50.223  1.573  22.409 0.0000000000
69549  51.112  0.721  23.380 0.0000000000
68423  51.158  0.239  24.266 0.0000000000
68422  51.737  0.465  24.503 0.0000000000
50169  38.111  -16.386  38.532 0.0000000000
49269  40.513  -17.468  38.103 0.0000000000
49250  40.753  -16.892  38.027 0.0000000000
50166  40.787  -16.649  37.784 0.0000000000
49267  41.891  -17.238  37.134 0.0000000000
80948  52.632  11.386  12.244 0.0000000000
82129  52.869  11.610  11.497 0.0000000000
82128  53.113  11.670  11.775 0.0000000000
82110  53.281  11.546  12.260 0.0000000000
82109  53.851  11.283  12.141 0.0000000000
82096  53.107  11.566  13.179 0.0000000000
80917  52.855  11.075  13.997 0.0000000000
80916  53.274  10.839  13.893 0.0000000000
80898  53.353  9.932  14.451 0.0000000000
80897  53.781  9.675  13.953 0.0000000000
75265  49.938  6.355  20.331 0.0000000000
76432  49.256  6.451  19.207 0.0000000000
76421  49.626  6.659  19.765 0.0000000000
76418  52.749  7.758  20.477 0.0000000000
77525  51.531  8.262  19.866 0.0000000000
77534  52.006  8.599  19.269 0.0000000000
77533  52.871  8.524  19.264 0.0000000000
77522  53.547  8.000  19.753 0.0000000000
75282  53.881  6.188  18.673 0.0000000000
74141  52.994  5.985  18.373 0.0000000000
74142  52.888  5.233  18.056 0.0000000000
62688  45.700  -4.934  34.049 0.0000000000
62699  46.165  -4.618  33.351 0.0000000000
63773  46.302  -3.250  32.478 0.0000000000
63760  45.769  -4.059  32.804 0.0000000000
64889  45.200  -2.852  31.640 0.0000000000
64888  45.976  -2.635  31.942 0.0000000000
66042  46.303  -3.465  30.586 0.0000000000
64904  46.643  -2.571  31.350 0.0000000000
66039  47.956  -2.177  30.740 0.0000000000
66053  48.563  -1.570  30.250 0.0000000000
67184  48.298  -1.185  29.538 0.0000000000
66052  49.431  -1.854  29.930 0.0000000000
66068  49.847  -1.932  29.387 0.0000000000
63815  50.421  -3.567  29.407 0.0000000000
62753  50.811  -4.051  28.741 0.0000000000
61666  50.442  -4.393  28.660 0.0000000000
52048  33.419  -14.827  38.161 0.0000000000
52065  33.885  -14.818  37.436 0.0000000000
52047  34.423  -15.367  37.996 0.0000000000
51077  35.874  -16.139  38.283 0.0000000000
51091  36.121  -15.458  38.202 0.0000000000
52045  36.436  -14.886  37.953 0.0000000000
51090  36.940  -15.258  38.362 0.0000000000
50170  37.352  -15.816  38.513 0.0000000000
50153  37.250  -16.424  38.725 0.0000000000
74116  47.742  5.351  20.116 0.0000000000
74115  48.375  5.370  20.603 0.0000000000
74085  51.419  5.426  22.215 0.0000000000
74086  50.489  5.434  21.921 0.0000000000
75235  52.284  5.891  21.940 0.0000000000
73016  53.098  4.538  21.414 0.0000000000
73017  52.733  4.525  21.760 0.0000000000
71821  53.243  2.780  22.731 0.0000000000
71846  53.456  3.031  22.264 0.0000000000
70700  54.108  2.257  22.127 0.0000000000
69597  54.402  1.683  21.753 0.0000000000
70681  51.791  2.570  23.418 0.0000000000
70662  52.262  1.932  23.857 0.0000000000
68441  53.164  0.295  23.328 0.0000000000
69563  53.108  1.007  23.158 0.0000000000
68440  53.542  0.223  22.821 0.0000000000
68457  53.852  0.204  22.314 0.0000000000
55093  42.017  -11.380  36.073 0.0000000000
56248  42.071  -10.460  35.478 0.0000000000
56233  42.591  -10.507  36.072 0.0000000000
57317  43.842  -9.773  35.477 0.0000000000
58388  44.388  -8.768  35.484 0.0000000000
55088  45.925  -10.964  35.153 0.0000000000
55105  46.047  -10.798  34.659 0.0000000000
58394  46.131  -8.592  34.058 0.0000000000
57313  45.655  -9.256  34.780 0.0000000000
59432  46.059  -8.202  34.934 0.0000000000
60499  45.880  -7.685  35.267 0.0000000000
60498  46.152  -7.739  34.900 0.0000000000
60509  46.174  -7.100  34.854 0.0000000000
60508  46.380  -7.202  34.146 0.0000000000
59458  47.343  -7.426  32.538 0.0000000000
60520  46.895  -6.899  32.897 0.0000000000
60531  47.320  -6.743  32.546 0.0000000000
61624  47.541  -5.732  32.542 0.0000000000
60530  47.652  -6.517  32.197 0.0000000000
60538  48.103  -6.301  31.468 0.0000000000
59468  47.861  -7.027  31.772 0.0000000000
53033  41.142  -13.494  35.275 0.0000000000
53038  41.371  -13.606  34.240 0.0000000000
54049  41.598  -12.741  34.460 0.0000000000
54041  41.665  -12.407  36.120 0.0000000000
53021  42.781  -13.112  36.411 0.0000000000
53020  43.478  -13.085  36.043 0.0000000000
53007  43.475  -13.953  36.074 0.0000000000
51102  42.729  -15.366  36.659 0.0000000000
52090  44.161  -14.446  35.234 0.0000000000
80977  54.702  10.706  9.383 0.0000000000
79816  54.969  9.931  9.102 0.0000000000
80929  53.914  9.783  12.295 0.0000000000
76449  49.238  6.704  17.816 0.0000000000
75293  48.762  5.929  17.636 0.0000000000
76448  49.560  6.823  17.201 0.0000000000
78663  51.252  8.834  15.302 0.0000000000
77589  51.016  8.329  14.855 0.0000000000
78676  51.289  8.854  14.354 0.0000000000
78675  51.929  9.137  14.778 0.0000000000
79771  52.484  9.865  14.120 0.0000000000
79756  52.029  9.707  15.132 0.0000000000
79714  52.994  8.987  16.515 0.0000000000
79733  52.689  9.466  15.742 0.0000000000
79732  53.322  9.126  15.447 0.0000000000
78646  53.800  8.351  15.823 0.0000000000
77541  54.268  8.100  18.345 0.0000000000
78620  53.793  8.825  17.947 0.0000000000
77566  54.634  7.777  16.575 0.0000000000
76458  55.038  7.588  15.973 0.0000000000
75311  54.338  6.901  15.004 0.0000000000
62702  44.520  -4.936  32.832 0.0000000000
61627  43.935  -5.764  33.016 0.0000000000
61638  44.046  -5.736  31.768 0.0000000000
66070  46.410  -2.991  28.670 0.0000000000
66107  47.188  -2.314  26.888 0.0000000000
67264  47.717  -0.833  25.906 0.0000000000
67280  48.449  -1.160  24.874 0.0000000000
67289  48.385  -1.327  23.629 0.0000000000
67279  48.892  -1.009  24.514 0.0000000000
68367  50.057  -0.678  26.822 0.0000000000
68383  50.309  -0.740  25.929 0.0000000000
67246  51.017  -0.856  26.030 0.0000000000
66087  50.585  -1.937  28.305 0.0000000000
67210  50.462  -1.332  28.113 0.0000000000
66086  50.806  -2.046  27.766 0.0000000000
64965  51.179  -2.676  25.888 0.0000000000
66106  50.771  -2.399  25.915 0.0000000000
66105  51.243  -2.132  25.577 0.0000000000
67244  51.518  -1.802  25.545 0.0000000000
66123  52.050  -1.868  25.374 0.0000000000
66122  52.338  -1.855  25.273 0.0000000000
64979  52.200  -2.049  25.281 0.0000000000
62799  52.118  -3.266  24.253 0.0000000000
60545  48.442  -6.106  30.800 0.0000000000
61659  48.737  -5.444  30.545 0.0000000000
60553  48.710  -5.672  30.121 0.0000000000
48276  31.254  -18.725  38.035 0.0000000000
69611  47.988  0.859  20.535 0.0000000000
69598  49.138  1.038  21.830 0.0000000000
69585  50.321  0.973  22.241 0.0000000000
68458  50.047  0.695  22.215 0.0000000000
48268  39.486  -17.949  38.424 0.0000000000
48293  39.852  -18.396  38.173 0.0000000000
48292  40.434  -18.129  37.721 0.0000000000
80932  52.716  11.325  13.022 0.0000000000
76410  51.328  6.812  20.637 0.0000000000
76409  52.195  6.869  20.716 0.0000000000
76417  53.633  7.570  20.149 0.0000000000
76416  54.177  6.946  19.944 0.0000000000
75273  54.299  6.250  19.607 0.0000000000
62698  46.821  -4.807  33.122 0.0000000000
63758  47.353  -4.237  32.646 0.0000000000
63772  47.187  -3.406  32.450 0.0000000000
64886  47.701  -2.963  31.968 0.0000000000
64902  48.323  -3.046  31.280 0.0000000000
64901  48.917  -3.172  31.084 0.0000000000
64916  49.395  -2.879  30.624 0.0000000000
63798  49.470  -3.532  30.766 0.0000000000
51093  34.651  -15.905  37.790 0.0000000000
51078  35.024  -16.372  37.966 0.0000000000
50155  35.532  -16.723  38.587 0.0000000000
50154  36.382  -16.560  38.755 0.0000000000
49237  36.914  -17.067  38.838 0.0000000000
71869  47.414  2.844  20.919 0.0000000000
73019  48.427  4.431  21.374 0.0000000000
73018  49.279  5.079  21.762 0.0000000000
72997  50.898  4.604  22.260 0.0000000000
72996  51.748  4.661  22.351 0.0000000000
71848  52.017  3.938  22.330 0.0000000000
71822  52.882  2.969  22.815 0.0000000000
69547  52.026  1.238  24.195 0.0000000000
69546  52.554  1.061  23.710 0.0000000000
67286  54.143  -0.836  22.649 0.0000000000
67287  53.540  -0.809  23.114 0.0000000000
66153  53.024  -1.289  23.714 0.0000000000
55091  43.668  -11.344  35.738 0.0000000000
56232  43.374  -10.537  35.903 0.0000000000
56230  44.833  -10.759  35.334 0.0000000000
56244  45.729  -10.046  34.531 0.0000000000
58407  46.438  -8.477  33.517 0.0000000000
59450  46.555  -7.813  33.558 0.0000000000
58406  46.860  -8.375  32.982 0.0000000000
58419  47.661  -8.328  32.650 0.0000000000
51116  39.863  -16.357  36.018 0.0000000000
52092  40.388  -15.462  35.150 0.0000000000
53023  41.250  -13.336  36.114 0.0000000000
53009  42.347  -13.946  36.589 0.0000000000
82140  54.341  11.786  9.470 0.0000000000
82139  54.642  11.071  9.736 0.0000000000
80969  54.674  10.483  9.982 0.0000000000
77544  49.975  7.946  18.069 0.0000000000
77555  49.943  7.560  17.470 0.0000000000
76460  50.482  7.633  15.900 0.0000000000
79735  51.989  9.518  15.971 0.0000000000
79716  52.051  9.322  16.464 0.0000000000
79715  52.432  9.310  16.457 0.0000000000
76446  54.124  7.344  17.081 0.0000000000
59445  42.685  -8.183  34.646 0.0000000000
63776  44.261  -4.403  31.534 0.0000000000
62727  43.939  -4.933  31.332 0.0000000000
62742  43.830  -4.768  30.657 0.0000000000
62743  43.367  -5.174  30.211 0.0000000000
66069  47.018  -2.345  28.357 0.0000000000
67214  47.394  -1.842  27.889 0.0000000000
67249  47.354  -2.109  25.980 0.0000000000
67247  47.655  -1.152  26.734 0.0000000000
68386  48.205  -0.789  26.507 0.0000000000
68404  48.479  -0.759  25.774 0.0000000000
68403  49.129  -0.825  25.615 0.0000000000
68385  48.906  -0.795  26.393 0.0000000000
67229  50.458  -0.834  27.237 0.0000000000
64949  51.377  -2.627  27.929 0.0000000000
64966  51.463  -3.066  26.416 0.0000000000
63843  51.568  -3.025  25.900 0.0000000000
63854  51.810  -2.699  25.323 0.0000000000
62777  51.350  -3.028  25.711 0.0000000000
52037  33.711  -15.369  38.391 0.0000000000
51080  33.153  -15.943  38.410 0.0000000000
51079  34.163  -15.930  38.262 0.0000000000
50156  34.612  -16.738  38.408 0.0000000000
48253  34.376  -18.054  37.985 0.0000000000
48275  32.249  -18.174  37.385 0.0000000000
71851  48.408  2.915  22.229 0.0000000000
71826  49.952  2.797  22.537 0.0000000000
71825  50.506  2.998  22.666 0.0000000000
70664  51.248  1.504  23.235 0.0000000000
69565  50.708  0.864  22.680 0.0000000000
68399  51.951  -0.066  25.023 0.0000000000
54036  45.333  -11.963  34.918 0.0000000000
51107  37.859  -15.616  37.434 0.0000000000
51087  39.855  -16.122  37.638 0.0000000000
50180  40.661  -16.209  37.310 0.0000000000
51103  42.016  -15.515  37.025 0.0000000000
49266  42.711  -16.872  36.737 0.0000000000
82093  53.892  10.079  12.668 0.0000000000
82095  53.411  11.125  13.140 0.0000000000
80930  53.582  10.674  13.240 0.0000000000
80914  53.880  9.721  13.179 0.0000000000
79753  54.176  9.183  13.982 0.0000000000
78661  54.510  8.449  14.561 0.0000000000
75283  48.677  6.071  18.841 0.0000000000
76439  49.189  6.649  18.387 0.0000000000
76420  50.592  7.372  20.046 0.0000000000
76430  50.450  7.749  19.187 0.0000000000
77536  50.400  7.916  18.647 0.0000000000
78613  52.349  8.275  18.490 0.0000000000
78611  53.637  8.374  18.554 0.0000000000
76428  54.076  7.286  19.045 0.0000000000
61603  45.340  -6.361  34.554 0.0000000000
60522  44.171  -6.063  34.306 0.0000000000
61614  44.893  -5.631  34.237 0.0000000000
62689  45.159  -4.905  33.750 0.0000000000
62701  45.086  -4.589  33.039 0.0000000000
63761  45.100  -3.943  32.488 0.0000000000
62713  44.721  -4.380  32.444 0.0000000000
63775  44.664  -3.777  31.709 0.0000000000
63787  44.611  -4.049  30.677 0.0000000000
64919  45.323  -4.387  30.164 0.0000000000
64932  45.159  -4.276  29.135 0.0000000000
64918  45.937  -3.838  30.659 0.0000000000
66056  46.412  -3.737  29.755 0.0000000000
66040  47.171  -2.233  30.660 0.0000000000
67185  47.526  -1.289  29.375 0.0000000000
67196  48.808  -1.600  28.808 0.0000000000
67211  49.400  -1.346  28.216 0.0000000000
67195  49.597  -1.629  29.000 0.0000000000
66067  50.282  -1.982  28.925 0.0000000000
64915  50.026  -2.922  29.998 0.0000000000
64931  50.496  -2.888  29.312 0.0000000000
64930  51.064  -2.815  28.719 0.0000000000
63830  51.574  -3.378  28.122 0.0000000000
62763  51.491  -4.109  28.185 0.0000000000
52077  36.938  -15.359  36.938 0.0000000000
52063  35.908  -14.972  37.262 0.0000000000
52062  36.992  -14.978  37.417 0.0000000000
52061  37.561  -14.967  37.815 0.0000000000
51089  37.737  -15.325  38.199 0.0000000000
49254  37.386  -17.505  38.762 0.0000000000
49253  38.064  -17.421  38.700 0.0000000000
75266  49.040  6.037  20.272 0.0000000000
75254  50.238  5.893  20.852 0.0000000000
74106  49.839  5.458  21.395 0.0000000000
74105  50.379  5.700  21.338 0.0000000000
75253  50.846  6.161  21.157 0.0000000000
75252  51.688  6.320  21.333 0.0000000000
74103  53.367  5.448  21.120 0.0000000000
73031  54.806  4.683  20.289 0.0000000000
73015  54.025  4.543  21.084 0.0000000000
71881  54.572  3.820  20.746 0.0000000000
71865  54.143  3.026  21.416 0.0000000000
72994  52.859  3.951  21.830 0.0000000000
70680  52.532  2.519  23.309 0.0000000000
70679  53.276  2.287  22.999 0.0000000000
70678  53.775  1.623  22.744 0.0000000000
69584  54.101  0.938  22.240 0.0000000000
56249  41.832  -10.786  34.670 0.0000000000
57331  42.382  -9.582  35.105 0.0000000000
57318  43.069  -9.776  35.753 0.0000000000
58390  43.025  -9.269  35.543 0.0000000000
58397  42.905  -8.820  35.173 0.0000000000
58396  43.671  -8.372  35.260 0.0000000000
59443  43.924  -7.579  34.969 0.0000000000
55089  45.350  -11.358  35.184 0.0000000000
56229  45.469  -10.609  35.249 0.0000000000
57315  45.238  -9.767  35.274 0.0000000000
57329  45.574  -9.844  34.758 0.0000000000
57314  45.562  -9.683  34.982 0.0000000000
58387  45.212  -8.975  35.746 0.0000000000
59435  45.096  -8.284  35.688 0.0000000000
59441  45.360  -7.826  35.493 0.0000000000
61602  45.957  -6.467  34.574 0.0000000000
61612  46.295  -6.006  33.937 0.0000000000
60521  46.575  -7.084  33.496 0.0000000000
61611  46.619  -6.429  33.492 0.0000000000
62686  46.805  -5.560  33.344 0.0000000000
61625  47.365  -5.648  32.805 0.0000000000
62696  47.565  -5.358  32.513 0.0000000000
58440  48.176  -7.498  30.873 0.0000000000
55110  41.799  -11.787  34.693 0.0000000000
54040  42.423  -12.290  36.259 0.0000000000
52057  43.145  -14.614  36.488 0.0000000000
52056  43.425  -14.530  36.147 0.0000000000
52073  43.735  -14.299  35.652 0.0000000000
49227  30.611  -17.786  39.049 0.0000000000
80901  52.644  9.939  14.473 0.0000000000
80900  52.733  9.941  14.651 0.0000000000
80878  52.710  9.706  15.095 0.0000000000
79731  54.014  8.743  15.029 0.0000000000
79696  53.164  8.639  17.237 0.0000000000
78633  53.487  8.599  16.993 0.0000000000
77553  54.392  7.964  17.137 0.0000000000
77552  54.673  8.248  16.668 0.0000000000
78631  54.806  8.422  16.441 0.0000000000
77579  55.115  7.978  15.213 0.0000000000
76485  54.652  6.968  14.526 0.0000000000
66201  47.684  -1.443  21.716 0.0000000000
61628  43.492  -6.400  32.948 0.0000000000
66140  47.141  -2.241  24.662 0.0000000000
67302  47.594  -1.619  22.799 0.0000000000
67301  48.056  -1.232  22.417 0.0000000000
67300  48.976  -0.703  22.886 0.0000000000
68402  49.894  -0.670  25.234 0.0000000000
68401  50.694  -0.397  25.001 0.0000000000
67263  51.976  -0.722  25.211 0.0000000000
67228  50.742  -1.343  26.643 0.0000000000
66085  50.773  -2.278  26.825 0.0000000000
67208  50.535  -1.982  26.692 0.0000000000
67245  51.384  -1.286  25.669 0.0000000000
67262  52.334  -1.245  24.979 0.0000000000
67261  52.650  -1.290  24.665 0.0000000000
65000  52.649  -1.756  24.233 0.0000000000
63875  52.614  -2.107  23.912 0.0000000000
62787  52.209  -2.697  24.842 0.0000000000
62798  52.322  -2.692  24.488 0.0000000000
61647  48.903  -4.968  30.686 0.0000000000
61658  49.293  -4.978  30.049 0.0000000000
61667  49.631  -4.724  29.214 0.0000000000
59500  48.703  -5.475  29.053 0.0000000000
60562  49.040  -5.155  29.033 0.0000000000
61676  49.801  -4.649  28.544 0.0000000000
48267  40.091  -17.825  38.244 0.0000000000
49236  37.575  -16.878  38.744 0.0000000000
50176  43.144  -15.643  36.186 0.0000000000
52043  37.527  -14.997  38.085 0.0000000000
54037  44.836  -12.077  35.151 0.0000000000
55087  46.045  -11.105  34.943 0.0000000000
55106  45.976  -10.591  34.981 0.0000000000
55107  45.004  -11.500  35.214 0.0000000000
55108  44.726  -11.506  35.302 0.0000000000
56245  45.689  -10.241  34.854 0.0000000000
56246  45.114  -11.085  35.287 0.0000000000
57330  42.749  -9.464  35.489 0.0000000000
58385  45.837  -8.777  34.823 0.0000000000
58395  44.180  -8.106  35.311 0.0000000000
59433  45.932  -8.255  35.245 0.0000000000
59434  45.588  -8.221  35.553 0.0000000000
59451  43.432  -7.259  34.580 0.0000000000
60500  45.638  -7.723  35.428 0.0000000000
60519  47.356  -6.259  32.641 0.0000000000
60563  48.783  -5.468  29.611 0.0000000000
61600  46.399  -6.757  33.944 0.0000000000
61609  47.383  -5.959  32.690 0.0000000000
61626  44.565  -5.172  33.535 0.0000000000
62685  47.168  -5.763  33.051 0.0000000000
62711  47.792  -5.189  32.162 0.0000000000
62724  48.982  -4.720  30.798 0.0000000000
62762  51.486  -3.740  27.362 0.0000000000
63844  51.362  -3.039  26.613 0.0000000000
63853  52.154  -2.300  25.226 0.0000000000
63864  52.330  -2.386  24.812 0.0000000000
63865  52.089  -2.572  25.151 0.0000000000
64885  47.988  -3.222  31.794 0.0000000000
64905  45.979  -3.107  31.217 0.0000000000
64933  44.714  -4.335  28.970 0.0000000000
64947  50.832  -2.741  26.111 0.0000000000
65011  53.995  -1.400  22.609 0.0000000000
66057  45.703  -4.191  29.403 0.0000000000
66084  50.751  -2.476  26.149 0.0000000000
66138  52.593  -1.535  24.692 0.0000000000
66164  54.123  -1.200  22.657 0.0000000000
66166  47.308  -1.865  23.067 0.0000000000
67182  49.376  -1.682  29.471 0.0000000000
67226  51.131  -1.933  25.671 0.0000000000
67231  47.536  -1.867  27.156 0.0000000000
67248  47.464  -1.604  26.358 0.0000000000
67290  47.726  -1.677  23.325 0.0000000000
68355  48.533  -1.539  27.459 0.0000000000
68456  53.994  0.114  21.924 0.0000000000
70703  48.099  2.195  22.073 0.0000000000
71845  53.882  2.778  21.920 0.0000000000
74084  52.233  5.440  22.133 0.0000000000
74102  53.917  5.332  20.886 0.0000000000
74107  49.056  5.414  21.078 0.0000000000
75236  51.952  6.025  22.039 0.0000000000
76411  50.832  6.668  20.545 0.0000000000
76422  49.164  6.302  19.731 0.0000000000
77524  52.396  8.533  20.096 0.0000000000
77532  53.734  8.059  19.172 0.0000000000
77542  53.979  8.441  18.565 0.0000000000
78612  53.062  7.911  18.482 0.0000000000
78632  54.168  8.387  16.768 0.0000000000
79769  53.544  10.597  13.472 0.0000000000
79770  53.385  10.894  13.724 0.0000000000
79784  53.584  10.846  13.461 0.0000000000
79785  53.511  10.704  13.607 0.0000000000
80879  52.607  9.632  15.256 0.0000000000
80931  53.428  10.884  13.479 0.0000000000
82080  53.862  9.880  12.993 0.0000000000
82081  53.866  10.071  12.971 0.0000000000
82082  53.271  11.130  13.545 0.0000000000
83291  53.255  11.694  11.599 0.0000000000
