#!ascii label  , from subject 3191 vox2ras=TkReg
667
16610  -42.973  -60.703  -5.771 0.0000000000
20579  -35.985  -57.043  -7.431 0.0000000000
19479  -39.440  -56.857  -3.140 0.0000000000
19567  -41.801  -57.340  -7.637 0.0000000000
25926  -38.783  -51.865  -4.260 0.0000000000
13562  -40.653  -63.688  -1.231 0.0000000000
18416  -36.506  -58.353  1.661 0.0000000000
23562  -38.543  -53.357  5.976 0.0000000000
22623  -36.215  -54.353  -1.424 0.0000000000
23722  -40.655  -53.815  -2.818 0.0000000000
25884  -36.885  -51.427  -1.582 0.0000000000
16520  -39.198  -60.880  0.013 0.0000000000
18442  -40.249  -58.940  1.968 0.0000000000
27838  -36.306  -49.334  8.880 0.0000000000
24627  -34.716  -51.955  7.367 0.0000000000
15664  -40.701  -61.172  -8.954 0.0000000000
18567  -38.636  -58.578  -7.069 0.0000000000
16699  -38.903  -60.623  -10.660 0.0000000000
17645  -35.788  -60.097  -9.292 0.0000000000
18532  -43.025  -58.477  -4.749 0.0000000000
18572  -42.970  -58.578  -7.602 0.0000000000
21571  -41.153  -54.448  -5.231 0.0000000000
22671  -37.528  -54.430  -4.721 0.0000000000
16562  -39.519  -60.583  -3.580 0.0000000000
18495  -36.778  -58.484  -2.231 0.0000000000
21485  -33.685  -55.675  0.180 0.0000000000
21428  -41.302  -55.244  3.169 0.0000000000
21441  -36.963  -55.741  3.596 0.0000000000
22496  -33.498  -54.953  3.521 0.0000000000
27891  -32.612  -50.027  3.478 0.0000000000
16702  -41.290  -60.481  -10.554 0.0000000000
28087  -35.855  -49.633  -7.505 0.0000000000
21620  -36.844  -55.141  -8.433 0.0000000000
21662  -37.416  -55.553  -10.993 0.0000000000
23690  -34.612  -53.436  -0.783 0.0000000000
23705  -36.868  -53.422  -1.405 0.0000000000
16635  -41.547  -60.319  -7.504 0.0000000000
18549  -37.245  -57.974  -6.713 0.0000000000
17598  -37.017  -59.190  -8.124 0.0000000000
18591  -35.641  -58.654  -8.489 0.0000000000
18610  -34.682  -59.041  -9.779 0.0000000000
19587  -35.298  -57.668  -8.540 0.0000000000
19496  -40.745  -57.658  -4.046 0.0000000000
20518  -41.996  -56.167  -3.743 0.0000000000
25916  -40.145  -52.224  -3.863 0.0000000000
24838  -41.288  -52.763  -4.673 0.0000000000
23762  -39.956  -52.535  -5.141 0.0000000000
21569  -39.230  -54.807  -4.757 0.0000000000
24824  -38.462  -52.481  -4.532 0.0000000000
15553  -41.640  -61.669  -3.781 0.0000000000
14579  -40.383  -62.916  -2.614 0.0000000000
17497  -37.776  -59.536  0.412 0.0000000000
16531  -37.635  -60.018  -0.920 0.0000000000
18457  -35.926  -58.495  -0.120 0.0000000000
19455  -35.048  -57.073  -0.911 0.0000000000
19418  -34.555  -57.190  0.650 0.0000000000
23617  -39.140  -54.280  4.437 0.0000000000
21426  -38.850  -55.616  3.496 0.0000000000
23615  -37.310  -54.379  4.566 0.0000000000
26803  -33.488  -50.228  7.259 0.0000000000
22444  -34.030  -54.179  5.224 0.0000000000
24671  -32.717  -52.190  5.230 0.0000000000
24716  -32.468  -52.654  3.667 0.0000000000
20598  -43.152  -56.905  -8.215 0.0000000000
18614  -42.364  -58.669  -9.127 0.0000000000
18613  -41.734  -58.490  -9.213 0.0000000000
15739  -38.678  -61.929  -12.286 0.0000000000
29190  -36.987  -48.571  -7.974 0.0000000000
24856  -36.094  -52.380  -7.790 0.0000000000
22734  -38.389  -53.693  -9.951 0.0000000000
21526  -38.249  -55.513  -2.015 0.0000000000
21536  -40.613  -55.300  -3.012 0.0000000000
22626  -39.179  -54.315  -1.732 0.0000000000
24783  -39.009  -53.051  -2.138 0.0000000000
26921  -38.430  -51.407  -2.550 0.0000000000
14535  -39.624  -62.185  -0.859 0.0000000000
17499  -39.419  -60.187  0.881 0.0000000000
18418  -38.315  -58.566  2.100 0.0000000000
25762  -37.096  -51.737  7.411 0.0000000000
24648  -36.565  -52.685  6.831 0.0000000000
26805  -35.410  -50.646  8.067 0.0000000000
26804  -34.249  -50.199  7.965 0.0000000000
30080  -33.424  -47.085  7.373 0.0000000000
18569  -40.439  -58.147  -7.441 0.0000000000
17624  -40.213  -59.142  -8.832 0.0000000000
17623  -38.940  -59.327  -8.382 0.0000000000
16671  -37.328  -60.427  -9.814 0.0000000000
15699  -35.852  -61.420  -10.820 0.0000000000
16694  -34.082  -61.017  -10.644 0.0000000000
17675  -33.940  -59.530  -10.949 0.0000000000
19627  -34.770  -57.795  -11.678 0.0000000000
16587  -43.919  -60.225  -4.723 0.0000000000
16627  -43.504  -59.760  -6.031 0.0000000000
20552  -44.208  -56.660  -5.619 0.0000000000
20563  -43.015  -56.139  -6.706 0.0000000000
22658  -41.766  -54.380  -3.474 0.0000000000
23779  -42.919  -53.958  -5.937 0.0000000000
20551  -41.766  -55.800  -6.105 0.0000000000
19533  -40.127  -56.953  -5.934 0.0000000000
19531  -38.432  -56.957  -5.671 0.0000000000
20546  -37.292  -56.192  -5.636 0.0000000000
16565  -42.842  -60.806  -4.320 0.0000000000
17558  -41.266  -60.025  -4.257 0.0000000000
18516  -39.983  -58.454  -3.993 0.0000000000
15535  -38.973  -61.494  -2.331 0.0000000000
17536  -37.919  -59.289  -2.973 0.0000000000
19477  -37.615  -57.469  -2.549 0.0000000000
20487  -36.639  -56.449  -1.646 0.0000000000
21522  -34.877  -55.032  -1.254 0.0000000000
22600  -33.305  -54.023  0.076 0.0000000000
19402  -40.648  -57.334  2.520 0.0000000000
20417  -38.341  -56.986  3.191 0.0000000000
20416  -37.059  -56.649  3.217 0.0000000000
22469  -35.809  -54.292  4.883 0.0000000000
22529  -35.554  -55.368  3.894 0.0000000000
20415  -35.324  -56.871  2.589 0.0000000000
21462  -33.057  -55.301  1.975 0.0000000000
23658  -32.439  -53.353  1.659 0.0000000000
17627  -42.149  -59.658  -8.551 0.0000000000
16675  -41.473  -60.466  -9.673 0.0000000000
16721  -40.334  -60.813  -11.623 0.0000000000
14763  -40.025  -61.826  -12.323 0.0000000000
24822  -36.358  -52.783  -4.519 0.0000000000
22669  -35.354  -54.369  -4.908 0.0000000000
21592  -36.457  -55.577  -6.480 0.0000000000
22715  -36.042  -54.175  -7.578 0.0000000000
20597  -36.336  -56.183  -8.133 0.0000000000
20609  -36.242  -55.996  -9.155 0.0000000000
20637  -35.880  -56.644  -10.865 0.0000000000
24765  -33.649  -52.350  -0.456 0.0000000000
24766  -34.563  -52.544  -0.904 0.0000000000
16624  -41.374  -60.635  -6.535 0.0000000000
16625  -42.279  -60.367  -6.472 0.0000000000
18548  -36.726  -57.819  -6.908 0.0000000000
18565  -36.543  -58.435  -7.504 0.0000000000
19564  -35.889  -57.571  -7.714 0.0000000000
18564  -35.797  -58.081  -8.043 0.0000000000
20516  -40.445  -57.052  -3.517 0.0000000000
20517  -41.046  -56.711  -3.604 0.0000000000
25914  -38.919  -51.637  -3.741 0.0000000000
25941  -40.303  -52.058  -4.739 0.0000000000
24825  -39.461  -52.290  -4.708 0.0000000000
23752  -39.240  -53.045  -4.808 0.0000000000
13563  -41.222  -64.044  -1.577 0.0000000000
13583  -40.751  -63.546  -2.047 0.0000000000
13603  -41.024  -63.401  -2.862 0.0000000000
18459  -37.112  -59.187  0.625 0.0000000000
17496  -37.101  -59.397  0.038 0.0000000000
18437  -35.945  -58.407  0.599 0.0000000000
19442  -35.441  -58.103  -0.050 0.0000000000
19419  -35.193  -57.779  1.121 0.0000000000
24650  -38.691  -52.495  6.603 0.0000000000
24675  -39.289  -52.761  6.089 0.0000000000
23563  -39.368  -53.109  5.580 0.0000000000
23618  -40.365  -53.952  4.271 0.0000000000
23587  -38.876  -53.792  5.185 0.0000000000
23616  -38.183  -54.231  4.544 0.0000000000
23586  -37.826  -53.843  5.184 0.0000000000
27862  -33.194  -49.526  6.587 0.0000000000
25758  -32.742  -51.347  6.203 0.0000000000
26839  -32.317  -51.071  4.888 0.0000000000
27871  -32.946  -49.317  5.183 0.0000000000
19588  -42.189  -57.506  -8.305 0.0000000000
19602  -42.210  -57.767  -8.825 0.0000000000
18596  -41.689  -57.890  -8.482 0.0000000000
24862  -37.275  -52.309  -8.852 0.0000000000
23794  -37.589  -53.152  -9.276 0.0000000000
23809  -38.275  -53.147  -9.693 0.0000000000
21525  -37.412  -55.490  -1.713 0.0000000000
22635  -38.787  -54.885  -2.074 0.0000000000
22624  -37.198  -54.452  -1.539 0.0000000000
24780  -36.385  -52.427  -1.431 0.0000000000
23706  -37.907  -53.483  -1.513 0.0000000000
24781  -37.462  -52.433  -1.506 0.0000000000
24798  -38.802  -52.132  -2.461 0.0000000000
25885  -37.880  -51.530  -1.761 0.0000000000
18441  -39.188  -59.152  1.876 0.0000000000
18419  -39.466  -58.381  2.376 0.0000000000
26807  -37.583  -50.494  7.964 0.0000000000
26806  -36.562  -50.592  8.181 0.0000000000
25746  -36.744  -51.235  7.807 0.0000000000
26793  -35.870  -50.107  8.379 0.0000000000
28961  -33.925  -48.535  7.996 0.0000000000
15682  -40.773  -61.787  -9.599 0.0000000000
18568  -39.498  -58.492  -7.203 0.0000000000
18594  -39.891  -58.888  -7.938 0.0000000000
17600  -38.399  -58.879  -7.628 0.0000000000
17646  -36.639  -60.101  -9.180 0.0000000000
17647  -37.578  -60.005  -9.221 0.0000000000
16670  -36.429  -60.515  -9.767 0.0000000000
16696  -36.162  -60.962  -10.278 0.0000000000
15698  -34.940  -61.398  -10.936 0.0000000000
17663  -34.352  -59.931  -10.376 0.0000000000
18624  -34.357  -59.080  -10.625 0.0000000000
18634  -34.154  -58.824  -11.438 0.0000000000
17575  -43.595  -59.400  -4.723 0.0000000000
17576  -44.061  -59.339  -4.960 0.0000000000
20564  -43.679  -56.369  -6.348 0.0000000000
21586  -43.910  -55.170  -5.754 0.0000000000
22637  -40.248  -54.496  -2.487 0.0000000000
22638  -41.000  -54.438  -3.069 0.0000000000
23741  -41.215  -53.523  -3.516 0.0000000000
23765  -42.572  -53.827  -5.447 0.0000000000
22686  -41.698  -53.768  -5.526 0.0000000000
21585  -42.508  -54.573  -5.916 0.0000000000
21584  -41.901  -54.988  -5.505 0.0000000000
20550  -41.036  -56.239  -6.036 0.0000000000
21568  -38.308  -54.933  -4.745 0.0000000000
21581  -38.599  -55.683  -4.911 0.0000000000
20560  -37.409  -56.636  -5.832 0.0000000000
21580  -37.591  -55.517  -5.103 0.0000000000
15552  -40.412  -61.668  -3.617 0.0000000000
16563  -40.862  -60.754  -4.023 0.0000000000
17557  -40.393  -59.593  -4.058 0.0000000000
17556  -39.393  -59.257  -3.714 0.0000000000
15500  -39.097  -61.468  -0.587 0.0000000000
14558  -39.316  -62.004  -1.538 0.0000000000
15516  -38.399  -61.241  -1.181 0.0000000000
17534  -36.712  -59.076  -1.821 0.0000000000
17523  -37.735  -59.839  -2.145 0.0000000000
17535  -37.185  -59.204  -2.304 0.0000000000
18497  -38.054  -58.211  -3.220 0.0000000000
19476  -37.032  -57.968  -2.444 0.0000000000
19468  -37.315  -57.168  -2.158 0.0000000000
19467  -36.707  -57.514  -1.928 0.0000000000
20471  -34.723  -56.484  -0.727 0.0000000000
20472  -35.391  -56.574  -1.254 0.0000000000
21502  -34.344  -55.408  -0.584 0.0000000000
22601  -34.168  -54.249  -0.535 0.0000000000
21501  -33.595  -54.935  -0.123 0.0000000000
21443  -40.517  -56.239  2.799 0.0000000000
21425  -37.971  -55.626  3.548 0.0000000000
20402  -39.069  -56.335  3.315 0.0000000000
20400  -37.640  -56.101  3.474 0.0000000000
24647  -35.599  -52.413  7.003 0.0000000000
23584  -35.968  -53.862  5.445 0.0000000000
23536  -35.005  -53.168  6.513 0.0000000000
22443  -33.600  -54.026  5.046 0.0000000000
22468  -34.817  -54.340  4.806 0.0000000000
22497  -34.609  -55.103  3.992 0.0000000000
21439  -34.829  -55.786  3.203 0.0000000000
21422  -34.250  -55.417  3.404 0.0000000000
20413  -33.779  -56.002  2.357 0.0000000000
21438  -33.707  -55.633  2.711 0.0000000000
25821  -32.400  -51.729  3.194 0.0000000000
23637  -32.368  -53.558  2.404 0.0000000000
24725  -32.327  -52.712  2.566 0.0000000000
24738  -32.426  -52.404  1.631 0.0000000000
17589  -43.100  -59.292  -6.621 0.0000000000
17602  -42.472  -59.513  -7.523 0.0000000000
18571  -42.639  -58.996  -7.885 0.0000000000
17651  -41.600  -59.604  -9.584 0.0000000000
15703  -41.470  -61.224  -10.605 0.0000000000
14717  -41.387  -61.959  -10.620 0.0000000000
14729  -41.285  -61.764  -11.189 0.0000000000
16673  -39.217  -60.165  -10.045 0.0000000000
17664  -39.997  -60.003  -10.172 0.0000000000
16720  -39.457  -60.858  -11.396 0.0000000000
14778  -38.618  -62.902  -13.147 0.0000000000
15740  -39.620  -61.452  -12.253 0.0000000000
25924  -36.773  -51.919  -4.301 0.0000000000
25923  -35.643  -51.959  -4.607 0.0000000000
22682  -35.179  -54.355  -5.802 0.0000000000
22683  -36.189  -54.794  -5.678 0.0000000000
23786  -36.346  -53.248  -8.087 0.0000000000
23785  -35.792  -53.168  -7.473 0.0000000000
21608  -36.407  -55.396  -7.383 0.0000000000
21649  -37.114  -55.586  -10.312 0.0000000000
20626  -36.525  -56.097  -10.224 0.0000000000
21661  -36.893  -55.824  -10.697 0.0000000000
22622  -35.297  -54.278  -1.239 0.0000000000
23704  -35.878  -53.417  -1.344 0.0000000000
24779  -35.318  -52.561  -1.239 0.0000000000
25883  -35.749  -51.394  -1.393 0.0000000000
28953  -36.185  -48.576  9.171 0.0000000000
30050  -36.007  -47.277  9.423 0.0000000000
18550  -38.158  -58.066  -6.541 0.0000000000
17599  -37.702  -59.062  -7.839 0.0000000000
18592  -36.390  -59.080  -8.293 0.0000000000
17620  -36.012  -59.603  -8.678 0.0000000000
17644  -35.021  -60.018  -9.672 0.0000000000
18611  -35.347  -59.333  -9.174 0.0000000000
18590  -35.086  -58.662  -9.135 0.0000000000
19600  -34.813  -58.176  -9.322 0.0000000000
19517  -41.560  -58.009  -4.365 0.0000000000
19518  -42.381  -57.734  -4.432 0.0000000000
20519  -42.885  -56.345  -4.171 0.0000000000
21555  -42.760  -55.450  -4.111 0.0000000000
24800  -39.914  -53.069  -2.954 0.0000000000
24826  -40.529  -52.411  -4.032 0.0000000000
23763  -40.713  -52.691  -5.264 0.0000000000
22674  -40.799  -53.625  -5.336 0.0000000000
21570  -40.327  -54.641  -4.750 0.0000000000
22673  -39.785  -53.843  -4.784 0.0000000000
22672  -38.685  -54.061  -4.718 0.0000000000
23751  -38.023  -53.340  -4.745 0.0000000000
14598  -40.118  -62.331  -3.171 0.0000000000
15551  -39.495  -61.675  -3.156 0.0000000000
17498  -38.575  -60.002  0.518 0.0000000000
16518  -37.941  -60.153  -0.595 0.0000000000
17511  -37.508  -59.739  -0.448 0.0000000000
17510  -36.712  -59.390  -0.610 0.0000000000
18474  -36.137  -58.612  -0.803 0.0000000000
19457  -36.264  -58.059  -1.327 0.0000000000
18473  -35.801  -58.202  -0.506 0.0000000000
19441  -34.825  -57.363  -0.181 0.0000000000
20461  -34.202  -56.502  0.196 0.0000000000
22503  -40.779  -54.601  3.578 0.0000000000
21427  -40.067  -55.739  3.166 0.0000000000
22502  -39.441  -54.802  3.705 0.0000000000
22532  -38.048  -54.846  3.813 0.0000000000
22531  -37.358  -55.124  3.785 0.0000000000
25760  -33.966  -51.760  7.286 0.0000000000
23535  -34.090  -53.223  6.367 0.0000000000
24645  -33.685  -52.640  6.445 0.0000000000
24672  -33.156  -52.499  5.707 0.0000000000
23582  -33.133  -53.659  4.743 0.0000000000
23581  -32.587  -53.420  4.107 0.0000000000
24697  -32.690  -52.673  4.740 0.0000000000
25812  -32.561  -51.792  4.188 0.0000000000
26845  -32.400  -50.890  3.817 0.0000000000
19590  -43.045  -57.611  -8.382 0.0000000000
18598  -42.770  -58.266  -8.545 0.0000000000
19604  -42.825  -58.146  -8.969 0.0000000000
17666  -41.085  -60.006  -10.135 0.0000000000
15720  -38.780  -61.289  -11.591 0.0000000000
28089  -37.134  -49.405  -8.278 0.0000000000
26993  -36.821  -49.970  -8.104 0.0000000000
25956  -36.356  -51.559  -8.132 0.0000000000
25961  -36.920  -51.519  -8.527 0.0000000000
23793  -36.965  -53.214  -8.693 0.0000000000
21621  -37.168  -54.520  -8.692 0.0000000000
22733  -37.980  -54.069  -9.668 0.0000000000
21650  -37.746  -54.961  -10.137 0.0000000000
20499  -39.103  -56.326  -2.778 0.0000000000
21535  -39.740  -55.439  -2.710 0.0000000000
21534  -38.948  -55.497  -2.370 0.0000000000
22636  -39.429  -54.770  -2.260 0.0000000000
22627  -39.784  -54.186  -1.950 0.0000000000
23707  -38.875  -53.571  -1.707 0.0000000000
23720  -39.359  -53.328  -2.123 0.0000000000
24799  -39.342  -52.656  -2.689 0.0000000000
25900  -38.850  -51.721  -2.960 0.0000000000
26957  -38.289  -51.213  -3.186 0.0000000000
13535  -40.530  -63.287  -0.662 0.0000000000
15479  -39.534  -61.149  0.040 0.0000000000
17500  -40.348  -60.235  1.054 0.0000000000
16503  -39.077  -60.516  0.357 0.0000000000
18439  -37.674  -59.032  1.250 0.0000000000
18417  -37.144  -58.445  1.890 0.0000000000
25763  -38.292  -51.722  7.204 0.0000000000
24649  -37.606  -52.729  6.927 0.0000000000
24673  -37.059  -53.113  6.474 0.0000000000
25745  -35.952  -51.624  7.753 0.0000000000
24628  -35.076  -51.991  7.395 0.0000000000
26792  -35.209  -49.841  8.468 0.0000000000
25744  -34.672  -51.456  7.546 0.0000000000
25743  -33.681  -51.092  7.355 0.0000000000
27851  -33.586  -49.474  7.569 0.0000000000
19566  -41.070  -57.584  -7.303 0.0000000000
18595  -40.912  -58.556  -8.501 0.0000000000
17649  -39.769  -59.704  -9.601 0.0000000000
17648  -38.609  -59.919  -9.251 0.0000000000
16698  -37.984  -60.714  -10.461 0.0000000000
15718  -36.503  -61.947  -11.358 0.0000000000
17662  -33.712  -60.211  -10.882 0.0000000000
16718  -33.559  -60.848  -11.423 0.0000000000
17674  -33.681  -59.802  -11.656 0.0000000000
17688  -33.634  -59.583  -12.422 0.0000000000
15608  -43.933  -60.794  -5.047 0.0000000000
16626  -43.115  -60.046  -6.184 0.0000000000
17583  -44.101  -59.403  -5.308 0.0000000000
18554  -43.971  -58.857  -5.550 0.0000000000
18553  -43.647  -58.322  -6.175 0.0000000000
19534  -44.224  -57.372  -5.443 0.0000000000
19550  -43.839  -57.296  -6.047 0.0000000000
20583  -43.279  -56.707  -7.507 0.0000000000
20582  -42.754  -56.672  -7.723 0.0000000000
20581  -42.286  -56.893  -7.531 0.0000000000
20501  -41.155  -55.903  -3.333 0.0000000000
21554  -42.093  -55.186  -3.528 0.0000000000
23754  -41.582  -53.299  -4.397 0.0000000000
23755  -42.489  -53.757  -4.646 0.0000000000
22701  -43.255  -54.539  -6.076 0.0000000000
20562  -42.067  -56.447  -6.691 0.0000000000
19549  -41.376  -57.145  -6.932 0.0000000000
19548  -40.625  -57.376  -6.582 0.0000000000
18552  -39.889  -58.064  -6.703 0.0000000000
19547  -39.636  -57.597  -6.170 0.0000000000
21582  -39.667  -55.593  -4.922 0.0000000000
19532  -39.311  -57.026  -5.670 0.0000000000
19546  -38.705  -57.551  -6.056 0.0000000000
19545  -37.713  -57.189  -6.073 0.0000000000
19544  -36.927  -57.411  -6.549 0.0000000000
20559  -36.856  -56.578  -6.277 0.0000000000
15575  -43.491  -61.261  -4.622 0.0000000000
16586  -43.313  -60.368  -4.479 0.0000000000
16585  -42.634  -60.208  -4.375 0.0000000000
16564  -42.029  -60.704  -4.231 0.0000000000
17573  -41.922  -59.620  -4.462 0.0000000000
18530  -41.416  -58.756  -4.421 0.0000000000
19495  -39.743  -57.461  -3.481 0.0000000000
14559  -40.045  -62.873  -1.469 0.0000000000
14578  -39.684  -62.245  -2.411 0.0000000000
16545  -39.028  -61.110  -2.999 0.0000000000
16532  -37.961  -60.522  -1.305 0.0000000000
16544  -38.445  -60.509  -2.648 0.0000000000
16561  -38.663  -59.748  -3.464 0.0000000000
17555  -38.642  -58.819  -3.451 0.0000000000
18514  -38.725  -58.062  -3.451 0.0000000000
19478  -38.746  -57.339  -3.099 0.0000000000
20498  -38.310  -56.762  -2.534 0.0000000000
20488  -37.578  -56.543  -2.121 0.0000000000
21524  -36.414  -55.422  -1.476 0.0000000000
20486  -35.930  -56.816  -1.541 0.0000000000
20473  -36.012  -56.222  -1.470 0.0000000000
21523  -35.575  -55.119  -1.390 0.0000000000
22621  -34.656  -54.586  -0.954 0.0000000000
23689  -33.879  -53.300  -0.532 0.0000000000
20403  -39.648  -56.429  3.120 0.0000000000
19401  -39.806  -57.534  2.678 0.0000000000
19400  -38.810  -57.718  2.727 0.0000000000
19399  -37.640  -57.702  2.575 0.0000000000
19398  -36.235  -57.783  2.147 0.0000000000
23585  -36.699  -54.066  5.169 0.0000000000
23639  -36.234  -54.992  4.081 0.0000000000
23558  -34.623  -53.754  5.696 0.0000000000
22498  -35.532  -54.787  4.325 0.0000000000
22530  -36.503  -55.331  3.819 0.0000000000
21440  -36.000  -56.064  3.579 0.0000000000
19397  -35.444  -57.432  1.915 0.0000000000
20437  -35.032  -57.289  1.817 0.0000000000
20435  -33.565  -56.008  1.847 0.0000000000
20460  -33.601  -56.167  0.878 0.0000000000
22526  -32.510  -54.158  2.536 0.0000000000
22560  -32.654  -54.366  1.714 0.0000000000
21484  -33.185  -55.114  0.892 0.0000000000
23674  -32.685  -53.243  0.650 0.0000000000
24752  -32.534  -52.295  0.877 0.0000000000
17588  -42.717  -59.781  -6.668 0.0000000000
17601  -41.960  -59.928  -7.621 0.0000000000
16648  -41.422  -60.464  -8.697 0.0000000000
17652  -42.131  -59.579  -9.186 0.0000000000
16676  -41.871  -60.040  -9.004 0.0000000000
15665  -41.260  -61.151  -9.380 0.0000000000
15683  -41.408  -61.570  -9.997 0.0000000000
17650  -40.910  -59.401  -9.434 0.0000000000
17665  -40.454  -59.970  -10.171 0.0000000000
16701  -40.777  -60.332  -10.832 0.0000000000
15721  -39.430  -61.101  -11.887 0.0000000000
16742  -40.067  -61.004  -12.248 0.0000000000
15722  -40.886  -61.234  -11.729 0.0000000000
25870  -34.930  -50.981  -1.115 0.0000000000
26919  -37.164  -50.645  -2.045 0.0000000000
26942  -37.787  -50.850  -2.691 0.0000000000
26956  -37.588  -50.842  -3.287 0.0000000000
25913  -38.095  -51.477  -3.690 0.0000000000
25925  -37.791  -51.930  -4.155 0.0000000000
24823  -37.384  -52.651  -4.479 0.0000000000
23750  -36.921  -53.565  -4.555 0.0000000000
24821  -35.611  -52.953  -4.716 0.0000000000
23749  -35.934  -53.637  -4.661 0.0000000000
22684  -36.908  -54.952  -5.183 0.0000000000
21579  -36.892  -55.590  -5.744 0.0000000000
20580  -36.298  -56.445  -7.217 0.0000000000
25955  -35.794  -51.515  -7.584 0.0000000000
24855  -35.533  -52.377  -7.230 0.0000000000
22698  -35.266  -53.883  -6.593 0.0000000000
22699  -35.891  -54.723  -6.597 0.0000000000
20596  -35.746  -56.880  -7.923 0.0000000000
20608  -35.530  -56.692  -8.817 0.0000000000
19601  -35.114  -57.429  -9.573 0.0000000000
20625  -35.755  -56.727  -9.860 0.0000000000
19616  -35.225  -57.311  -10.639 0.0000000000
14746  -41.031  -61.522  -11.489 0.0000000000
14761  -38.415  -62.454  -12.731 0.0000000000
14762  -39.350  -62.515  -12.502 0.0000000000
14777  -38.040  -62.789  -13.125 0.0000000000
15499  -38.368  -61.037  -0.776 0.0000000000
15501  -39.806  -61.856  -0.467 0.0000000000
15517  -38.735  -61.570  -1.500 0.0000000000
15534  -38.441  -61.102  -1.821 0.0000000000
15574  -43.159  -61.033  -4.390 0.0000000000
15576  -43.944  -60.604  -4.863 0.0000000000
15702  -38.478  -60.911  -10.997 0.0000000000
15717  -35.570  -61.933  -11.321 0.0000000000
15723  -41.312  -61.119  -11.231 0.0000000000
15738  -38.096  -62.211  -12.340 0.0000000000
15741  -40.330  -61.362  -12.167 0.0000000000
16504  -39.797  -60.730  0.444 0.0000000000
16519  -38.516  -60.568  -0.281 0.0000000000
16588  -44.194  -60.164  -5.023 0.0000000000
16609  -42.571  -60.793  -5.924 0.0000000000
16611  -43.777  -60.263  -5.547 0.0000000000
16636  -42.029  -59.999  -7.275 0.0000000000
16649  -41.848  -60.022  -8.627 0.0000000000
16669  -35.671  -60.484  -9.855 0.0000000000
16672  -38.286  -60.384  -9.871 0.0000000000
16674  -39.751  -60.057  -10.133 0.0000000000
16697  -37.101  -60.880  -10.339 0.0000000000
16700  -39.902  -60.346  -10.655 0.0000000000
16719  -38.905  -60.890  -11.186 0.0000000000
16722  -41.040  -60.724  -11.299 0.0000000000
16741  -39.795  -60.944  -12.032 0.0000000000
17483  -38.275  -59.491  0.996 0.0000000000
17484  -38.933  -59.685  1.266 0.0000000000
17512  -38.095  -59.951  -0.092 0.0000000000
17521  -36.501  -59.160  -1.280 0.0000000000
17522  -37.241  -59.618  -1.375 0.0000000000
17572  -41.137  -59.338  -4.306 0.0000000000
17574  -42.806  -59.478  -4.614 0.0000000000
17590  -43.761  -59.353  -5.855 0.0000000000
17603  -42.847  -59.131  -7.257 0.0000000000
17621  -36.876  -59.607  -8.649 0.0000000000
17625  -40.807  -58.987  -8.985 0.0000000000
17626  -41.836  -59.911  -8.107 0.0000000000
18438  -36.696  -58.684  1.088 0.0000000000
18440  -38.454  -59.209  1.528 0.0000000000
18458  -36.493  -58.912  0.132 0.0000000000
18485  -36.441  -58.501  -1.579 0.0000000000
18496  -37.392  -58.448  -2.665 0.0000000000
18515  -39.262  -58.298  -3.598 0.0000000000
18529  -40.750  -58.660  -4.265 0.0000000000
18531  -42.175  -58.674  -4.571 0.0000000000
18539  -44.015  -57.794  -5.669 0.0000000000
18551  -39.081  -58.154  -6.543 0.0000000000
18566  -37.737  -58.567  -7.153 0.0000000000
18570  -41.193  -57.920  -7.881 0.0000000000
18593  -39.061  -58.848  -7.648 0.0000000000
18597  -42.533  -58.938  -8.467 0.0000000000
18612  -41.140  -58.871  -9.070 0.0000000000
18615  -42.639  -58.416  -8.857 0.0000000000
18633  -33.795  -59.087  -12.125 0.0000000000
18644  -33.879  -59.097  -12.504 0.0000000000
19403  -41.098  -57.444  2.399 0.0000000000
19420  -36.065  -58.268  1.355 0.0000000000
19421  -41.101  -57.160  2.368 0.0000000000
19456  -35.714  -57.594  -1.069 0.0000000000
19466  -36.225  -57.106  -1.601 0.0000000000
19494  -39.111  -57.764  -3.448 0.0000000000
19497  -41.699  -57.156  -4.098 0.0000000000
19498  -42.562  -56.925  -4.114 0.0000000000
19516  -41.080  -58.244  -4.339 0.0000000000
19530  -38.022  -56.886  -5.735 0.0000000000
19565  -36.372  -57.349  -7.023 0.0000000000
19568  -42.373  -57.144  -7.966 0.0000000000
19569  -43.581  -57.325  -7.293 0.0000000000
19586  -35.087  -58.281  -8.823 0.0000000000
19589  -42.684  -57.383  -8.384 0.0000000000
19603  -42.576  -57.922  -9.037 0.0000000000
20401  -38.150  -56.217  3.424 0.0000000000
20414  -34.200  -56.263  2.426 0.0000000000
20418  -39.317  -56.971  3.056 0.0000000000
20419  -40.126  -56.688  2.840 0.0000000000
20420  -40.896  -56.647  2.518 0.0000000000
20436  -34.379  -56.837  1.469 0.0000000000
20489  -38.433  -56.119  -2.353 0.0000000000
20500  -40.134  -56.338  -3.285 0.0000000000
20502  -41.650  -55.622  -3.451 0.0000000000
20547  -37.967  -56.478  -5.458 0.0000000000
20548  -38.983  -56.395  -5.262 0.0000000000
20549  -39.977  -56.285  -5.475 0.0000000000
20561  -41.262  -56.805  -6.569 0.0000000000
20565  -44.195  -56.000  -5.731 0.0000000000
20599  -43.416  -57.008  -8.035 0.0000000000
20638  -36.686  -56.226  -11.218 0.0000000000
21423  -34.660  -55.444  3.543 0.0000000000
21424  -37.417  -55.913  3.530 0.0000000000
21442  -37.507  -55.488  3.626 0.0000000000
21444  -41.039  -55.939  2.753 0.0000000000
21503  -35.038  -55.764  -1.194 0.0000000000
21504  -35.693  -55.832  -1.352 0.0000000000
21537  -41.368  -55.151  -3.320 0.0000000000
21572  -41.510  -54.223  -5.535 0.0000000000
21593  -42.111  -55.591  -6.114 0.0000000000
21594  -42.689  -55.198  -6.118 0.0000000000
21595  -43.486  -55.325  -6.132 0.0000000000
21596  -43.931  -55.629  -5.885 0.0000000000
22467  -33.744  -54.455  4.513 0.0000000000
22470  -36.261  -54.389  4.732 0.0000000000
22495  -32.773  -54.422  3.191 0.0000000000
22499  -36.029  -54.576  4.506 0.0000000000
22500  -37.858  -55.189  3.676 0.0000000000
22501  -38.451  -55.090  3.682 0.0000000000
22527  -32.935  -54.879  2.632 0.0000000000
22528  -34.913  -55.471  3.664 0.0000000000
22533  -38.660  -54.708  3.904 0.0000000000
22559  -32.423  -53.880  2.066 0.0000000000
22582  -33.004  -54.067  0.940 0.0000000000
22602  -34.810  -54.004  -0.867 0.0000000000
22625  -38.258  -54.538  -1.688 0.0000000000
22659  -42.532  -54.426  -3.927 0.0000000000
22670  -36.426  -54.373  -4.831 0.0000000000
22675  -41.282  -53.956  -5.542 0.0000000000
22687  -42.462  -54.126  -5.812 0.0000000000
22688  -43.697  -54.728  -5.730 0.0000000000
22689  -44.064  -54.943  -5.496 0.0000000000
22700  -42.855  -54.305  -6.080 0.0000000000
22714  -35.587  -53.611  -7.139 0.0000000000
22725  -36.748  -54.080  -8.443 0.0000000000
22751  -38.117  -54.465  -10.146 0.0000000000
23534  -33.565  -53.059  6.110 0.0000000000
23537  -35.836  -53.095  6.492 0.0000000000
23538  -37.603  -53.172  6.548 0.0000000000
23539  -38.035  -53.190  6.575 0.0000000000
23557  -33.618  -53.509  5.560 0.0000000000
23559  -35.540  -53.584  5.932 0.0000000000
23560  -36.445  -53.412  6.034 0.0000000000
23561  -37.435  -53.430  6.028 0.0000000000
23583  -35.352  -53.966  5.328 0.0000000000
23611  -32.418  -53.637  3.226 0.0000000000
23612  -32.859  -54.224  3.965 0.0000000000
23613  -36.033  -54.803  4.276 0.0000000000
23614  -36.503  -54.581  4.457 0.0000000000
23638  -35.847  -55.012  4.132 0.0000000000
23640  -36.933  -54.826  4.086 0.0000000000
23641  -37.693  -54.650  4.103 0.0000000000
23642  -38.336  -54.560  4.117 0.0000000000
23659  -32.722  -53.753  1.238 0.0000000000
23673  -32.398  -52.833  1.160 0.0000000000
23703  -35.153  -53.456  -1.083 0.0000000000
23708  -39.524  -53.778  -1.813 0.0000000000
23721  -39.983  -53.552  -2.388 0.0000000000
23740  -40.431  -53.251  -3.123 0.0000000000
23742  -42.023  -53.774  -3.919 0.0000000000
23753  -40.086  -53.068  -5.256 0.0000000000
23764  -41.636  -53.019  -5.083 0.0000000000
23778  -35.368  -53.134  -6.870 0.0000000000
23780  -43.151  -54.115  -6.063 0.0000000000
24646  -34.443  -52.343  7.041 0.0000000000
24651  -39.577  -52.167  6.337 0.0000000000
24674  -37.358  -53.157  6.520 0.0000000000
24698  -33.080  -53.120  5.214 0.0000000000
24767  -34.945  -53.006  -0.962 0.0000000000
24778  -34.943  -52.335  -1.138 0.0000000000
24782  -38.520  -52.539  -1.928 0.0000000000
24814  -39.578  -52.364  -3.277 0.0000000000
24815  -40.039  -52.597  -3.431 0.0000000000
24816  -40.669  -52.903  -3.664 0.0000000000
24827  -41.011  -52.845  -4.201 0.0000000000
24836  -40.204  -52.142  -4.952 0.0000000000
24837  -40.754  -52.318  -4.700 0.0000000000
24861  -36.620  -52.382  -8.385 0.0000000000
25759  -33.438  -51.802  6.596 0.0000000000
25761  -36.314  -52.117  7.252 0.0000000000
25781  -32.622  -51.686  5.566 0.0000000000
25782  -32.973  -51.839  6.018 0.0000000000
25800  -32.535  -51.884  4.920 0.0000000000
25886  -38.470  -51.687  -2.271 0.0000000000
25901  -39.338  -52.176  -3.183 0.0000000000
25915  -39.614  -52.066  -3.690 0.0000000000
25927  -39.767  -52.011  -4.414 0.0000000000
25928  -40.223  -52.118  -4.247 0.0000000000
25942  -40.294  -52.070  -4.551 0.0000000000
26816  -32.627  -50.999  6.262 0.0000000000
26817  -33.019  -50.757  6.536 0.0000000000
26818  -37.222  -50.974  7.756 0.0000000000
26819  -37.907  -50.910  7.435 0.0000000000
26920  -38.056  -51.155  -2.286 0.0000000000
26943  -38.311  -51.208  -2.722 0.0000000000
26992  -36.324  -50.534  -7.914 0.0000000000
27002  -36.643  -51.008  -8.330 0.0000000000
27852  -34.080  -49.027  8.025 0.0000000000
27870  -32.509  -50.290  5.288 0.0000000000
28938  -36.098  -47.874  9.332 0.0000000000
28950  -33.829  -47.898  8.057 0.0000000000
28960  -33.501  -48.278  7.529 0.0000000000
