#!ascii label  , from subject 3191 vox2ras=TkReg
1078
63618  19.229  -14.990  55.083 0.0000000000
59907  30.730  -17.439  58.821 0.0000000000
74138  35.000  -5.798  38.264 0.0000000000
69285  30.711  -11.608  47.131 0.0000000000
63702  35.505  -16.150  50.596 0.0000000000
84868  45.538  4.305  33.194 0.0000000000
76262  35.788  -4.426  41.188 0.0000000000
75161  30.298  -4.608  41.316 0.0000000000
56568  16.150  -20.037  54.854 0.0000000000
62426  26.010  -15.046  56.848 0.0000000000
61239  29.009  -15.553  54.098 0.0000000000
63693  21.019  -14.278  50.217 0.0000000000
80534  39.297  -1.409  36.621 0.0000000000
68028  23.113  -11.623  60.692 0.0000000000
61150  18.504  -17.148  60.447 0.0000000000
76299  38.555  -5.139  38.411 0.0000000000
56449  14.284  -20.364  60.574 0.0000000000
55324  9.708  -22.595  61.489 0.0000000000
75120  31.513  -6.245  47.457 0.0000000000
68204  33.543  -13.943  48.483 0.0000000000
61383  33.496  -18.181  46.068 0.0000000000
60114  31.272  -17.078  49.363 0.0000000000
77257  35.382  -2.646  43.997 0.0000000000
76247  33.542  -3.869  41.694 0.0000000000
78326  33.125  -3.358  43.921 0.0000000000
77277  38.022  -3.271  43.083 0.0000000000
60038  17.630  -18.356  52.188 0.0000000000
57746  16.596  -20.440  52.654 0.0000000000
59985  17.981  -18.356  54.944 0.0000000000
65930  22.396  -12.439  55.803 0.0000000000
63629  23.829  -14.345  53.889 0.0000000000
63661  19.498  -14.361  52.513 0.0000000000
61286  18.648  -17.358  49.600 0.0000000000
77362  34.653  -4.278  36.938 0.0000000000
72953  37.245  -6.426  40.153 0.0000000000
75239  36.715  -5.523  38.146 0.0000000000
78391  36.347  -3.600  37.221 0.0000000000
59860  18.451  -17.909  62.295 0.0000000000
57630  16.874  -19.362  59.865 0.0000000000
56425  16.937  -20.383  62.456 0.0000000000
55274  10.492  -21.379  66.187 0.0000000000
55302  11.387  -20.913  63.218 0.0000000000
54165  8.860  -22.817  64.395 0.0000000000
52998  7.110  -25.373  64.698 0.0000000000
52974  6.982  -24.285  67.138 0.0000000000
69238  33.929  -12.743  50.638 0.0000000000
66026  34.433  -14.694  48.922 0.0000000000
64884  33.893  -15.365  46.873 0.0000000000
61313  34.758  -16.794  48.660 0.0000000000
62535  27.327  -14.905  50.351 0.0000000000
60051  30.447  -16.650  51.821 0.0000000000
62564  28.930  -15.124  47.496 0.0000000000
61388  29.891  -16.198  45.531 0.0000000000
72867  30.516  -8.330  47.703 0.0000000000
72899  29.045  -7.674  45.603 0.0000000000
70461  28.771  -10.771  45.304 0.0000000000
86988  49.426  5.293  31.426 0.0000000000
85952  46.335  3.888  30.958 0.0000000000
72943  35.244  -5.622  39.959 0.0000000000
74096  33.076  -5.324  39.541 0.0000000000
75178  37.588  -5.343  40.976 0.0000000000
61157  28.380  -16.511  58.469 0.0000000000
59962  29.485  -17.076  56.059 0.0000000000
61203  26.793  -15.404  55.298 0.0000000000
63674  25.125  -14.938  52.252 0.0000000000
64845  23.562  -13.597  48.816 0.0000000000
79457  41.638  -2.616  37.367 0.0000000000
81625  42.479  -0.193  36.508 0.0000000000
83781  42.796  1.543  35.091 0.0000000000
84871  43.551  2.404  32.786 0.0000000000
67021  20.403  -12.276  57.588 0.0000000000
63602  19.435  -15.943  58.022 0.0000000000
65870  19.823  -13.849  60.859 0.0000000000
65887  24.601  -12.601  58.806 0.0000000000
78388  39.065  -3.301  37.604 0.0000000000
57673  17.292  -19.081  57.456 0.0000000000
56519  15.040  -19.799  57.383 0.0000000000
56522  12.397  -20.798  57.668 0.0000000000
56386  13.855  -20.595  63.450 0.0000000000
56431  12.039  -21.381  61.318 0.0000000000
51754  5.339  -25.355  69.674 0.0000000000
77225  32.719  -3.953  46.646 0.0000000000
71624  31.337  -9.658  48.994 0.0000000000
70393  32.612  -11.877  49.889 0.0000000000
68222  32.249  -13.488  47.572 0.0000000000
67188  33.138  -14.291  45.813 0.0000000000
63780  32.882  -16.820  44.422 0.0000000000
61418  31.856  -18.100  43.342 0.0000000000
59999  31.687  -17.519  54.577 0.0000000000
60047  33.128  -17.646  51.801 0.0000000000
60064  34.464  -17.381  50.346 0.0000000000
60138  32.458  -16.969  47.994 0.0000000000
61402  30.723  -16.899  43.963 0.0000000000
76215  30.802  -4.859  45.237 0.0000000000
75164  28.108  -7.049  42.247 0.0000000000
77237  35.923  -2.563  44.737 0.0000000000
78337  34.071  -2.934  43.648 0.0000000000
77258  34.128  -2.733  44.254 0.0000000000
77236  36.938  -2.245  44.469 0.0000000000
61243  18.437  -16.843  53.232 0.0000000000
60022  17.384  -17.826  53.319 0.0000000000
61225  18.379  -16.760  54.613 0.0000000000
65944  19.796  -13.153  55.134 0.0000000000
65969  20.230  -12.735  53.544 0.0000000000
63645  19.268  -14.392  53.496 0.0000000000
62493  18.708  -15.436  52.118 0.0000000000
75240  35.425  -5.411  37.941 0.0000000000
72984  35.668  -6.098  39.052 0.0000000000
72982  37.325  -6.159  39.045 0.0000000000
74137  35.957  -5.613  38.414 0.0000000000
76302  35.980  -4.874  37.858 0.0000000000
55270  9.698  -21.761  66.964 0.0000000000
55280  9.496  -22.200  64.770 0.0000000000
54153  8.742  -22.655  65.317 0.0000000000
53011  8.043  -24.143  64.374 0.0000000000
54155  7.687  -23.969  65.889 0.0000000000
52983  7.386  -24.581  66.267 0.0000000000
67124  35.061  -14.221  50.584 0.0000000000
64842  35.152  -15.319  49.596 0.0000000000
64858  34.939  -15.540  48.678 0.0000000000
63719  35.379  -16.169  49.179 0.0000000000
59938  32.096  -18.103  57.303 0.0000000000
63739  25.542  -14.086  48.214 0.0000000000
62547  27.706  -14.879  49.065 0.0000000000
63753  27.375  -14.634  46.407 0.0000000000
63752  27.806  -15.127  45.352 0.0000000000
70417  30.177  -10.645  46.944 0.0000000000
71663  29.542  -9.525  46.745 0.0000000000
84864  45.577  3.257  34.490 0.0000000000
85933  47.533  3.560  34.534 0.0000000000
85942  47.386  4.311  33.631 0.0000000000
86984  47.380  4.581  31.915 0.0000000000
85947  46.247  3.977  32.216 0.0000000000
75180  35.294  -5.324  40.699 0.0000000000
74094  34.289  -5.570  39.907 0.0000000000
75181  34.378  -4.983  40.712 0.0000000000
77326  31.658  -4.222  41.724 0.0000000000
75183  31.898  -4.783  40.323 0.0000000000
75184  30.754  -4.752  40.384 0.0000000000
77301  36.628  -3.529  42.109 0.0000000000
75160  36.939  -4.581  41.336 0.0000000000
74080  36.794  -5.769  40.526 0.0000000000
56595  16.419  -20.408  53.997 0.0000000000
56570  14.551  -20.663  55.210 0.0000000000
61159  27.057  -16.200  57.793 0.0000000000
61171  27.528  -16.487  57.189 0.0000000000
62432  26.277  -15.741  56.446 0.0000000000
63660  22.450  -13.678  52.261 0.0000000000
63658  24.439  -14.753  52.821 0.0000000000
63691  23.885  -13.688  51.013 0.0000000000
63706  24.599  -13.895  50.242 0.0000000000
63708  22.149  -14.201  49.266 0.0000000000
63709  20.602  -14.808  49.099 0.0000000000
66073  32.101  -14.713  44.832 0.0000000000
79473  41.016  -1.928  36.903 0.0000000000
79472  42.100  -1.749  36.962 0.0000000000
80532  41.489  -0.837  36.427 0.0000000000
82731  41.274  1.030  34.868 0.0000000000
83790  41.837  1.535  33.959 0.0000000000
83789  42.693  1.709  34.153 0.0000000000
66981  21.994  -12.011  59.141 0.0000000000
66982  20.317  -12.615  59.240 0.0000000000
68030  21.154  -12.288  60.565 0.0000000000
66965  23.618  -12.244  59.823 0.0000000000
67000  22.545  -12.057  57.657 0.0000000000
77356  40.424  -4.391  37.723 0.0000000000
77357  39.287  -4.205  37.788 0.0000000000
79477  37.048  -2.616  36.679 0.0000000000
62419  18.873  -16.411  59.188 0.0000000000
61173  18.485  -17.263  57.874 0.0000000000
61161  18.454  -17.341  58.959 0.0000000000
57631  16.174  -19.598  59.773 0.0000000000
57652  15.963  -19.611  58.961 0.0000000000
56495  14.882  -19.636  58.560 0.0000000000
56521  13.349  -20.367  57.601 0.0000000000
56474  13.746  -19.937  59.646 0.0000000000
56366  13.153  -21.182  64.117 0.0000000000
55313  9.807  -22.463  62.462 0.0000000000
56411  11.319  -21.464  62.084 0.0000000000
55323  10.262  -22.096  60.900 0.0000000000
55334  10.833  -21.946  59.709 0.0000000000
72852  31.542  -8.231  49.050 0.0000000000
68191  33.580  -13.613  49.293 0.0000000000
69239  33.387  -12.330  50.376 0.0000000000
69269  32.789  -12.851  49.030 0.0000000000
69270  32.218  -12.483  48.802 0.0000000000
68205  32.905  -13.630  48.355 0.0000000000
67154  32.724  -14.122  46.964 0.0000000000
67153  33.243  -14.251  47.490 0.0000000000
62577  33.739  -16.495  46.758 0.0000000000
63778  33.287  -15.846  45.780 0.0000000000
62614  33.460  -16.909  44.834 0.0000000000
62629  32.299  -17.655  43.242 0.0000000000
62616  32.659  -17.955  44.542 0.0000000000
59983  29.775  -16.383  55.334 0.0000000000
59981  30.945  -17.754  55.340 0.0000000000
60001  30.657  -16.424  54.619 0.0000000000
60090  30.977  -16.725  50.331 0.0000000000
60049  31.739  -17.122  51.933 0.0000000000
60067  32.554  -17.492  50.925 0.0000000000
60046  33.607  -17.779  51.664 0.0000000000
60087  32.584  -17.187  49.976 0.0000000000
60111  33.285  -16.874  48.741 0.0000000000
60139  31.814  -16.712  48.222 0.0000000000
62618  28.661  -16.280  43.243 0.0000000000
61387  30.496  -16.563  45.268 0.0000000000
76198  32.306  -4.572  46.691 0.0000000000
76205  31.925  -3.802  45.690 0.0000000000
76207  30.763  -5.354  45.704 0.0000000000
72901  27.848  -8.531  44.756 0.0000000000
74053  28.683  -6.957  44.141 0.0000000000
86995  49.645  5.343  30.329 0.0000000000
77302  35.542  -3.614  42.426 0.0000000000
77323  34.654  -4.211  41.722 0.0000000000
77303  34.480  -3.685  42.402 0.0000000000
78349  33.261  -3.359  42.680 0.0000000000
77306  31.628  -4.043  42.610 0.0000000000
78323  37.845  -2.225  44.274 0.0000000000
77278  37.108  -2.836  42.782 0.0000000000
58865  17.510  -19.852  52.386 0.0000000000
58854  17.327  -19.537  53.470 0.0000000000
57707  16.997  -19.634  55.314 0.0000000000
64748  24.201  -13.694  56.402 0.0000000000
63616  24.498  -14.772  55.212 0.0000000000
64767  23.583  -13.769  54.273 0.0000000000
64791  21.769  -13.525  52.930 0.0000000000
64814  20.910  -14.015  51.576 0.0000000000
63694  19.583  -14.920  49.908 0.0000000000
62508  18.802  -15.666  50.878 0.0000000000
61271  18.259  -17.835  51.515 0.0000000000
81635  38.327  -0.553  35.154 0.0000000000
68005  22.321  -11.560  62.370 0.0000000000
72952  38.149  -6.898  40.259 0.0000000000
74119  37.835  -6.259  38.937 0.0000000000
75238  37.469  -5.446  38.243 0.0000000000
77359  37.592  -4.095  37.797 0.0000000000
77360  36.715  -4.369  37.670 0.0000000000
77361  35.535  -4.097  37.423 0.0000000000
61122  18.287  -17.974  61.418 0.0000000000
59909  18.714  -18.472  60.097 0.0000000000
58759  18.518  -19.303  60.695 0.0000000000
57599  16.725  -20.093  61.002 0.0000000000
56427  15.445  -20.656  61.604 0.0000000000
56357  12.288  -21.062  64.697 0.0000000000
55279  10.431  -21.643  65.047 0.0000000000
55289  10.044  -21.680  64.008 0.0000000000
54194  9.253  -23.113  62.941 0.0000000000
53030  8.174  -24.244  63.322 0.0000000000
68183  34.239  -13.631  50.324 0.0000000000
67142  33.966  -14.215  48.450 0.0000000000
67152  33.964  -14.462  47.770 0.0000000000
66043  34.511  -14.802  47.857 0.0000000000
63737  34.638  -16.265  47.930 0.0000000000
62578  33.603  -16.931  47.088 0.0000000000
61268  28.172  -15.522  52.173 0.0000000000
61253  29.826  -15.930  52.677 0.0000000000
61285  28.494  -16.199  51.144 0.0000000000
61302  29.727  -16.094  50.203 0.0000000000
61316  30.208  -16.936  48.843 0.0000000000
61340  30.327  -17.001  47.829 0.0000000000
62563  29.322  -15.818  47.131 0.0000000000
62602  28.385  -15.640  45.088 0.0000000000
74028  30.988  -7.484  47.618 0.0000000000
74042  30.078  -6.526  46.152 0.0000000000
72882  29.234  -8.300  46.151 0.0000000000
71665  28.689  -9.121  45.731 0.0000000000
86983  48.555  4.834  32.169 0.0000000000
86990  47.287  4.297  30.823 0.0000000000
72985  34.834  -6.278  39.068 0.0000000000
74139  33.974  -5.894  38.371 0.0000000000
72973  33.858  -6.092  39.212 0.0000000000
75182  33.166  -4.933  40.294 0.0000000000
75200  31.421  -5.187  39.524 0.0000000000
77276  38.769  -3.663  43.362 0.0000000000
76242  39.098  -4.557  42.393 0.0000000000
75157  39.327  -5.167  41.657 0.0000000000
74079  37.782  -6.001  40.727 0.0000000000
72954  36.232  -6.090  39.861 0.0000000000
59924  29.513  -17.190  58.088 0.0000000000
59940  30.371  -17.425  57.140 0.0000000000
61183  28.919  -16.595  56.851 0.0000000000
61201  28.055  -16.555  55.550 0.0000000000
61222  28.006  -16.175  54.686 0.0000000000
62457  25.125  -15.263  54.284 0.0000000000
62471  26.213  -15.192  53.464 0.0000000000
61256  27.400  -15.237  53.282 0.0000000000
63688  26.545  -14.488  51.324 0.0000000000
63721  25.197  -14.190  49.403 0.0000000000
64874  24.218  -13.329  46.625 0.0000000000
81624  43.394  -0.420  36.598 0.0000000000
80553  40.856  0.128  35.822 0.0000000000
82715  42.477  0.482  36.184 0.0000000000
82725  43.856  1.086  36.133 0.0000000000
83780  43.650  1.638  35.421 0.0000000000
84865  44.560  2.753  34.171 0.0000000000
84870  44.436  3.056  33.070 0.0000000000
84876  44.452  2.858  32.002 0.0000000000
65932  19.701  -13.096  56.258 0.0000000000
63611  19.163  -15.233  56.136 0.0000000000
64741  19.875  -14.558  57.738 0.0000000000
64729  19.784  -14.888  59.341 0.0000000000
63573  19.236  -15.596  60.729 0.0000000000
66943  20.362  -12.973  62.068 0.0000000000
63559  19.385  -15.736  61.567 0.0000000000
62379  19.158  -16.358  62.891 0.0000000000
59890  30.025  -17.411  59.386 0.0000000000
61147  28.231  -16.941  59.185 0.0000000000
61148  27.918  -16.084  59.234 0.0000000000
62418  26.410  -15.012  57.994 0.0000000000
63572  26.292  -14.814  59.648 0.0000000000
63592  25.522  -14.176  57.750 0.0000000000
65919  24.024  -13.146  57.126 0.0000000000
67038  21.528  -12.040  56.428 0.0000000000
78385  42.163  -3.496  37.554 0.0000000000
79458  40.620  -2.801  37.187 0.0000000000
79474  39.910  -2.200  37.132 0.0000000000
78389  38.066  -3.362  37.709 0.0000000000
79476  37.972  -2.321  36.818 0.0000000000
80535  38.324  -1.690  36.295 0.0000000000
61187  18.531  -17.136  56.806 0.0000000000
58825  17.574  -18.017  56.562 0.0000000000
57689  16.738  -19.499  56.489 0.0000000000
57650  17.468  -19.151  58.938 0.0000000000
57690  16.311  -19.563  57.165 0.0000000000
56542  15.329  -20.366  56.288 0.0000000000
56543  14.475  -20.482  56.386 0.0000000000
56545  12.803  -21.278  56.732 0.0000000000
56406  15.497  -20.434  62.678 0.0000000000
56428  14.534  -20.653  61.537 0.0000000000
56409  12.783  -20.469  62.455 0.0000000000
56450  13.280  -20.301  60.550 0.0000000000
56476  12.128  -20.732  59.402 0.0000000000
52955  6.017  -24.688  68.728 0.0000000000
77223  34.272  -2.792  46.106 0.0000000000
75115  31.977  -6.336  47.863 0.0000000000
72866  31.133  -8.164  48.329 0.0000000000
71641  30.655  -9.549  48.325 0.0000000000
70416  30.743  -10.751  47.710 0.0000000000
71623  31.628  -10.486  49.427 0.0000000000
69271  31.667  -11.990  48.456 0.0000000000
69284  31.373  -12.253  47.705 0.0000000000
67155  32.320  -13.769  46.619 0.0000000000
67171  32.854  -13.824  45.902 0.0000000000
66092  32.202  -15.225  44.265 0.0000000000
66054  33.516  -14.888  46.420 0.0000000000
64896  33.121  -15.591  45.544 0.0000000000
64911  32.472  -15.963  43.679 0.0000000000
63794  31.840  -17.083  42.545 0.0000000000
61438  31.963  -18.306  42.040 0.0000000000
62503  35.730  -16.211  51.876 0.0000000000
59960  31.117  -17.688  56.271 0.0000000000
59979  32.606  -17.967  55.504 0.0000000000
59997  33.110  -18.238  54.542 0.0000000000
60035  31.424  -17.051  52.810 0.0000000000
60016  32.306  -17.586  53.709 0.0000000000
60014  33.497  -17.861  53.628 0.0000000000
60031  33.781  -17.678  52.600 0.0000000000
60044  34.669  -17.096  51.180 0.0000000000
61281  35.334  -17.053  50.451 0.0000000000
61315  34.258  -17.129  48.939 0.0000000000
60136  33.568  -17.401  47.861 0.0000000000
61362  32.810  -17.294  46.768 0.0000000000
61339  30.768  -16.910  47.358 0.0000000000
61363  31.361  -16.792  46.300 0.0000000000
61385  31.721  -16.852  45.624 0.0000000000
61401  31.465  -17.232  44.255 0.0000000000
77259  32.940  -3.349  44.779 0.0000000000
76225  31.730  -3.839  44.198 0.0000000000
76249  30.133  -5.185  43.169 0.0000000000
75134  29.773  -6.194  44.611 0.0000000000
75142  29.393  -5.961  43.649 0.0000000000
75162  29.542  -5.243  42.168 0.0000000000
85953  45.331  2.860  30.807 0.0000000000
77222  35.408  -2.511  45.694 0.0000000000
77238  34.814  -2.746  45.063 0.0000000000
78309  36.406  -2.326  45.318 0.0000000000
62460  18.867  -15.594  54.184 0.0000000000
62444  18.987  -16.082  55.365 0.0000000000
64768  19.388  -13.920  54.776 0.0000000000
64781  19.582  -13.503  54.478 0.0000000000
63630  19.214  -14.509  54.307 0.0000000000
75241  34.021  -5.440  37.406 0.0000000000
72997  35.713  -5.906  38.704 0.0000000000
55271  9.080  -22.386  66.765 0.0000000000
55276  8.745  -22.669  66.200 0.0000000000
54154  8.030  -23.200  65.896 0.0000000000
54145  7.669  -23.776  66.657 0.0000000000
64829  35.428  -15.411  50.421 0.0000000000
63718  35.328  -15.892  49.797 0.0000000000
63703  35.452  -16.421  49.942 0.0000000000
59906  31.515  -17.732  58.775 0.0000000000
59922  31.480  -17.700  58.083 0.0000000000
63754  26.050  -14.132  46.865 0.0000000000
63738  26.941  -14.336  47.975 0.0000000000
63767  26.129  -14.014  45.280 0.0000000000
85935  45.732  4.051  33.812 0.0000000000
85934  46.455  3.870  34.185 0.0000000000
85943  46.045  4.262  33.315 0.0000000000
85946  46.923  4.524  32.801 0.0000000000
84874  45.527  4.264  32.896 0.0000000000
76273  35.418  -4.965  41.140 0.0000000000
75197  34.999  -5.271  40.999 0.0000000000
76274  34.856  -4.994  41.186 0.0000000000
76267  31.219  -4.318  41.099 0.0000000000
75185  29.694  -5.109  40.802 0.0000000000
77321  35.963  -3.983  41.776 0.0000000000
76244  37.273  -4.220  41.766 0.0000000000
76245  36.527  -4.285  41.462 0.0000000000
75179  36.337  -4.963  40.847 0.0000000000
56596  15.609  -20.553  54.036 0.0000000000
56597  14.779  -20.980  54.132 0.0000000000
56569  15.399  -20.326  55.079 0.0000000000
62425  26.548  -15.739  57.396 0.0000000000
63677  21.648  -14.027  51.389 0.0000000000
63676  23.120  -13.655  51.694 0.0000000000
63692  22.571  -13.968  50.585 0.0000000000
66115  31.772  -15.451  43.235 0.0000000000
80533  40.307  -1.190  36.631 0.0000000000
83794  41.494  1.508  32.943 0.0000000000
66966  22.409  -11.857  59.855 0.0000000000
68048  21.718  -11.751  59.998 0.0000000000
68029  22.222  -11.839  60.493 0.0000000000
76298  39.683  -4.914  38.319 0.0000000000
76311  38.828  -4.646  38.223 0.0000000000
61160  18.400  -16.950  59.737 0.0000000000
56448  15.203  -20.621  60.502 0.0000000000
56472  15.476  -19.756  59.579 0.0000000000
56473  14.707  -19.869  59.677 0.0000000000
56496  14.026  -19.746  58.633 0.0000000000
56356  13.195  -21.367  65.092 0.0000000000
55312  10.518  -22.028  61.873 0.0000000000
68192  33.120  -13.168  49.041 0.0000000000
68221  32.806  -13.897  47.560 0.0000000000
61382  33.886  -17.969  45.870 0.0000000000
62596  33.755  -17.165  45.714 0.0000000000
62597  33.472  -18.022  45.322 0.0000000000
62598  32.986  -18.260  45.437 0.0000000000
60002  29.845  -15.897  54.522 0.0000000000
60020  29.845  -15.615  53.956 0.0000000000
60115  30.829  -16.952  49.537 0.0000000000
60089  31.407  -16.835  50.221 0.0000000000
60088  31.969  -16.964  50.137 0.0000000000
60113  31.880  -16.735  49.204 0.0000000000
76199  31.611  -5.451  47.147 0.0000000000
76206  31.429  -5.124  45.996 0.0000000000
75125  31.134  -6.090  46.880 0.0000000000
77279  36.019  -3.118  43.097 0.0000000000
77280  34.844  -2.950  43.192 0.0000000000
78325  33.671  -3.125  44.021 0.0000000000
78338  33.663  -3.190  43.449 0.0000000000
78339  33.144  -3.329  43.205 0.0000000000
77305  32.637  -3.515  42.630 0.0000000000
77282  32.453  -3.496  43.777 0.0000000000
78307  39.051  -2.477  45.696 0.0000000000
77256  36.485  -2.713  43.811 0.0000000000
60004  17.437  -17.933  54.320 0.0000000000
58840  17.121  -18.748  54.240 0.0000000000
57726  17.376  -19.912  54.200 0.0000000000
57706  17.226  -19.234  54.993 0.0000000000
64749  23.493  -13.034  56.063 0.0000000000
64757  23.667  -13.634  55.317 0.0000000000
65942  22.576  -13.173  54.427 0.0000000000
64792  19.872  -12.938  52.780 0.0000000000
65968  20.763  -12.805  53.175 0.0000000000
64802  20.472  -13.674  52.127 0.0000000000
64801  21.326  -13.771  51.994 0.0000000000
63678  20.035  -14.386  51.335 0.0000000000
61258  17.918  -17.549  52.526 0.0000000000
61257  18.371  -16.741  51.820 0.0000000000
72940  38.015  -6.451  40.583 0.0000000000
75227  36.964  -5.942  38.283 0.0000000000
74120  37.139  -6.015  38.634 0.0000000000
75226  37.387  -5.884  38.413 0.0000000000
75254  37.058  -5.485  38.085 0.0000000000
76314  37.095  -5.196  38.091 0.0000000000
76301  36.715  -4.985  38.006 0.0000000000
76303  34.877  -4.813  37.462 0.0000000000
59874  18.389  -17.961  61.874 0.0000000000
59891  18.525  -18.614  60.889 0.0000000000
59875  18.406  -18.453  61.769 0.0000000000
57598  17.352  -20.161  61.642 0.0000000000
56426  16.390  -20.501  61.830 0.0000000000
55273  11.358  -20.910  66.435 0.0000000000
55278  11.382  -21.150  65.357 0.0000000000
55290  9.454  -22.441  64.043 0.0000000000
55304  9.637  -22.320  63.340 0.0000000000
54180  9.074  -22.985  63.671 0.0000000000
54195  8.771  -23.563  63.331 0.0000000000
53012  7.597  -25.038  64.011 0.0000000000
52975  6.672  -25.158  66.701 0.0000000000
52966  6.394  -24.912  67.700 0.0000000000
67134  34.691  -14.527  49.944 0.0000000000
67125  34.489  -14.195  50.239 0.0000000000
67135  34.258  -14.394  49.483 0.0000000000
67136  34.034  -14.139  49.030 0.0000000000
67141  34.289  -14.487  48.680 0.0000000000
67151  34.392  -14.515  48.189 0.0000000000
66036  34.621  -14.910  48.490 0.0000000000
63736  34.882  -15.995  48.300 0.0000000000
62561  34.363  -16.650  47.658 0.0000000000
62562  34.171  -17.032  47.629 0.0000000000
62520  27.746  -15.521  51.160 0.0000000000
62565  28.085  -14.797  47.787 0.0000000000
61318  29.261  -15.698  49.717 0.0000000000
62546  28.993  -15.159  48.768 0.0000000000
61317  29.694  -16.126  49.061 0.0000000000
62545  29.298  -15.873  48.080 0.0000000000
61341  29.729  -16.521  47.970 0.0000000000
72881  29.835  -8.316  47.060 0.0000000000
71681  28.807  -10.246  45.596 0.0000000000
71664  28.982  -9.652  45.958 0.0000000000
86985  46.772  4.244  31.393 0.0000000000
86991  46.796  4.144  31.069 0.0000000000
85951  46.842  4.059  30.686 0.0000000000
72955  35.374  -5.823  39.684 0.0000000000
72986  34.122  -6.263  38.982 0.0000000000
72972  34.482  -6.013  39.385 0.0000000000
74095  33.593  -5.504  39.846 0.0000000000
74108  33.612  -5.750  39.392 0.0000000000
74109  32.922  -5.388  39.071 0.0000000000
74110  32.056  -5.449  38.981 0.0000000000
76246  34.002  -4.086  41.764 0.0000000000
76265  33.446  -4.183  41.166 0.0000000000
76276  30.869  -5.204  39.424 0.0000000000
76285  31.102  -5.222  39.172 0.0000000000
75214  31.120  -5.499  38.741 0.0000000000
77254  38.398  -2.665  43.638 0.0000000000
77253  39.262  -2.760  43.693 0.0000000000
76243  38.098  -4.407  42.048 0.0000000000
77299  38.439  -4.136  42.848 0.0000000000
75158  38.442  -4.884  41.458 0.0000000000
75177  38.512  -5.641  41.252 0.0000000000
74081  35.758  -5.585  40.406 0.0000000000
72942  36.008  -5.943  40.146 0.0000000000
72971  35.518  -6.000  39.381 0.0000000000
61156  28.756  -16.957  58.542 0.0000000000
61169  28.958  -16.694  57.798 0.0000000000
61185  27.413  -16.423  56.245 0.0000000000
61184  28.180  -16.530  56.557 0.0000000000
61202  27.393  -16.048  55.425 0.0000000000
61223  27.362  -15.373  54.781 0.0000000000
62443  24.223  -14.610  54.179 0.0000000000
62442  24.622  -14.962  54.664 0.0000000000
62458  24.506  -14.839  53.936 0.0000000000
63657  24.870  -14.981  52.697 0.0000000000
62491  25.061  -15.071  52.999 0.0000000000
62507  25.435  -14.880  52.710 0.0000000000
62489  26.533  -14.965  53.121 0.0000000000
62506  25.986  -14.668  52.455 0.0000000000
62522  26.514  -14.745  51.978 0.0000000000
63689  25.988  -14.577  51.599 0.0000000000
63723  23.809  -13.513  49.305 0.0000000000
64844  24.172  -13.470  48.761 0.0000000000
64860  24.520  -13.557  48.129 0.0000000000
64861  23.224  -13.463  47.492 0.0000000000
62523  18.918  -16.151  49.762 0.0000000000
63710  19.733  -15.757  49.048 0.0000000000
79456  42.949  -2.428  37.251 0.0000000000
80531  42.668  -1.085  36.614 0.0000000000
81642  39.704  0.238  34.724 0.0000000000
81632  40.336  -0.036  35.771 0.0000000000
82727  42.071  0.857  35.534 0.0000000000
82726  42.995  1.016  35.838 0.0000000000
83792  43.201  2.187  33.624 0.0000000000
83788  43.546  2.083  34.463 0.0000000000
84866  43.860  2.479  33.615 0.0000000000
65921  19.737  -13.201  57.420 0.0000000000
64750  19.502  -14.307  56.755 0.0000000000
67002  20.027  -12.691  58.293 0.0000000000
66967  20.404  -12.960  60.279 0.0000000000
65906  19.545  -14.256  59.029 0.0000000000
65888  19.754  -13.823  59.770 0.0000000000
64716  19.496  -14.732  60.331 0.0000000000
68006  21.015  -11.900  62.130 0.0000000000
65836  20.418  -13.865  62.797 0.0000000000
63546  19.743  -15.360  62.582 0.0000000000
62389  19.126  -16.439  61.906 0.0000000000
61133  29.178  -17.286  59.658 0.0000000000
62409  27.026  -15.812  59.286 0.0000000000
64715  25.469  -12.890  58.982 0.0000000000
64714  25.747  -13.759  59.365 0.0000000000
63583  25.813  -14.175  58.345 0.0000000000
64728  25.307  -13.490  58.377 0.0000000000
64739  24.705  -13.725  57.412 0.0000000000
65904  24.186  -12.891  57.841 0.0000000000
67001  20.959  -11.828  58.234 0.0000000000
67020  21.299  -11.832  57.211 0.0000000000
67039  20.449  -12.246  56.768 0.0000000000
75242  32.971  -5.833  37.410 0.0000000000
78387  40.039  -3.489  37.320 0.0000000000
78398  39.703  -2.950  37.174 0.0000000000
78399  39.229  -2.642  37.298 0.0000000000
78390  37.248  -3.566  37.310 0.0000000000
80537  36.766  -2.071  36.331 0.0000000000
80536  37.292  -1.790  36.355 0.0000000000
63603  19.302  -15.453  57.281 0.0000000000
62435  18.920  -16.268  56.501 0.0000000000
59943  17.714  -18.128  57.631 0.0000000000
59963  17.821  -17.691  57.193 0.0000000000
58810  17.430  -18.397  57.006 0.0000000000
57688  17.213  -19.090  56.141 0.0000000000
58767  18.430  -19.251  59.767 0.0000000000
58777  18.245  -18.965  59.062 0.0000000000
56494  15.525  -19.547  58.347 0.0000000000
57675  16.137  -19.442  58.099 0.0000000000
56518  15.737  -19.715  57.241 0.0000000000
56523  11.726  -21.524  57.872 0.0000000000
56407  14.635  -20.442  62.560 0.0000000000
56408  13.713  -20.312  62.535 0.0000000000
55288  11.311  -21.068  64.031 0.0000000000
56410  11.980  -20.841  62.259 0.0000000000
56430  12.680  -20.625  61.470 0.0000000000
56451  12.404  -20.674  60.452 0.0000000000
56452  11.510  -21.354  60.285 0.0000000000
52948  5.639  -24.987  69.485 0.0000000000
76187  32.747  -4.701  47.636 0.0000000000
74024  31.827  -7.236  48.406 0.0000000000
74027  31.482  -7.066  47.795 0.0000000000
70406  31.265  -10.908  48.385 0.0000000000
70394  32.097  -11.261  49.721 0.0000000000
69283  31.924  -12.821  48.187 0.0000000000
68223  31.496  -13.405  46.851 0.0000000000
67170  33.253  -14.340  46.525 0.0000000000
67189  32.574  -14.474  45.584 0.0000000000
66072  32.757  -15.011  45.600 0.0000000000
66044  34.041  -14.866  47.272 0.0000000000
63779  33.295  -16.341  44.984 0.0000000000
64910  32.694  -15.705  44.591 0.0000000000
63792  32.675  -16.174  44.186 0.0000000000
63793  32.441  -16.605  43.330 0.0000000000
62630  32.270  -17.853  43.811 0.0000000000
61417  32.058  -18.104  42.822 0.0000000000
59939  31.350  -17.642  57.236 0.0000000000
59961  30.229  -17.534  56.175 0.0000000000
60000  31.077  -17.281  54.572 0.0000000000
59980  31.810  -17.686  55.439 0.0000000000
59998  32.451  -17.767  54.576 0.0000000000
61266  29.942  -16.177  51.828 0.0000000000
60037  30.276  -16.371  52.495 0.0000000000
60048  32.462  -17.398  51.902 0.0000000000
60034  32.072  -17.421  52.821 0.0000000000
60033  32.819  -17.627  52.778 0.0000000000
60015  32.987  -17.840  53.653 0.0000000000
60032  33.391  -17.711  52.678 0.0000000000
60065  33.769  -17.572  50.608 0.0000000000
60045  34.127  -17.576  51.497 0.0000000000
61282  34.935  -17.272  50.185 0.0000000000
61299  34.785  -17.292  49.652 0.0000000000
60084  34.450  -17.377  49.741 0.0000000000
60110  33.731  -17.258  48.390 0.0000000000
60137  33.082  -17.352  47.729 0.0000000000
61338  33.484  -17.339  47.579 0.0000000000
60159  32.450  -17.093  46.935 0.0000000000
61366  29.934  -16.228  46.878 0.0000000000
61365  30.447  -16.520  46.592 0.0000000000
61364  30.952  -16.785  46.406 0.0000000000
61386  31.040  -16.815  45.287 0.0000000000
77224  33.193  -3.525  46.747 0.0000000000
77239  33.629  -2.989  45.529 0.0000000000
77240  32.711  -3.588  46.077 0.0000000000
76214  31.417  -4.253  44.975 0.0000000000
76226  30.758  -4.582  43.943 0.0000000000
74043  29.462  -6.882  45.566 0.0000000000
74064  28.238  -6.911  43.464 0.0000000000
75143  28.694  -6.538  43.463 0.0000000000
75163  28.501  -6.364  42.622 0.0000000000
86994  50.194  5.356  30.051 0.0000000000
87000  50.221  5.301  29.638 0.0000000000
88086  50.922  5.336  29.312 0.0000000000
85949  44.932  2.784  31.321 0.0000000000
84881  44.443  2.340  30.952 0.0000000000
61244  17.864  -17.476  53.033 0.0000000000
60021  17.671  -17.324  54.121 0.0000000000
60003  18.254  -17.703  54.887 0.0000000000
65943  21.158  -12.592  54.789 0.0000000000
65958  20.017  -12.823  54.326 0.0000000000
64780  19.599  -13.508  53.945 0.0000000000
62476  18.756  -15.267  53.102 0.0000000000
72970  36.501  -6.126  39.502 0.0000000000
72969  37.573  -6.588  39.500 0.0000000000
72983  36.622  -5.979  38.963 0.0000000000
72996  36.242  -5.797  38.638 0.0000000000
74136  36.639  -5.840  38.442 0.0000000000
59861  18.449  -18.290  62.690 0.0000000000
58750  18.534  -18.879  62.100 0.0000000000
58744  18.355  -19.176  62.481 0.0000000000
54181  8.636  -23.608  64.018 0.0000000000
54166  8.232  -23.402  64.860 0.0000000000
52996  7.851  -23.923  64.902 0.0000000000
52997  7.516  -24.494  65.146 0.0000000000
66012  35.189  -14.798  50.108 0.0000000000
66025  34.700  -14.917  49.273 0.0000000000
66035  34.736  -15.201  48.823 0.0000000000
64843  35.201  -15.661  49.201 0.0000000000
62544  35.128  -16.583  48.981 0.0000000000
63720  26.395  -14.553  49.473 0.0000000000
62583  28.133  -15.158  47.055 0.0000000000
63766  26.941  -14.757  44.665 0.0000000000
71642  30.100  -9.523  47.576 0.0000000000
70437  29.275  -10.739  46.422 0.0000000000
84855  45.577  2.569  35.657 0.0000000000
84854  46.492  2.568  35.859 0.0000000000
84863  46.495  3.092  34.972 0.0000000000
86975  47.771  4.579  32.782 0.0000000000
72944  34.743  -5.539  39.904 0.0000000000
74082  34.816  -5.425  40.223 0.0000000000
74083  34.017  -5.380  40.223 0.0000000000
75198  33.086  -5.299  39.864 0.0000000000
77325  32.436  -3.883  41.738 0.0000000000
76266  32.310  -4.392  41.015 0.0000000000
75201  30.253  -5.349  39.654 0.0000000000
75159  37.482  -4.743  41.367 0.0000000000
56619  16.566  -20.336  53.239 0.0000000000
56598  13.979  -21.789  54.408 0.0000000000
56571  13.744  -21.098  55.352 0.0000000000
61158  27.750  -16.298  58.142 0.0000000000
61172  26.800  -16.316  56.839 0.0000000000
62440  26.123  -15.496  55.667 0.0000000000
63644  22.929  -14.056  52.864 0.0000000000
63642  24.241  -14.684  53.300 0.0000000000
63659  23.521  -14.215  52.515 0.0000000000
63675  24.184  -14.340  51.957 0.0000000000
63690  24.891  -14.396  51.275 0.0000000000
63707  23.502  -13.692  49.751 0.0000000000
64831  22.803  -13.948  48.897 0.0000000000
64846  22.447  -13.958  48.255 0.0000000000
63724  20.961  -14.234  47.983 0.0000000000
66074  31.784  -14.266  44.314 0.0000000000
82732  40.505  0.732  34.324 0.0000000000
83782  42.044  1.540  34.829 0.0000000000
83793  42.501  2.076  33.077 0.0000000000
68049  21.033  -12.157  59.866 0.0000000000
66956  20.403  -13.022  61.165 0.0000000000
66980  23.449  -12.227  58.468 0.0000000000
78400  36.866  -3.280  36.864 0.0000000000
62428  19.105  -16.280  58.420 0.0000000000
62429  18.883  -16.439  57.635 0.0000000000
62420  18.681  -16.719  58.428 0.0000000000
59942  18.284  -18.046  58.266 0.0000000000
58793  17.827  -18.614  58.225 0.0000000000
57651  16.583  -19.476  58.928 0.0000000000
56520  14.248  -19.979  57.504 0.0000000000
56497  12.971  -20.133  58.682 0.0000000000
56365  13.987  -21.014  64.328 0.0000000000
55303  10.702  -21.646  62.980 0.0000000000
56389  11.454  -20.991  62.748 0.0000000000
56432  11.098  -21.698  61.167 0.0000000000
56453  10.768  -21.854  60.424 0.0000000000
72851  31.902  -7.855  49.476 0.0000000000
71608  31.338  -9.004  49.489 0.0000000000
68184  33.739  -13.322  50.148 0.0000000000
69251  33.509  -12.963  50.047 0.0000000000
69252  33.024  -12.583  49.728 0.0000000000
69253  32.577  -12.234  49.409 0.0000000000
68206  32.313  -13.219  48.218 0.0000000000
63763  33.562  -16.033  46.267 0.0000000000
62595  33.575  -16.556  46.129 0.0000000000
63764  33.516  -16.540  45.753 0.0000000000
62628  32.616  -17.092  43.932 0.0000000000
62615  32.952  -17.332  44.643 0.0000000000
62617  32.244  -17.853  44.103 0.0000000000
59982  30.417  -17.076  55.393 0.0000000000
60070  30.714  -16.742  51.000 0.0000000000
60050  31.112  -16.787  51.899 0.0000000000
60069  31.270  -17.018  51.056 0.0000000000
60068  31.909  -17.182  51.026 0.0000000000
60066  33.153  -17.721  50.772 0.0000000000
60086  33.235  -17.302  49.763 0.0000000000
60085  33.977  -17.338  49.503 0.0000000000
60112  32.602  -16.677  49.015 0.0000000000
62601  29.027  -16.039  44.598 0.0000000000
61403  29.797  -16.385  43.849 0.0000000000
61420  30.032  -17.276  42.612 0.0000000000
74045  28.303  -7.669  44.776 0.0000000000
74044  28.809  -7.268  45.127 0.0000000000
74054  27.825  -7.556  44.042 0.0000000000
86996  48.419  4.751  30.062 0.0000000000
77322  35.248  -4.118  41.865 0.0000000000
78347  34.173  -3.134  43.065 0.0000000000
78348  33.726  -3.288  42.800 0.0000000000
77324  33.123  -3.662  41.785 0.0000000000
76248  30.734  -4.590  42.289 0.0000000000
78322  38.660  -2.422  44.549 0.0000000000
77255  37.488  -2.505  43.581 0.0000000000
58853  17.469  -18.995  52.914 0.0000000000
57745  16.964  -20.060  52.919 0.0000000000
56618  17.095  -20.203  53.635 0.0000000000
56567  16.881  -20.115  54.649 0.0000000000
63601  25.167  -14.465  56.874 0.0000000000
62427  25.080  -15.203  56.349 0.0000000000
63609  24.521  -14.728  55.976 0.0000000000
63617  24.142  -14.373  54.645 0.0000000000
65956  22.385  -13.261  53.734 0.0000000000
64790  22.946  -13.968  53.163 0.0000000000
61270  18.458  -16.982  50.652 0.0000000000
80545  38.727  -0.985  35.815 0.0000000000
80544  39.630  -0.634  36.121 0.0000000000
81634  39.085  -0.169  35.442 0.0000000000
68016  22.202  -11.694  61.372 0.0000000000
68015  23.275  -11.445  61.503 0.0000000000
72951  38.913  -6.535  40.289 0.0000000000
72968  38.524  -6.863  39.778 0.0000000000
74106  38.323  -6.685  39.307 0.0000000000
74118  38.671  -6.275  39.117 0.0000000000
75225  38.311  -5.731  38.656 0.0000000000
76300  37.877  -5.158  38.293 0.0000000000
76312  38.134  -4.805  38.245 0.0000000000
76313  37.488  -5.042  38.175 0.0000000000
77370  37.281  -4.726  37.961 0.0000000000
78392  35.598  -3.482  36.964 0.0000000000
61137  18.247  -17.936  60.664 0.0000000000
61151  18.320  -17.716  59.877 0.0000000000
58766  19.027  -19.066  60.351 0.0000000000
57629  17.759  -19.391  60.182 0.0000000000
58751  18.416  -19.227  61.595 0.0000000000
57611  17.903  -19.546  61.139 0.0000000000
57612  17.139  -19.577  60.735 0.0000000000
57613  16.525  -19.655  60.427 0.0000000000
56447  16.001  -20.139  60.662 0.0000000000
56350  12.212  -20.740  65.724 0.0000000000
54207  9.345  -23.329  62.070 0.0000000000
54208  8.706  -23.814  62.583 0.0000000000
68190  33.903  -14.051  49.555 0.0000000000
67143  33.579  -14.109  48.061 0.0000000000
64872  34.416  -15.273  47.581 0.0000000000
64871  34.782  -15.315  48.082 0.0000000000
63750  34.654  -15.598  47.867 0.0000000000
63751  34.308  -15.929  47.421 0.0000000000
61360  33.688  -17.552  46.478 0.0000000000
61238  29.694  -15.691  53.453 0.0000000000
61267  29.187  -15.955  51.971 0.0000000000
61284  29.385  -16.238  51.086 0.0000000000
62534  28.425  -15.450  50.090 0.0000000000
61303  29.016  -16.095  50.440 0.0000000000
61283  30.221  -16.212  50.989 0.0000000000
61301  30.440  -16.423  49.965 0.0000000000
60141  30.676  -17.274  48.776 0.0000000000
62581  29.259  -15.791  45.937 0.0000000000
62582  28.485  -15.331  46.361 0.0000000000
74033  31.157  -6.806  47.329 0.0000000000
74034  30.525  -7.091  46.946 0.0000000000
74035  29.798  -7.384  46.426 0.0000000000
72883  28.838  -8.850  45.905 0.0000000000
72900  28.604  -8.345  45.502 0.0000000000
86989  48.365  5.055  31.123 0.0000000000
86997  47.603  4.348  29.732 0.0000000000
72998  34.921  -6.157  38.711 0.0000000000
72999  34.443  -6.226  38.818 0.0000000000
74107  34.097  -5.751  39.649 0.0000000000
74121  33.411  -5.859  38.835 0.0000000000
76264  34.443  -4.417  41.208 0.0000000000
75199  32.514  -5.226  39.841 0.0000000000
74097  32.430  -5.307  39.398 0.0000000000
77298  39.032  -4.264  43.102 0.0000000000
74078  38.615  -6.208  41.060 0.0000000000
72941  37.560  -6.319  40.514 0.0000000000
74093  36.716  -6.110  40.240 0.0000000000
59923  30.580  -17.386  58.067 0.0000000000
59941  29.507  -17.177  57.013 0.0000000000
61200  28.926  -16.283  55.959 0.0000000000
61221  28.844  -16.399  54.930 0.0000000000
62433  25.529  -15.483  56.055 0.0000000000
62441  25.338  -15.335  55.178 0.0000000000
62456  25.976  -15.351  54.802 0.0000000000
62473  24.819  -15.052  53.613 0.0000000000
62472  25.825  -15.379  53.818 0.0000000000
61224  26.574  -15.329  54.477 0.0000000000
61241  26.775  -15.373  53.882 0.0000000000
61240  27.930  -15.145  54.171 0.0000000000
61255  28.250  -15.409  53.269 0.0000000000
61269  27.743  -15.337  52.780 0.0000000000
62521  27.022  -14.658  51.470 0.0000000000
63704  26.543  -14.457  50.819 0.0000000000
63705  25.604  -14.387  50.489 0.0000000000
64873  25.232  -13.533  47.287 0.0000000000
69293  30.882  -12.518  46.842 0.0000000000
82713  44.104  0.253  36.355 0.0000000000
80543  40.488  -0.296  36.089 0.0000000000
80542  41.049  -0.054  36.107 0.0000000000
81640  41.251  0.354  35.660 0.0000000000
81631  41.757  0.151  36.199 0.0000000000
82714  43.199  0.410  36.389 0.0000000000
82724  44.780  1.038  36.258 0.0000000000
83779  44.583  1.889  35.869 0.0000000000
83787  44.188  2.247  35.075 0.0000000000
84856  44.911  2.512  35.200 0.0000000000
84869  45.196  4.022  33.471 0.0000000000
84875  45.066  3.785  32.489 0.0000000000
64758  19.292  -14.119  55.704 0.0000000000
63594  19.907  -15.396  58.047 0.0000000000
66983  19.818  -13.101  58.773 0.0000000000
64740  20.117  -14.844  58.567 0.0000000000
63593  19.744  -15.732  58.788 0.0000000000
63584  19.280  -15.592  59.754 0.0000000000
62411  18.800  -16.337  60.152 0.0000000000
68017  21.226  -12.296  61.255 0.0000000000
65821  20.342  -13.201  63.121 0.0000000000
65851  19.942  -13.879  61.890 0.0000000000
64702  19.778  -14.866  61.482 0.0000000000
62400  19.096  -16.506  60.982 0.0000000000
61136  18.665  -17.285  61.244 0.0000000000
61121  18.741  -17.385  62.089 0.0000000000
61105  18.724  -17.385  63.053 0.0000000000
59908  29.772  -17.405  58.851 0.0000000000
61146  28.868  -17.317  59.023 0.0000000000
61149  27.423  -15.863  58.609 0.0000000000
62417  26.837  -15.659  58.382 0.0000000000
63582  26.187  -14.512  58.767 0.0000000000
63591  26.049  -14.494  58.071 0.0000000000
63600  25.897  -14.624  57.495 0.0000000000
65920  23.232  -12.766  56.755 0.0000000000
66999  23.501  -12.357  57.743 0.0000000000
67019  22.125  -12.412  56.739 0.0000000000
67037  22.053  -12.271  56.356 0.0000000000
65931  20.732  -12.234  55.768 0.0000000000
78386  41.063  -3.542  37.514 0.0000000000
77358  38.413  -3.981  37.914 0.0000000000
79460  38.491  -2.706  37.410 0.0000000000
79462  37.232  -3.114  37.003 0.0000000000
79461  37.652  -2.879  37.284 0.0000000000
79475  38.894  -2.138  36.987 0.0000000000
61204  18.658  -17.059  55.686 0.0000000000
59984  18.031  -17.769  55.951 0.0000000000
58826  17.526  -18.529  55.666 0.0000000000
56540  16.606  -19.902  55.492 0.0000000000
59925  18.504  -18.232  59.285 0.0000000000
58792  18.363  -18.591  58.900 0.0000000000
57674  16.861  -19.468  57.853 0.0000000000
56541  16.165  -20.165  56.147 0.0000000000
56544  13.597  -20.772  56.480 0.0000000000
56387  13.000  -20.641  63.339 0.0000000000
56388  12.182  -21.129  63.165 0.0000000000
56429  13.569  -20.382  61.542 0.0000000000
56475  12.838  -20.121  59.536 0.0000000000
57632  12.861  -20.104  59.267 0.0000000000
56498  12.194  -20.767  58.541 0.0000000000
56477  11.461  -21.538  59.417 0.0000000000
56499  11.735  -21.581  58.765 0.0000000000
52965  6.780  -24.181  68.057 0.0000000000
51785  5.768  -25.378  68.102 0.0000000000
51777  5.697  -25.254  68.548 0.0000000000
52956  5.605  -25.139  68.918 0.0000000000
76188  32.181  -5.462  47.511 0.0000000000
76189  31.799  -5.847  47.546 0.0000000000
70405  31.584  -11.208  49.039 0.0000000000
66056  32.066  -14.334  45.331 0.0000000000
67169  33.588  -14.606  47.123 0.0000000000
66055  33.314  -14.556  46.010 0.0000000000
64895  33.416  -15.455  46.176 0.0000000000
66071  33.218  -15.225  45.970 0.0000000000
64926  32.271  -15.638  43.690 0.0000000000
63806  31.739  -16.816  42.222 0.0000000000
62646  31.697  -17.315  41.623 0.0000000000
61455  31.956  -17.618  41.241 0.0000000000
62518  35.638  -16.665  50.766 0.0000000000
59959  31.996  -17.849  56.386 0.0000000000
59958  32.714  -18.203  56.470 0.0000000000
59996  33.739  -18.257  54.603 0.0000000000
60019  30.416  -16.034  53.532 0.0000000000
60018  31.256  -16.643  53.721 0.0000000000
60017  31.658  -17.288  53.726 0.0000000000
60013  34.034  -17.730  53.684 0.0000000000
61265  35.110  -16.938  51.803 0.0000000000
61264  35.488  -16.657  51.237 0.0000000000
61280  35.622  -16.875  50.634 0.0000000000
62532  35.569  -16.654  50.303 0.0000000000
62533  35.538  -16.805  49.906 0.0000000000
61298  35.145  -17.013  49.387 0.0000000000
61314  34.581  -17.025  48.763 0.0000000000
61336  34.484  -17.012  48.070 0.0000000000
61337  33.978  -17.329  47.742 0.0000000000
61361  33.298  -17.272  46.878 0.0000000000
60140  31.093  -17.141  48.326 0.0000000000
60161  31.225  -16.946  47.512 0.0000000000
60160  31.686  -16.966  47.137 0.0000000000
60176  31.870  -16.864  46.444 0.0000000000
61384  32.606  -17.701  46.030 0.0000000000
61400  32.142  -17.769  44.750 0.0000000000
61419  30.900  -17.836  42.965 0.0000000000
61439  31.075  -18.357  41.756 0.0000000000
76213  32.048  -3.638  44.752 0.0000000000
76224  32.148  -3.573  44.281 0.0000000000
77283  31.796  -3.829  43.424 0.0000000000
75126  30.610  -5.890  46.247 0.0000000000
75133  30.371  -5.770  45.179 0.0000000000
74052  29.211  -6.624  44.645 0.0000000000
75141  30.019  -5.478  44.234 0.0000000000
76227  30.043  -5.251  43.778 0.0000000000
85948  45.417  3.322  31.651 0.0000000000
85958  45.470  2.879  30.291 0.0000000000
54167  7.822  -23.773  65.340 0.0000000000
56594  17.041  -20.346  53.982 0.0000000000
57633  12.692  -20.277  59.218 0.0000000000
57653  12.812  -20.174  59.031 0.0000000000
57654  12.602  -20.421  58.964 0.0000000000
57725  17.172  -19.324  54.372 0.0000000000
58743  18.515  -18.798  62.941 0.0000000000
58758  18.802  -19.010  61.229 0.0000000000
58776  18.702  -18.838  59.564 0.0000000000
58809  17.504  -17.976  57.011 0.0000000000
58841  17.210  -19.401  54.073 0.0000000000
59964  17.547  -18.011  57.253 0.0000000000
60036  30.849  -16.602  52.725 0.0000000000
60063  34.867  -17.142  50.491 0.0000000000
60158  32.902  -17.200  47.081 0.0000000000
60175  32.208  -16.944  46.235 0.0000000000
61170  28.285  -16.515  57.519 0.0000000000
61186  26.709  -16.089  55.953 0.0000000000
61242  26.395  -15.463  54.044 0.0000000000
61254  29.046  -15.710  52.951 0.0000000000
61300  34.412  -17.296  49.478 0.0000000000
61335  34.623  -16.787  48.168 0.0000000000
61399  32.530  -18.093  45.211 0.0000000000
62434  24.811  -15.272  55.601 0.0000000000
62459  24.150  -14.579  53.680 0.0000000000
62474  24.261  -14.671  53.598 0.0000000000
62475  23.888  -14.559  53.529 0.0000000000
62490  25.797  -14.874  53.139 0.0000000000
62492  24.604  -14.878  53.210 0.0000000000
62504  27.507  -15.209  51.798 0.0000000000
62505  27.126  -14.986  52.395 0.0000000000
62519  35.651  -16.912  50.391 0.0000000000
62560  34.747  -16.516  48.309 0.0000000000
62579  31.204  -16.701  45.944 0.0000000000
62580  31.055  -16.719  46.150 0.0000000000
62599  31.171  -16.744  45.694 0.0000000000
62600  30.987  -16.682  45.891 0.0000000000
63610  24.304  -14.339  55.343 0.0000000000
63643  23.785  -14.434  53.305 0.0000000000
63673  25.652  -14.766  52.111 0.0000000000
63722  24.318  -13.578  49.196 0.0000000000
63740  24.910  -13.879  48.753 0.0000000000
64727  25.808  -14.021  58.735 0.0000000000
64756  24.284  -14.096  55.736 0.0000000000
64769  19.475  -13.708  54.622 0.0000000000
64778  23.070  -13.578  53.520 0.0000000000
64779  22.171  -13.443  53.487 0.0000000000
64815  20.672  -13.944  51.738 0.0000000000
64830  23.015  -13.868  49.208 0.0000000000
64857  34.903  -15.355  49.072 0.0000000000
64859  25.151  -13.696  47.866 0.0000000000
65837  20.292  -13.220  62.674 0.0000000000
65889  19.707  -13.506  59.076 0.0000000000
65905  23.524  -12.665  57.372 0.0000000000
65907  19.665  -13.746  58.415 0.0000000000
65945  19.547  -13.599  54.822 0.0000000000
65957  21.381  -13.117  53.809 0.0000000000
65959  19.660  -13.394  54.686 0.0000000000
66944  20.332  -12.932  62.513 0.0000000000
68007  20.503  -12.593  62.467 0.0000000000
71682  28.464  -9.645  45.313 0.0000000000
72956  34.684  -5.683  39.699 0.0000000000
74092  37.223  -6.172  40.460 0.0000000000
75195  35.776  -5.062  40.906 0.0000000000
75196  35.475  -5.165  40.966 0.0000000000
75212  35.234  -5.020  41.248 0.0000000000
75213  35.235  -5.220  41.069 0.0000000000
75237  38.010  -5.372  38.386 0.0000000000
75253  37.243  -5.327  38.150 0.0000000000
76197  32.762  -4.216  46.936 0.0000000000
76263  35.083  -4.520  41.357 0.0000000000
76272  35.854  -4.831  40.943 0.0000000000
76275  31.105  -5.177  39.401 0.0000000000
76283  35.271  -5.192  41.070 0.0000000000
76284  35.048  -5.155  41.192 0.0000000000
77260  32.749  -3.426  44.218 0.0000000000
77281  32.458  -3.487  44.370 0.0000000000
77304  33.551  -3.571  42.200 0.0000000000
77368  38.503  -4.405  38.110 0.0000000000
77369  37.856  -4.520  38.095 0.0000000000
77371  36.967  -4.836  37.988 0.0000000000
78324  33.946  -2.888  43.975 0.0000000000
79459  40.075  -2.935  36.962 0.0000000000
80554  40.672  -0.005  35.943 0.0000000000
81633  39.966  -0.086  35.639 0.0000000000
85944  45.619  4.212  33.543 0.0000000000
85954  44.924  2.638  31.060 0.0000000000
85956  46.889  3.977  30.221 0.0000000000
