#!ascii label  , from subject 3352 vox2ras=TkReg
1020
46319  -19.775  -46.805  73.854 0.0000000000
62390  -40.560  -33.976  66.125 0.0000000000
72323  -45.770  -25.454  62.958 0.0000000000
73679  -52.550  -23.752  54.406 0.0000000000
55712  -38.302  -38.136  64.520 0.0000000000
73616  -49.609  -25.120  58.844 0.0000000000
81898  -50.919  -15.224  51.626 0.0000000000
87438  -53.470  -11.822  50.357 0.0000000000
62401  -43.262  -33.375  65.253 0.0000000000
64520  -46.307  -30.803  62.918 0.0000000000
67663  -43.469  -29.535  65.321 0.0000000000
53347  -20.694  -42.849  76.280 0.0000000000
54506  -25.249  -40.971  75.092 0.0000000000
51122  -29.732  -42.874  72.150 0.0000000000
49938  -34.161  -44.340  68.743 0.0000000000
48760  -38.076  -45.676  64.583 0.0000000000
51237  -41.710  -42.946  62.371 0.0000000000
55699  -43.625  -38.744  65.569 0.0000000000
65598  -49.721  -28.964  59.679 0.0000000000
86391  -54.860  -11.653  48.674 0.0000000000
62365  -42.324  -33.289  66.917 0.0000000000
65525  -43.831  -31.169  66.211 0.0000000000
64488  -41.734  -32.075  66.096 0.0000000000
53382  -20.466  -41.716  75.015 0.0000000000
53360  -23.045  -41.802  76.195 0.0000000000
51210  -38.000  -44.565  63.781 0.0000000000
50023  -39.727  -44.329  62.650 0.0000000000
52381  -39.646  -42.710  62.652 0.0000000000
59238  -38.795  -36.119  65.852 0.0000000000
55696  -41.150  -39.001  65.431 0.0000000000
58032  -42.117  -36.904  66.618 0.0000000000
59239  -43.283  -36.468  65.850 0.0000000000
68791  -46.439  -27.750  63.324 0.0000000000
65570  -48.209  -29.486  61.616 0.0000000000
69998  -48.792  -26.978  62.146 0.0000000000
72430  -51.352  -24.615  56.746 0.0000000000
71161  -51.739  -25.478  58.139 0.0000000000
71190  -52.589  -25.458  55.698 0.0000000000
72499  -53.671  -24.526  53.380 0.0000000000
82986  -52.893  -15.106  52.904 0.0000000000
79985  -52.453  -17.294  52.438 0.0000000000
54664  -38.800  -40.338  63.311 0.0000000000
72495  -49.929  -24.847  53.950 0.0000000000
86349  -51.061  -13.071  51.439 0.0000000000
84220  -52.819  -13.996  50.801 0.0000000000
83082  -53.962  -14.240  46.362 0.0000000000
62453  -44.499  -32.484  62.335 0.0000000000
63454  -44.969  -31.746  64.368 0.0000000000
67666  -45.096  -29.474  65.499 0.0000000000
48566  -20.462  -44.631  75.598 0.0000000000
49860  -26.669  -43.070  72.829 0.0000000000
53385  -27.938  -41.920  73.441 0.0000000000
48641  -28.568  -44.474  70.707 0.0000000000
47448  -30.797  -45.136  70.006 0.0000000000
46379  -32.816  -45.260  67.987 0.0000000000
46413  -35.334  -46.444  66.499 0.0000000000
48704  -36.608  -45.205  67.285 0.0000000000
46492  -38.862  -46.233  62.231 0.0000000000
54667  -40.822  -40.469  64.055 0.0000000000
53565  -42.769  -40.787  64.146 0.0000000000
54701  -44.812  -40.637  62.494 0.0000000000
58095  -43.191  -38.032  63.586 0.0000000000
60378  -42.600  -35.446  64.238 0.0000000000
71128  -50.158  -26.362  59.845 0.0000000000
76869  -51.993  -20.347  52.269 0.0000000000
75783  -53.331  -22.013  53.184 0.0000000000
46303  -19.167  -46.641  74.606 0.0000000000
62363  -41.555  -34.117  67.059 0.0000000000
63420  -42.265  -32.517  66.962 0.0000000000
63435  -41.201  -32.873  65.905 0.0000000000
51235  -38.159  -43.605  62.742 0.0000000000
51223  -39.049  -43.589  62.769 0.0000000000
52379  -39.142  -42.501  62.515 0.0000000000
61355  -39.651  -35.572  65.681 0.0000000000
59204  -40.884  -36.023  66.525 0.0000000000
60299  -40.920  -35.452  67.119 0.0000000000
60301  -41.946  -35.283  66.850 0.0000000000
69984  -47.136  -27.163  62.735 0.0000000000
72313  -46.914  -26.181  62.758 0.0000000000
72450  -51.716  -24.498  55.673 0.0000000000
72432  -52.383  -24.897  56.523 0.0000000000
72452  -52.659  -24.776  55.438 0.0000000000
72474  -53.430  -24.428  54.298 0.0000000000
73681  -53.358  -23.738  54.313 0.0000000000
81900  -53.611  -15.814  51.809 0.0000000000
80909  -53.638  -16.486  52.080 0.0000000000
80012  -53.880  -17.263  51.055 0.0000000000
86364  -50.927  -12.757  50.928 0.0000000000
87429  -52.810  -12.190  50.985 0.0000000000
85277  -53.047  -13.281  52.131 0.0000000000
86367  -53.337  -12.371  50.630 0.0000000000
84231  -53.138  -13.289  49.771 0.0000000000
85302  -54.281  -12.231  49.939 0.0000000000
84242  -54.994  -13.001  48.189 0.0000000000
62414  -44.101  -32.387  64.003 0.0000000000
62415  -45.273  -32.206  63.744 0.0000000000
63453  -44.294  -31.980  64.541 0.0000000000
66616  -43.295  -30.279  66.073 0.0000000000
66618  -44.667  -30.259  66.022 0.0000000000
67665  -44.488  -29.240  65.467 0.0000000000
69954  -44.938  -28.099  64.923 0.0000000000
68786  -43.889  -28.450  64.602 0.0000000000
49830  -21.320  -43.964  75.717 0.0000000000
51057  -21.633  -43.459  75.950 0.0000000000
54496  -24.146  -41.043  75.857 0.0000000000
53415  -29.326  -42.173  72.344 0.0000000000
52268  -28.701  -42.230  73.133 0.0000000000
51120  -28.439  -43.113  72.736 0.0000000000
49878  -29.369  -43.562  72.068 0.0000000000
48642  -29.873  -44.814  70.381 0.0000000000
49900  -30.615  -43.658  71.329 0.0000000000
47464  -33.723  -45.081  68.571 0.0000000000
46396  -34.531  -45.945  67.197 0.0000000000
46382  -34.912  -45.787  67.649 0.0000000000
49996  -37.267  -44.927  65.475 0.0000000000
51191  -36.264  -44.552  66.813 0.0000000000
47526  -37.334  -45.424  66.006 0.0000000000
46430  -36.918  -46.308  65.925 0.0000000000
46460  -37.746  -46.375  64.275 0.0000000000
46476  -38.266  -46.522  63.148 0.0000000000
47578  -38.580  -46.147  63.673 0.0000000000
51236  -40.692  -43.442  62.377 0.0000000000
50034  -40.389  -44.338  62.104 0.0000000000
50043  -41.925  -44.026  61.508 0.0000000000
51252  -43.011  -43.130  62.070 0.0000000000
54665  -39.496  -40.457  63.430 0.0000000000
55714  -39.479  -39.058  64.560 0.0000000000
54616  -42.622  -38.506  65.754 0.0000000000
54650  -42.028  -40.359  65.123 0.0000000000
54652  -43.426  -39.706  65.060 0.0000000000
53590  -44.773  -40.868  63.528 0.0000000000
55733  -44.252  -39.683  63.890 0.0000000000
56851  -43.779  -38.501  64.698 0.0000000000
61372  -42.993  -34.399  65.621 0.0000000000
60364  -42.941  -35.524  64.907 0.0000000000
61403  -42.845  -34.331  64.474 0.0000000000
62428  -42.972  -33.544  63.335 0.0000000000
53380  -19.372  -42.724  75.486 0.0000000000
52210  -19.156  -43.634  76.452 0.0000000000
49815  -19.616  -44.702  76.320 0.0000000000
63470  -45.923  -31.741  63.013 0.0000000000
63480  -47.182  -31.886  61.973 0.0000000000
65596  -49.200  -29.647  60.643 0.0000000000
73599  -48.702  -25.347  59.800 0.0000000000
73572  -49.154  -25.501  60.671 0.0000000000
73601  -50.020  -25.138  59.365 0.0000000000
68893  -51.942  -26.174  57.081 0.0000000000
68878  -51.431  -26.619  57.912 0.0000000000
79029  -53.351  -18.121  52.440 0.0000000000
79027  -51.946  -18.240  52.186 0.0000000000
76870  -52.757  -20.359  52.558 0.0000000000
75803  -52.555  -21.233  52.594 0.0000000000
76871  -53.384  -20.723  52.448 0.0000000000
75784  -53.640  -22.189  53.068 0.0000000000
86389  -52.937  -11.385  49.316 0.0000000000
86379  -54.431  -11.656  49.786 0.0000000000
87456  -54.513  -10.691  48.405 0.0000000000
87458  -55.501  -11.511  47.533 0.0000000000
62379  -43.089  -33.275  66.400 0.0000000000
63421  -43.716  -32.289  66.113 0.0000000000
63411  -42.978  -32.404  67.199 0.0000000000
65514  -43.009  -31.664  67.047 0.0000000000
65544  -42.607  -30.645  65.488 0.0000000000
53368  -20.567  -42.126  75.448 0.0000000000
53349  -22.079  -42.179  76.336 0.0000000000
55548  -24.007  -39.989  75.644 0.0000000000
49998  -38.040  -44.906  64.502 0.0000000000
48761  -38.491  -45.261  63.955 0.0000000000
50010  -38.387  -44.542  63.410 0.0000000000
51224  -39.873  -43.549  62.733 0.0000000000
52402  -40.456  -42.487  62.688 0.0000000000
56831  -38.213  -37.396  65.140 0.0000000000
55694  -39.658  -38.386  65.314 0.0000000000
56810  -39.704  -37.526  65.756 0.0000000000
56789  -41.261  -37.533  66.554 0.0000000000
56813  -42.765  -37.956  66.404 0.0000000000
58056  -43.458  -37.290  65.833 0.0000000000
59224  -42.755  -36.319  66.429 0.0000000000
60318  -42.858  -35.433  66.230 0.0000000000
52266  -19.440  -42.685  74.458 0.0000000000
67681  -46.340  -28.726  63.263 0.0000000000
65559  -46.654  -30.099  62.504 0.0000000000
67682  -46.997  -28.562  62.683 0.0000000000
67689  -48.237  -28.263  61.692 0.0000000000
68823  -49.143  -27.573  61.264 0.0000000000
73647  -50.454  -24.588  57.790 0.0000000000
73633  -50.885  -24.543  58.653 0.0000000000
73649  -51.924  -24.805  57.710 0.0000000000
71176  -52.433  -25.301  57.037 0.0000000000
81874  -51.782  -15.146  52.979 0.0000000000
80905  -51.400  -16.019  52.291 0.0000000000
80900  -53.214  -16.432  53.109 0.0000000000
79987  -53.545  -17.407  52.237 0.0000000000
62399  -39.220  -34.503  64.370 0.0000000000
61384  -38.378  -35.277  64.346 0.0000000000
73557  -46.949  -25.564  62.012 0.0000000000
72411  -48.610  -25.299  57.817 0.0000000000
72428  -49.660  -25.186  56.836 0.0000000000
72448  -50.035  -25.049  55.828 0.0000000000
72496  -50.965  -24.581  54.229 0.0000000000
84191  -50.890  -14.012  52.225 0.0000000000
84185  -52.316  -13.878  53.177 0.0000000000
84194  -53.320  -14.079  52.436 0.0000000000
83028  -52.855  -15.093  50.978 0.0000000000
85325  -54.525  -12.433  48.590 0.0000000000
84254  -53.662  -13.288  47.607 0.0000000000
62454  -45.646  -32.429  62.247 0.0000000000
62416  -45.643  -31.949  63.110 0.0000000000
64502  -45.534  -30.933  64.308 0.0000000000
64489  -44.338  -31.390  65.646 0.0000000000
65536  -45.140  -30.481  65.197 0.0000000000
66634  -45.332  -29.701  64.380 0.0000000000
67675  -45.679  -28.701  63.967 0.0000000000
69967  -45.766  -27.575  63.834 0.0000000000
64516  -41.348  -31.897  64.492 0.0000000000
64517  -41.725  -31.034  64.583 0.0000000000
66646  -43.156  -29.189  63.493 0.0000000000
47409  -20.243  -45.653  74.578 0.0000000000
48590  -20.952  -45.069  74.421 0.0000000000
48639  -26.692  -44.286  71.256 0.0000000000
55578  -23.596  -40.085  74.008 0.0000000000
55566  -25.381  -40.025  74.903 0.0000000000
53383  -26.499  -41.438  74.305 0.0000000000
48603  -27.473  -43.510  72.120 0.0000000000
47479  -30.568  -45.388  68.740 0.0000000000
46393  -31.830  -45.636  67.378 0.0000000000
53501  -34.415  -43.547  67.933 0.0000000000
51181  -35.576  -43.943  67.700 0.0000000000
49958  -35.788  -44.407  68.060 0.0000000000
46399  -36.095  -46.100  67.097 0.0000000000
45351  -36.142  -46.769  65.794 0.0000000000
48796  -39.586  -45.027  62.425 0.0000000000
53560  -39.350  -41.446  62.673 0.0000000000
53562  -40.708  -41.326  63.211 0.0000000000
53589  -41.253  -41.671  63.181 0.0000000000
54630  -40.768  -39.502  65.080 0.0000000000
53536  -41.357  -40.664  64.326 0.0000000000
52405  -42.738  -41.900  63.035 0.0000000000
51240  -43.503  -42.078  62.562 0.0000000000
52440  -44.430  -41.656  61.797 0.0000000000
59300  -42.851  -37.909  62.702 0.0000000000
59262  -43.487  -37.404  64.732 0.0000000000
59272  -43.044  -36.877  63.897 0.0000000000
59271  -42.563  -36.227  63.560 0.0000000000
61437  -42.381  -34.292  62.549 0.0000000000
48565  -19.458  -45.217  75.876 0.0000000000
72326  -48.251  -25.522  62.262 0.0000000000
71119  -49.422  -26.394  61.150 0.0000000000
68837  -49.982  -27.515  59.997 0.0000000000
72385  -51.290  -25.284  58.938 0.0000000000
68850  -50.866  -26.787  58.782 0.0000000000
66675  -50.107  -28.576  59.042 0.0000000000
73689  -50.560  -24.174  53.349 0.0000000000
73690  -51.849  -23.867  53.817 0.0000000000
79026  -51.123  -18.048  51.751 0.0000000000
78022  -50.534  -19.435  51.592 0.0000000000
75801  -50.811  -21.618  52.009 0.0000000000
74719  -52.371  -22.042  52.811 0.0000000000
74680  -52.935  -23.113  54.237 0.0000000000
74697  -53.551  -22.851  53.672 0.0000000000
46330  -19.327  -47.354  73.820 0.0000000000
62376  -41.209  -34.189  66.746 0.0000000000
62377  -41.599  -33.428  66.927 0.0000000000
51234  -37.907  -43.523  62.573 0.0000000000
52401  -38.568  -42.742  62.520 0.0000000000
61371  -40.319  -34.652  66.076 0.0000000000
61340  -40.684  -35.429  66.554 0.0000000000
61357  -40.676  -34.728  66.529 0.0000000000
61342  -41.395  -34.676  67.077 0.0000000000
72312  -46.256  -25.960  63.237 0.0000000000
71095  -46.591  -26.666  63.296 0.0000000000
73671  -51.915  -24.257  55.033 0.0000000000
72451  -52.255  -24.579  55.765 0.0000000000
73673  -52.593  -24.296  54.895 0.0000000000
73674  -53.219  -24.265  54.758 0.0000000000
73680  -52.999  -23.677  54.472 0.0000000000
81914  -53.084  -15.841  51.103 0.0000000000
80922  -53.563  -16.429  51.569 0.0000000000
86377  -52.566  -11.693  50.036 0.0000000000
87437  -52.946  -11.876  50.493 0.0000000000
86352  -53.070  -12.541  51.262 0.0000000000
87430  -53.101  -12.159  50.722 0.0000000000
85301  -53.523  -12.707  50.341 0.0000000000
86378  -53.983  -11.971  50.314 0.0000000000
62413  -43.320  -33.314  64.575 0.0000000000
62402  -43.812  -32.471  64.735 0.0000000000
62392  -43.639  -32.683  65.388 0.0000000000
66624  -43.476  -29.813  65.641 0.0000000000
67657  -43.940  -29.806  65.725 0.0000000000
67664  -43.827  -29.033  65.347 0.0000000000
68778  -43.998  -28.635  65.058 0.0000000000
67674  -43.559  -28.911  65.072 0.0000000000
51047  -20.728  -43.774  76.391 0.0000000000
51048  -21.316  -43.304  76.266 0.0000000000
54497  -24.652  -41.084  75.323 0.0000000000
53362  -24.216  -41.429  75.473 0.0000000000
53400  -28.818  -42.174  72.898 0.0000000000
52269  -29.115  -42.372  72.594 0.0000000000
51121  -29.159  -43.141  72.495 0.0000000000
49879  -29.813  -43.343  71.852 0.0000000000
49899  -29.744  -43.841  71.562 0.0000000000
49880  -30.215  -43.207  71.702 0.0000000000
51162  -33.750  -43.976  69.112 0.0000000000
48647  -33.307  -44.430  69.427 0.0000000000
48666  -33.796  -44.810  68.783 0.0000000000
46381  -34.541  -45.608  67.747 0.0000000000
48667  -34.618  -44.883  68.483 0.0000000000
49990  -37.702  -45.003  65.242 0.0000000000
49989  -37.490  -44.965  65.889 0.0000000000
47546  -37.414  -45.764  65.498 0.0000000000
47561  -38.133  -45.900  64.490 0.0000000000
51250  -41.454  -43.694  61.908 0.0000000000
51251  -42.225  -43.400  61.952 0.0000000000
51238  -42.515  -42.663  62.484 0.0000000000
54646  -39.102  -39.532  63.976 0.0000000000
55713  -38.789  -38.489  64.601 0.0000000000
55698  -43.092  -38.608  65.765 0.0000000000
54633  -42.773  -39.163  65.575 0.0000000000
55715  -43.589  -39.188  65.599 0.0000000000
54653  -44.092  -39.920  64.426 0.0000000000
55732  -43.979  -39.564  64.411 0.0000000000
56868  -43.886  -38.968  64.192 0.0000000000
56867  -43.985  -38.949  64.767 0.0000000000
61387  -42.837  -34.377  65.102 0.0000000000
53356  -19.926  -42.846  76.001 0.0000000000
52222  -19.423  -43.143  76.205 0.0000000000
52211  -20.149  -43.332  76.361 0.0000000000
64534  -46.240  -31.357  62.848 0.0000000000
63479  -46.470  -31.791  62.352 0.0000000000
64535  -46.901  -31.077  62.329 0.0000000000
66662  -49.284  -28.821  60.462 0.0000000000
64564  -49.391  -29.960  60.345 0.0000000000
65608  -49.661  -29.516  59.744 0.0000000000
65624  -49.611  -29.456  59.301 0.0000000000
73600  -49.211  -25.117  59.403 0.0000000000
73617  -50.222  -24.714  59.020 0.0000000000
80921  -50.732  -16.156  51.429 0.0000000000
78008  -53.796  -19.401  52.286 0.0000000000
78007  -53.113  -19.367  52.603 0.0000000000
62378  -42.593  -33.584  66.664 0.0000000000
62366  -42.884  -32.894  66.753 0.0000000000
64475  -42.156  -32.009  66.596 0.0000000000
64476  -42.558  -31.930  66.995 0.0000000000
65522  -42.460  -31.522  66.235 0.0000000000
65523  -42.989  -31.054  66.146 0.0000000000
65534  -42.356  -31.200  65.648 0.0000000000
55563  -22.996  -40.135  74.680 0.0000000000
51221  -37.798  -44.516  63.260 0.0000000000
50008  -37.618  -44.941  64.635 0.0000000000
50009  -38.056  -44.664  64.090 0.0000000000
52362  -39.152  -43.272  62.738 0.0000000000
52363  -39.079  -43.469  62.787 0.0000000000
59221  -38.684  -36.680  65.636 0.0000000000
56809  -39.176  -37.212  65.721 0.0000000000
58042  -39.461  -36.776  66.011 0.0000000000
59205  -40.986  -35.823  67.026 0.0000000000
56788  -40.903  -37.034  66.783 0.0000000000
58031  -41.526  -36.754  66.711 0.0000000000
55656  -41.935  -38.009  66.274 0.0000000000
56792  -42.929  -37.561  66.413 0.0000000000
58033  -42.643  -37.000  66.512 0.0000000000
61344  -42.319  -34.382  66.835 0.0000000000
60317  -42.456  -35.358  66.569 0.0000000000
61358  -42.651  -34.387  66.401 0.0000000000
61359  -42.998  -34.379  66.036 0.0000000000
53396  -20.070  -42.212  74.391 0.0000000000
53381  -19.799  -42.313  75.133 0.0000000000
68799  -46.230  -28.251  63.426 0.0000000000
68800  -46.792  -27.872  62.854 0.0000000000
69985  -48.113  -27.075  62.516 0.0000000000
68810  -48.204  -27.648  62.162 0.0000000000
68822  -48.667  -27.770  61.664 0.0000000000
68811  -48.842  -27.380  61.801 0.0000000000
73660  -50.991  -24.562  57.354 0.0000000000
73648  -51.161  -24.512  58.019 0.0000000000
73661  -51.538  -24.603  57.295 0.0000000000
71189  -52.540  -25.239  56.023 0.0000000000
70089  -52.394  -25.762  56.046 0.0000000000
71210  -52.920  -25.156  55.132 0.0000000000
82985  -52.472  -14.729  53.185 0.0000000000
80891  -52.113  -15.868  53.388 0.0000000000
81876  -53.314  -15.649  53.106 0.0000000000
79030  -53.981  -18.370  52.122 0.0000000000
61385  -39.181  -34.970  64.435 0.0000000000
72427  -48.917  -25.347  57.105 0.0000000000
72470  -49.320  -25.318  54.819 0.0000000000
71226  -50.810  -24.866  55.141 0.0000000000
85289  -50.732  -13.184  51.117 0.0000000000
85273  -50.480  -13.684  51.246 0.0000000000
85275  -51.258  -13.365  51.997 0.0000000000
84192  -51.669  -13.712  52.667 0.0000000000
84193  -52.097  -13.632  52.761 0.0000000000
85290  -53.253  -13.085  51.251 0.0000000000
84207  -53.329  -14.040  51.795 0.0000000000
83012  -53.384  -15.113  51.529 0.0000000000
83027  -52.545  -14.813  50.370 0.0000000000
86390  -54.607  -11.420  49.251 0.0000000000
85303  -54.533  -11.999  49.528 0.0000000000
85314  -54.589  -12.021  48.915 0.0000000000
83067  -54.328  -13.714  46.952 0.0000000000
84255  -54.650  -13.373  47.657 0.0000000000
63510  -45.077  -32.384  61.942 0.0000000000
62430  -44.810  -32.344  63.143 0.0000000000
63469  -45.828  -31.944  63.890 0.0000000000
64518  -45.540  -31.437  64.219 0.0000000000
64477  -43.566  -31.838  66.559 0.0000000000
63422  -44.120  -31.736  65.815 0.0000000000
64478  -44.142  -31.437  66.033 0.0000000000
66625  -45.223  -29.921  66.059 0.0000000000
65527  -44.898  -30.493  65.646 0.0000000000
66626  -45.272  -29.922  65.517 0.0000000000
65545  -45.313  -30.430  64.643 0.0000000000
66627  -45.380  -29.588  64.956 0.0000000000
67668  -45.418  -29.304  64.573 0.0000000000
67667  -45.501  -29.135  64.823 0.0000000000
69953  -44.854  -28.075  64.694 0.0000000000
69966  -45.240  -27.742  64.336 0.0000000000
47400  -20.166  -45.279  75.009 0.0000000000
48576  -20.708  -44.981  74.959 0.0000000000
49831  -21.845  -43.736  75.377 0.0000000000
53359  -22.549  -41.834  76.312 0.0000000000
52225  -22.679  -42.428  75.962 0.0000000000
49874  -25.856  -43.429  72.290 0.0000000000
49895  -26.218  -43.619  72.061 0.0000000000
48638  -26.085  -43.989  71.479 0.0000000000
48618  -26.527  -43.813  71.684 0.0000000000
55588  -24.177  -39.887  73.290 0.0000000000
55579  -24.352  -40.184  74.176 0.0000000000
53384  -27.095  -41.615  73.847 0.0000000000
51089  -27.133  -42.387  73.684 0.0000000000
52258  -27.679  -42.141  73.577 0.0000000000
49897  -28.336  -43.525  72.285 0.0000000000
48604  -27.905  -43.539  72.183 0.0000000000
48620  -28.171  -43.858  71.607 0.0000000000
48640  -27.524  -44.378  71.009 0.0000000000
47447  -30.321  -45.185  69.839 0.0000000000
48663  -29.789  -45.254  69.611 0.0000000000
47459  -30.279  -45.298  69.585 0.0000000000
48685  -30.352  -45.439  69.129 0.0000000000
47460  -30.646  -45.259  69.424 0.0000000000
47482  -32.927  -45.286  68.730 0.0000000000
47462  -32.083  -45.040  69.467 0.0000000000
47481  -32.009  -45.049  68.834 0.0000000000
46378  -31.915  -45.360  68.114 0.0000000000
46394  -32.707  -45.713  67.315 0.0000000000
46412  -34.448  -46.314  66.633 0.0000000000
45338  -35.083  -46.549  66.075 0.0000000000
45348  -34.957  -46.657  65.500 0.0000000000
45349  -35.621  -46.701  65.701 0.0000000000
49975  -36.438  -44.708  67.285 0.0000000000
51190  -35.716  -44.291  67.203 0.0000000000
51182  -35.889  -44.374  67.342 0.0000000000
51173  -35.622  -43.908  67.966 0.0000000000
49959  -36.145  -44.773  67.756 0.0000000000
47503  -35.759  -45.591  67.577 0.0000000000
47504  -36.456  -45.708  67.046 0.0000000000
46442  -36.794  -46.528  65.101 0.0000000000
46441  -36.413  -46.652  65.484 0.0000000000
45376  -36.471  -46.664  64.763 0.0000000000
45375  -36.325  -46.853  64.294 0.0000000000
46477  -38.812  -46.166  62.655 0.0000000000
46491  -38.144  -46.593  62.201 0.0000000000
48780  -39.039  -45.087  63.129 0.0000000000
53559  -38.921  -41.127  62.644 0.0000000000
54666  -40.231  -40.471  63.614 0.0000000000
55695  -40.562  -38.737  65.429 0.0000000000
53538  -42.458  -40.625  64.499 0.0000000000
53537  -41.937  -40.778  64.805 0.0000000000
53564  -42.352  -40.956  64.050 0.0000000000
52383  -42.291  -41.553  63.491 0.0000000000
52384  -42.917  -41.222  63.697 0.0000000000
52406  -43.494  -41.471  62.949 0.0000000000
53612  -44.894  -41.126  62.872 0.0000000000
52430  -44.412  -41.577  62.351 0.0000000000
53629  -44.645  -41.154  62.154 0.0000000000
58111  -43.836  -38.808  63.244 0.0000000000
59283  -42.877  -37.395  63.292 0.0000000000
59250  -43.606  -37.394  65.030 0.0000000000
59249  -43.427  -36.724  65.237 0.0000000000
59261  -43.172  -36.599  64.556 0.0000000000
60377  -42.442  -35.335  63.652 0.0000000000
60389  -42.260  -35.417  62.948 0.0000000000
61418  -42.667  -34.307  63.483 0.0000000000
62429  -43.397  -33.232  63.631 0.0000000000
62452  -43.096  -33.324  62.688 0.0000000000
49816  -20.166  -44.467  76.245 0.0000000000
48554  -19.694  -44.786  75.969 0.0000000000
47399  -19.626  -45.418  75.263 0.0000000000
65569  -47.723  -30.086  61.928 0.0000000000
64550  -47.705  -31.205  61.532 0.0000000000
65582  -48.152  -30.488  61.520 0.0000000000
73569  -46.394  -25.486  61.687 0.0000000000
72352  -49.584  -25.808  60.250 0.0000000000
72339  -49.322  -25.799  60.882 0.0000000000
71120  -49.736  -26.506  60.340 0.0000000000
70023  -49.857  -27.220  60.255 0.0000000000
70024  -50.308  -26.881  59.736 0.0000000000
72397  -51.535  -25.106  58.538 0.0000000000
73619  -51.265  -24.921  58.939 0.0000000000
68865  -51.035  -26.795  58.428 0.0000000000
67726  -50.771  -27.634  58.492 0.0000000000
68864  -50.724  -27.241  58.862 0.0000000000
66687  -50.527  -28.317  58.413 0.0000000000
73704  -51.104  -23.489  52.793 0.0000000000
80906  -52.095  -16.490  52.620 0.0000000000
79984  -51.557  -17.195  52.275 0.0000000000
78006  -52.299  -19.313  52.494 0.0000000000
78005  -51.234  -19.318  51.995 0.0000000000
78004  -50.508  -19.912  51.760 0.0000000000
76868  -51.082  -20.533  51.939 0.0000000000
75782  -52.887  -21.980  53.196 0.0000000000
74695  -52.537  -22.890  53.569 0.0000000000
74696  -53.161  -22.668  53.727 0.0000000000
74681  -53.285  -23.149  54.181 0.0000000000
62364  -42.003  -33.691  67.246 0.0000000000
63409  -42.032  -33.145  67.078 0.0000000000
63419  -41.911  -32.618  66.756 0.0000000000
64487  -41.429  -32.380  65.891 0.0000000000
51222  -38.716  -43.613  62.788 0.0000000000
51211  -38.630  -43.995  62.953 0.0000000000
52380  -39.358  -42.706  62.596 0.0000000000
60332  -38.891  -35.854  65.499 0.0000000000
59223  -40.128  -36.202  65.994 0.0000000000
60316  -40.077  -35.869  65.835 0.0000000000
60298  -40.869  -35.636  67.086 0.0000000000
59206  -41.087  -35.971  67.009 0.0000000000
59207  -41.590  -36.055  66.731 0.0000000000
60300  -41.347  -35.313  67.024 0.0000000000
61343  -42.257  -34.408  67.194 0.0000000000
69968  -46.496  -27.302  63.416 0.0000000000
69969  -46.705  -27.465  63.066 0.0000000000
69983  -46.866  -26.975  63.092 0.0000000000
71096  -47.139  -26.683  62.726 0.0000000000
71097  -47.892  -26.622  62.528 0.0000000000
72431  -52.040  -24.630  56.984 0.0000000000
71209  -52.991  -24.795  55.250 0.0000000000
72453  -52.988  -24.547  54.824 0.0000000000
83000  -53.683  -15.456  52.091 0.0000000000
81877  -53.677  -15.934  52.653 0.0000000000
81885  -53.681  -15.820  52.180 0.0000000000
80923  -53.684  -16.686  51.806 0.0000000000
86365  -51.623  -12.295  50.914 0.0000000000
86350  -51.539  -12.864  51.527 0.0000000000
85276  -52.131  -13.329  52.266 0.0000000000
86351  -52.418  -12.579  51.466 0.0000000000
85312  -53.821  -12.583  49.554 0.0000000000
85327  -55.817  -12.795  47.785 0.0000000000
85326  -55.195  -12.420  48.250 0.0000000000
84243  -55.607  -13.009  47.997 0.0000000000
83068  -55.115  -13.751  47.109 0.0000000000
83097  -54.592  -14.624  45.675 0.0000000000
62403  -44.533  -32.159  64.251 0.0000000000
65524  -43.360  -31.149  66.235 0.0000000000
65526  -44.494  -30.662  65.903 0.0000000000
66617  -43.968  -30.410  66.034 0.0000000000
67658  -44.559  -29.830  65.903 0.0000000000
68781  -45.399  -28.759  65.030 0.0000000000
68780  -44.994  -28.621  65.133 0.0000000000
68787  -44.434  -28.060  64.484 0.0000000000
69964  -44.189  -27.680  64.158 0.0000000000
49817  -20.675  -44.363  76.104 0.0000000000
48567  -21.101  -44.207  75.390 0.0000000000
49818  -21.149  -44.128  76.050 0.0000000000
51071  -21.766  -43.602  75.577 0.0000000000
52267  -28.379  -42.289  73.279 0.0000000000
51105  -28.618  -42.557  72.972 0.0000000000
51138  -29.104  -43.523  72.273 0.0000000000
49898  -28.999  -43.855  72.025 0.0000000000
48621  -29.298  -44.284  71.277 0.0000000000
48622  -30.314  -44.352  71.069 0.0000000000
48643  -30.869  -44.712  70.472 0.0000000000
46380  -33.746  -45.341  67.812 0.0000000000
46397  -35.207  -46.036  67.189 0.0000000000
51200  -36.598  -44.734  65.938 0.0000000000
49988  -36.960  -44.730  66.394 0.0000000000
49976  -37.133  -44.929  66.613 0.0000000000
48705  -36.995  -45.187  66.893 0.0000000000
47524  -36.593  -45.936  66.605 0.0000000000
47597  -38.806  -46.080  62.965 0.0000000000
51249  -40.933  -43.984  62.059 0.0000000000
50042  -41.143  -44.301  61.704 0.0000000000
50045  -42.719  -43.820  61.600 0.0000000000
55748  -38.329  -39.771  63.195 0.0000000000
54647  -39.815  -39.740  64.120 0.0000000000
54614  -41.703  -38.897  65.506 0.0000000000
54632  -41.997  -39.734  65.294 0.0000000000
54651  -42.474  -40.087  64.932 0.0000000000
53539  -42.976  -40.340  64.447 0.0000000000
52385  -43.502  -40.731  63.622 0.0000000000
53567  -44.217  -40.141  63.709 0.0000000000
54669  -44.487  -40.204  63.803 0.0000000000
54683  -44.951  -40.511  63.231 0.0000000000
55749  -44.530  -39.853  63.352 0.0000000000
56885  -44.100  -39.230  63.516 0.0000000000
58096  -43.564  -38.538  63.841 0.0000000000
60348  -43.072  -35.529  65.453 0.0000000000
61419  -42.920  -34.313  64.013 0.0000000000
52253  -18.788  -43.151  75.502 0.0000000000
52237  -18.767  -43.076  76.082 0.0000000000
52221  -18.604  -43.506  76.331 0.0000000000
49806  -20.072  -44.324  76.408 0.0000000000
65583  -48.605  -29.894  61.298 0.0000000000
64563  -48.957  -30.438  60.666 0.0000000000
73585  -47.911  -25.359  60.478 0.0000000000
73571  -48.533  -25.319  61.292 0.0000000000
73586  -48.537  -25.335  60.428 0.0000000000
73587  -49.183  -25.363  60.139 0.0000000000
73589  -50.303  -25.612  59.575 0.0000000000
70072  -52.157  -25.768  57.344 0.0000000000
70056  -51.832  -25.915  57.786 0.0000000000
79028  -52.751  -18.309  52.477 0.0000000000
76856  -53.051  -21.263  52.833 0.0000000000
76857  -53.292  -21.433  52.778 0.0000000000
87443  -53.301  -11.431  49.996 0.0000000000
87444  -54.034  -11.209  50.025 0.0000000000
87450  -54.292  -10.743  49.274 0.0000000000
87451  -54.813  -11.035  48.857 0.0000000000
87457  -55.186  -10.964  48.030 0.0000000000
86400  -55.364  -11.890  47.940 0.0000000000
85337  -55.719  -12.407  47.703 0.0000000000
62391  -43.390  -33.271  65.833 0.0000000000
63412  -43.287  -32.401  66.846 0.0000000000
64468  -43.307  -31.987  67.172 0.0000000000
63410  -42.609  -32.537  67.059 0.0000000000
64467  -43.073  -31.968  67.425 0.0000000000
65515  -43.191  -31.713  66.872 0.0000000000
66623  -42.998  -29.998  66.082 0.0000000000
66632  -43.111  -30.209  65.146 0.0000000000
53357  -20.675  -42.504  75.928 0.0000000000
53348  -21.367  -42.484  76.183 0.0000000000
53358  -21.399  -42.029  76.051 0.0000000000
54483  -21.746  -41.904  76.272 0.0000000000
54494  -22.697  -41.204  76.291 0.0000000000
55534  -23.363  -40.436  76.132 0.0000000000
55535  -24.115  -40.458  75.912 0.0000000000
55549  -24.675  -40.187  75.325 0.0000000000
52307  -33.924  -43.922  68.851 0.0000000000
49997  -37.600  -44.813  65.055 0.0000000000
48742  -38.177  -45.132  64.487 0.0000000000
49999  -38.376  -44.916  63.895 0.0000000000
50011  -38.963  -44.522  63.126 0.0000000000
51212  -39.099  -43.774  62.862 0.0000000000
52403  -41.254  -42.324  62.786 0.0000000000
56848  -38.043  -37.728  64.642 0.0000000000
56849  -38.383  -38.043  64.815 0.0000000000
56832  -38.750  -37.661  65.281 0.0000000000
55673  -39.906  -37.982  65.663 0.0000000000
55674  -40.374  -38.018  65.848 0.0000000000
58043  -40.250  -36.647  66.191 0.0000000000
56811  -40.599  -37.324  66.354 0.0000000000
55675  -41.251  -38.260  65.967 0.0000000000
55676  -41.902  -38.345  65.943 0.0000000000
55677  -42.459  -38.102  66.038 0.0000000000
55678  -42.690  -38.065  65.946 0.0000000000
56835  -43.247  -38.014  65.652 0.0000000000
56815  -42.987  -37.625  66.005 0.0000000000
58045  -43.209  -37.176  66.232 0.0000000000
59225  -43.072  -36.404  66.178 0.0000000000
59208  -42.282  -36.195  66.698 0.0000000000
60333  -43.059  -35.485  65.889 0.0000000000
52254  -19.263  -42.801  75.046 0.0000000000
53367  -19.844  -42.635  75.658 0.0000000000
65558  -46.019  -30.204  63.235 0.0000000000
66641  -46.492  -29.360  62.955 0.0000000000
66647  -47.279  -29.251  62.403 0.0000000000
66648  -47.927  -29.050  61.852 0.0000000000
68809  -47.463  -27.969  62.495 0.0000000000
67688  -47.695  -28.424  62.223 0.0000000000
66653  -48.388  -28.907  61.243 0.0000000000
66654  -48.838  -28.591  60.870 0.0000000000
67708  -49.576  -28.121  60.228 0.0000000000
73631  -49.882  -24.714  58.199 0.0000000000
73632  -50.389  -24.552  58.492 0.0000000000
73634  -51.474  -24.732  58.374 0.0000000000
72398  -51.837  -25.103  58.045 0.0000000000
72414  -52.138  -24.817  57.472 0.0000000000
72415  -52.305  -24.996  57.510 0.0000000000
71162  -52.130  -25.359  57.643 0.0000000000
70088  -52.349  -25.782  56.707 0.0000000000
81883  -51.292  -15.175  52.318 0.0000000000
80897  -51.623  -15.720  52.693 0.0000000000
80899  -52.565  -16.283  53.189 0.0000000000
79975  -52.834  -16.887  52.765 0.0000000000
80901  -53.588  -16.258  52.854 0.0000000000
80908  -53.414  -16.736  52.606 0.0000000000
79019  -53.187  -17.379  52.573 0.0000000000
62389  -40.345  -34.250  65.374 0.0000000000
63434  -40.612  -33.675  65.246 0.0000000000
62400  -39.805  -34.351  64.659 0.0000000000
56866  -37.538  -37.878  63.757 0.0000000000
59236  -37.810  -36.793  64.836 0.0000000000
59247  -37.596  -36.336  64.478 0.0000000000
60347  -38.017  -35.808  64.628 0.0000000000
61368  -38.823  -35.645  64.744 0.0000000000
61386  -39.651  -34.875  64.943 0.0000000000
73555  -45.341  -25.377  62.486 0.0000000000
73556  -46.066  -25.437  62.331 0.0000000000
73584  -45.854  -25.445  61.654 0.0000000000
72336  -46.701  -25.511  61.323 0.0000000000
72368  -48.139  -25.412  59.843 0.0000000000
72384  -49.047  -25.466  58.873 0.0000000000
72396  -49.241  -25.201  58.351 0.0000000000
72412  -49.505  -25.039  57.679 0.0000000000
72413  -50.088  -24.916  57.483 0.0000000000
72429  -50.555  -24.832  56.883 0.0000000000
72449  -50.959  -24.854  55.852 0.0000000000
72472  -51.118  -24.626  55.094 0.0000000000
72473  -51.740  -24.271  54.813 0.0000000000
84205  -50.119  -14.074  51.019 0.0000000000
83011  -50.758  -14.687  51.632 0.0000000000
84183  -51.228  -14.321  52.717 0.0000000000
84178  -52.073  -14.346  53.385 0.0000000000
82993  -52.766  -14.176  53.191 0.0000000000
85266  -52.619  -13.568  52.722 0.0000000000
84186  -53.002  -13.805  52.946 0.0000000000
82994  -53.067  -14.721  52.778 0.0000000000
82999  -53.554  -14.974  52.158 0.0000000000
81913  -52.727  -15.712  50.626 0.0000000000
84230  -52.364  -14.138  49.825 0.0000000000
85313  -54.315  -12.242  49.280 0.0000000000
85324  -54.015  -12.504  48.871 0.0000000000
84241  -54.184  -12.834  48.227 0.0000000000
62431  -45.700  -32.193  62.558 0.0000000000
61420  -46.203  -32.435  62.058 0.0000000000
64519  -45.924  -31.180  63.650 0.0000000000
63437  -43.676  -32.508  65.670 0.0000000000
63438  -44.105  -31.844  65.215 0.0000000000
63439  -44.737  -31.388  64.869 0.0000000000
64490  -44.744  -31.065  65.310 0.0000000000
64501  -45.208  -31.083  64.754 0.0000000000
65546  -45.501  -30.336  63.947 0.0000000000
66640  -45.755  -29.506  63.571 0.0000000000
67676  -45.617  -28.927  63.880 0.0000000000
68790  -45.884  -28.094  63.742 0.0000000000
68788  -45.230  -28.303  64.782 0.0000000000
68789  -45.498  -28.321  64.382 0.0000000000
72311  -45.504  -25.929  63.371 0.0000000000
64499  -41.443  -32.275  65.471 0.0000000000
64500  -41.835  -31.526  65.218 0.0000000000
65543  -42.354  -30.697  64.981 0.0000000000
66631  -42.754  -30.410  64.903 0.0000000000
66639  -43.200  -29.558  64.206 0.0000000000
67680  -43.443  -28.739  63.788 0.0000000000
72322  -44.996  -25.513  63.007 0.0000000000
46305  -20.090  -46.228  74.293 0.0000000000
47419  -20.377  -45.862  74.250 0.0000000000
47429  -20.514  -45.807  73.813 0.0000000000
52213  -21.776  -42.832  76.166 0.0000000000
52224  -22.295  -42.789  75.939 0.0000000000
55564  -23.807  -39.985  74.944 0.0000000000
55565  -24.568  -39.956  74.986 0.0000000000
55550  -25.423  -40.420  75.127 0.0000000000
54507  -25.691  -41.015  74.761 0.0000000000
49861  -27.012  -43.140  73.081 0.0000000000
51104  -27.828  -42.676  73.215 0.0000000000
49876  -27.021  -43.362  72.628 0.0000000000
48619  -27.210  -43.853  71.598 0.0000000000
48662  -28.786  -44.904  69.853 0.0000000000
48623  -31.143  -44.245  70.926 0.0000000000
47461  -31.358  -45.117  69.528 0.0000000000
47480  -31.193  -45.031  68.839 0.0000000000
46395  -33.650  -45.803  67.260 0.0000000000
46426  -34.316  -46.589  66.060 0.0000000000
53482  -33.708  -43.569  68.253 0.0000000000
52315  -34.444  -43.766  68.372 0.0000000000
52346  -35.040  -43.894  66.806 0.0000000000
52324  -35.234  -43.641  67.775 0.0000000000
51172  -35.113  -43.860  68.216 0.0000000000
49957  -34.934  -44.354  68.439 0.0000000000
47485  -35.516  -45.261  68.104 0.0000000000
47502  -35.296  -45.789  67.539 0.0000000000
46414  -35.871  -46.482  66.601 0.0000000000
46415  -36.360  -46.239  66.613 0.0000000000
46428  -35.942  -46.728  66.059 0.0000000000
45362  -35.916  -46.829  65.051 0.0000000000
47562  -38.676  -45.653  63.681 0.0000000000
47579  -38.979  -45.648  63.021 0.0000000000
47598  -39.313  -45.764  62.344 0.0000000000
47615  -39.680  -45.901  61.604 0.0000000000
53587  -39.017  -41.876  62.455 0.0000000000
53561  -39.842  -41.448  62.892 0.0000000000
53588  -40.894  -41.913  62.944 0.0000000000
52382  -41.730  -41.801  63.268 0.0000000000
54629  -40.122  -39.226  64.829 0.0000000000
54648  -40.484  -39.924  64.413 0.0000000000
54631  -41.366  -39.647  65.238 0.0000000000
54649  -41.021  -40.194  64.800 0.0000000000
53563  -41.695  -41.130  63.702 0.0000000000
52404  -42.063  -42.241  62.976 0.0000000000
51239  -43.139  -42.316  62.578 0.0000000000
51259  -43.597  -42.676  62.079 0.0000000000
52421  -44.372  -41.294  62.943 0.0000000000
52420  -43.864  -41.976  62.414 0.0000000000
58069  -43.690  -37.907  64.907 0.0000000000
58082  -43.521  -38.200  64.433 0.0000000000
59273  -43.270  -37.633  64.185 0.0000000000
47408  -19.675  -45.865  74.748 0.0000000000
72324  -46.513  -25.729  62.595 0.0000000000
72314  -47.680  -26.146  62.483 0.0000000000
71108  -48.688  -26.444  62.419 0.0000000000
72338  -49.086  -25.475  61.545 0.0000000000
72328  -49.416  -25.859  61.714 0.0000000000
71109  -49.362  -26.381  62.094 0.0000000000
70011  -49.569  -27.054  60.799 0.0000000000
68836  -49.514  -27.601  60.569 0.0000000000
67709  -50.054  -28.023  59.732 0.0000000000
73618  -50.875  -24.682  59.050 0.0000000000
73602  -50.731  -25.205  59.335 0.0000000000
72370  -51.035  -25.518  59.200 0.0000000000
70041  -51.127  -26.257  58.731 0.0000000000
70030  -50.600  -26.667  59.331 0.0000000000
68849  -50.498  -27.174  59.354 0.0000000000
67717  -50.445  -27.911  59.226 0.0000000000
66668  -49.897  -28.614  59.493 0.0000000000
79983  -50.779  -17.064  51.828 0.0000000000
79025  -50.377  -17.800  51.507 0.0000000000
79041  -50.508  -18.774  51.484 0.0000000000
74717  -50.472  -22.700  52.156 0.0000000000
75802  -51.785  -21.402  52.313 0.0000000000
74718  -51.665  -22.619  52.652 0.0000000000
74694  -52.021  -23.213  53.231 0.0000000000
73691  -52.489  -23.409  54.009 0.0000000000
73692  -53.721  -23.654  53.618 0.0000000000
74720  -53.677  -22.822  52.940 0.0000000000
73706  -53.857  -23.680  52.702 0.0000000000
45339  -35.497  -46.593  66.100 0.0000000000
45350  -35.977  -46.783  65.631 0.0000000000
45363  -36.193  -46.732  65.323 0.0000000000
45364  -36.395  -46.633  65.206 0.0000000000
46398  -35.779  -46.104  67.143 0.0000000000
46416  -36.680  -46.064  66.374 0.0000000000
46427  -35.714  -46.642  66.103 0.0000000000
46429  -36.391  -46.728  65.929 0.0000000000
47465  -34.230  -45.031  68.397 0.0000000000
47483  -33.799  -45.111  68.335 0.0000000000
47484  -34.815  -45.395  68.190 0.0000000000
47505  -36.794  -45.443  66.941 0.0000000000
47525  -36.916  -45.673  66.329 0.0000000000
48555  -20.310  -44.510  76.055 0.0000000000
48617  -26.096  -43.798  71.794 0.0000000000
48664  -30.224  -45.399  69.344 0.0000000000
48665  -33.346  -44.801  69.254 0.0000000000
48686  -35.350  -44.914  68.355 0.0000000000
48687  -35.936  -45.056  67.957 0.0000000000
48688  -36.296  -44.879  67.580 0.0000000000
48703  -36.251  -45.283  67.535 0.0000000000
48721  -37.330  -45.180  66.302 0.0000000000
48722  -37.567  -45.208  65.722 0.0000000000
48741  -37.691  -45.199  65.007 0.0000000000
48816  -42.633  -44.059  61.634 0.0000000000
49829  -20.929  -44.337  75.926 0.0000000000
49843  -21.606  -43.993  75.171 0.0000000000
49896  -26.822  -43.487  72.064 0.0000000000
49937  -33.564  -44.185  69.289 0.0000000000
49974  -35.849  -44.236  67.684 0.0000000000
50044  -42.501  -43.772  61.645 0.0000000000
51106  -28.984  -42.561  72.715 0.0000000000
51136  -25.481  -43.394  72.295 0.0000000000
51137  -28.824  -43.445  72.386 0.0000000000
51163  -34.337  -44.066  68.653 0.0000000000
51180  -35.366  -43.681  67.977 0.0000000000
51253  -43.450  -42.469  62.330 0.0000000000
52212  -21.041  -43.104  76.374 0.0000000000
52223  -20.179  -42.933  76.152 0.0000000000
52238  -19.389  -42.883  75.993 0.0000000000
52275  -29.639  -42.537  72.131 0.0000000000
52314  -33.803  -43.739  68.611 0.0000000000
52322  -34.331  -43.609  68.144 0.0000000000
52323  -34.867  -43.537  68.009 0.0000000000
52335  -35.305  -43.867  67.391 0.0000000000
52347  -35.423  -44.183  66.888 0.0000000000
52364  -43.195  -40.663  64.056 0.0000000000
52365  -43.435  -40.451  64.015 0.0000000000
52386  -43.884  -40.417  63.556 0.0000000000
52407  -44.171  -40.848  63.377 0.0000000000
53350  -22.659  -42.241  76.183 0.0000000000
53366  -19.199  -42.844  75.804 0.0000000000
53371  -26.046  -41.429  74.551 0.0000000000
53466  -33.151  -43.619  68.833 0.0000000000
53483  -34.526  -43.462  68.074 0.0000000000
53518  -41.544  -40.366  65.051 0.0000000000
53519  -41.783  -40.413  65.102 0.0000000000
53540  -43.664  -40.137  64.238 0.0000000000
53541  -44.063  -39.979  64.148 0.0000000000
53566  -43.678  -40.280  63.818 0.0000000000
54484  -22.153  -41.666  76.343 0.0000000000
54508  -26.182  -41.046  74.572 0.0000000000
54615  -42.304  -38.733  65.645 0.0000000000
54634  -43.266  -39.245  65.633 0.0000000000
54654  -44.302  -39.938  64.049 0.0000000000
54668  -44.268  -39.960  64.182 0.0000000000
54716  -44.652  -40.792  61.955 0.0000000000
55536  -24.625  -40.612  75.403 0.0000000000
55537  -25.029  -40.799  75.203 0.0000000000
55654  -41.438  -37.952  66.305 0.0000000000
55655  -41.674  -37.979  66.273 0.0000000000
55693  -39.063  -38.150  65.199 0.0000000000
55697  -42.782  -38.333  65.778 0.0000000000
55716  -44.021  -39.277  65.170 0.0000000000
55730  -38.194  -38.301  64.005 0.0000000000
56790  -41.878  -37.517  66.452 0.0000000000
56791  -42.465  -37.636  66.335 0.0000000000
56812  -40.854  -37.873  66.335 0.0000000000
56814  -42.744  -37.738  66.363 0.0000000000
56833  -39.269  -37.934  65.403 0.0000000000
56834  -42.901  -37.960  65.806 0.0000000000
56850  -43.806  -38.419  65.206 0.0000000000
58029  -40.862  -36.486  66.546 0.0000000000
58030  -41.184  -36.503  66.689 0.0000000000
58041  -38.914  -36.975  65.762 0.0000000000
58044  -42.944  -37.139  66.383 0.0000000000
58054  -37.916  -37.130  65.059 0.0000000000
58055  -38.428  -37.050  65.408 0.0000000000
58068  -43.589  -37.614  65.338 0.0000000000
59222  -39.036  -36.335  66.077 0.0000000000
59237  -38.385  -36.452  65.256 0.0000000000
59248  -38.086  -36.152  64.855 0.0000000000
60297  -40.669  -35.845  66.399 0.0000000000
60315  -39.122  -35.892  66.067 0.0000000000
60331  -38.437  -35.969  64.938 0.0000000000
61341  -40.953  -34.858  67.218 0.0000000000
61356  -40.218  -35.154  66.051 0.0000000000
61369  -39.460  -35.365  65.111 0.0000000000
61370  -39.990  -34.774  65.555 0.0000000000
61402  -38.547  -34.856  64.178 0.0000000000
62362  -40.953  -34.577  67.004 0.0000000000
62476  -45.199  -32.498  61.512 0.0000000000
63418  -41.301  -33.244  66.545 0.0000000000
63436  -41.502  -32.671  66.402 0.0000000000
63494  -45.242  -32.402  62.129 0.0000000000
63495  -45.476  -32.482  62.111 0.0000000000
63511  -45.347  -32.479  61.903 0.0000000000
64466  -42.847  -31.945  67.375 0.0000000000
64479  -44.524  -30.965  65.706 0.0000000000
64551  -48.345  -30.669  61.153 0.0000000000
64576  -49.402  -30.201  59.898 0.0000000000
64577  -49.581  -29.673  59.783 0.0000000000
65516  -43.379  -31.739  66.714 0.0000000000
65535  -42.728  -30.647  65.892 0.0000000000
65597  -49.582  -29.386  60.060 0.0000000000
65609  -49.713  -29.380  59.540 0.0000000000
66615  -43.024  -30.335  66.133 0.0000000000
66619  -45.050  -30.237  65.990 0.0000000000
66633  -45.244  -30.003  65.000 0.0000000000
66638  -42.695  -30.212  64.515 0.0000000000
66661  -48.824  -29.165  60.841 0.0000000000
66663  -49.704  -28.693  59.925 0.0000000000
67659  -44.935  -29.808  66.082 0.0000000000
67673  -43.475  -28.948  64.660 0.0000000000
67698  -48.732  -28.143  61.246 0.0000000000
67699  -49.140  -28.100  60.760 0.0000000000
67727  -51.027  -27.050  58.111 0.0000000000
68779  -44.362  -28.558  65.019 0.0000000000
68785  -43.655  -28.560  64.393 0.0000000000
68798  -43.821  -27.747  64.029 0.0000000000
68801  -47.545  -27.513  62.527 0.0000000000
69999  -49.266  -26.979  61.616 0.0000000000
70012  -49.945  -26.857  60.176 0.0000000000
70031  -50.815  -26.459  59.085 0.0000000000
71137  -50.722  -26.210  59.336 0.0000000000
71138  -51.068  -25.858  59.008 0.0000000000
71150  -51.395  -25.639  58.632 0.0000000000
71207  -50.723  -24.912  55.386 0.0000000000
71208  -50.966  -24.781  55.401 0.0000000000
71227  -50.926  -24.778  55.240 0.0000000000
72315  -48.379  -26.055  62.458 0.0000000000
72325  -47.371  -25.719  62.299 0.0000000000
72327  -49.041  -25.709  62.303 0.0000000000
72335  -46.396  -25.506  61.429 0.0000000000
72337  -48.703  -25.326  61.961 0.0000000000
72340  -49.573  -26.106  60.475 0.0000000000
72353  -50.163  -26.162  60.010 0.0000000000
72369  -50.571  -25.787  59.469 0.0000000000
72383  -48.510  -25.468  59.344 0.0000000000
72471  -50.485  -25.072  54.892 0.0000000000
72497  -51.472  -24.343  54.511 0.0000000000
73559  -48.357  -25.233  61.942 0.0000000000
73573  -49.405  -25.636  60.369 0.0000000000
73588  -49.800  -25.711  59.882 0.0000000000
73603  -51.180  -25.123  59.129 0.0000000000
73615  -48.914  -25.329  59.229 0.0000000000
73635  -51.878  -24.933  57.904 0.0000000000
73646  -50.001  -24.737  57.849 0.0000000000
73650  -52.127  -24.992  57.818 0.0000000000
73662  -51.912  -24.671  57.405 0.0000000000
73672  -52.163  -24.230  55.005 0.0000000000
73678  -51.818  -23.981  54.626 0.0000000000
73705  -51.705  -23.328  53.080 0.0000000000
74679  -52.715  -23.235  54.130 0.0000000000
79018  -52.976  -17.496  52.627 0.0000000000
79976  -52.999  -16.873  52.818 0.0000000000
79982  -50.435  -17.289  51.443 0.0000000000
79986  -53.207  -17.131  52.589 0.0000000000
80890  -51.745  -15.780  53.371 0.0000000000
80898  -51.928  -15.767  53.004 0.0000000000
80907  -52.538  -16.694  52.743 0.0000000000
80938  -53.727  -16.953  51.413 0.0000000000
81865  -52.061  -15.496  53.251 0.0000000000
81866  -52.365  -15.517  53.321 0.0000000000
81867  -53.029  -15.285  53.228 0.0000000000
81873  -51.548  -15.415  52.697 0.0000000000
81875  -53.186  -15.915  53.412 0.0000000000
81884  -53.468  -15.441  52.572 0.0000000000
81899  -53.427  -15.974  51.474 0.0000000000
82984  -52.007  -14.812  53.208 0.0000000000
82991  -51.306  -14.676  52.719 0.0000000000
82992  -51.691  -14.727  52.998 0.0000000000
82998  -50.988  -14.656  52.060 0.0000000000
83013  -53.654  -15.318  51.898 0.0000000000
83069  -55.549  -13.552  47.117 0.0000000000
84177  -51.961  -14.454  53.252 0.0000000000
84184  -51.647  -14.317  53.015 0.0000000000
84190  -50.600  -13.773  51.499 0.0000000000
84206  -50.676  -14.318  51.617 0.0000000000
84256  -55.460  -13.344  47.602 0.0000000000
85265  -52.332  -13.613  52.772 0.0000000000
85274  -50.735  -13.474  51.522 0.0000000000
86380  -54.585  -11.738  49.267 0.0000000000
87445  -54.444  -11.162  49.496 0.0000000000
87452  -55.164  -11.318  48.244 0.0000000000
