#!ascii label  , from subject 3352 vox2ras=TkReg
513
14153  -39.124  -75.474  -4.122 0.0000000000
20136  -37.046  -69.479  -7.854 0.0000000000
16378  -36.295  -72.963  2.417 0.0000000000
14199  -35.880  -73.769  -7.167 0.0000000000
18839  -32.256  -70.338  -1.351 0.0000000000
12955  -40.338  -75.342  2.377 0.0000000000
20012  -39.394  -69.480  6.840 0.0000000000
22328  -43.377  -67.309  11.661 0.0000000000
18790  -34.656  -70.239  4.364 0.0000000000
16403  -34.254  -72.315  0.697 0.0000000000
21225  -33.316  -68.856  2.278 0.0000000000
16335  -40.488  -72.724  5.606 0.0000000000
17499  -41.918  -71.083  8.207 0.0000000000
25977  -45.329  -64.851  13.360 0.0000000000
24772  -42.071  -65.486  10.643 0.0000000000
11989  -36.833  -76.414  -7.779 0.0000000000
17618  -36.403  -71.163  -6.675 0.0000000000
15380  -39.404  -72.971  -9.015 0.0000000000
18908  -39.863  -70.578  -8.335 0.0000000000
15287  -38.445  -74.255  -0.989 0.0000000000
14150  -37.577  -74.839  -4.571 0.0000000000
16432  -33.678  -72.462  -3.652 0.0000000000
18861  -33.798  -70.598  -4.750 0.0000000000
15230  -39.540  -74.117  2.352 0.0000000000
17548  -37.759  -72.176  5.023 0.0000000000
22389  -36.524  -67.536  6.677 0.0000000000
18708  -43.552  -70.701  10.452 0.0000000000
21148  -41.942  -68.307  9.471 0.0000000000
23574  -39.507  -66.469  8.260 0.0000000000
27470  -37.659  -64.003  6.287 0.0000000000
14231  -37.626  -74.946  -9.301 0.0000000000
21373  -32.939  -67.816  -8.442 0.0000000000
21411  -36.705  -68.570  -10.060 0.0000000000
22669  -39.337  -67.527  -12.184 0.0000000000
21202  -34.556  -68.706  4.896 0.0000000000
20036  -33.712  -69.993  3.151 0.0000000000
11975  -37.384  -76.378  -6.351 0.0000000000
18885  -36.746  -70.586  -6.830 0.0000000000
18899  -38.464  -70.740  -7.676 0.0000000000
20138  -39.016  -69.813  -8.121 0.0000000000
20151  -40.548  -69.173  -8.878 0.0000000000
21379  -38.323  -69.092  -8.551 0.0000000000
15258  -37.678  -73.907  0.440 0.0000000000
15271  -36.284  -73.520  -0.584 0.0000000000
17584  -33.219  -71.788  -0.781 0.0000000000
16418  -33.771  -72.342  -1.198 0.0000000000
17590  -33.038  -71.790  -1.791 0.0000000000
17602  -33.656  -71.449  -4.465 0.0000000000
17596  -32.521  -70.771  -2.845 0.0000000000
14085  -40.108  -74.368  0.648 0.0000000000
15232  -40.682  -74.075  2.653 0.0000000000
18784  -39.988  -71.196  6.000 0.0000000000
17549  -38.802  -72.254  5.110 0.0000000000
18782  -38.465  -70.613  5.795 0.0000000000
20022  -37.201  -70.084  6.019 0.0000000000
21193  -38.442  -68.485  6.889 0.0000000000
21127  -43.235  -68.645  11.167 0.0000000000
19970  -42.695  -69.523  9.538 0.0000000000
21126  -42.724  -68.275  10.554 0.0000000000
27388  -41.994  -63.672  10.306 0.0000000000
23563  -40.549  -65.851  9.188 0.0000000000
26063  -39.833  -64.260  8.737 0.0000000000
26061  -38.607  -64.848  7.910 0.0000000000
14165  -35.958  -74.617  -5.653 0.0000000000
14201  -36.850  -74.925  -7.311 0.0000000000
14215  -36.828  -73.895  -8.226 0.0000000000
16530  -39.333  -72.715  -10.053 0.0000000000
23820  -32.627  -66.319  -9.165 0.0000000000
21392  -34.211  -68.443  -9.279 0.0000000000
22666  -36.598  -67.505  -12.218 0.0000000000
17555  -35.503  -71.824  3.512 0.0000000000
16391  -35.260  -72.775  1.373 0.0000000000
17560  -34.510  -71.980  2.410 0.0000000000
17565  -33.519  -71.448  1.400 0.0000000000
20047  -32.499  -69.871  0.503 0.0000000000
15195  -40.777  -74.054  4.108 0.0000000000
17527  -41.132  -71.763  6.792 0.0000000000
18757  -40.951  -70.451  7.423 0.0000000000
24751  -44.560  -65.692  12.951 0.0000000000
23537  -42.940  -66.377  11.527 0.0000000000
26015  -43.650  -64.860  12.135 0.0000000000
27390  -43.378  -63.601  11.379 0.0000000000
28798  -42.489  -62.771  9.978 0.0000000000
16469  -35.830  -72.544  -7.114 0.0000000000
16486  -36.947  -73.033  -8.237 0.0000000000
16471  -37.798  -72.186  -7.834 0.0000000000
16490  -39.810  -71.812  -8.607 0.0000000000
17683  -40.835  -71.279  -10.324 0.0000000000
18920  -41.526  -70.044  -9.488 0.0000000000
20164  -41.687  -69.395  -9.904 0.0000000000
21417  -42.375  -68.642  -10.893 0.0000000000
14120  -38.980  -74.340  -2.768 0.0000000000
14151  -38.461  -74.954  -4.554 0.0000000000
14133  -37.239  -74.603  -3.653 0.0000000000
15319  -35.424  -74.232  -4.652 0.0000000000
16414  -35.129  -73.040  -0.831 0.0000000000
15308  -34.879  -73.674  -3.002 0.0000000000
15330  -34.591  -73.254  -5.265 0.0000000000
16456  -34.599  -72.404  -6.016 0.0000000000
17608  -34.912  -71.042  -5.861 0.0000000000
20117  -35.473  -70.002  -6.392 0.0000000000
14097  -40.122  -74.683  -0.804 0.0000000000
15274  -39.107  -73.986  0.208 0.0000000000
15228  -38.185  -73.735  1.900 0.0000000000
15193  -39.499  -73.522  4.067 0.0000000000
16351  -38.396  -73.058  4.235 0.0000000000
16365  -36.627  -72.538  3.630 0.0000000000
18792  -36.386  -71.079  4.903 0.0000000000
21204  -35.835  -68.945  6.118 0.0000000000
22401  -35.355  -67.255  5.630 0.0000000000
18724  -42.826  -70.554  9.347 0.0000000000
19989  -41.756  -69.534  8.389 0.0000000000
21181  -40.703  -68.922  7.788 0.0000000000
23550  -41.844  -66.524  10.341 0.0000000000
22368  -40.554  -67.484  8.594 0.0000000000
22381  -39.450  -67.435  7.766 0.0000000000
22379  -38.000  -67.025  7.387 0.0000000000
23589  -36.776  -65.844  7.020 0.0000000000
13062  -37.296  -75.767  -6.082 0.0000000000
13089  -37.105  -75.482  -8.617 0.0000000000
14217  -38.130  -73.926  -8.962 0.0000000000
15409  -37.919  -73.818  -10.302 0.0000000000
18860  -33.248  -70.166  -4.458 0.0000000000
20089  -33.726  -69.923  -5.074 0.0000000000
20123  -35.414  -69.494  -7.231 0.0000000000
20149  -35.128  -69.047  -8.666 0.0000000000
21394  -36.360  -69.166  -9.056 0.0000000000
21412  -37.851  -68.590  -9.979 0.0000000000
21432  -39.980  -68.309  -10.855 0.0000000000
22412  -35.172  -67.132  4.678 0.0000000000
21210  -34.045  -68.580  4.008 0.0000000000
11960  -38.044  -76.345  -5.446 0.0000000000
13044  -38.638  -75.882  -5.082 0.0000000000
20125  -37.431  -69.900  -7.414 0.0000000000
20126  -38.250  -70.078  -7.590 0.0000000000
20137  -37.933  -69.556  -7.964 0.0000000000
15243  -37.007  -73.594  1.198 0.0000000000
15257  -36.610  -73.566  0.266 0.0000000000
16392  -36.038  -73.321  0.984 0.0000000000
17583  -32.586  -71.255  -1.087 0.0000000000
17597  -32.962  -71.462  -3.156 0.0000000000
17589  -32.378  -71.104  -2.138 0.0000000000
12967  -39.965  -75.670  1.732 0.0000000000
12956  -40.610  -75.014  2.060 0.0000000000
12969  -40.691  -75.006  1.105 0.0000000000
14062  -40.918  -74.352  2.768 0.0000000000
18768  -39.658  -70.533  6.513 0.0000000000
18783  -39.322  -70.884  5.902 0.0000000000
18767  -38.976  -70.283  6.326 0.0000000000
20011  -38.039  -69.715  6.458 0.0000000000
21194  -39.196  -68.642  7.055 0.0000000000
22317  -44.253  -66.647  13.073 0.0000000000
22279  -44.265  -67.039  13.889 0.0000000000
22316  -43.837  -67.425  12.801 0.0000000000
21110  -43.694  -68.465  12.129 0.0000000000
27411  -40.914  -63.442  9.216 0.0000000000
26045  -40.584  -64.142  9.365 0.0000000000
27430  -39.694  -63.575  8.215 0.0000000000
27454  -39.885  -63.046  8.052 0.0000000000
14182  -35.776  -74.224  -6.656 0.0000000000
14183  -36.508  -74.751  -6.513 0.0000000000
14200  -36.406  -74.137  -7.571 0.0000000000
22629  -34.431  -67.751  -10.436 0.0000000000
22643  -36.129  -67.835  -11.530 0.0000000000
22665  -35.678  -67.290  -12.177 0.0000000000
18804  -35.072  -71.175  3.783 0.0000000000
17554  -34.770  -71.527  3.255 0.0000000000
21217  -33.496  -69.315  2.963 0.0000000000
18810  -33.679  -70.565  2.803 0.0000000000
18818  -33.138  -70.549  1.687 0.0000000000
18817  -32.816  -70.392  1.282 0.0000000000
20045  -32.953  -69.546  1.698 0.0000000000
18770  -41.204  -71.109  7.279 0.0000000000
18758  -41.505  -70.764  7.822 0.0000000000
24707  -44.753  -65.382  14.057 0.0000000000
24731  -45.002  -65.244  13.493 0.0000000000
24750  -44.117  -65.691  12.542 0.0000000000
26000  -45.082  -64.899  13.055 0.0000000000
28771  -42.818  -63.047  10.599 0.0000000000
12012  -36.766  -75.774  -9.304 0.0000000000
17633  -36.125  -71.806  -7.017 0.0000000000
16470  -36.716  -72.499  -7.744 0.0000000000
17634  -37.097  -71.414  -7.248 0.0000000000
18900  -39.112  -70.707  -7.998 0.0000000000
17636  -38.914  -71.422  -7.839 0.0000000000
17648  -40.304  -71.366  -8.652 0.0000000000
17649  -40.993  -71.062  -8.926 0.0000000000
17664  -41.249  -70.834  -9.651 0.0000000000
21398  -40.478  -68.821  -9.355 0.0000000000
20152  -41.145  -69.448  -9.017 0.0000000000
21399  -41.224  -68.890  -9.658 0.0000000000
21416  -41.699  -68.626  -10.330 0.0000000000
21415  -40.731  -68.499  -10.127 0.0000000000
14106  -38.647  -74.321  -1.576 0.0000000000
14132  -36.245  -74.403  -3.699 0.0000000000
15309  -35.512  -74.080  -3.449 0.0000000000
16404  -35.332  -73.028  0.180 0.0000000000
16413  -34.496  -72.622  -0.498 0.0000000000
16425  -34.292  -73.098  -2.685 0.0000000000
16433  -34.279  -73.200  -3.565 0.0000000000
15318  -34.753  -73.598  -4.054 0.0000000000
16442  -34.149  -72.832  -4.441 0.0000000000
17603  -34.090  -70.999  -4.894 0.0000000000
17607  -34.337  -71.374  -5.356 0.0000000000
18872  -34.711  -70.671  -5.710 0.0000000000
18873  -35.222  -70.676  -6.113 0.0000000000
20106  -34.934  -70.335  -6.035 0.0000000000
15261  -39.761  -74.226  1.376 0.0000000000
15260  -39.350  -74.131  0.882 0.0000000000
15246  -39.403  -74.120  1.652 0.0000000000
15245  -38.785  -74.004  1.372 0.0000000000
15229  -38.934  -73.827  2.061 0.0000000000
15176  -40.316  -73.290  5.065 0.0000000000
15194  -40.337  -73.680  4.310 0.0000000000
16353  -39.703  -72.858  5.076 0.0000000000
18794  -38.197  -71.338  5.360 0.0000000000
16366  -37.482  -73.258  3.354 0.0000000000
16350  -37.321  -72.527  4.195 0.0000000000
16349  -36.710  -72.253  4.214 0.0000000000
17547  -36.911  -71.880  4.682 0.0000000000
20010  -36.875  -69.312  6.306 0.0000000000
20021  -36.156  -69.496  5.902 0.0000000000
21191  -36.222  -68.685  6.329 0.0000000000
21203  -35.287  -68.555  5.854 0.0000000000
21190  -35.710  -67.785  6.299 0.0000000000
18725  -43.184  -70.706  9.887 0.0000000000
21167  -42.346  -68.982  9.191 0.0000000000
19990  -42.351  -69.713  8.832 0.0000000000
21166  -41.740  -68.826  8.751 0.0000000000
21182  -41.333  -69.076  8.190 0.0000000000
21165  -40.907  -68.428  8.473 0.0000000000
24773  -42.595  -65.530  11.247 0.0000000000
23551  -42.428  -66.227  10.898 0.0000000000
23575  -40.308  -66.374  8.714 0.0000000000
22367  -39.997  -67.178  8.270 0.0000000000
22380  -38.664  -67.161  7.509 0.0000000000
23592  -38.848  -66.492  7.921 0.0000000000
26084  -37.535  -64.840  7.211 0.0000000000
24813  -37.669  -65.439  7.420 0.0000000000
26103  -36.898  -64.766  6.535 0.0000000000
24829  -35.996  -65.721  6.142 0.0000000000
14167  -37.687  -75.328  -5.355 0.0000000000
14216  -37.349  -74.450  -8.481 0.0000000000
13120  -37.266  -75.161  -10.008 0.0000000000
14244  -37.658  -74.706  -10.013 0.0000000000
16488  -38.421  -72.780  -8.361 0.0000000000
15378  -37.916  -73.519  -8.696 0.0000000000
15379  -38.836  -73.419  -8.956 0.0000000000
16529  -38.319  -72.838  -10.372 0.0000000000
15410  -38.614  -73.554  -10.005 0.0000000000
20069  -31.898  -69.582  -2.906 0.0000000000
20078  -32.118  -69.038  -3.602 0.0000000000
20104  -33.539  -69.324  -5.834 0.0000000000
20116  -34.552  -69.494  -6.534 0.0000000000
20122  -34.489  -69.217  -7.436 0.0000000000
21410  -35.522  -68.438  -9.863 0.0000000000
21376  -34.650  -68.862  -8.691 0.0000000000
21393  -35.178  -68.770  -9.136 0.0000000000
20150  -35.590  -69.182  -8.625 0.0000000000
21395  -37.544  -68.743  -9.160 0.0000000000
22645  -38.234  -68.118  -11.575 0.0000000000
21431  -39.012  -68.359  -10.819 0.0000000000
22646  -39.184  -68.031  -11.585 0.0000000000
20019  -34.658  -69.288  4.850 0.0000000000
18803  -34.270  -70.516  3.675 0.0000000000
20029  -34.428  -69.555  4.443 0.0000000000
20037  -33.819  -69.423  3.630 0.0000000000
21218  -33.656  -68.624  3.141 0.0000000000
27324  -45.903  -64.208  13.666 0.0000000000
27325  -46.450  -64.024  13.828 0.0000000000
17619  -36.925  -71.029  -6.774 0.0000000000
18898  -37.576  -70.630  -7.247 0.0000000000
20127  -38.723  -70.303  -7.836 0.0000000000
20139  -40.271  -69.640  -8.544 0.0000000000
21380  -39.341  -69.051  -8.686 0.0000000000
21397  -39.538  -68.684  -9.317 0.0000000000
15273  -38.425  -74.048  -0.342 0.0000000000
15272  -37.271  -73.846  -0.465 0.0000000000
15285  -36.680  -73.793  -1.357 0.0000000000
16412  -33.774  -72.166  -0.249 0.0000000000
16424  -33.618  -72.468  -2.337 0.0000000000
16441  -33.758  -72.119  -4.714 0.0000000000
18852  -33.200  -70.803  -4.115 0.0000000000
14075  -40.052  -74.382  1.655 0.0000000000
15231  -40.082  -74.136  2.721 0.0000000000
17537  -40.036  -71.907  5.519 0.0000000000
17550  -39.467  -71.918  5.368 0.0000000000
18796  -39.618  -71.405  5.589 0.0000000000
18795  -39.024  -71.356  5.478 0.0000000000
18793  -37.296  -71.242  5.209 0.0000000000
20023  -37.849  -70.298  5.937 0.0000000000
21192  -37.265  -68.569  6.705 0.0000000000
19935  -43.826  -69.437  11.623 0.0000000000
19953  -43.489  -69.716  10.748 0.0000000000
19971  -43.073  -70.078  10.043 0.0000000000
19952  -42.932  -69.176  10.294 0.0000000000
21149  -42.521  -68.698  9.815 0.0000000000
22357  -42.297  -67.866  10.104 0.0000000000
26026  -41.843  -64.409  10.367 0.0000000000
24784  -41.394  -65.459  10.077 0.0000000000
26046  -41.193  -64.532  9.831 0.0000000000
24794  -40.231  -65.217  9.016 0.0000000000
24793  -39.494  -65.375  8.550 0.0000000000
24815  -38.989  -65.824  8.239 0.0000000000
24792  -38.849  -65.158  8.230 0.0000000000
26086  -38.680  -63.826  7.571 0.0000000000
27452  -38.456  -63.572  7.060 0.0000000000
14166  -36.912  -74.944  -5.502 0.0000000000
14184  -37.139  -75.192  -6.357 0.0000000000
15397  -39.276  -73.144  -9.453 0.0000000000
23821  -32.877  -66.804  -9.739 0.0000000000
22614  -33.400  -67.672  -9.536 0.0000000000
21391  -33.667  -68.337  -9.040 0.0000000000
22615  -34.120  -68.152  -9.833 0.0000000000
21409  -34.690  -68.337  -9.741 0.0000000000
22630  -35.707  -68.171  -10.773 0.0000000000
21429  -37.284  -68.491  -10.678 0.0000000000
22644  -37.191  -68.190  -11.499 0.0000000000
22667  -37.544  -67.687  -12.218 0.0000000000
17562  -35.821  -72.277  3.041 0.0000000000
16377  -35.109  -72.471  2.181 0.0000000000
16390  -34.625  -72.343  1.750 0.0000000000
17566  -34.039  -71.922  1.606 0.0000000000
18811  -34.108  -71.251  2.946 0.0000000000
17559  -33.749  -71.341  2.189 0.0000000000
17572  -33.813  -71.863  1.099 0.0000000000
17570  -32.936  -71.234  0.363 0.0000000000
18832  -32.518  -70.626  -0.200 0.0000000000
14047  -40.988  -74.317  3.559 0.0000000000
16323  -40.960  -72.417  6.268 0.0000000000
17526  -40.513  -71.808  6.148 0.0000000000
18769  -40.461  -70.863  6.811 0.0000000000
20002  -40.305  -69.703  7.284 0.0000000000
23518  -44.556  -66.236  13.575 0.0000000000
23531  -43.979  -66.386  12.524 0.0000000000
23538  -43.443  -66.444  12.000 0.0000000000
24759  -42.991  -65.573  11.658 0.0000000000
26014  -43.088  -64.758  11.572 0.0000000000
27348  -44.682  -64.345  12.652 0.0000000000
27371  -43.842  -64.085  12.141 0.0000000000
26027  -42.433  -64.762  10.921 0.0000000000
27389  -42.627  -63.671  10.823 0.0000000000
27413  -42.122  -63.316  10.234 0.0000000000
28797  -41.846  -62.827  9.560 0.0000000000
15347  -35.461  -73.356  -6.793 0.0000000000
15362  -36.151  -73.271  -7.411 0.0000000000
16487  -37.475  -72.875  -8.336 0.0000000000
16489  -39.385  -72.412  -8.514 0.0000000000
17663  -40.383  -71.601  -9.426 0.0000000000
18933  -41.708  -70.168  -10.260 0.0000000000
18954  -42.234  -69.783  -10.819 0.0000000000
20165  -42.243  -69.188  -10.521 0.0000000000
20178  -42.789  -69.104  -11.260 0.0000000000
14136  -39.385  -75.220  -3.588 0.0000000000
14152  -38.949  -75.368  -4.393 0.0000000000
14135  -39.114  -74.740  -3.740 0.0000000000
14134  -38.301  -74.568  -3.687 0.0000000000
14149  -36.541  -74.686  -4.609 0.0000000000
15331  -35.226  -73.887  -5.902 0.0000000000
16405  -35.966  -73.371  0.343 0.0000000000
15270  -35.639  -73.260  -0.533 0.0000000000
16419  -34.687  -72.929  -1.548 0.0000000000
15296  -35.053  -73.376  -2.093 0.0000000000
15346  -34.801  -73.137  -6.239 0.0000000000
16457  -35.210  -72.480  -6.573 0.0000000000
17617  -35.250  -71.507  -6.301 0.0000000000
16448  -33.922  -71.856  -5.132 0.0000000000
18884  -35.917  -70.680  -6.453 0.0000000000
20118  -36.157  -70.290  -6.731 0.0000000000
20124  -36.455  -69.899  -7.199 0.0000000000
14121  -39.587  -74.771  -2.829 0.0000000000
14107  -39.474  -74.621  -1.756 0.0000000000
14096  -39.319  -74.294  -0.501 0.0000000000
15259  -38.600  -74.041  0.637 0.0000000000
15244  -37.969  -73.939  1.236 0.0000000000
15227  -37.375  -73.692  1.853 0.0000000000
15214  -40.863  -73.942  3.365 0.0000000000
15213  -40.321  -73.882  3.307 0.0000000000
15212  -39.648  -73.948  3.097 0.0000000000
16352  -39.080  -72.967  4.679 0.0000000000
15192  -39.011  -73.638  3.521 0.0000000000
15211  -38.997  -73.902  2.816 0.0000000000
15210  -38.258  -73.718  2.653 0.0000000000
16379  -37.497  -73.561  2.458 0.0000000000
17556  -36.036  -72.286  3.352 0.0000000000
17545  -35.448  -71.410  4.007 0.0000000000
18791  -35.290  -70.712  4.470 0.0000000000
18780  -36.808  -70.439  5.433 0.0000000000
18779  -35.881  -70.381  5.328 0.0000000000
20020  -35.068  -69.623  5.131 0.0000000000
22400  -34.801  -67.797  5.152 0.0000000000
18747  -42.465  -70.489  8.810 0.0000000000
18746  -41.973  -70.386  8.397 0.0000000000
20003  -41.204  -69.828  7.934 0.0000000000
20001  -39.855  -69.274  7.155 0.0000000000
22342  -42.615  -67.203  10.871 0.0000000000
22341  -42.125  -67.254  10.264 0.0000000000
22356  -41.703  -67.396  9.812 0.0000000000
23564  -41.016  -66.478  9.483 0.0000000000
23576  -40.814  -67.006  8.899 0.0000000000
22369  -41.217  -67.736  9.075 0.0000000000
22382  -40.206  -68.058  8.061 0.0000000000
21180  -39.808  -68.667  7.342 0.0000000000
21179  -39.016  -67.997  7.261 0.0000000000
22391  -38.358  -67.642  7.220 0.0000000000
22390  -37.541  -67.520  7.055 0.0000000000
23591  -38.147  -66.342  7.616 0.0000000000
23590  -37.280  -66.377  7.251 0.0000000000
22388  -35.800  -66.901  6.316 0.0000000000
23606  -35.628  -66.349  5.832 0.0000000000
13043  -37.951  -75.902  -5.532 0.0000000000
13076  -37.102  -75.566  -7.314 0.0000000000
12001  -36.773  -75.978  -8.848 0.0000000000
13104  -37.180  -75.444  -9.541 0.0000000000
15377  -37.175  -73.532  -8.412 0.0000000000
14232  -38.187  -74.087  -9.474 0.0000000000
15396  -38.820  -73.483  -9.547 0.0000000000
14245  -38.200  -74.159  -10.066 0.0000000000
22420  -34.303  -67.797  3.145 0.0000000000
21236  -32.652  -69.420  1.053 0.0000000000
20053  -32.252  -69.572  -0.467 0.0000000000
18845  -32.164  -70.237  -2.458 0.0000000000
18851  -32.532  -70.223  -3.589 0.0000000000
20088  -32.947  -69.253  -4.720 0.0000000000
20090  -34.075  -70.286  -5.179 0.0000000000
20105  -34.441  -70.052  -5.718 0.0000000000
21375  -33.960  -68.670  -8.692 0.0000000000
20121  -33.762  -68.909  -7.808 0.0000000000
20134  -35.091  -69.268  -8.144 0.0000000000
20135  -36.147  -69.286  -7.996 0.0000000000
21377  -36.752  -69.313  -8.339 0.0000000000
21378  -37.352  -69.226  -8.484 0.0000000000
21396  -38.589  -68.655  -9.218 0.0000000000
21413  -38.816  -68.487  -10.003 0.0000000000
21414  -39.774  -68.454  -10.039 0.0000000000
21433  -40.977  -68.138  -10.874 0.0000000000
13025  -38.853  -75.807  -4.437 0.0000000000
14076  -40.392  -74.587  1.827 0.0000000000
14084  -39.485  -74.150  0.330 0.0000000000
14095  -38.746  -74.274  -0.827 0.0000000000
14168  -38.434  -75.476  -5.025 0.0000000000
15247  -39.782  -74.321  2.116 0.0000000000
15248  -40.249  -74.416  2.257 0.0000000000
15256  -35.948  -73.392  -0.066 0.0000000000
15283  -35.074  -73.226  -1.650 0.0000000000
15363  -36.664  -73.373  -7.990 0.0000000000
15411  -39.071  -73.278  -9.806 0.0000000000
16336  -41.071  -73.075  6.025 0.0000000000
16367  -38.422  -73.581  3.350 0.0000000000
16376  -34.731  -72.306  2.138 0.0000000000
16402  -33.716  -71.977  0.280 0.0000000000
16420  -35.097  -73.120  -1.232 0.0000000000
17479  -42.867  -71.141  9.313 0.0000000000
17546  -36.029  -71.863  4.201 0.0000000000
17561  -35.332  -72.199  2.845 0.0000000000
17571  -33.523  -71.672  0.692 0.0000000000
17577  -32.865  -71.363  -0.334 0.0000000000
17578  -33.368  -71.675  -0.017 0.0000000000
17606  -33.873  -71.703  -4.931 0.0000000000
17616  -34.528  -71.853  -5.781 0.0000000000
17632  -35.581  -72.045  -6.781 0.0000000000
17647  -39.555  -71.474  -8.267 0.0000000000
18781  -37.678  -70.587  5.513 0.0000000000
18802  -33.858  -70.361  3.240 0.0000000000
18824  -32.727  -70.574  0.874 0.0000000000
18825  -33.081  -71.152  1.041 0.0000000000
18862  -34.282  -70.643  -5.240 0.0000000000
18886  -37.153  -70.913  -6.912 0.0000000000
18897  -37.080  -70.218  -7.129 0.0000000000
18909  -40.734  -70.515  -8.546 0.0000000000
18934  -41.994  -69.627  -10.366 0.0000000000
20009  -36.410  -69.176  6.198 0.0000000000
20013  -39.943  -70.173  6.915 0.0000000000
20030  -34.833  -70.048  4.646 0.0000000000
20042  -33.355  -69.795  2.445 0.0000000000
20044  -32.693  -70.061  1.229 0.0000000000
20132  -33.803  -68.775  -8.309 0.0000000000
20133  -34.253  -69.068  -8.217 0.0000000000
20140  -41.007  -69.941  -8.576 0.0000000000
21111  -44.132  -69.304  12.455 0.0000000000
21374  -33.342  -68.313  -8.459 0.0000000000
21381  -40.084  -68.974  -8.856 0.0000000000
22301  -44.211  -66.991  13.418 0.0000000000
22327  -42.965  -66.977  11.363 0.0000000000
22343  -42.917  -67.893  11.107 0.0000000000
22598  -33.050  -67.790  -8.785 0.0000000000
22613  -32.833  -67.039  -9.290 0.0000000000
22668  -38.416  -67.617  -12.342 0.0000000000
23532  -44.398  -66.235  13.022 0.0000000000
23598  -35.862  -66.288  6.287 0.0000000000
23599  -36.424  -66.331  6.702 0.0000000000
23600  -36.913  -66.943  6.972 0.0000000000
24708  -45.232  -64.862  13.823 0.0000000000
24732  -45.311  -64.850  13.561 0.0000000000
24760  -43.487  -65.634  12.167 0.0000000000
24783  -40.786  -65.285  9.512 0.0000000000
24812  -37.062  -65.558  7.158 0.0000000000
24814  -38.442  -65.508  7.863 0.0000000000
24830  -36.681  -65.212  6.622 0.0000000000
24831  -37.199  -65.074  7.067 0.0000000000
25978  -45.587  -64.422  13.693 0.0000000000
25999  -44.237  -64.982  12.549 0.0000000000
26001  -45.393  -64.613  13.344 0.0000000000
26062  -38.989  -64.281  8.134 0.0000000000
26085  -38.154  -64.501  7.427 0.0000000000
26104  -37.295  -64.532  6.687 0.0000000000
26105  -37.879  -63.955  6.801 0.0000000000
27302  -46.480  -63.715  14.267 0.0000000000
27347  -44.273  -64.489  12.468 0.0000000000
27370  -43.205  -64.006  11.489 0.0000000000
27412  -41.521  -63.415  9.730 0.0000000000
27432  -41.123  -63.106  9.129 0.0000000000
28772  -43.481  -62.949  10.886 0.0000000000
