#!ascii label  , from subject 3352 vox2ras=TkReg
901
78614  -22.592  -19.579  0.237 0.4285714328
80526  -23.221  -18.006  -0.272 0.2857142985
79593  -23.191  -18.734  0.203 0.4285714328
80527  -23.711  -17.998  0.232 0.4285714328
80528  -24.411  -17.776  0.662 0.4285714328
81492  -23.383  -17.299  -0.699 0.2857142985
81465  -23.875  -17.238  0.100 0.4285714328
81466  -24.755  -16.781  0.380 0.4285714328
81506  -24.075  -15.932  -1.308 0.4285714328
82551  -24.514  -15.788  -0.848 0.4285714328
82578  -24.438  -14.932  -2.238 0.4285714328
83705  -25.343  -14.188  -1.553 0.4285714328
84864  -24.715  -13.240  -2.761 0.5714285970
84848  -24.575  -13.905  -2.458 0.5714285970
84850  -25.809  -13.626  -1.465 0.2857142985
85967  -25.062  -12.553  -2.562 0.7142857313
85949  -25.370  -13.040  -1.807 0.7142857313
87057  -26.522  -11.655  -2.009 0.7142857313
85968  -25.860  -11.939  -2.382 0.7142857313
88139  -26.655  -10.558  -2.135 0.5714285970
87072  -26.074  -11.175  -2.848 0.5714285970
88157  -26.083  -10.285  -2.766 0.5714285970
89144  -26.545  -9.305  -2.606 0.5714285970
89129  -26.993  -9.826  -1.976 0.5714285970
89130  -27.389  -9.120  -1.760 0.4285714328
89145  -27.019  -8.656  -2.312 0.5714285970
91106  -27.852  -7.195  -2.235 0.5714285970
90161  -26.375  -8.319  -3.304 0.7142857313
90151  -27.407  -8.075  -2.243 0.7142857313
91088  -28.303  -7.082  -1.758 0.5714285970
90150  -26.895  -8.179  -2.777 0.5714285970
90174  -25.206  -8.368  -4.200 0.5714285970
91120  -26.537  -7.370  -3.141 0.8571428657
91958  -28.096  -6.331  -1.980 0.7142857313
91119  -25.912  -7.508  -3.474 0.7142857313
91990  -25.642  -6.991  -3.671 0.5714285970
94022  -27.442  -4.411  -2.142 0.7142857313
92923  -28.122  -5.493  -1.438 0.5714285970
91975  -26.791  -6.393  -3.030 0.7142857313
92939  -27.699  -5.407  -2.072 0.7142857313
95119  -27.901  -3.601  -1.902 0.5714285970
92938  -26.835  -5.266  -2.511 0.7142857313
95120  -28.262  -3.702  -1.354 0.5714285970
92955  -26.393  -5.542  -3.439 0.5714285970
96176  -28.021  -2.846  -1.392 0.7142857313
95135  -26.731  -3.367  -2.784 0.7142857313
95136  -27.314  -3.461  -2.281 0.7142857313
96175  -27.637  -2.719  -1.896 0.7142857313
97208  -27.740  -1.090  -1.251 0.7142857313
97209  -28.168  -1.771  -0.744 0.5714285970
96193  -27.092  -2.524  -2.396 0.7142857313
94038  -26.338  -4.353  -3.155 0.5714285970
98205  -27.864  -0.528  -0.976 0.5714285970
99182  -28.029  0.489  -0.793 0.5714285970
97246  -26.754  -1.557  -2.556 0.8571428657
96192  -26.593  -2.424  -3.057 0.8571428657
99181  -27.737  0.140  -1.292 0.7142857313
98221  -27.586  -0.475  -1.615 0.7142857313
101121  -27.605  2.493  -1.650 0.8571428657
100151  -27.876  1.425  -1.307 0.5714285970
99202  -27.513  0.543  -1.787 0.8571428657
99220  -27.064  0.834  -2.423 0.8571428657
98238  -27.086  -0.339  -2.525 0.8571428657
102148  -27.176  3.428  -1.930 0.8571428657
103220  -27.578  4.472  -1.826 0.8571428657
104304  -27.485  5.405  -2.427 0.8571428657
100150  -27.341  1.576  -1.996 0.8571428657
103230  -26.840  4.356  -2.548 1.0000000000
101135  -27.106  2.470  -2.277 0.8571428657
105365  -27.700  6.191  -3.129 1.0000000000
106324  -26.605  7.325  -3.928 0.7142857313
104313  -27.068  5.363  -3.162 1.0000000000
106325  -27.591  7.329  -3.359 1.0000000000
109188  -27.210  10.288  -4.132 1.0000000000
109187  -26.482  10.467  -4.502 0.8571428657
110094  -26.142  11.539  -4.734 0.8571428657
110095  -27.333  11.379  -4.352 1.0000000000
113046  -27.124  14.450  -6.357 0.8571428657
112047  -27.135  13.630  -5.709 0.8571428657
112040  -27.626  13.173  -5.035 1.0000000000
114043  -26.817  15.386  -6.926 0.8571428657
114044  -27.494  15.446  -6.245 0.8571428657
114051  -26.240  15.471  -7.742 0.7142857313
114041  -25.357  14.442  -7.408 0.5714285970
114970  -25.356  16.050  -8.336 0.7142857313
114980  -25.720  16.609  -8.767 0.5714285970
114944  -24.041  15.953  -6.378 0.5714285970
114946  -24.770  15.108  -7.726 0.5714285970
116805  -25.139  17.971  -6.692 0.4285714328
116821  -25.648  17.865  -7.648 0.4285714328
114932  -24.913  17.210  -3.670 0.2857142985
115851  -24.549  17.050  -4.464 0.2857142985
114933  -25.442  17.639  -3.413 0.2857142985
81464  -23.544  -17.632  -0.150 0.2857142985
97226  -27.404  -1.597  -1.734 0.7142857313
102149  -27.907  3.507  -1.420 0.8571428657
107245  -26.986  8.118  -3.685 0.8571428657
115831  -27.506  17.316  -2.527 0.1428571492
80554  -22.557  -17.855  -0.764 0.2857142985
81505  -23.388  -16.446  -1.628 0.2857142985
81493  -24.108  -16.498  -0.601 0.2857142985
81494  -24.762  -16.059  -0.252 0.4285714328
82552  -25.176  -15.301  -0.514 0.4285714328
82563  -23.900  -15.741  -1.859 0.2857142985
83704  -24.690  -14.394  -2.140 0.4285714328
83688  -25.591  -14.525  -0.891 0.4285714328
83717  -24.190  -14.528  -2.435 0.5714285970
84849  -24.802  -13.516  -2.075 0.5714285970
85950  -26.221  -12.693  -1.625 0.4285714328
85983  -24.388  -12.417  -3.692 0.2857142985
87088  -25.807  -10.576  -3.326 0.5714285970
89131  -28.317  -9.165  -1.153 0.4285714328
88171  -25.780  -9.793  -3.225 0.7142857313
89158  -26.043  -9.039  -3.418 0.7142857313
90137  -28.032  -8.015  -1.575 0.4285714328
91105  -27.215  -7.270  -2.722 0.7142857313
91976  -27.462  -6.320  -2.478 0.7142857313
91132  -25.422  -7.526  -3.878 0.5714285970
96154  -28.276  -2.955  -0.872 0.5714285970
91991  -26.124  -6.522  -3.682 0.5714285970
94007  -28.354  -4.594  -1.080 0.5714285970
94021  -26.804  -4.179  -2.425 0.7142857313
101122  -28.291  2.561  -1.117 0.5714285970
100166  -26.994  1.680  -2.615 1.0000000000
105357  -27.933  6.405  -2.288 1.0000000000
103229  -26.469  3.726  -2.712 1.0000000000
105364  -26.979  6.262  -3.673 0.8571428657
107261  -26.363  8.463  -4.277 0.7142857313
107262  -27.141  8.799  -4.036 1.0000000000
107246  -27.640  8.567  -3.437 1.0000000000
108226  -26.767  9.512  -4.253 0.7142857313
108209  -27.457  9.544  -3.806 1.0000000000
107260  -25.562  8.474  -5.041 0.7142857313
111042  -27.815  12.464  -4.555 1.0000000000
115890  -24.347  16.747  -6.043 0.7142857313
114034  -24.816  14.668  -7.449 0.5714285970
114959  -24.838  15.434  -7.972 0.7142857313
114969  -24.847  16.743  -8.812 0.7142857313
115871  -24.506  18.294  -4.920 0.2857142985
116786  -24.648  17.991  -5.777 0.4285714328
115902  -25.428  17.630  -8.792 0.4285714328
87087  -25.493  -11.163  -3.782 0.4285714328
87101  -25.288  -10.617  -4.185 0.4285714328
115870  -24.407  17.439  -5.283 0.4285714328
114957  -24.427  16.528  -6.679 0.7142857313
115852  -24.931  17.832  -4.164 0.2857142985
79592  -22.511  -18.872  -0.071 0.4285714328
79619  -22.723  -18.405  -0.299 0.2857142985
79594  -24.047  -18.687  0.672 0.4285714328
82577  -23.953  -15.191  -2.321 0.2857142985
82564  -24.575  -15.328  -1.666 0.4285714328
82565  -25.111  -14.771  -1.383 0.4285714328
85966  -24.671  -13.055  -3.130 0.2857142985
87071  -25.486  -11.723  -2.984 0.5714285970
90160  -25.693  -8.352  -3.649 0.7142857313
89157  -25.438  -9.307  -3.858 0.7142857313
94006  -28.014  -4.529  -1.717 0.5714285970
97227  -27.762  -2.256  -1.404 0.7142857313
95149  -26.248  -3.242  -3.440 0.8571428657
99203  -27.742  0.659  -1.276 0.8571428657
98253  -26.847  0.095  -3.094 0.8571428657
102158  -26.754  3.241  -2.508 1.0000000000
113052  -26.322  14.519  -6.816 0.8571428657
114042  -25.637  15.067  -7.606 0.7142857313
114050  -25.970  15.531  -8.133 0.7142857313
114958  -24.600  16.293  -7.619 0.5714285970
114945  -24.411  15.363  -7.437 0.5714285970
114930  -24.006  15.986  -4.708 0.4285714328
115869  -24.297  16.602  -5.225 0.4285714328
115901  -25.181  17.181  -7.948 0.4285714328
114918  -25.264  17.313  -2.889 0.2857142985
115850  -24.292  16.600  -4.572 0.2857142985
114919  -25.999  17.558  -2.857 0.2857142985
114902  -26.738  16.914  -2.631 0.1428571492
85984  -25.019  -11.870  -3.391 0.2857142985
119289  -25.808  21.585  -6.614 0.2857142985
120058  -25.773  22.165  -5.521 0.1428571492
117648  -25.155  20.376  -6.181 0.2857142985
118460  -25.796  20.865  -7.204 0.2857142985
119267  -25.761  21.291  -5.425 0.1428571492
120059  -25.810  22.780  -4.958 0.1428571492
116768  -25.266  18.727  -4.344 0.1428571492
117640  -25.069  20.058  -5.722 0.2857142985
118433  -25.861  20.691  -5.005 0.1428571492
118461  -26.313  20.385  -7.841 0.2857142985
118456  -25.751  20.227  -7.388 0.2857142985
117677  -28.516  18.910  -9.206 0.2857142985
116843  -26.871  19.233  -9.899 0.2857142985
120048  -26.314  22.386  -4.253 0.1428571492
116806  -25.349  18.783  -6.813 0.2857142985
115904  -27.220  17.646  -8.211 0.2857142985
117661  -26.085  19.447  -8.070 0.2857142985
117649  -25.369  19.744  -7.042 0.2857142985
116789  -28.799  17.889  -5.891 0.1428571492
116824  -28.118  18.088  -8.728 0.2857142985
116835  -26.240  18.746  -9.108 0.2857142985
116822  -26.059  18.322  -8.179 0.2857142985
116792  -32.110  18.279  -5.578 0.1428571492
116791  -30.944  18.427  -5.553 0.1428571492
116807  -28.328  17.541  -7.368 0.4285714328
115903  -26.251  17.157  -8.762 0.2857142985
114920  -29.766  16.219  -3.691 0.2857142985
115872  -28.340  16.572  -6.352 0.4285714328
115892  -26.897  16.516  -7.969 0.2857142985
114019  -31.093  15.384  -3.023 0.1428571492
115855  -29.627  17.161  -4.456 0.2857142985
115893  -27.650  16.787  -7.460 0.4285714328
114947  -28.418  16.190  -5.472 0.5714285970
114961  -27.809  15.919  -6.535 0.7142857313
113019  -30.541  14.159  -2.743 0.1428571492
114018  -30.601  15.460  -3.331 0.1428571492
113041  -28.867  15.000  -4.402 0.4285714328
111019  -30.480  12.492  -2.319 0.2857142985
111018  -29.721  12.565  -2.858 0.7142857313
114037  -27.926  15.348  -5.572 0.7142857313
110096  -27.985  11.862  -3.958 0.8571428657
112030  -28.962  13.374  -3.931 0.8571428657
113040  -28.380  14.516  -4.739 0.5714285970
110061  -30.961  11.667  -1.613 0.2857142985
111007  -30.771  12.038  -1.884 0.2857142985
113029  -28.544  13.973  -4.082 0.7142857313
111053  -26.089  12.906  -5.826 0.5714285970
109149  -30.843  10.693  -1.310 0.1428571492
110082  -29.297  11.929  -3.050 0.7142857313
108184  -30.325  9.422  -1.449 0.1428571492
101155  -24.789  2.324  -4.625 0.5714285970
104312  -26.150  5.295  -3.519 0.8571428657
104322  -25.499  4.800  -3.770 0.4285714328
105375  -26.203  6.293  -4.447 0.5714285970
109173  -28.023  10.507  -3.902 0.8571428657
107247  -28.269  8.624  -2.901 0.8571428657
108183  -29.715  9.067  -1.596 0.2857142985
109159  -29.028  10.753  -2.568 0.8571428657
110081  -28.566  11.499  -3.375 0.8571428657
112041  -28.303  13.385  -4.551 0.8571428657
107217  -30.476  8.709  -1.090 0.4285714328
108194  -29.459  9.663  -1.980 0.7142857313
110072  -29.618  11.674  -2.417 0.7142857313
102165  -25.786  3.163  -3.201 0.5714285970
102174  -25.022  3.279  -4.279 0.5714285970
106326  -28.108  7.977  -3.225 0.8571428657
108210  -28.078  9.539  -3.312 0.8571428657
107215  -29.110  8.171  -1.506 0.4285714328
107230  -28.677  8.601  -2.021 0.8571428657
108193  -28.623  9.609  -2.628 0.8571428657
106282  -29.751  7.533  -0.312 0.4285714328
95163  -25.534  -3.314  -4.422 0.7142857313
97272  -25.135  -1.561  -4.956 0.4285714328
95148  -25.791  -3.076  -3.893 0.7142857313
98252  -26.442  -0.438  -3.378 0.8571428657
98266  -25.954  -0.481  -4.219 0.5714285970
99249  -25.528  0.516  -4.149 0.5714285970
99248  -24.761  0.577  -4.569 0.4285714328
99234  -26.578  0.699  -3.340 0.8571428657
99233  -26.030  0.906  -3.730 0.5714285970
101156  -25.320  2.316  -4.111 0.5714285970
101145  -26.248  2.359  -3.090 0.7142857313
101144  -25.753  2.314  -3.546 0.5714285970
104296  -28.504  5.333  -0.977 0.7142857313
104295  -27.913  5.604  -1.525 0.7142857313
105358  -28.432  6.806  -1.941 0.7142857313
106315  -28.300  7.488  -2.617 0.8571428657
104280  -29.359  5.440  0.357 0.2857142985
105326  -29.114  6.314  -0.569 0.4285714328
105346  -29.232  6.853  -0.607 0.5714285970
92007  -25.871  -6.081  -4.107 0.4285714328
94055  -25.380  -4.392  -4.616 0.4285714328
95174  -25.156  -3.448  -5.000 0.4285714328
97245  -26.397  -1.505  -3.238 0.7142857313
98237  -26.558  -0.944  -2.849 0.7142857313
99219  -26.864  1.068  -2.889 0.8571428657
102133  -28.548  3.589  -0.921 0.7142857313
103205  -29.101  4.592  0.094 0.2857142985
103204  -28.735  4.544  -0.646 0.5714285970
103221  -28.205  4.503  -1.201 0.5714285970
92006  -25.366  -6.482  -4.039 0.4285714328
92005  -24.552  -6.433  -4.355 0.5714285970
92954  -25.808  -4.924  -3.805 0.5714285970
94037  -25.788  -3.888  -3.872 0.5714285970
100128  -28.461  1.630  -0.477 0.4285714328
102134  -28.790  3.694  -0.171 0.4285714328
89173  -24.929  -9.190  -4.388 0.5714285970
92924  -28.622  -5.481  -0.863 0.4285714328
95097  -28.541  -3.714  -0.672 0.4285714328
98188  -28.693  -0.496  0.321 0.4285714328
99163  -29.165  0.434  0.590 0.4285714328
83689  -26.295  -14.120  -0.650 0.1428571492
96155  -28.658  -2.681  -0.273 0.4285714328
97210  -28.678  -2.050  -0.317 0.4285714328
84831  -26.377  -13.402  -1.060 0.1428571492
85931  -27.117  -12.738  -0.823 0.1428571492
88141  -27.878  -9.763  -1.278 0.2857142985
91940  -29.592  -6.310  -0.355 0.2857142985
93983  -30.008  -4.522  0.382 0.2857142985
92899  -29.267  -5.432  -0.491 0.2857142985
91089  -28.542  -7.381  -1.255 0.4285714328
95099  -29.695  -3.913  0.205 0.2857142985
93981  -28.872  -4.594  -0.544 0.2857142985
91939  -28.996  -6.176  -0.730 0.2857142985
95075  -29.571  -3.304  0.379 0.2857142985
95098  -29.021  -3.697  0.014 0.4285714328
84832  -26.823  -13.449  -0.536 0.1428571492
87039  -27.666  -11.982  -1.040 0.2857142985
88122  -27.573  -11.109  -0.845 0.2857142985
89113  -29.020  -9.266  -0.147 0.2857142985
90115  -29.419  -8.173  -0.343 0.2857142985
91065  -29.070  -7.144  -0.708 0.2857142985
84833  -27.440  -13.332  0.206 0.1428571492
87018  -28.674  -11.394  0.283 0.2857142985
85932  -27.761  -12.468  -0.114 0.2857142985
88123  -28.225  -10.380  -0.559 0.2857142985
87040  -28.110  -11.639  -0.376 0.2857142985
85951  -26.996  -12.114  -1.447 0.2857142985
82525  -26.088  -15.608  0.460 0.1428571492
82524  -25.271  -16.016  0.266 0.2857142985
83664  -26.613  -14.734  0.300 0.1428571492
77548  -23.492  -20.466  0.823 0.2857142985
77547  -22.878  -20.414  0.577 0.2857142985
78587  -24.103  -20.269  1.085 0.1428571492
76426  -22.490  -21.380  0.572 0.2857142985
85912  -28.463  -12.348  0.329 0.2857142985
88098  -29.011  -10.423  0.325 0.2857142985
91066  -29.802  -7.290  -0.131 0.2857142985
91959  -28.503  -6.457  -1.243 0.4285714328
96135  -29.765  -2.562  0.704 0.2857142985
96221  -25.719  -2.011  -4.170 0.7142857313
97189  -29.011  -1.739  0.234 0.4285714328
100178  -26.192  1.574  -3.462 0.5714285970
98206  -28.298  -0.484  -0.392 0.4285714328
101100  -28.625  2.777  -0.412 0.4285714328
102108  -29.272  3.613  0.577 0.2857142985
104279  -28.993  5.585  -0.428 0.5714285970
111041  -26.790  12.631  -5.058 0.7142857313
106299  -28.729  7.495  -1.717 0.7142857313
110080  -28.034  11.285  -3.959 0.8571428657
113051  -25.744  14.238  -7.181 0.4285714328
112056  -26.155  13.808  -6.822 0.5714285970
113047  -27.715  14.454  -5.648 0.7142857313
112048  -27.903  13.810  -5.184 0.8571428657
114017  -29.801  15.521  -3.715 0.4285714328
114935  -29.251  16.289  -4.288 0.4285714328
119255  -26.200  21.358  -4.035 0.1428571492
116808  -29.099  18.180  -7.082 0.2857142985
116790  -29.761  18.388  -5.757 0.1428571492
117676  -26.486  19.580  -8.861 0.2857142985
78633  -22.103  -19.214  -0.183 0.2857142985
79595  -25.009  -18.614  0.924 0.1428571492
83691  -27.555  -14.005  0.464 0.1428571492
84812  -28.179  -13.092  0.436 0.1428571492
87058  -27.090  -11.291  -1.435 0.2857142985
90116  -29.969  -8.234  0.265 0.2857142985
91067  -30.319  -7.447  0.310 0.2857142985
92971  -25.555  -5.514  -4.134 0.5714285970
90138  -28.702  -8.185  -0.845 0.2857142985
94065  -24.962  -3.852  -5.227 0.2857142985
95076  -30.252  -3.495  0.646 0.2857142985
97190  -30.079  -1.538  1.280 0.2857142985
96205  -25.666  -2.624  -4.163 0.7142857313
96206  -26.065  -2.320  -3.702 0.5714285970
98278  -24.812  -1.048  -5.034 0.4285714328
97273  -25.606  -1.389  -4.489 0.5714285970
101169  -24.230  2.381  -5.138 0.2857142985
100190  -25.093  1.454  -4.376 0.5714285970
98189  -29.445  -0.552  0.894 0.2857142985
99250  -26.155  0.244  -3.817 0.7142857313
99164  -29.774  0.467  1.211 0.1428571492
101074  -29.505  2.347  0.741 0.4285714328
101073  -28.815  2.224  0.123 0.4285714328
106314  -27.935  6.838  -2.898 0.8571428657
105327  -29.464  6.442  0.056 0.2857142985
106300  -29.193  7.494  -1.069 0.5714285970
111029  -28.535  12.495  -4.038 0.8571428657
108174  -30.833  9.116  -1.026 0.2857142985
109142  -30.905  9.764  -0.888 0.1428571492
108195  -30.228  10.236  -1.828 0.4285714328
110062  -31.611  11.558  -1.387 0.1428571492
112031  -29.701  13.500  -3.300 0.5714285970
111008  -31.342  12.480  -1.848 0.1428571492
112019  -30.716  13.564  -2.521 0.1428571492
113020  -31.081  14.600  -2.667 0.1428571492
117628  -25.677  19.676  -4.357 0.1428571492
113030  -29.224  14.483  -3.943 0.5714285970
114921  -30.300  16.155  -3.498 0.1428571492
114936  -30.003  16.709  -3.823 0.2857142985
115856  -30.735  17.362  -4.175 0.1428571492
115875  -31.714  17.971  -5.023 0.1428571492
117662  -28.710  18.770  -8.495 0.2857142985
117663  -29.228  19.145  -8.332 0.2857142985
117664  -30.355  19.166  -7.934 0.1428571492
117650  -30.770  19.239  -6.989 0.1428571492
91941  -30.384  -6.348  0.297 0.2857142985
104256  -30.099  5.784  0.775 0.2857142985
117652  -32.061  19.347  -7.285 0.1428571492
118472  -29.879  19.938  -9.295 0.2857142985
78613  -21.947  -19.760  -0.088 0.2857142985
78615  -23.524  -19.641  0.730 0.2857142985
80529  -25.329  -17.584  1.090 0.1428571492
83706  -25.799  -14.129  -1.168 0.1428571492
88140  -27.395  -10.299  -1.420 0.2857142985
99162  -28.538  0.506  -0.019 0.4285714328
99235  -26.956  0.468  -2.906 0.7142857313
105344  -28.194  6.331  -1.696 0.7142857313
103236  -26.167  4.139  -3.134 0.8571428657
101134  -26.762  2.427  -2.801 0.8571428657
102157  -26.337  3.159  -2.832 0.8571428657
112057  -26.715  13.916  -6.466 0.5714285970
114036  -27.427  15.046  -6.121 0.7142857313
114960  -27.197  16.088  -7.436 0.5714285970
115912  -25.617  16.868  -9.258 0.2857142985
82553  -25.929  -14.822  -0.221 0.1428571492
88186  -25.104  -10.037  -4.236 0.5714285970
116787  -24.896  18.864  -5.485 0.2857142985
118455  -25.530  20.721  -6.612 0.2857142985
120073  -25.674  22.364  -6.059 0.1428571492
119282  -25.626  21.498  -6.007 0.2857142985
119268  -26.064  21.785  -4.898 0.1428571492
117639  -25.199  20.376  -5.875 0.2857142985
118432  -25.736  20.885  -5.381 0.1428571492
116842  -26.527  19.121  -9.537 0.2857142985
116836  -26.843  18.550  -9.573 0.2857142985
116823  -26.560  17.786  -9.266 0.2857142985
116788  -28.424  17.168  -6.525 0.2857142985
116809  -30.123  18.790  -6.870 0.1428571492
116810  -31.289  18.843  -6.419 0.1428571492
116771  -29.603  17.983  -4.856 0.1428571492
116825  -29.091  18.776  -7.795 0.1428571492
114937  -30.693  16.659  -3.642 0.1428571492
115873  -28.684  17.020  -5.549 0.4285714328
115834  -31.477  16.880  -3.003 0.1428571492
113031  -30.281  14.558  -3.235 0.1428571492
116770  -29.172  17.442  -5.096 0.2857142985
116772  -30.396  18.247  -4.852 0.2857142985
114948  -28.765  16.579  -4.920 0.4285714328
114028  -28.605  15.599  -4.707 0.5714285970
111030  -29.215  12.524  -3.507 0.7142857313
109160  -29.889  10.743  -2.147 0.5714285970
109174  -28.406  10.400  -3.123 0.8571428657
102164  -25.453  3.004  -3.759 0.5714285970
103235  -25.599  3.919  -3.776 0.5714285970
104323  -25.535  5.445  -4.313 0.4285714328
107231  -29.278  8.822  -1.589 0.4285714328
107216  -29.770  8.425  -1.187 0.5714285970
94066  -25.160  -4.056  -5.167 0.5714285970
96220  -25.359  -2.400  -4.614 0.4285714328
97259  -26.069  -1.354  -3.922 0.7142857313
98265  -25.050  -0.508  -4.622 0.4285714328
100177  -25.618  1.503  -3.844 0.5714285970
98264  -24.470  0.003  -4.709 0.4285714328
100165  -26.657  1.641  -3.070 0.8571428657
105345  -28.742  6.408  -1.201 0.5714285970
92970  -24.970  -5.435  -4.459 0.5714285970
101101  -28.881  2.942  0.241 0.4285714328
103181  -29.623  4.628  0.913 0.2857142985
97188  -28.457  -1.133  -0.080 0.4285714328
100108  -28.970  1.402  0.327 0.4285714328
93982  -29.438  -4.605  -0.071 0.2857142985
96134  -29.145  -2.812  0.281 0.4285714328
83690  -26.979  -13.999  0.175 0.1428571492
89114  -29.607  -8.766  0.038 0.2857142985
77516  -23.780  -21.028  0.913 0.1428571492
76427  -23.183  -21.008  0.684 0.1428571492
77517  -24.512  -20.922  1.274 0.1428571492
118416  -25.954  20.397  -3.809 0.1428571492
78588  -24.931  -20.192  1.178 0.1428571492
79596  -25.977  -18.482  1.358 0.1428571492
117629  -26.079  19.482  -3.842 0.1428571492
111040  -25.711  12.412  -5.159 0.5714285970
109186  -25.556  10.541  -4.953 0.4285714328
109185  -24.417  10.638  -4.952 0.4285714328
110093  -25.127  11.594  -4.990 0.5714285970
106335  -25.105  7.510  -4.950 0.4285714328
108225  -26.004  9.491  -4.843 0.4285714328
107259  -24.657  8.503  -4.981 0.4285714328
93956  -30.725  -4.404  0.752 0.1428571492
84863  -24.236  -13.680  -3.038 0.2857142985
92900  -29.789  -5.430  0.087 0.1428571492
92874  -32.928  -5.449  1.172 0.1428571492
92872  -31.044  -5.338  0.691 0.1428571492
93958  -32.662  -4.338  0.890 0.1428571492
93957  -31.640  -4.362  0.941 0.1428571492
93959  -33.851  -4.307  0.685 0.1428571492
91041  -30.950  -7.290  0.622 0.1428571492
91042  -31.786  -7.241  1.254 0.1428571492
91916  -32.046  -6.157  1.284 0.1428571492
92875  -34.070  -5.536  1.231 0.1428571492
94008  -34.713  -4.552  -1.569 0.1428571492
93960  -34.419  -4.899  0.593 0.1428571492
83716  -23.559  -14.411  -2.543 0.2857142985
88099  -29.775  -10.456  0.728 0.1428571492
89092  -30.682  -9.278  1.260 0.1428571492
90092  -30.395  -8.613  0.772 0.1428571492
89090  -29.407  -9.862  0.383 0.1428571492
90117  -30.537  -7.983  0.592 0.1428571492
91043  -32.530  -7.600  1.637 0.1428571492
90094  -32.143  -8.444  1.682 0.1428571492
91902  -33.575  -6.702  1.597 0.1428571492
91903  -34.184  -6.430  1.488 0.1428571492
91942  -35.461  -6.249  -0.617 0.1428571492
92925  -34.973  -5.608  -2.036 0.1428571492
92902  -35.206  -5.525  -0.749 0.1428571492
82576  -23.113  -15.197  -2.549 0.2857142985
81517  -22.755  -15.995  -2.449 0.2857142985
87019  -29.465  -11.360  0.738 0.1428571492
87001  -30.803  -11.430  1.654 0.1428571492
88100  -30.615  -10.400  1.394 0.1428571492
88101  -31.099  -9.893  1.582 0.1428571492
90095  -32.871  -8.168  1.959 0.1428571492
89093  -31.489  -9.334  1.664 0.1428571492
91026  -34.153  -7.440  1.659 0.1428571492
92877  -35.281  -6.149  0.496 0.1428571492
91044  -34.712  -6.835  1.251 0.1428571492
94023  -34.451  -4.710  -2.749 0.1428571492
85913  -29.266  -12.328  0.719 0.1428571492
87020  -30.140  -11.306  1.265 0.1428571492
85914  -29.930  -12.189  1.259 0.1428571492
87002  -31.555  -11.607  1.886 0.1428571492
89077  -33.411  -9.659  2.116 0.1428571492
89078  -34.246  -9.528  1.778 0.1428571492
89076  -32.426  -9.581  2.165 0.1428571492
90078  -34.612  -8.529  1.545 0.1428571492
91960  -35.532  -6.607  -1.315 0.1428571492
91028  -35.142  -7.726  0.629 0.1428571492
84814  -29.855  -13.253  1.401 0.1428571492
85895  -32.038  -12.567  1.880 0.1428571492
85893  -30.476  -12.011  1.557 0.1428571492
87003  -32.526  -11.728  2.177 0.1428571492
88103  -34.707  -10.277  0.638 0.1428571492
88083  -33.928  -10.639  1.788 0.1428571492
89079  -34.919  -9.489  1.166 0.1428571492
90096  -35.186  -8.737  -0.273 0.1428571492
91943  -35.502  -6.808  -0.387 0.1428571492
84795  -32.923  -13.636  1.370 0.1428571492
84793  -31.504  -13.223  1.590 0.1428571492
85915  -33.868  -12.689  1.070 0.1428571492
84815  -33.420  -13.553  1.132 0.1428571492
88102  -34.188  -10.766  0.921 0.1428571492
87021  -34.021  -11.584  1.002 0.1428571492
90119  -35.248  -8.136  -0.580 0.1428571492
89094  -35.106  -9.571  0.191 0.1428571492
85896  -33.069  -12.877  1.867 0.1428571492
88080  -31.153  -11.002  1.746 0.1428571492
88082  -33.001  -10.693  2.305 0.1428571492
90076  -32.913  -8.875  2.065 0.1428571492
92940  -34.275  -5.762  -3.038 0.1428571492
94040  -33.797  -4.963  -3.642 0.1428571492
92858  -33.406  -6.081  1.420 0.1428571492
92876  -34.977  -5.544  0.534 0.1428571492
92901  -30.337  -5.231  0.500 0.1428571492
81518  -23.456  -15.762  -2.246 0.2857142985
91068  -35.233  -7.841  -1.025 0.1428571492
91977  -34.706  -6.691  -2.413 0.1428571492
92957  -33.820  -5.838  -3.969 0.1428571492
92956  -33.228  -5.250  -4.378 0.1428571492
106336  -25.905  7.440  -4.652 0.4285714328
93984  -34.236  -3.766  0.106 0.1428571492
95121  -34.289  -3.575  -1.292 0.1428571492
95077  -31.207  -3.383  1.238 0.1428571492
96136  -30.589  -2.433  1.264 0.1428571492
112046  -26.405  13.448  -6.208 0.4285714328
117693  -30.705  19.929  -9.349 0.1428571492
111054  -26.567  13.206  -5.650 0.4285714328
117678  -29.351  19.571  -9.264 0.1428571492
84813  -28.965  -13.248  0.778 0.1428571492
92873  -31.907  -5.308  0.982 0.1428571492
91915  -31.352  -6.288  0.781 0.1428571492
95079  -33.327  -3.312  0.803 0.1428571492
90093  -31.068  -8.285  1.176 0.1428571492
91918  -34.722  -6.073  1.256 0.1428571492
91917  -32.755  -6.670  1.471 0.1428571492
93985  -34.626  -4.363  -0.221 0.1428571492
89091  -29.949  -9.364  0.535 0.1428571492
91025  -33.238  -7.482  1.863 0.1428571492
91045  -35.086  -7.107  0.764 0.1428571492
88081  -31.709  -10.563  1.983 0.1428571492
90077  -33.675  -8.520  1.993 0.1428571492
90079  -35.181  -8.481  0.654 0.1428571492
91046  -35.340  -7.403  0.195 0.1428571492
84792  -30.633  -12.840  1.479 0.1428571492
85894  -31.155  -12.286  1.680 0.1428571492
88084  -34.446  -10.159  1.335 0.1428571492
87004  -33.548  -11.770  1.944 0.1428571492
90118  -34.855  -8.517  -1.187 0.1428571492
76424  -20.942  -21.433  0.302 0.1428571492
77546  -22.016  -20.461  0.306 0.1428571492
76444  -20.532  -21.024  -0.113 0.1428571492
77545  -21.251  -20.764  0.070 0.1428571492
77570  -21.561  -20.152  -0.238 0.1428571492
79617  -21.530  -18.682  -0.896 0.1428571492
80553  -22.072  -18.103  -0.995 0.1428571492
79635  -21.756  -18.269  -1.055 0.1428571492
81503  -21.428  -16.744  -1.862 0.1428571492
81504  -22.352  -16.716  -1.924 0.1428571492
80565  -20.979  -17.561  -1.514 0.1428571492
82574  -21.132  -15.082  -2.452 0.1428571492
83715  -22.618  -14.360  -2.592 0.1428571492
84862  -23.029  -13.619  -2.817 0.2857142985
84876  -23.188  -13.111  -3.607 0.1428571492
84877  -23.825  -12.972  -3.756 0.1428571492
84875  -22.311  -12.988  -3.141 0.2857142985
85997  -24.358  -11.513  -4.176 0.2857142985
90173  -24.585  -8.318  -4.411 0.4285714328
104333  -25.274  5.643  -4.765 0.2857142985
105374  -25.479  6.629  -4.775 0.2857142985
109184  -23.682  10.279  -4.732 0.2857142985
109199  -23.788  10.733  -4.915 0.2857142985
110092  -24.201  11.732  -5.251 0.4285714328
78645  -21.177  -18.909  -1.023 0.1428571492
81515  -21.075  -15.933  -2.023 0.1428571492
83714  -21.658  -14.287  -2.625 0.1428571492
84861  -22.078  -13.574  -2.745 0.1428571492
85981  -22.389  -12.292  -3.623 0.2857142985
85982  -23.358  -12.226  -3.965 0.2857142985
85996  -23.892  -11.741  -4.245 0.2857142985
88185  -24.607  -9.858  -4.403 0.4285714328
89172  -24.255  -9.143  -4.212 0.4285714328
90172  -23.800  -8.285  -4.352 0.2857142985
103243  -25.053  4.554  -4.368 0.2857142985
104332  -25.008  5.642  -4.964 0.2857142985
105383  -25.187  6.055  -4.904 0.2857142985
105373  -24.670  6.504  -4.761 0.2857142985
108223  -24.215  9.513  -4.617 0.2857142985
107257  -22.850  8.501  -4.200 0.2857142985
87099  -23.947  -10.964  -4.312 0.2857142985
103244  -25.130  5.285  -4.640 0.2857142985
105382  -24.868  5.961  -4.998 0.2857142985
103256  -24.282  4.643  -4.812 0.2857142985
105372  -23.748  6.719  -4.550 0.2857142985
106333  -23.321  7.590  -4.424 0.2857142985
106334  -24.281  7.551  -4.480 0.2857142985
107258  -23.832  8.531  -4.322 0.2857142985
108224  -25.073  9.519  -5.114 0.2857142985
104320  -23.326  6.061  -4.772 0.2857142985
105371  -22.884  6.714  -4.737 0.2857142985
80567  -22.762  -17.251  -1.365 0.1428571492
87100  -24.760  -10.794  -4.463 0.4285714328
79618  -22.049  -18.551  -0.550 0.1428571492
78632  -21.508  -19.360  -0.576 0.1428571492
82575  -22.176  -15.202  -2.651 0.1428571492
78631  -20.630  -19.234  -0.804 0.1428571492
79634  -21.270  -18.333  -1.232 0.1428571492
80566  -21.915  -17.665  -1.449 0.1428571492
81516  -21.796  -16.027  -2.436 0.1428571492
85980  -21.548  -12.324  -3.193 0.2857142985
108222  -23.319  9.483  -4.410 0.2857142985
88184  -23.923  -10.005  -4.412 0.4285714328
92969  -24.235  -5.448  -4.637 0.2857142985
94054  -24.752  -4.391  -5.024 0.2857142985
119312  -28.903  21.739  -8.870 0.1428571492
119325  -28.606  22.113  -9.744 0.1428571492
118486  -27.339  20.764  -10.037 0.1428571492
117698  -27.538  20.192  -10.537 0.1428571492
117691  -27.995  19.553  -10.161 0.1428571492
119313  -29.740  22.116  -8.574 0.1428571492
119299  -26.604  21.315  -7.694 0.1428571492
120075  -27.053  22.568  -5.805 0.1428571492
117692  -28.815  19.988  -10.387 0.1428571492
120116  -28.836  22.181  -10.554 0.1428571492
118497  -27.757  20.701  -10.507 0.1428571492
117700  -28.559  20.401  -10.584 0.1428571492
116837  -27.551  18.935  -9.637 0.1428571492
118469  -26.711  20.449  -8.809 0.1428571492
116844  -27.302  19.379  -10.041 0.1428571492
119310  -27.481  21.173  -8.575 0.1428571492
119291  -27.075  22.040  -6.585 0.1428571492
119300  -27.323  21.479  -7.662 0.1428571492
119290  -26.311  21.844  -6.748 0.1428571492
120082  -25.954  22.419  -6.289 0.1428571492
117690  -27.027  19.858  -10.269 0.1428571492
117689  -26.679  19.739  -9.619 0.1428571492
91131  -24.912  -7.435  -4.297 0.2857142985
119324  -27.942  21.558  -9.951 0.1428571492
119302  -28.926  21.407  -7.758 0.1428571492
118470  -27.152  20.686  -9.152 0.1428571492
118471  -27.505  20.971  -9.296 0.1428571492
119303  -29.767  21.811  -7.735 0.1428571492
119309  -26.943  21.146  -8.471 0.1428571492
119335  -28.486  21.483  -10.537 0.1428571492
104329  -22.829  5.452  -4.921 0.1428571492
104330  -23.716  5.386  -4.906 0.1428571492
104321  -23.990  6.076  -4.903 0.1428571492
106332  -22.417  7.557  -4.552 0.1428571492
106323  -20.680  7.526  -3.474 0.1428571492
107244  -21.295  8.824  -3.827 0.1428571492
107229  -21.285  9.043  -3.343 0.1428571492
108192  -21.894  9.829  -3.223 0.1428571492
109157  -21.744  10.639  -3.101 0.2857142985
97285  -24.575  -1.591  -5.042 0.1428571492
102173  -24.531  3.054  -4.837 0.1428571492
103255  -23.427  4.483  -5.204 0.1428571492
107204  -30.249  8.292  -0.624 0.1428571492
110107  -22.916  10.965  -4.955 0.1428571492
109172  -22.377  10.568  -3.838 0.1428571492
109171  -22.058  11.133  -3.488 0.2857142985
111037  -23.135  12.438  -4.547 0.2857142985
113028  -22.905  14.823  -3.874 0.2857142985
113027  -22.497  14.964  -3.267 0.2857142985
114929  -23.540  15.760  -4.369 0.2857142985
114884  -25.513  16.580  -1.778 0.1428571492
111039  -24.798  12.550  -5.240 0.2857142985
110079  -22.259  11.590  -3.820 0.2857142985
111038  -24.010  12.607  -4.734 0.2857142985
113050  -25.272  13.985  -7.186 0.2857142985
112038  -24.180  13.475  -4.873 0.2857142985
112017  -23.170  13.350  -3.152 0.2857142985
113044  -23.639  14.268  -6.237 0.2857142985
113037  -23.412  14.560  -4.435 0.2857142985
112016  -22.440  13.929  -2.990 0.2857142985
114027  -23.577  15.055  -5.801 0.2857142985
114931  -24.441  16.690  -4.015 0.1428571492
113018  -22.365  14.799  -2.369 0.2857142985
115853  -25.989  18.262  -3.504 0.1428571492
115843  -26.850  17.853  -2.835 0.1428571492
111999  -21.392  13.592  -1.359 0.1428571492
111001  -21.070  13.348  -1.337 0.1428571492
114897  -22.914  16.334  -3.297 0.1428571492
114006  -22.777  15.774  -2.898 0.2857142985
114899  -24.442  16.450  -2.762 0.1428571492
114007  -23.359  15.794  -2.368 0.1428571492
108190  -20.486  9.614  -2.288 0.2857142985
113016  -22.278  14.611  -1.256 0.1428571492
113995  -25.145  16.213  -1.308 0.1428571492
113975  -22.970  14.977  -0.758 0.1428571492
107196  -19.652  8.600  -0.856 0.1428571492
107205  -30.869  8.627  -0.533 0.1428571492
100201  -23.894  1.469  -5.374 0.1428571492
102187  -23.129  3.501  -5.512 0.1428571492
106284  -31.117  8.183  -0.170 0.1428571492
103254  -22.602  4.434  -5.266 0.1428571492
105379  -21.839  5.652  -4.714 0.1428571492
105369  -21.515  6.256  -4.466 0.1428571492
105370  -22.179  6.683  -4.687 0.1428571492
107256  -21.789  8.401  -4.288 0.1428571492
107227  -19.900  8.633  -2.410 0.1428571492
108221  -22.437  9.485  -4.188 0.1428571492
109156  -21.039  10.535  -2.398 0.2857142985
111036  -22.613  12.231  -4.080 0.1428571492
111026  -22.229  12.501  -3.356 0.1428571492
111027  -23.253  12.840  -3.519 0.2857142985
111016  -22.173  12.978  -2.340 0.1428571492
113002  -22.488  14.611  -0.133 0.1428571492
113015  -21.772  14.402  -0.670 0.2857142985
113993  -23.088  15.260  -1.757 0.1428571492
114882  -24.251  16.176  -2.393 0.1428571492
114883  -24.638  16.527  -1.967 0.1428571492
105308  -30.108  6.620  0.348 0.1428571492
106264  -29.894  6.970  0.111 0.1428571492
106265  -30.395  7.228  0.150 0.1428571492
113045  -24.561  14.081  -6.554 0.2857142985
114033  -23.895  14.825  -6.867 0.2857142985
114917  -24.740  16.794  -3.218 0.1428571492
114900  -24.959  16.990  -2.385 0.1428571492
114026  -23.652  15.119  -4.778 0.2857142985
114915  -23.217  16.204  -3.846 0.2857142985
111052  -25.397  12.863  -5.792 0.2857142985
100189  -24.521  1.462  -4.914 0.1428571492
99262  -24.255  0.568  -5.103 0.1428571492
112045  -25.553  13.462  -6.486 0.2857142985
103242  -24.532  3.797  -4.645 0.1428571492
109183  -22.932  10.457  -4.706 0.1428571492
110109  -23.695  11.146  -5.109 0.1428571492
105381  -22.556  6.164  -4.699 0.1428571492
106331  -21.753  7.355  -4.406 0.1428571492
104328  -22.130  5.179  -4.917 0.1428571492
107255  -21.428  7.829  -4.217 0.1428571492
107243  -21.074  8.128  -3.968 0.1428571492
108220  -21.786  9.176  -3.990 0.1428571492
102188  -24.007  3.491  -5.259 0.1428571492
108191  -21.378  9.573  -2.869 0.1428571492
108208  -22.136  9.704  -3.651 0.1428571492
101168  -23.538  2.477  -5.499 0.1428571492
110090  -22.738  11.410  -4.647 0.2857142985
110078  -21.694  11.700  -3.300 0.2857142985
111028  -23.623  12.966  -4.146 0.2857142985
110091  -23.388  11.797  -5.158 0.2857142985
112009  -21.762  13.955  -1.797 0.1428571492
114015  -22.702  15.674  -3.659 0.2857142985
112029  -23.889  13.196  -4.339 0.2857142985
112039  -24.709  13.308  -5.858 0.2857142985
112037  -23.638  14.004  -4.617 0.2857142985
113039  -23.927  13.751  -5.879 0.2857142985
111006  -21.630  13.085  -1.602 0.1428571492
113038  -23.568  14.243  -5.313 0.2857142985
114916  -24.098  16.430  -3.591 0.1428571492
116755  -27.401  18.575  -3.426 0.1428571492
111017  -23.012  13.032  -2.738 0.2857142985
113994  -24.209  15.721  -1.829 0.1428571492
87082  -21.083  -11.688  -3.085 0.1428571492
87084  -22.503  -11.300  -3.703 0.1428571492
88155  -20.498  -10.362  -2.821 0.1428571492
89153  -21.096  -9.325  -3.379 0.1428571492
88167  -21.657  -10.281  -3.714 0.1428571492
90157  -21.326  -8.421  -3.406 0.1428571492
88182  -22.101  -9.696  -4.189 0.1428571492
88169  -23.367  -10.305  -3.886 0.1428571492
90158  -21.894  -8.362  -4.020 0.1428571492
90170  -22.296  -8.649  -4.420 0.1428571492
89171  -23.480  -9.096  -4.097 0.1428571492
90171  -22.922  -8.324  -4.349 0.1428571492
91116  -21.528  -7.458  -3.543 0.1428571492
91117  -22.149  -7.420  -3.888 0.1428571492
91129  -23.381  -7.388  -4.369 0.1428571492
92004  -23.772  -6.435  -4.512 0.1428571492
95162  -24.249  -3.894  -4.933 0.1428571492
95173  -24.512  -3.353  -5.219 0.1428571492
88168  -22.620  -10.310  -3.759 0.1428571492
85979  -20.891  -12.113  -2.943 0.1428571492
87070  -21.013  -11.098  -2.962 0.1428571492
88166  -20.903  -10.023  -3.301 0.1428571492
112008  -21.650  14.288  -1.161 0.1428571492
96232  -24.858  -2.464  -5.040 0.1428571492
91130  -24.172  -7.397  -4.440 0.1428571492
87083  -21.606  -11.398  -3.396 0.1428571492
87085  -23.328  -11.161  -3.898 0.1428571492
89156  -23.289  -9.648  -3.895 0.1428571492
88156  -21.164  -10.629  -3.199 0.1428571492
89143  -20.437  -9.402  -2.970 0.1428571492
89154  -21.608  -9.243  -4.022 0.1428571492
89169  -21.979  -9.099  -4.492 0.1428571492
88183  -22.512  -9.751  -3.952 0.1428571492
90159  -22.385  -8.046  -4.172 0.1428571492
89170  -22.607  -9.277  -4.284 0.1428571492
91118  -22.694  -7.400  -4.185 0.1428571492
91104  -20.766  -7.541  -3.162 0.1428571492
87068  -19.732  -11.551  -2.241 0.1428571492
78616  -24.548  -19.506  0.924 0.1428571492
78644  -20.938  -18.750  -1.164 0.1428571492
83645  -33.129  -13.980  1.111 0.1428571492
85930  -26.650  -13.076  -1.009 0.1428571492
87086  -24.799  -11.555  -3.932 0.2857142985
88170  -25.528  -10.290  -3.833 0.5714285970
89155  -22.877  -9.810  -3.786 0.1428571492
90080  -35.287  -7.933  0.371 0.1428571492
90097  -35.438  -8.059  0.003 0.1428571492
91027  -34.796  -7.689  1.089 0.1428571492
91069  -35.480  -7.540  -0.533 0.1428571492
91091  -35.587  -7.378  -1.138 0.1428571492
91919  -35.152  -6.364  0.890 0.1428571492
91920  -35.294  -6.657  0.344 0.1428571492
91961  -35.738  -7.096  -0.860 0.1428571492
92859  -33.803  -6.164  1.477 0.1428571492
92903  -35.339  -6.133  -0.040 0.1428571492
92972  -26.054  -5.734  -3.984 0.4285714328
103237  -26.490  4.863  -3.005 0.8571428657
103257  -24.897  5.196  -4.849 0.2857142985
103258  -25.087  5.440  -4.853 0.2857142985
104311  -25.807  4.547  -3.476 0.5714285970
104319  -22.877  6.082  -4.707 0.1428571492
104327  -21.583  5.274  -4.714 0.1428571492
104331  -24.523  5.626  -4.907 0.1428571492
105380  -22.161  5.896  -4.712 0.1428571492
105384  -25.603  5.998  -4.726 0.2857142985
106283  -30.592  7.938  -0.178 0.1428571492
108175  -31.364  9.267  -0.691 0.1428571492
108207  -21.631  9.322  -3.510 0.1428571492
109158  -22.121  10.168  -3.398 0.1428571492
109161  -30.293  10.798  -1.735 0.4285714328
109197  -23.108  10.841  -4.952 0.1428571492
109198  -23.381  10.787  -4.931 0.1428571492
110071  -29.100  11.481  -2.821 0.7142857313
110073  -30.352  11.475  -1.835 0.2857142985
110108  -23.158  11.149  -5.093 0.1428571492
111000  -20.499  13.197  -1.032 0.1428571492
111020  -31.036  13.028  -2.250 0.2857142985
112018  -30.169  13.192  -2.754 0.7142857313
112027  -22.709  14.397  -3.547 0.2857142985
112028  -23.390  13.737  -3.902 0.2857142985
112032  -30.223  13.827  -2.814 0.1428571492
112055  -25.694  13.839  -6.973 0.4285714328
113032  -30.816  14.980  -3.128 0.1428571492
114016  -23.155  15.436  -4.228 0.2857142985
114029  -29.202  15.378  -4.250 0.4285714328
114035  -24.970  14.995  -7.855 0.5714285970
114898  -23.518  16.359  -2.875 0.1428571492
114903  -31.647  16.536  -2.798 0.1428571492
114914  -22.799  16.105  -3.449 0.2857142985
114922  -31.124  16.203  -3.207 0.1428571492
114934  -28.673  16.215  -4.763 0.4285714328
114971  -26.355  16.055  -8.094 0.7142857313
114978  -24.970  16.947  -9.317 0.7142857313
114979  -25.226  16.751  -9.153 0.2857142985
115835  -31.771  16.958  -2.809 0.1428571492
115854  -29.104  16.927  -4.831 0.4285714328
115874  -31.155  17.971  -4.738 0.1428571492
115891  -24.632  17.187  -6.603 0.7142857313
115910  -24.880  17.254  -9.176 0.4285714328
115911  -25.298  17.116  -9.375 0.2857142985
116826  -29.746  18.876  -7.751 0.1428571492
117612  -25.915  19.935  -3.745 0.1428571492
117699  -28.125  20.220  -10.598 0.1428571492
118445  -25.525  20.692  -5.742 0.2857142985
118446  -25.572  20.443  -5.500 0.1428571492
118473  -30.179  20.079  -9.393 0.1428571492
118485  -26.881  20.296  -9.682 0.1428571492
118487  -27.653  21.141  -9.607 0.1428571492
118498  -28.291  20.759  -10.629 0.1428571492
119283  -27.309  22.261  -6.113 0.1428571492
119298  -26.061  21.251  -7.287 0.2857142985
119323  -27.693  21.068  -10.295 0.1428571492
119334  -27.943  21.157  -10.503 0.1428571492
120074  -26.583  22.697  -5.909 0.1428571492
120105  -28.487  22.037  -10.226 0.1428571492
