#!ascii label  , from subject 3352 vox2ras=TkReg
1142
69540  27.401  -21.007  57.187 0.0000000000
83685  42.507  -8.741  46.747 0.0000000000
74818  34.248  -17.537  51.777 0.0000000000
52152  12.178  -37.407  65.437 0.0000000000
61763  23.951  -26.656  59.557 0.0000000000
79167  33.789  -12.151  51.124 0.0000000000
54341  18.889  -35.315  60.778 0.0000000000
51024  17.798  -39.723  64.210 0.0000000000
57504  21.175  -32.763  58.009 0.0000000000
84821  46.540  -7.836  45.919 0.0000000000
70643  31.374  -20.462  59.983 0.0000000000
67275  32.576  -23.784  57.310 0.0000000000
67219  29.870  -24.046  61.407 0.0000000000
89200  44.604  -3.793  45.684 0.0000000000
87150  48.025  -6.020  43.560 0.0000000000
84792  38.979  -7.400  48.186 0.0000000000
81388  41.766  -12.087  50.044 0.0000000000
80296  37.019  -11.657  48.862 0.0000000000
75808  38.200  -15.793  51.460 0.0000000000
59525  28.894  -31.046  55.159 0.0000000000
48711  11.276  -41.420  68.174 0.0000000000
46392  6.911  -42.612  69.355 0.0000000000
46279  4.567  -42.389  74.125 0.0000000000
67263  25.002  -22.991  58.416 0.0000000000
60675  24.218  -30.200  54.537 0.0000000000
71804  31.397  -19.407  54.705 0.0000000000
69554  36.038  -21.723  57.370 0.0000000000
90298  49.807  -2.180  42.199 0.0000000000
83698  44.476  -8.593  46.188 0.0000000000
81426  44.537  -11.009  48.227 0.0000000000
71736  29.685  -19.712  58.864 0.0000000000
68371  29.587  -22.296  58.692 0.0000000000
68358  28.390  -22.686  59.073 0.0000000000
85984  42.329  -6.451  47.349 0.0000000000
88154  44.166  -4.153  47.087 0.0000000000
86012  43.763  -6.161  45.788 0.0000000000
86010  45.403  -6.463  45.251 0.0000000000
40558  5.803  -47.042  73.450 0.0000000000
82564  37.794  -9.256  48.003 0.0000000000
82553  35.834  -9.013  49.231 0.0000000000
75826  33.750  -15.184  50.655 0.0000000000
76922  35.866  -14.809  49.773 0.0000000000
74816  36.394  -17.109  51.962 0.0000000000
73777  36.892  -18.500  54.366 0.0000000000
52150  14.254  -38.257  64.885 0.0000000000
49856  17.062  -40.526  66.620 0.0000000000
50974  13.763  -39.357  66.275 0.0000000000
50925  13.607  -40.497  68.645 0.0000000000
49858  11.800  -39.966  66.704 0.0000000000
48703  6.758  -40.447  69.419 0.0000000000
46321  4.950  -42.530  72.162 0.0000000000
65127  24.747  -24.700  59.359 0.0000000000
62976  24.855  -27.108  55.204 0.0000000000
61813  23.475  -27.304  56.679 0.0000000000
54361  22.701  -36.180  59.797 0.0000000000
57492  23.635  -33.979  59.111 0.0000000000
66163  33.444  -25.651  59.887 0.0000000000
67272  35.012  -23.393  57.463 0.0000000000
82499  34.953  -8.741  52.502 0.0000000000
79150  33.379  -12.558  52.678 0.0000000000
75803  32.116  -14.871  51.818 0.0000000000
52204  20.572  -37.611  60.869 0.0000000000
51021  21.566  -39.938  63.682 0.0000000000
52193  18.418  -37.509  62.114 0.0000000000
52184  15.459  -36.783  63.270 0.0000000000
54286  12.861  -35.500  64.976 0.0000000000
60622  21.502  -28.490  58.145 0.0000000000
59449  20.350  -29.937  59.303 0.0000000000
56568  20.221  -33.557  59.025 0.0000000000
69513  34.200  -21.035  58.978 0.0000000000
69557  32.880  -21.051  57.179 0.0000000000
68387  31.542  -22.207  57.600 0.0000000000
67246  31.011  -24.109  59.549 0.0000000000
88182  47.872  -3.545  44.170 0.0000000000
88203  46.199  -4.197  44.468 0.0000000000
86008  47.752  -6.777  45.483 0.0000000000
83686  41.430  -8.379  47.135 0.0000000000
81443  42.159  -10.766  47.181 0.0000000000
81446  39.725  -9.982  47.473 0.0000000000
80294  39.481  -12.242  48.896 0.0000000000
79164  39.411  -13.037  51.025 0.0000000000
80298  35.024  -11.618  49.483 0.0000000000
79166  37.705  -13.824  50.398 0.0000000000
66244  27.822  -24.969  55.599 0.0000000000
64061  28.917  -26.095  57.869 0.0000000000
84772  41.630  -6.012  49.126 0.0000000000
52129  9.420  -37.261  66.561 0.0000000000
48724  8.929  -40.189  67.284 0.0000000000
47592  9.292  -42.300  68.643 0.0000000000
46343  9.137  -43.420  71.512 0.0000000000
43947  7.009  -44.633  71.628 0.0000000000
43938  5.074  -44.684  72.195 0.0000000000
43918  4.190  -44.530  74.275 0.0000000000
42725  3.204  -45.302  75.786 0.0000000000
69542  25.266  -20.941  57.791 0.0000000000
65195  26.108  -25.302  54.366 0.0000000000
59527  26.601  -30.934  54.638 0.0000000000
59510  22.494  -30.601  56.172 0.0000000000
72817  32.132  -18.231  52.526 0.0000000000
70716  32.466  -21.099  55.129 0.0000000000
69609  34.398  -21.494  54.729 0.0000000000
72776  35.341  -19.281  54.587 0.0000000000
64030  29.824  -26.239  60.593 0.0000000000
90314  50.622  -2.159  39.699 0.0000000000
88214  48.928  -4.715  42.662 0.0000000000
88217  50.404  -4.298  41.173 0.0000000000
82585  43.938  -9.216  46.402 0.0000000000
82584  44.698  -9.463  46.575 0.0000000000
82572  43.820  -10.091  46.730 0.0000000000
70647  28.320  -20.386  58.485 0.0000000000
69519  28.638  -21.649  58.618 0.0000000000
68390  27.562  -22.088  57.967 0.0000000000
84825  42.697  -7.450  46.645 0.0000000000
85983  42.879  -5.988  46.796 0.0000000000
84824  43.197  -7.490  46.364 0.0000000000
84823  44.139  -7.517  46.032 0.0000000000
41671  4.516  -46.839  73.270 0.0000000000
84763  36.783  -7.565  50.127 0.0000000000
83640  35.849  -7.453  50.988 0.0000000000
74829  33.989  -16.582  51.247 0.0000000000
75811  34.720  -16.149  50.643 0.0000000000
74817  35.388  -17.429  51.790 0.0000000000
74805  36.824  -17.813  52.767 0.0000000000
73792  36.013  -18.349  53.128 0.0000000000
53225  12.934  -37.412  65.411 0.0000000000
52124  13.976  -38.802  65.735 0.0000000000
52126  12.540  -38.146  65.688 0.0000000000
50958  12.823  -39.941  67.110 0.0000000000
50976  12.054  -39.349  66.240 0.0000000000
64048  24.567  -25.602  59.506 0.0000000000
62927  24.431  -26.370  57.858 0.0000000000
62928  23.733  -26.693  57.928 0.0000000000
53268  23.217  -37.107  61.821 0.0000000000
72747  33.151  -18.718  58.285 0.0000000000
66162  34.615  -25.228  59.615 0.0000000000
76904  32.555  -14.047  51.883 0.0000000000
75794  32.044  -14.318  53.445 0.0000000000
53280  19.855  -37.064  60.546 0.0000000000
52192  19.078  -38.136  61.768 0.0000000000
54327  18.475  -36.036  61.377 0.0000000000
54314  15.722  -35.256  62.778 0.0000000000
54297  14.656  -35.380  63.638 0.0000000000
53251  14.235  -36.314  63.924 0.0000000000
60589  21.136  -27.837  60.064 0.0000000000
56556  19.003  -33.166  60.481 0.0000000000
57479  19.534  -32.256  60.065 0.0000000000
54364  19.522  -35.106  60.092 0.0000000000
53296  20.770  -36.702  59.765 0.0000000000
69536  32.846  -21.635  58.209 0.0000000000
69516  31.443  -21.193  58.661 0.0000000000
68356  29.457  -23.066  59.469 0.0000000000
68370  30.249  -22.723  58.793 0.0000000000
67231  30.424  -23.949  60.503 0.0000000000
67230  31.077  -24.272  61.131 0.0000000000
67218  30.487  -24.042  61.661 0.0000000000
89187  44.435  -3.635  46.429 0.0000000000
89229  46.447  -3.259  44.531 0.0000000000
88184  45.595  -4.490  44.965 0.0000000000
84836  45.978  -7.048  45.323 0.0000000000
86009  46.545  -6.449  45.181 0.0000000000
85998  47.337  -7.087  45.880 0.0000000000
83672  39.797  -7.441  47.622 0.0000000000
82575  40.725  -9.299  47.074 0.0000000000
83688  39.322  -8.409  47.430 0.0000000000
81433  37.163  -9.961  48.424 0.0000000000
81432  38.311  -10.744  48.074 0.0000000000
80295  38.230  -11.668  48.754 0.0000000000
79197  39.564  -12.613  49.528 0.0000000000
79179  38.621  -13.190  49.922 0.0000000000
81369  33.727  -10.254  51.515 0.0000000000
82539  34.280  -10.065  50.747 0.0000000000
80277  34.093  -11.547  50.388 0.0000000000
75822  37.009  -15.319  50.322 0.0000000000
78081  36.420  -14.021  49.928 0.0000000000
76910  38.144  -14.978  51.045 0.0000000000
78068  38.746  -14.056  51.260 0.0000000000
61811  28.564  -27.575  55.126 0.0000000000
61810  28.978  -28.095  55.727 0.0000000000
84774  39.723  -6.218  48.948 0.0000000000
84791  39.815  -6.856  48.108 0.0000000000
84790  41.107  -6.603  48.224 0.0000000000
51023  19.041  -39.632  63.837 0.0000000000
50999  18.732  -40.273  64.773 0.0000000000
49816  12.561  -40.640  68.383 0.0000000000
49779  13.472  -40.583  70.262 0.0000000000
49781  12.461  -41.307  70.186 0.0000000000
47572  11.496  -41.627  69.817 0.0000000000
50945  8.759  -37.900  67.910 0.0000000000
50960  8.933  -38.381  66.976 0.0000000000
49819  8.160  -39.290  68.018 0.0000000000
48704  6.531  -41.205  69.528 0.0000000000
47609  7.759  -41.234  68.466 0.0000000000
46391  7.857  -42.748  69.288 0.0000000000
46366  8.887  -43.413  70.054 0.0000000000
46367  7.448  -43.428  69.746 0.0000000000
45139  8.435  -43.800  71.112 0.0000000000
45158  6.917  -43.808  70.336 0.0000000000
46299  4.732  -42.467  73.188 0.0000000000
45124  5.248  -43.878  71.696 0.0000000000
45105  4.805  -43.491  72.679 0.0000000000
43928  4.488  -44.665  73.103 0.0000000000
45094  4.500  -43.569  73.977 0.0000000000
70612  24.876  -19.897  61.868 0.0000000000
71727  25.225  -19.319  60.417 0.0000000000
68392  24.929  -21.856  57.912 0.0000000000
67315  25.754  -23.743  55.377 0.0000000000
66229  25.311  -24.287  55.553 0.0000000000
61855  24.335  -28.433  54.453 0.0000000000
61854  25.254  -28.592  53.887 0.0000000000
60674  25.173  -30.270  54.585 0.0000000000
59466  20.853  -30.791  58.114 0.0000000000
60659  21.497  -29.875  56.693 0.0000000000
58466  21.467  -32.078  56.964 0.0000000000
58445  24.594  -32.742  58.353 0.0000000000
81411  42.154  -11.878  48.949 0.0000000000
81410  43.100  -11.719  49.040 0.0000000000
81387  42.565  -11.811  49.991 0.0000000000
74782  31.124  -16.755  54.687 0.0000000000
73796  31.245  -17.257  53.014 0.0000000000
72806  31.452  -18.502  53.202 0.0000000000
69580  32.843  -21.994  56.813 0.0000000000
69579  33.034  -21.968  56.131 0.0000000000
67292  33.264  -23.306  56.627 0.0000000000
68407  35.565  -22.695  57.394 0.0000000000
68454  34.804  -22.481  55.900 0.0000000000
69555  35.563  -21.880  56.704 0.0000000000
71800  34.856  -20.337  54.473 0.0000000000
70699  35.669  -20.978  55.960 0.0000000000
71775  36.312  -19.491  56.220 0.0000000000
64047  28.940  -26.221  58.948 0.0000000000
91385  50.282  -1.604  41.068 0.0000000000
87138  48.192  -5.088  43.493 0.0000000000
88201  48.201  -4.209  43.546 0.0000000000
87149  48.546  -5.610  43.158 0.0000000000
87157  50.304  -6.089  41.737 0.0000000000
86054  50.910  -6.162  41.555 0.0000000000
55487  18.315  -34.105  61.130 0.0000000000
54343  17.426  -35.024  61.647 0.0000000000
83697  45.497  -8.801  46.256 0.0000000000
83683  46.794  -9.128  47.523 0.0000000000
82582  46.251  -9.515  47.325 0.0000000000
71735  30.271  -19.867  58.853 0.0000000000
69517  30.209  -21.422  58.509 0.0000000000
70645  29.942  -20.513  58.662 0.0000000000
69501  29.044  -22.341  58.928 0.0000000000
67232  28.905  -23.793  60.077 0.0000000000
87100  43.940  -4.227  48.828 0.0000000000
87112  43.445  -5.060  47.253 0.0000000000
88155  43.736  -4.781  46.451 0.0000000000
88169  43.954  -5.028  45.812 0.0000000000
88185  44.726  -4.775  45.528 0.0000000000
86011  44.385  -6.665  45.626 0.0000000000
84822  45.125  -7.956  45.811 0.0000000000
42750  6.741  -45.881  73.397 0.0000000000
85957  38.420  -6.787  49.605 0.0000000000
83674  38.619  -8.333  47.724 0.0000000000
84777  37.387  -7.509  49.070 0.0000000000
82565  36.796  -8.906  48.507 0.0000000000
81416  36.267  -10.417  48.949 0.0000000000
78084  33.552  -14.205  50.814 0.0000000000
78083  34.098  -13.481  50.411 0.0000000000
76923  34.801  -14.633  50.044 0.0000000000
75810  35.824  -16.072  50.967 0.0000000000
75800  37.011  -16.490  51.653 0.0000000000
74804  37.878  -17.451  53.050 0.0000000000
73776  37.513  -18.434  54.988 0.0000000000
57539  28.541  -32.848  56.245 0.0000000000
51026  15.803  -38.788  64.158 0.0000000000
51001  16.929  -39.953  65.005 0.0000000000
51003  14.973  -39.246  65.244 0.0000000000
50955  14.955  -40.120  66.834 0.0000000000
49837  15.051  -40.005  67.682 0.0000000000
50943  12.696  -40.455  67.791 0.0000000000
49838  11.604  -40.320  67.070 0.0000000000
49799  7.814  -38.828  69.235 0.0000000000
48690  6.400  -40.004  70.585 0.0000000000
47577  5.696  -41.730  70.663 0.0000000000
46369  5.693  -42.653  70.600 0.0000000000
47557  5.412  -41.112  71.622 0.0000000000
47522  4.846  -41.723  72.846 0.0000000000
47503  4.645  -41.510  73.588 0.0000000000
66183  25.141  -24.063  59.226 0.0000000000
65164  25.205  -25.168  56.175 0.0000000000
64078  24.978  -25.972  56.924 0.0000000000
62977  23.963  -27.260  55.435 0.0000000000
61835  22.945  -28.603  55.356 0.0000000000
55534  22.036  -34.636  58.355 0.0000000000
56595  22.424  -33.704  57.597 0.0000000000
56567  23.284  -34.688  59.423 0.0000000000
81367  40.931  -11.390  50.847 0.0000000000
72765  31.715  -18.910  56.110 0.0000000000
66178  33.550  -24.845  58.862 0.0000000000
67259  34.041  -23.932  57.640 0.0000000000
66177  34.601  -24.420  58.624 0.0000000000
66176  35.361  -24.235  58.815 0.0000000000
90281  49.971  -1.943  43.897 0.0000000000
40538  2.816  -47.144  75.071 0.0000000000
82485  34.612  -9.241  52.982 0.0000000000
80252  33.752  -10.636  52.971 0.0000000000
79157  33.543  -12.330  52.263 0.0000000000
78071  33.302  -13.660  51.342 0.0000000000
75814  32.657  -14.849  51.472 0.0000000000
74819  32.978  -17.033  51.636 0.0000000000
52189  22.775  -37.824  62.208 0.0000000000
51020  22.830  -39.130  63.729 0.0000000000
51054  20.706  -38.658  62.576 0.0000000000
52180  19.399  -38.536  62.583 0.0000000000
52166  18.271  -39.063  63.516 0.0000000000
53272  17.146  -36.075  62.041 0.0000000000
53260  16.886  -36.829  62.449 0.0000000000
52168  16.367  -38.329  63.575 0.0000000000
52169  15.336  -37.706  63.973 0.0000000000
53238  13.773  -36.786  64.501 0.0000000000
53240  12.391  -36.660  65.259 0.0000000000
61765  22.429  -27.368  58.242 0.0000000000
60607  21.953  -27.618  59.141 0.0000000000
60623  20.925  -29.417  58.588 0.0000000000
58447  20.514  -31.928  58.573 0.0000000000
58410  19.546  -31.189  60.179 0.0000000000
58430  19.891  -31.603  59.382 0.0000000000
57505  20.573  -32.908  58.635 0.0000000000
54385  21.045  -35.447  59.017 0.0000000000
53295  22.024  -36.996  59.661 0.0000000000
70659  33.878  -20.223  58.948 0.0000000000
70675  33.864  -19.972  57.956 0.0000000000
69534  33.898  -20.804  58.031 0.0000000000
69558  32.581  -21.894  57.340 0.0000000000
68409  32.095  -22.690  57.178 0.0000000000
68369  30.965  -23.058  58.082 0.0000000000
67260  31.865  -24.256  57.949 0.0000000000
66179  32.238  -24.851  59.094 0.0000000000
66150  32.478  -25.262  61.520 0.0000000000
90282  47.651  -2.830  44.699 0.0000000000
88202  47.176  -4.135  44.026 0.0000000000
87140  46.751  -5.156  44.328 0.0000000000
87130  45.535  -5.528  45.177 0.0000000000
86020  46.703  -5.825  44.661 0.0000000000
82573  42.754  -9.990  46.716 0.0000000000
82574  41.784  -9.609  47.011 0.0000000000
81444  41.161  -10.477  47.265 0.0000000000
81430  40.520  -11.295  47.727 0.0000000000
82563  38.899  -9.558  47.605 0.0000000000
80312  39.871  -11.397  47.902 0.0000000000
81413  40.543  -12.371  49.440 0.0000000000
81390  40.756  -12.162  50.484 0.0000000000
80262  40.367  -12.359  50.760 0.0000000000
82537  35.481  -8.456  50.576 0.0000000000
82554  35.240  -9.942  49.470 0.0000000000
80297  35.939  -11.544  49.222 0.0000000000
79182  34.981  -12.908  49.687 0.0000000000
79181  36.033  -13.153  49.612 0.0000000000
79200  36.625  -12.417  49.393 0.0000000000
79165  38.312  -13.646  50.508 0.0000000000
68435  27.089  -22.662  56.552 0.0000000000
66197  27.924  -23.634  57.504 0.0000000000
64076  28.754  -25.962  56.600 0.0000000000
60620  29.798  -28.455  57.763 0.0000000000
85969  42.117  -6.171  48.333 0.0000000000
85985  41.700  -6.633  47.688 0.0000000000
54278  10.736  -35.625  66.126 0.0000000000
53229  9.516  -36.288  66.690 0.0000000000
52128  10.467  -37.624  66.012 0.0000000000
50978  9.912  -38.560  66.360 0.0000000000
49840  9.507  -39.680  66.671 0.0000000000
48712  10.400  -41.313  67.863 0.0000000000
48714  8.139  -40.459  67.824 0.0000000000
47608  8.669  -41.562  68.127 0.0000000000
47591  10.333  -42.176  68.728 0.0000000000
47574  10.622  -42.271  69.945 0.0000000000
46342  9.946  -43.013  71.219 0.0000000000
43936  7.429  -44.736  72.197 0.0000000000
45142  5.508  -43.955  71.060 0.0000000000
43937  6.342  -44.787  71.834 0.0000000000
42762  6.051  -45.424  72.433 0.0000000000
42763  5.241  -45.506  72.393 0.0000000000
42752  4.800  -45.834  72.856 0.0000000000
41660  3.723  -46.567  73.773 0.0000000000
45087  4.228  -43.542  74.754 0.0000000000
42733  3.964  -45.259  74.617 0.0000000000
42734  3.336  -45.476  75.066 0.0000000000
71749  27.042  -19.626  58.225 0.0000000000
71726  26.085  -18.640  60.234 0.0000000000
70678  26.160  -20.443  57.625 0.0000000000
68436  26.340  -22.575  56.352 0.0000000000
66259  27.261  -25.165  54.602 0.0000000000
61852  27.988  -28.698  54.019 0.0000000000
64119  25.485  -26.394  54.511 0.0000000000
63012  26.964  -28.186  53.448 0.0000000000
58514  28.044  -31.145  54.662 0.0000000000
61785  22.441  -27.882  57.375 0.0000000000
61836  22.390  -28.846  56.035 0.0000000000
59531  22.996  -30.460  55.459 0.0000000000
57542  22.980  -32.639  56.551 0.0000000000
58485  23.811  -32.155  56.529 0.0000000000
59508  24.694  -31.610  56.354 0.0000000000
81442  43.189  -10.971  47.132 0.0000000000
75786  31.486  -15.040  53.813 0.0000000000
73808  31.861  -17.211  52.472 0.0000000000
73807  33.214  -17.943  52.553 0.0000000000
71777  33.008  -19.506  56.780 0.0000000000
71778  32.289  -19.655  56.133 0.0000000000
70717  32.042  -20.431  54.995 0.0000000000
68432  34.410  -23.061  56.298 0.0000000000
69595  33.856  -21.998  55.045 0.0000000000
70732  31.914  -20.301  53.999 0.0000000000
71802  33.323  -19.856  53.539 0.0000000000
72791  34.169  -19.289  53.346 0.0000000000
73780  34.768  -18.776  53.363 0.0000000000
72789  35.625  -18.805  54.302 0.0000000000
67261  28.291  -23.697  58.581 0.0000000000
66166  28.804  -24.597  59.978 0.0000000000
66153  29.388  -24.675  60.896 0.0000000000
64018  30.084  -26.331  61.616 0.0000000000
66135  29.916  -25.023  61.783 0.0000000000
91395  51.585  -1.240  39.306 0.0000000000
89227  49.228  -2.902  43.654 0.0000000000
89238  49.242  -3.116  42.906 0.0000000000
87158  49.450  -5.761  42.142 0.0000000000
87170  49.769  -4.806  41.754 0.0000000000
89248  49.914  -3.472  41.195 0.0000000000
88225  50.613  -3.878  40.718 0.0000000000
89250  51.041  -3.536  39.941 0.0000000000
83699  43.482  -8.421  46.408 0.0000000000
83684  43.277  -9.332  46.490 0.0000000000
70660  27.478  -20.231  57.989 0.0000000000
69520  28.227  -21.228  57.899 0.0000000000
83700  42.786  -7.921  46.606 0.0000000000
40549  4.020  -47.800  73.775 0.0000000000
74828  35.010  -16.855  51.207 0.0000000000
74807  34.965  -17.940  52.241 0.0000000000
74806  35.748  -17.769  52.527 0.0000000000
53226  12.543  -37.396  65.412 0.0000000000
52125  13.397  -38.386  65.596 0.0000000000
52127  11.553  -37.900  65.599 0.0000000000
62912  24.704  -26.021  59.778 0.0000000000
62914  23.925  -26.476  58.418 0.0000000000
61764  23.459  -26.856  58.715 0.0000000000
53258  23.455  -37.173  62.683 0.0000000000
54312  23.471  -36.310  62.340 0.0000000000
72746  33.490  -18.960  58.726 0.0000000000
53281  19.308  -36.271  61.014 0.0000000000
55508  18.972  -34.395  60.310 0.0000000000
54340  19.699  -36.052  60.197 0.0000000000
69515  32.657  -20.985  58.848 0.0000000000
68343  29.616  -23.682  60.509 0.0000000000
68355  29.955  -23.478  59.992 0.0000000000
68342  29.949  -23.995  60.831 0.0000000000
89199  44.690  -2.955  46.079 0.0000000000
89213  45.406  -3.320  45.103 0.0000000000
89214  45.036  -4.080  45.301 0.0000000000
84820  47.436  -7.358  46.383 0.0000000000
42749  7.524  -45.168  73.357 0.0000000000
83673  39.435  -7.695  47.664 0.0000000000
81415  37.489  -10.946  48.547 0.0000000000
81414  38.009  -11.116  48.450 0.0000000000
79198  38.905  -12.610  49.355 0.0000000000
79199  37.801  -12.470  49.389 0.0000000000
80263  33.661  -11.167  51.103 0.0000000000
81392  34.043  -10.719  50.537 0.0000000000
75809  37.147  -15.773  50.996 0.0000000000
76911  37.527  -14.971  50.379 0.0000000000
61832  28.778  -29.032  54.777 0.0000000000
60657  29.604  -29.254  55.699 0.0000000000
60671  29.300  -30.674  55.359 0.0000000000
85955  39.337  -6.557  48.744 0.0000000000
85971  39.451  -6.753  48.471 0.0000000000
49817  11.889  -40.953  68.033 0.0000000000
49797  12.501  -40.847  69.217 0.0000000000
49798  12.093  -41.163  69.329 0.0000000000
48689  11.932  -41.578  70.010 0.0000000000
48701  11.532  -41.404  69.108 0.0000000000
50946  8.369  -38.349  68.471 0.0000000000
47594  7.116  -41.685  69.028 0.0000000000
45157  7.877  -43.917  70.464 0.0000000000
46368  6.266  -42.915  69.988 0.0000000000
45093  4.644  -43.136  73.471 0.0000000000
45106  4.649  -43.783  73.226 0.0000000000
68359  25.021  -22.317  60.296 0.0000000000
69488  24.949  -21.464  61.390 0.0000000000
68374  24.897  -22.050  59.129 0.0000000000
69503  25.088  -21.194  59.981 0.0000000000
67278  24.976  -22.869  56.995 0.0000000000
66212  25.028  -24.073  56.560 0.0000000000
60694  24.016  -29.295  54.551 0.0000000000
60693  24.757  -29.363  54.349 0.0000000000
59528  25.712  -31.155  54.963 0.0000000000
59529  24.829  -31.023  55.216 0.0000000000
58446  21.104  -31.875  57.997 0.0000000000
72777  31.265  -18.706  55.315 0.0000000000
73766  31.151  -17.722  55.054 0.0000000000
73781  30.971  -17.613  53.950 0.0000000000
72792  31.159  -18.600  54.347 0.0000000000
68434  32.738  -22.831  56.641 0.0000000000
67293  32.970  -23.455  56.893 0.0000000000
68406  36.358  -22.335  57.830 0.0000000000
70674  35.817  -21.279  56.852 0.0000000000
70673  36.374  -20.697  57.114 0.0000000000
91377  50.185  -1.387  42.033 0.0000000000
90304  49.892  -2.166  41.401 0.0000000000
87139  47.780  -5.357  43.798 0.0000000000
56538  18.093  -32.748  61.631 0.0000000000
56539  17.603  -33.582  61.732 0.0000000000
56523  17.297  -32.964  62.607 0.0000000000
83696  46.375  -8.979  46.749 0.0000000000
82583  45.624  -9.589  46.906 0.0000000000
82571  44.843  -10.267  47.358 0.0000000000
82570  45.715  -9.906  47.764 0.0000000000
71722  30.278  -19.491  59.426 0.0000000000
70646  29.132  -20.509  58.539 0.0000000000
68372  28.427  -22.362  59.018 0.0000000000
69502  28.676  -22.364  59.003 0.0000000000
68357  28.815  -22.968  59.355 0.0000000000
67233  28.592  -23.238  59.302 0.0000000000
85968  42.748  -5.669  47.791 0.0000000000
86000  43.506  -6.662  46.102 0.0000000000
87122  43.477  -5.585  46.177 0.0000000000
87132  44.026  -5.731  45.627 0.0000000000
84838  44.731  -7.393  45.634 0.0000000000
41669  6.120  -46.632  73.414 0.0000000000
84761  38.200  -6.825  50.118 0.0000000000
84776  38.054  -7.151  49.210 0.0000000000
83655  36.499  -7.940  49.946 0.0000000000
83666  36.679  -8.341  48.952 0.0000000000
81434  36.460  -9.546  48.707 0.0000000000
76924  33.983  -14.622  50.454 0.0000000000
74827  35.822  -16.794  51.459 0.0000000000
75801  36.444  -16.449  51.406 0.0000000000
74815  37.462  -16.865  52.233 0.0000000000
73791  36.692  -18.397  53.482 0.0000000000
74794  37.315  -18.091  53.536 0.0000000000
73763  37.464  -18.421  55.683 0.0000000000
85942  38.649  -6.588  49.719 0.0000000000
52149  15.216  -38.713  64.639 0.0000000000
51002  15.850  -39.526  64.951 0.0000000000
50973  14.468  -39.458  65.990 0.0000000000
50956  14.298  -40.118  67.094 0.0000000000
50957  13.545  -39.962  67.085 0.0000000000
50959  12.182  -40.248  67.230 0.0000000000
48681  6.032  -40.496  71.292 0.0000000000
48691  6.132  -40.899  70.132 0.0000000000
66167  25.158  -24.349  60.406 0.0000000000
67222  24.849  -23.372  61.326 0.0000000000
67235  25.053  -23.374  60.541 0.0000000000
65137  24.682  -24.851  58.528 0.0000000000
64062  24.857  -25.685  57.913 0.0000000000
61783  23.843  -26.854  57.140 0.0000000000
61812  23.821  -26.950  56.553 0.0000000000
62953  23.665  -27.154  56.121 0.0000000000
62978  23.369  -27.722  55.738 0.0000000000
54383  22.685  -35.729  59.266 0.0000000000
55533  22.432  -34.703  58.498 0.0000000000
55506  23.078  -35.364  59.740 0.0000000000
73751  31.555  -18.211  56.942 0.0000000000
72764  32.303  -18.829  57.049 0.0000000000
66147  35.731  -24.814  60.568 0.0000000000
66161  35.527  -24.587  59.311 0.0000000000
40539  2.393  -46.905  75.259 0.0000000000
81337  34.259  -9.554  52.877 0.0000000000
79158  33.404  -12.644  52.406 0.0000000000
78061  33.423  -12.720  52.017 0.0000000000
78062  33.174  -12.986  52.265 0.0000000000
75802  32.065  -14.321  52.548 0.0000000000
76905  32.464  -14.569  51.704 0.0000000000
74830  33.080  -16.052  51.301 0.0000000000
74820  32.072  -16.038  51.911 0.0000000000
52203  21.555  -37.779  61.124 0.0000000000
52190  21.882  -38.236  61.879 0.0000000000
52191  20.491  -38.159  61.959 0.0000000000
52181  18.254  -38.360  62.699 0.0000000000
54329  16.872  -35.263  61.907 0.0000000000
54328  17.611  -35.724  61.635 0.0000000000
53262  15.130  -35.972  62.971 0.0000000000
53261  15.921  -36.359  62.740 0.0000000000
52183  16.206  -37.286  63.209 0.0000000000
53250  14.804  -36.576  63.553 0.0000000000
54299  13.368  -35.487  64.583 0.0000000000
54285  13.323  -36.006  64.574 0.0000000000
53239  13.129  -36.628  64.992 0.0000000000
61739  22.878  -27.297  59.829 0.0000000000
60588  22.343  -27.311  60.536 0.0000000000
60590  20.224  -28.834  59.808 0.0000000000
60608  21.016  -28.482  59.122 0.0000000000
60609  20.611  -29.150  59.186 0.0000000000
59467  20.169  -30.973  58.893 0.0000000000
56555  19.770  -33.164  59.738 0.0000000000
57493  20.099  -32.577  59.251 0.0000000000
55521  20.590  -34.621  58.798 0.0000000000
52227  20.626  -37.220  60.353 0.0000000000
52226  21.324  -37.400  60.291 0.0000000000
52202  22.586  -37.653  61.360 0.0000000000
69537  32.079  -21.606  58.032 0.0000000000
68410  32.053  -21.960  57.388 0.0000000000
68388  29.926  -22.036  58.485 0.0000000000
67247  30.325  -23.574  59.687 0.0000000000
67245  31.440  -24.029  58.535 0.0000000000
68368  31.416  -23.692  57.993 0.0000000000
66180  31.862  -24.729  59.953 0.0000000000
66151  31.746  -24.881  61.790 0.0000000000
66165  31.728  -24.775  60.735 0.0000000000
88153  44.364  -3.591  48.043 0.0000000000
90268  47.924  -2.366  45.156 0.0000000000
90283  47.217  -2.728  44.673 0.0000000000
87131  44.683  -5.742  45.341 0.0000000000
86019  47.404  -6.227  44.374 0.0000000000
81445  40.215  -10.175  47.368 0.0000000000
80314  38.835  -11.554  48.450 0.0000000000
80313  39.350  -11.453  48.187 0.0000000000
80293  40.152  -11.919  48.411 0.0000000000
80276  40.142  -12.541  49.868 0.0000000000
79178  39.604  -12.889  50.044 0.0000000000
82517  35.450  -8.218  51.754 0.0000000000
82518  34.802  -8.900  51.454 0.0000000000
81391  34.562  -10.301  49.949 0.0000000000
81417  35.158  -10.804  49.351 0.0000000000
78082  35.324  -13.875  49.636 0.0000000000
78080  37.281  -14.186  50.264 0.0000000000
79180  37.352  -13.356  49.922 0.0000000000
66227  27.836  -24.373  55.943 0.0000000000
65163  28.446  -24.910  56.508 0.0000000000
65179  28.208  -25.264  55.961 0.0000000000
60637  30.167  -29.634  56.561 0.0000000000
60638  29.875  -28.680  56.669 0.0000000000
84789  41.656  -6.372  48.526 0.0000000000
84808  41.166  -7.260  47.398 0.0000000000
84807  42.148  -7.456  47.008 0.0000000000
49883  23.016  -39.660  64.217 0.0000000000
50970  17.225  -40.422  65.799 0.0000000000
49795  14.020  -40.468  69.096 0.0000000000
54288  11.398  -35.871  65.676 0.0000000000
52107  8.918  -37.353  67.343 0.0000000000
53211  9.070  -36.257  67.378 0.0000000000
53228  10.171  -36.522  66.275 0.0000000000
49841  8.692  -39.339  67.296 0.0000000000
48723  9.735  -40.636  67.140 0.0000000000
49800  7.252  -39.662  69.134 0.0000000000
49820  7.652  -39.695  68.488 0.0000000000
48715  7.427  -40.405  68.660 0.0000000000
47593  8.294  -42.197  68.804 0.0000000000
47607  9.587  -41.690  68.170 0.0000000000
47575  9.744  -42.726  69.427 0.0000000000
46365  10.082  -42.800  70.354 0.0000000000
45140  7.497  -44.272  71.339 0.0000000000
46345  5.413  -43.084  71.082 0.0000000000
46344  5.850  -43.294  70.437 0.0000000000
42742  4.068  -45.644  73.633 0.0000000000
45079  4.028  -43.268  75.137 0.0000000000
43910  4.039  -44.461  75.247 0.0000000000
43911  3.542  -44.903  75.465 0.0000000000
41641  2.912  -45.629  76.107 0.0000000000
71738  27.566  -19.234  58.737 0.0000000000
70648  25.042  -20.097  59.578 0.0000000000
71740  25.535  -19.198  59.366 0.0000000000
70662  25.563  -19.988  58.383 0.0000000000
71751  25.879  -19.202  58.749 0.0000000000
69562  25.842  -20.930  57.427 0.0000000000
68413  25.648  -21.746  56.942 0.0000000000
66247  25.890  -24.436  54.883 0.0000000000
66246  26.656  -24.422  54.902 0.0000000000
65194  27.038  -25.570  54.304 0.0000000000
64117  27.548  -26.390  54.385 0.0000000000
62996  27.356  -27.558  53.850 0.0000000000
64099  25.098  -26.167  55.685 0.0000000000
61853  25.955  -29.055  53.683 0.0000000000
61872  25.944  -28.461  53.488 0.0000000000
60691  26.607  -29.655  54.121 0.0000000000
60690  27.681  -29.591  54.020 0.0000000000
59526  27.457  -31.071  54.632 0.0000000000
58500  27.810  -31.666  55.191 0.0000000000
58501  27.110  -31.480  55.150 0.0000000000
60621  21.804  -27.636  58.279 0.0000000000
61786  21.956  -28.420  57.456 0.0000000000
59511  21.831  -30.336  56.532 0.0000000000
60658  21.995  -29.594  56.348 0.0000000000
60677  22.545  -29.643  55.588 0.0000000000
59509  23.408  -31.242  56.023 0.0000000000
57503  23.459  -33.821  57.892 0.0000000000
57523  22.726  -33.063  57.048 0.0000000000
58444  25.064  -32.457  58.419 0.0000000000
58464  24.279  -32.577  57.331 0.0000000000
58463  24.919  -32.295  57.879 0.0000000000
58484  24.696  -32.175  57.056 0.0000000000
74795  31.035  -15.850  54.258 0.0000000000
72818  31.590  -17.734  52.723 0.0000000000
73795  31.429  -16.923  52.814 0.0000000000
72816  32.726  -18.627  52.512 0.0000000000
69556  33.416  -20.487  57.638 0.0000000000
71760  33.342  -19.419  57.656 0.0000000000
70676  33.223  -20.152  57.189 0.0000000000
70700  32.792  -20.621  55.950 0.0000000000
70701  32.326  -20.158  55.629 0.0000000000
67273  34.386  -23.660  57.059 0.0000000000
67291  33.804  -23.413  56.587 0.0000000000
69594  34.816  -21.847  55.372 0.0000000000
69610  33.616  -21.410  54.535 0.0000000000
69611  32.898  -21.111  54.420 0.0000000000
70731  32.756  -20.428  54.036 0.0000000000
71803  32.510  -19.957  53.605 0.0000000000
70730  33.539  -20.678  54.086 0.0000000000
71788  35.006  -19.769  54.375 0.0000000000
71801  34.319  -20.003  54.010 0.0000000000
73794  34.143  -18.521  52.994 0.0000000000
72790  35.028  -19.277  53.866 0.0000000000
73779  35.439  -18.658  53.579 0.0000000000
72762  36.259  -19.015  55.860 0.0000000000
65149  28.646  -25.059  57.342 0.0000000000
66196  28.305  -24.147  57.864 0.0000000000
65135  28.726  -25.254  58.437 0.0000000000
64039  29.432  -26.199  59.843 0.0000000000
65125  28.870  -25.417  59.500 0.0000000000
65116  29.372  -25.487  60.526 0.0000000000
67204  30.227  -24.404  62.150 0.0000000000
91392  50.728  -1.380  40.169 0.0000000000
91391  51.299  -0.905  39.987 0.0000000000
91396  50.976  -1.699  39.573 0.0000000000
89255  51.084  -2.936  39.423 0.0000000000
88181  48.507  -3.075  44.376 0.0000000000
88211  48.751  -4.639  42.937 0.0000000000
88210  48.827  -3.695  43.220 0.0000000000
88213  49.093  -4.398  42.379 0.0000000000
87169  50.507  -5.370  41.521 0.0000000000
88218  49.646  -4.115  41.677 0.0000000000
81441  44.041  -10.835  47.422 0.0000000000
71737  28.774  -19.542  58.920 0.0000000000
68373  27.917  -22.004  58.945 0.0000000000
67249  28.104  -22.953  58.780 0.0000000000
86001  42.711  -6.904  46.633 0.0000000000
85999  44.057  -6.932  46.008 0.0000000000
40559  5.380  -47.370  73.474 0.0000000000
84762  37.209  -7.437  49.906 0.0000000000
84748  36.671  -7.346  50.540 0.0000000000
75812  33.848  -15.790  50.857 0.0000000000
75825  34.404  -15.340  50.433 0.0000000000
50975  13.033  -39.145  66.372 0.0000000000
48669  5.296  -40.437  72.258 0.0000000000
65126  24.846  -25.010  59.835 0.0000000000
64049  24.470  -25.637  58.726 0.0000000000
61784  23.184  -27.255  57.514 0.0000000000
54339  22.863  -36.173  60.922 0.0000000000
55486  22.948  -35.384  60.768 0.0000000000
54326  23.131  -36.411  61.609 0.0000000000
72748  32.591  -18.555  57.857 0.0000000000
66149  33.417  -25.651  61.174 0.0000000000
66148  34.552  -25.735  60.804 0.0000000000
78053  33.193  -12.765  53.213 0.0000000000
76896  32.636  -13.532  53.180 0.0000000000
53269  19.729  -37.695  61.225 0.0000000000
53270  18.943  -37.104  61.390 0.0000000000
54330  16.315  -35.066  62.356 0.0000000000
54315  15.208  -35.319  63.207 0.0000000000
59430  20.111  -29.558  59.892 0.0000000000
57480  19.146  -32.319  60.625 0.0000000000
58411  19.241  -31.701  60.808 0.0000000000
55507  19.755  -34.226  59.687 0.0000000000
54363  20.302  -35.494  59.488 0.0000000000
69514  33.587  -21.287  59.088 0.0000000000
67217  31.226  -24.530  62.065 0.0000000000
89186  44.779  -3.024  47.186 0.0000000000
90269  46.725  -2.383  45.171 0.0000000000
89212  46.084  -2.829  44.996 0.0000000000
89230  45.887  -3.662  44.627 0.0000000000
88204  45.705  -3.912  44.699 0.0000000000
83687  40.177  -7.891  47.285 0.0000000000
82576  39.682  -9.254  47.300 0.0000000000
82519  34.252  -9.627  51.436 0.0000000000
80299  34.484  -11.764  49.817 0.0000000000
75823  36.368  -15.471  50.256 0.0000000000
76921  36.797  -14.848  50.034 0.0000000000
78069  37.956  -14.256  50.658 0.0000000000
64098  28.251  -26.253  55.068 0.0000000000
64077  28.676  -26.452  55.804 0.0000000000
84759  39.884  -6.145  49.871 0.0000000000
84773  40.522  -6.169  48.978 0.0000000000
84809  40.546  -7.038  47.618 0.0000000000
51022  20.248  -39.641  63.847 0.0000000000
50997  20.707  -40.125  64.483 0.0000000000
50998  19.757  -40.114  64.615 0.0000000000
49871  20.457  -40.341  65.357 0.0000000000
49815  12.944  -40.565  68.295 0.0000000000
49796  13.187  -40.673  69.010 0.0000000000
49780  12.836  -40.790  70.217 0.0000000000
47554  11.540  -41.686  70.575 0.0000000000
52097  8.845  -36.985  68.164 0.0000000000
50961  8.556  -38.647  67.715 0.0000000000
48725  8.422  -39.831  67.519 0.0000000000
47610  7.274  -40.935  68.901 0.0000000000
47576  8.957  -42.730  69.212 0.0000000000
46390  8.505  -42.802  69.312 0.0000000000
43939  4.752  -45.197  72.493 0.0000000000
43927  4.725  -44.134  72.774 0.0000000000
42726  2.896  -45.059  75.899 0.0000000000
69521  24.779  -20.923  58.720 0.0000000000
68437  25.643  -22.719  56.345 0.0000000000
67297  25.340  -23.372  55.956 0.0000000000
62999  24.271  -27.580  54.720 0.0000000000
62998  24.943  -27.488  54.067 0.0000000000
60692  25.626  -29.476  54.274 0.0000000000
60673  25.966  -30.187  54.671 0.0000000000
59506  26.552  -31.630  55.817 0.0000000000
59465  21.241  -29.699  57.728 0.0000000000
60639  21.529  -29.236  57.109 0.0000000000
59489  21.325  -30.454  57.034 0.0000000000
58487  22.021  -31.067  56.701 0.0000000000
57477  24.249  -33.377  60.127 0.0000000000
57491  24.123  -33.336  58.760 0.0000000000
58429  24.738  -32.886  59.498 0.0000000000
81429  41.631  -11.474  47.873 0.0000000000
81428  42.652  -11.542  47.944 0.0000000000
74765  31.111  -16.823  55.801 0.0000000000
74796  31.016  -16.743  53.673 0.0000000000
68408  34.950  -23.180  56.886 0.0000000000
68431  35.135  -22.604  56.498 0.0000000000
69578  35.330  -22.052  55.998 0.0000000000
70729  34.388  -20.899  54.317 0.0000000000
70715  35.155  -21.038  54.757 0.0000000000
71787  35.274  -19.924  55.096 0.0000000000
71776  35.864  -19.682  55.830 0.0000000000
70698  36.100  -20.071  56.426 0.0000000000
61762  29.332  -27.731  58.025 0.0000000000
62911  29.026  -27.011  58.450 0.0000000000
61749  29.787  -27.504  58.790 0.0000000000
62899  29.537  -26.902  59.307 0.0000000000
62886  30.070  -26.877  60.206 0.0000000000
90310  50.170  -2.345  40.485 0.0000000000
88216  51.030  -4.955  40.897 0.0000000000
87168  51.558  -5.699  41.132 0.0000000000
54342  18.063  -35.106  61.374 0.0000000000
55488  17.551  -34.376  61.569 0.0000000000
55489  17.046  -34.586  61.827 0.0000000000
58393  18.993  -31.369  61.629 0.0000000000
57466  18.866  -32.178  61.221 0.0000000000
84806  46.985  -8.377  47.292 0.0000000000
70644  30.816  -20.160  58.944 0.0000000000
69518  29.475  -21.511  58.541 0.0000000000
68344  29.293  -23.574  60.064 0.0000000000
67220  29.646  -24.070  60.840 0.0000000000
88168  44.197  -4.332  46.137 0.0000000000
88186  44.340  -5.317  45.601 0.0000000000
84837  45.354  -7.287  45.431 0.0000000000
84775  38.633  -7.126  48.709 0.0000000000
84793  38.223  -7.589  48.480 0.0000000000
84794  37.719  -7.522  48.751 0.0000000000
83675  37.364  -8.108  48.477 0.0000000000
83665  36.934  -7.775  49.303 0.0000000000
83676  36.933  -8.444  48.620 0.0000000000
75824  35.339  -15.486  50.236 0.0000000000
74826  37.633  -16.329  51.581 0.0000000000
74793  38.023  -17.929  54.150 0.0000000000
57555  28.962  -32.549  55.684 0.0000000000
58498  29.562  -31.933  55.602 0.0000000000
56605  29.246  -33.413  56.300 0.0000000000
85956  38.727  -6.669  49.096 0.0000000000
51025  16.670  -39.188  64.227 0.0000000000
50971  16.440  -40.116  65.870 0.0000000000
50972  15.516  -39.818  66.169 0.0000000000
49857  16.293  -40.305  66.730 0.0000000000
50924  13.760  -40.402  68.443 0.0000000000
50942  13.340  -40.420  68.016 0.0000000000
50944  12.308  -40.545  67.871 0.0000000000
49783  6.945  -39.104  70.119 0.0000000000
47595  6.417  -41.834  69.771 0.0000000000
47578  5.440  -42.342  70.921 0.0000000000
47558  5.238  -41.980  71.425 0.0000000000
47540  5.059  -40.856  71.897 0.0000000000
47541  4.903  -41.249  72.154 0.0000000000
67250  25.002  -23.110  59.578 0.0000000000
66198  25.141  -23.981  57.836 0.0000000000
65150  24.877  -24.966  57.293 0.0000000000
62952  24.451  -26.798  56.391 0.0000000000
61856  23.586  -28.786  54.756 0.0000000000
60676  23.287  -29.718  54.860 0.0000000000
56577  21.700  -33.913  57.817 0.0000000000
57524  21.970  -33.043  57.601 0.0000000000
56576  22.781  -34.434  58.202 0.0000000000
56554  23.261  -34.708  60.550 0.0000000000
57478  23.627  -34.056  60.329 0.0000000000
81389  41.158  -12.103  50.247 0.0000000000
82536  42.060  -11.675  50.673 0.0000000000
73752  30.957  -17.895  56.255 0.0000000000
66209  32.987  -24.339  57.585 0.0000000000
67274  33.466  -23.777  57.171 0.0000000000
66194  33.581  -24.356  57.880 0.0000000000
66193  34.161  -24.055  58.098 0.0000000000
67258  34.632  -23.743  57.993 0.0000000000
67244  35.172  -23.893  58.527 0.0000000000
67257  35.378  -23.380  58.119 0.0000000000
68385  36.000  -22.860  58.324 0.0000000000
90290  49.874  -2.200  43.032 0.0000000000
86034  48.267  -6.726  43.746 0.0000000000
41661  3.126  -46.705  74.522 0.0000000000
82498  35.668  -8.227  52.856 0.0000000000
82501  33.962  -9.633  52.047 0.0000000000
81352  33.746  -9.943  52.558 0.0000000000
80253  33.615  -11.174  52.252 0.0000000000
78070  33.580  -12.893  51.572 0.0000000000
76912  33.046  -14.469  51.275 0.0000000000
75813  33.184  -15.238  51.083 0.0000000000
52177  22.973  -38.096  63.061 0.0000000000
52178  22.237  -38.413  62.552 0.0000000000
51039  22.045  -38.817  63.214 0.0000000000
51040  20.814  -39.073  63.117 0.0000000000
52179  20.217  -38.614  62.764 0.0000000000
51041  19.756  -38.901  63.361 0.0000000000
51042  18.912  -38.913  63.188 0.0000000000
52167  17.422  -38.733  63.567 0.0000000000
53271  17.892  -36.673  61.931 0.0000000000
54313  16.472  -35.823  62.352 0.0000000000
53259  17.762  -37.400  62.513 0.0000000000
52182  17.166  -37.808  63.036 0.0000000000
52170  14.450  -37.139  64.134 0.0000000000
52151  13.471  -37.492  65.068 0.0000000000
61751  23.501  -27.024  59.696 0.0000000000
61752  23.012  -27.556  59.118 0.0000000000
59450  19.866  -30.729  59.562 0.0000000000
56578  20.821  -33.724  58.311 0.0000000000
55520  21.525  -35.076  58.647 0.0000000000
54384  21.914  -35.855  59.139 0.0000000000
53323  21.087  -36.023  59.305 0.0000000000
53322  21.564  -36.419  59.449 0.0000000000
54362  22.055  -36.389  59.478 0.0000000000
53279  23.154  -37.055  60.940 0.0000000000
71759  33.690  -19.258  58.209 0.0000000000
71748  33.645  -19.464  58.851 0.0000000000
69535  33.366  -21.364  58.146 0.0000000000
68386  31.685  -23.308  57.603 0.0000000000
66195  32.731  -24.670  57.968 0.0000000000
66164  32.488  -25.267  60.387 0.0000000000
89211  48.021  -3.009  44.696 0.0000000000
89228  47.390  -3.236  44.380 0.0000000000
88183  46.228  -4.780  44.739 0.0000000000
87129  46.273  -5.341  44.965 0.0000000000
86035  47.791  -6.145  43.785 0.0000000000
81412  41.163  -12.080  48.887 0.0000000000
82577  39.067  -8.808  47.387 0.0000000000
82562  39.468  -9.853  47.540 0.0000000000
81431  39.534  -10.590  47.685 0.0000000000
81368  40.726  -11.644  50.957 0.0000000000
82538  34.849  -9.429  50.348 0.0000000000
79183  34.323  -12.349  50.102 0.0000000000
79202  34.828  -12.194  49.641 0.0000000000
79201  35.573  -12.301  49.500 0.0000000000
69541  27.034  -21.330  56.899 0.0000000000
68411  27.365  -22.455  57.208 0.0000000000
67277  27.739  -23.373  56.881 0.0000000000
66210  28.208  -24.091  56.832 0.0000000000
62926  28.734  -27.067  57.431 0.0000000000
62950  28.873  -27.107  56.335 0.0000000000
61782  29.101  -27.942  57.033 0.0000000000
85970  41.650  -6.450  48.215 0.0000000000
49870  21.715  -40.403  64.931 0.0000000000
51000  17.855  -40.368  65.255 0.0000000000
54287  12.016  -35.660  65.421 0.0000000000
53241  11.725  -36.361  65.438 0.0000000000
52153  11.748  -37.002  65.311 0.0000000000
54279  9.858  -35.684  66.574 0.0000000000
53227  11.048  -36.684  65.620 0.0000000000
50977  10.920  -38.863  65.966 0.0000000000
49859  11.277  -39.843  66.440 0.0000000000
49860  10.432  -39.578  66.309 0.0000000000
49839  10.762  -40.473  67.095 0.0000000000
49818  11.120  -41.060  67.749 0.0000000000
48713  9.192  -41.084  67.549 0.0000000000
48702  10.969  -41.686  68.599 0.0000000000
47590  11.058  -41.829  69.329 0.0000000000
46364  10.574  -42.429  70.598 0.0000000000
46341  10.456  -42.582  70.936 0.0000000000
45121  8.690  -43.893  72.119 0.0000000000
42760  7.530  -44.981  72.764 0.0000000000
45159  6.261  -43.575  70.231 0.0000000000
45141  6.088  -44.157  70.583 0.0000000000
43948  6.591  -44.462  71.318 0.0000000000
45123  5.897  -44.391  71.262 0.0000000000
42761  7.001  -45.260  72.572 0.0000000000
42751  5.745  -46.068  72.792 0.0000000000
41670  5.391  -46.687  73.084 0.0000000000
46280  4.412  -42.983  74.467 0.0000000000
42743  3.399  -45.828  74.169 0.0000000000
70642  34.348  -20.376  59.863 0.0000000000
71724  28.427  -18.771  59.696 0.0000000000
71739  26.389  -18.762  59.130 0.0000000000
70661  26.573  -19.948  57.952 0.0000000000
69560  27.004  -20.719  57.033 0.0000000000
68412  26.739  -21.900  56.868 0.0000000000
67295  27.126  -23.419  55.854 0.0000000000
66228  27.362  -24.114  55.501 0.0000000000
67296  26.055  -23.102  55.653 0.0000000000
67313  27.021  -24.071  55.289 0.0000000000
66245  27.426  -24.733  55.083 0.0000000000
62975  28.009  -27.187  54.863 0.0000000000
61833  28.365  -27.992  54.653 0.0000000000
61851  28.261  -29.307  54.263 0.0000000000
65181  25.385  -25.240  55.048 0.0000000000
63014  25.654  -27.910  53.595 0.0000000000
62997  26.069  -27.255  53.880 0.0000000000
64118  26.606  -26.381  54.069 0.0000000000
61870  27.301  -28.538  53.656 0.0000000000
59544  28.464  -30.711  54.762 0.0000000000
58499  28.674  -32.011  55.525 0.0000000000
61814  22.875  -27.929  56.449 0.0000000000
61815  22.268  -28.691  56.839 0.0000000000
59530  23.873  -30.742  55.383 0.0000000000
58465  22.244  -32.408  56.755 0.0000000000
58486  22.621  -32.013  56.385 0.0000000000
57502  23.889  -33.180  57.590 0.0000000000
57522  23.505  -32.742  56.839 0.0000000000
59486  25.737  -31.631  57.312 0.0000000000
81427  43.644  -11.426  48.085 0.0000000000
75785  32.517  -14.338  54.443 0.0000000000
75795  31.640  -15.097  52.700 0.0000000000
74808  31.333  -16.308  53.063 0.0000000000
73806  34.322  -18.073  52.558 0.0000000000
72763  33.049  -18.888  57.415 0.0000000000
71779  31.943  -19.503  55.767 0.0000000000
71790  31.666  -19.574  55.336 0.0000000000
70718  31.631  -19.892  54.861 0.0000000000
68433  33.514  -22.866  56.099 0.0000000000
68456  33.494  -22.248  55.558 0.0000000000
68455  34.145  -22.523  55.615 0.0000000000
69596  32.853  -21.761  55.021 0.0000000000
69597  32.523  -21.082  54.794 0.0000000000
69612  32.425  -20.684  54.444 0.0000000000
70733  31.625  -19.962  54.406 0.0000000000
70745  31.691  -19.858  53.819 0.0000000000
71814  31.944  -19.577  53.417 0.0000000000
72805  32.308  -19.073  52.644 0.0000000000
72804  33.270  -19.139  52.645 0.0000000000
73793  35.071  -18.350  52.877 0.0000000000
73778  36.130  -18.547  53.908 0.0000000000
72788  36.148  -18.603  54.562 0.0000000000
72775  35.866  -18.861  55.202 0.0000000000
73765  36.312  -18.693  55.646 0.0000000000
73764  36.675  -18.478  55.436 0.0000000000
67262  27.725  -23.244  57.889 0.0000000000
66181  28.634  -24.468  58.970 0.0000000000
67248  28.578  -23.759  59.320 0.0000000000
62873  30.265  -27.254  60.910 0.0000000000
65115  29.711  -25.931  60.911 0.0000000000
65105  29.787  -25.664  61.284 0.0000000000
66136  29.748  -24.440  61.317 0.0000000000
67205  29.863  -24.270  61.612 0.0000000000
67203  30.875  -24.582  62.300 0.0000000000
88200  49.035  -2.941  44.073 0.0000000000
89237  49.580  -2.518  43.617 0.0000000000
90291  49.548  -2.760  42.391 0.0000000000
87159  48.899  -5.037  42.621 0.0000000000
89245  49.457  -3.475  42.035 0.0000000000
90299  49.670  -2.819  41.698 0.0000000000
90305  49.834  -2.808  40.996 0.0000000000
90311  50.105  -2.880  40.691 0.0000000000
89256  50.590  -2.670  40.025 0.0000000000
47556  10.515  -42.580  71.323 0.0000000000
47573  11.361  -41.780  70.046 0.0000000000
47589  11.420  -41.616  69.582 0.0000000000
48688  11.696  -41.603  69.953 0.0000000000
48700  11.666  -41.517  69.676 0.0000000000
49884  22.525  -40.075  64.159 0.0000000000
50941  13.946  -40.263  68.000 0.0000000000
51038  22.829  -38.627  63.465 0.0000000000
51053  21.361  -38.632  62.525 0.0000000000
52225  22.340  -37.406  60.507 0.0000000000
53294  22.662  -36.810  60.326 0.0000000000
54280  9.410  -35.821  67.000 0.0000000000
54298  13.796  -35.616  64.208 0.0000000000
55519  22.533  -35.142  58.814 0.0000000000
55535  21.261  -34.442  58.282 0.0000000000
55568  28.938  -33.917  56.531 0.0000000000
56594  22.890  -33.858  57.576 0.0000000000
56606  28.755  -33.518  56.465 0.0000000000
57538  29.544  -32.684  55.853 0.0000000000
57541  23.218  -32.433  56.453 0.0000000000
57554  29.176  -32.328  55.622 0.0000000000
58483  27.268  -31.767  55.715 0.0000000000
58513  28.373  -31.338  55.027 0.0000000000
59488  21.247  -29.782  57.215 0.0000000000
59524  29.469  -31.213  55.412 0.0000000000
59545  27.915  -30.507  54.370 0.0000000000
59546  27.251  -30.351  54.332 0.0000000000
60591  19.903  -29.340  60.145 0.0000000000
60640  21.281  -29.816  56.941 0.0000000000
60672  28.981  -30.130  55.220 0.0000000000
60689  28.429  -29.903  54.462 0.0000000000
60702  27.558  -28.982  53.799 0.0000000000
60703  27.167  -29.115  53.735 0.0000000000
61766  21.877  -27.774  57.818 0.0000000000
61834  23.649  -28.000  54.981 0.0000000000
61871  26.622  -28.718  53.573 0.0000000000
62885  30.097  -26.770  60.906 0.0000000000
62913  24.150  -26.170  59.106 0.0000000000
62951  28.572  -27.117  55.490 0.0000000000
62954  23.335  -27.514  56.241 0.0000000000
63013  26.431  -27.965  53.417 0.0000000000
64029  29.941  -26.342  61.184 0.0000000000
64097  28.442  -25.864  55.719 0.0000000000
65106  29.548  -25.209  60.987 0.0000000000
65136  24.502  -25.138  59.246 0.0000000000
65180  27.986  -25.433  55.325 0.0000000000
65193  27.677  -25.539  54.667 0.0000000000
66152  29.686  -25.095  61.238 0.0000000000
66168  25.164  -23.762  59.926 0.0000000000
66182  25.009  -24.546  59.738 0.0000000000
66208  33.146  -24.103  57.470 0.0000000000
66211  28.059  -23.807  57.260 0.0000000000
66260  26.805  -24.944  54.567 0.0000000000
66261  26.337  -24.742  54.623 0.0000000000
67276  27.922  -23.755  56.708 0.0000000000
67294  27.814  -23.764  56.414 0.0000000000
67314  26.414  -23.860  55.326 0.0000000000
68389  29.722  -21.842  58.524 0.0000000000
68391  27.225  -21.743  57.206 0.0000000000
69538  29.949  -21.738  58.500 0.0000000000
69539  29.783  -21.565  58.540 0.0000000000
69559  32.425  -21.780  57.721 0.0000000000
69561  26.587  -20.988  57.023 0.0000000000
70677  26.886  -20.493  57.406 0.0000000000
70679  25.653  -20.543  57.776 0.0000000000
70746  31.601  -19.966  54.025 0.0000000000
71750  26.477  -19.357  58.440 0.0000000000
71789  32.046  -19.885  55.563 0.0000000000
71813  32.669  -19.553  53.110 0.0000000000
71815  31.441  -19.466  53.948 0.0000000000
72761  36.620  -19.025  56.329 0.0000000000
72774  36.367  -18.558  54.919 0.0000000000
73809  31.535  -17.403  52.711 0.0000000000
74809  31.155  -16.771  53.236 0.0000000000
74831  32.586  -15.425  51.475 0.0000000000
76886  32.475  -13.816  53.921 0.0000000000
76913  32.662  -14.478  51.580 0.0000000000
76925  33.475  -14.762  50.806 0.0000000000
81353  33.793  -9.766  52.172 0.0000000000
81370  33.683  -9.912  52.005 0.0000000000
81418  34.428  -11.111  49.788 0.0000000000
82500  34.378  -9.369  52.267 0.0000000000
82520  33.827  -9.793  51.816 0.0000000000
83654  36.860  -7.694  49.731 0.0000000000
83689  38.997  -8.517  47.481 0.0000000000
85943  38.436  -6.730  49.848 0.0000000000
85972  39.158  -6.871  48.548 0.0000000000
88231  51.434  -3.692  39.602 0.0000000000
89247  50.340  -3.736  40.893 0.0000000000
89251  50.489  -3.280  40.447 0.0000000000
89252  50.029  -3.118  40.819 0.0000000000
90313  51.157  -2.069  39.214 0.0000000000
91368  50.062  -1.842  42.549 0.0000000000
