#!ascii label  , from subject 3352 vox2ras=TkReg
1818
47521  10.517  -42.649  73.349 0.0000000000
79146  40.700  -13.040  53.340 0.0000000000
54311  28.079  -35.984  62.367 0.0000000000
54377  33.997  -35.491  59.589 0.0000000000
53249  23.598  -37.170  63.695 0.0000000000
50851  21.128  -39.262  74.082 0.0000000000
85978  50.689  -8.000  47.278 0.0000000000
85850  48.780  -7.460  56.087 0.0000000000
66116  33.997  -25.797  63.198 0.0000000000
89264  52.762  -3.508  38.183 0.0000000000
54253  30.809  -35.699  68.346 0.0000000000
49738  14.702  -39.706  73.671 0.0000000000
85921  50.156  -8.081  51.321 0.0000000000
82531  46.307  -10.199  50.914 0.0000000000
74759  41.406  -17.090  57.174 0.0000000000
77982  44.326  -13.620  57.986 0.0000000000
73732  38.140  -18.181  57.134 0.0000000000
59443  32.119  -30.200  59.253 0.0000000000
51091  31.915  -39.065  60.821 0.0000000000
56418  27.641  -34.600  69.510 0.0000000000
54140  27.028  -36.263  74.932 0.0000000000
50916  23.732  -39.252  69.657 0.0000000000
49812  16.586  -40.312  68.547 0.0000000000
58373  25.149  -33.131  62.295 0.0000000000
87121  56.005  -6.479  46.562 0.0000000000
87036  54.352  -6.920  51.227 0.0000000000
82470  43.932  -10.058  54.218 0.0000000000
68300  38.480  -22.781  63.148 0.0000000000
61658  31.435  -27.972  64.129 0.0000000000
86043  51.949  -7.300  42.325 0.0000000000
86058  55.932  -6.471  40.750 0.0000000000
87242  57.311  -5.744  36.590 0.0000000000
57345  32.126  -34.091  70.804 0.0000000000
49726  12.348  -40.802  74.293 0.0000000000
51998  14.357  -38.606  77.172 0.0000000000
49683  11.130  -39.885  77.346 0.0000000000
82569  46.443  -9.611  48.052 0.0000000000
74697  40.543  -17.685  60.166 0.0000000000
74694  42.889  -16.986  60.434 0.0000000000
41639  6.694  -46.407  75.886 0.0000000000
74793  38.023  -17.929  54.150 0.0000000000
56575  27.790  -34.003  57.816 0.0000000000
53342  29.438  -36.329  58.201 0.0000000000
51069  29.429  -38.529  61.908 0.0000000000
54256  25.450  -35.894  66.484 0.0000000000
52073  26.614  -37.607  69.826 0.0000000000
49849  24.249  -39.514  66.367 0.0000000000
56504  23.942  -34.764  63.096 0.0000000000
58309  25.863  -33.765  65.982 0.0000000000
53113  24.541  -37.830  74.525 0.0000000000
84801  53.206  -8.307  47.356 0.0000000000
87081  55.315  -6.178  49.256 0.0000000000
85933  52.904  -7.115  49.977 0.0000000000
83593  49.674  -8.449  53.865 0.0000000000
86994  51.580  -7.392  54.187 0.0000000000
81350  40.748  -11.815  51.159 0.0000000000
82496  42.453  -11.201  51.846 0.0000000000
80215  42.720  -11.550  54.136 0.0000000000
67229  36.180  -24.026  59.897 0.0000000000
68353  37.692  -22.476  60.521 0.0000000000
67186  37.022  -24.722  63.197 0.0000000000
56551  32.505  -33.391  60.446 0.0000000000
60565  31.242  -28.831  61.280 0.0000000000
57448  33.215  -32.219  62.484 0.0000000000
84835  49.405  -7.616  45.573 0.0000000000
86045  49.505  -6.939  42.623 0.0000000000
84846  51.490  -8.094  44.242 0.0000000000
84844  53.862  -8.099  43.892 0.0000000000
88302  55.863  -4.193  34.994 0.0000000000
88268  55.077  -4.778  36.702 0.0000000000
87204  56.541  -5.770  39.007 0.0000000000
87186  53.587  -5.457  39.350 0.0000000000
54282  29.477  -36.054  66.113 0.0000000000
50992  31.464  -38.878  65.362 0.0000000000
53204  33.513  -37.483  68.300 0.0000000000
50854  18.008  -38.966  73.816 0.0000000000
51992  20.231  -38.768  77.021 0.0000000000
51995  17.248  -38.790  76.683 0.0000000000
85981  48.857  -7.326  47.657 0.0000000000
85950  50.307  -7.483  49.430 0.0000000000
84786  48.569  -8.159  48.862 0.0000000000
83651  48.312  -9.048  51.243 0.0000000000
83596  46.985  -9.262  54.100 0.0000000000
76870  41.542  -15.101  55.224 0.0000000000
79112  42.465  -13.333  56.060 0.0000000000
75733  42.825  -15.803  57.771 0.0000000000
66151  31.746  -24.881  61.790 0.0000000000
54322  34.253  -34.508  62.021 0.0000000000
45103  8.924  -43.921  73.366 0.0000000000
47463  9.478  -42.330  77.155 0.0000000000
43900  7.781  -44.634  76.544 0.0000000000
76893  39.573  -14.982  52.617 0.0000000000
74791  39.789  -16.733  54.787 0.0000000000
74743  39.292  -17.742  57.418 0.0000000000
73703  39.406  -18.244  60.181 0.0000000000
59460  30.771  -29.809  56.885 0.0000000000
54380  31.134  -35.599  58.561 0.0000000000
51107  34.057  -38.325  59.394 0.0000000000
51033  34.285  -39.936  64.086 0.0000000000
48766  36.737  -40.969  62.088 0.0000000000
57316  30.294  -34.494  72.461 0.0000000000
56342  29.535  -35.225  74.353 0.0000000000
55309  28.260  -35.559  72.534 0.0000000000
53151  25.116  -37.667  71.859 0.0000000000
52065  22.876  -39.059  71.955 0.0000000000
49853  20.090  -40.489  66.357 0.0000000000
50939  20.013  -40.194  69.005 0.0000000000
50888  18.922  -39.444  71.956 0.0000000000
49776  16.121  -40.128  71.294 0.0000000000
49765  12.973  -40.702  71.292 0.0000000000
47555  11.078  -42.089  71.120 0.0000000000
59461  26.695  -32.117  57.912 0.0000000000
59464  25.543  -32.309  58.464 0.0000000000
58369  27.493  -33.165  61.917 0.0000000000
58316  28.000  -34.504  65.503 0.0000000000
58276  29.446  -34.011  68.626 0.0000000000
85932  56.470  -7.462  49.928 0.0000000000
87056  51.949  -6.975  51.264 0.0000000000
81386  43.455  -11.529  50.064 0.0000000000
83620  44.681  -9.823  53.067 0.0000000000
84670  45.392  -8.631  55.366 0.0000000000
80164  43.989  -11.726  56.951 0.0000000000
82437  45.675  -9.395  56.843 0.0000000000
71747  37.066  -19.849  57.329 0.0000000000
70622  38.761  -20.485  60.619 0.0000000000
70568  39.210  -20.740  63.658 0.0000000000
65084  30.684  -26.101  62.245 0.0000000000
66091  31.890  -25.353  64.636 0.0000000000
58315  33.819  -30.897  64.704 0.0000000000
63955  32.591  -26.663  66.274 0.0000000000
66067  34.348  -26.168  66.345 0.0000000000
66065  36.965  -25.979  66.577 0.0000000000
67152  39.197  -23.879  66.714 0.0000000000
88223  52.214  -4.848  39.999 0.0000000000
87155  53.749  -6.855  41.458 0.0000000000
86015  56.325  -7.033  43.606 0.0000000000
55308  34.913  -34.734  71.999 0.0000000000
48643  11.534  -41.348  74.252 0.0000000000
49711  11.870  -40.985  75.162 0.0000000000
48628  11.250  -41.183  75.590 0.0000000000
73681  40.183  -18.165  62.502 0.0000000000
73680  40.943  -17.796  61.907 0.0000000000
40548  5.376  -48.057  74.251 0.0000000000
55505  27.190  -34.939  59.563 0.0000000000
53278  27.672  -36.795  60.722 0.0000000000
53266  28.305  -37.343  62.491 0.0000000000
53224  24.611  -36.893  65.367 0.0000000000
52106  25.477  -37.582  66.489 0.0000000000
50995  24.041  -38.974  64.778 0.0000000000
55469  23.296  -35.549  61.800 0.0000000000
54296  23.678  -36.327  63.168 0.0000000000
55419  24.605  -35.369  64.832 0.0000000000
52036  22.737  -38.994  73.919 0.0000000000
52007  22.440  -38.441  75.502 0.0000000000
84802  52.197  -8.242  47.329 0.0000000000
85962  53.848  -7.788  48.514 0.0000000000
84767  51.576  -7.883  49.082 0.0000000000
84682  48.844  -8.334  54.941 0.0000000000
85869  50.500  -7.595  54.875 0.0000000000
80235  41.275  -12.361  52.587 0.0000000000
80234  41.880  -11.883  53.000 0.0000000000
80216  41.985  -12.228  53.824 0.0000000000
66149  33.417  -25.651  61.174 0.0000000000
66130  35.436  -25.377  61.759 0.0000000000
66129  36.455  -24.841  61.508 0.0000000000
66115  35.239  -26.017  62.918 0.0000000000
54357  33.327  -34.802  59.867 0.0000000000
56535  32.777  -33.198  61.364 0.0000000000
54336  33.145  -34.283  61.196 0.0000000000
86005  50.042  -7.909  46.590 0.0000000000
84847  50.255  -7.975  44.472 0.0000000000
84818  51.037  -8.184  46.675 0.0000000000
84817  52.114  -8.221  46.331 0.0000000000
88269  53.937  -4.114  36.703 0.0000000000
88255  53.297  -3.850  37.529 0.0000000000
87225  54.275  -5.258  37.826 0.0000000000
88243  53.100  -4.353  38.437 0.0000000000
54272  30.081  -35.973  67.360 0.0000000000
53221  31.159  -36.987  67.231 0.0000000000
53187  31.964  -36.421  68.672 0.0000000000
50856  16.227  -39.385  74.004 0.0000000000
50824  17.727  -39.039  75.469 0.0000000000
52023  16.072  -39.167  75.180 0.0000000000
51952  14.009  -38.294  78.589 0.0000000000
51950  15.608  -38.536  78.636 0.0000000000
84805  47.718  -7.685  47.108 0.0000000000
85966  48.746  -7.658  48.411 0.0000000000
85967  48.013  -7.491  47.950 0.0000000000
82550  46.827  -10.137  50.045 0.0000000000
83663  47.550  -9.527  49.964 0.0000000000
83653  46.965  -9.984  50.795 0.0000000000
83637  47.658  -9.627  52.034 0.0000000000
83638  46.573  -9.952  51.898 0.0000000000
75749  41.833  -16.241  56.613 0.0000000000
76854  42.399  -15.019  56.390 0.0000000000
75734  42.284  -16.329  57.367 0.0000000000
85997  48.128  -7.078  46.664 0.0000000000
45092  8.482  -44.324  75.238 0.0000000000
43908  7.877  -44.983  75.415 0.0000000000
76894  39.054  -15.442  52.322 0.0000000000
75782  40.083  -15.909  54.005 0.0000000000
75793  39.102  -15.999  52.671 0.0000000000
74763  38.620  -18.124  56.289 0.0000000000
74762  39.322  -17.850  56.435 0.0000000000
73731  38.679  -18.108  57.599 0.0000000000
73715  39.172  -18.017  59.108 0.0000000000
73716  38.561  -18.438  58.955 0.0000000000
59504  30.186  -31.186  55.930 0.0000000000
52249  29.940  -37.638  59.352 0.0000000000
54400  30.619  -35.172  58.223 0.0000000000
53319  30.986  -36.749  58.841 0.0000000000
53318  32.080  -36.337  58.939 0.0000000000
51108  32.941  -38.747  59.806 0.0000000000
52140  34.620  -39.196  66.412 0.0000000000
51016  33.856  -39.538  64.849 0.0000000000
51014  35.660  -39.743  65.140 0.0000000000
48752  37.939  -40.757  63.161 0.0000000000
48780  37.981  -40.415  61.268 0.0000000000
57338  28.671  -34.346  70.676 0.0000000000
56397  28.752  -35.052  72.038 0.0000000000
55325  27.947  -35.473  71.156 0.0000000000
52085  25.298  -38.580  69.840 0.0000000000
52074  25.902  -37.982  70.411 0.0000000000
52076  24.033  -39.006  70.738 0.0000000000
52064  23.733  -38.643  71.665 0.0000000000
52077  23.105  -39.254  71.102 0.0000000000
49871  20.457  -40.341  65.357 0.0000000000
49835  16.829  -40.369  67.523 0.0000000000
49810  18.418  -39.949  68.178 0.0000000000
49791  18.196  -39.980  68.980 0.0000000000
50920  19.629  -39.976  69.939 0.0000000000
50922  17.483  -39.714  70.470 0.0000000000
50907  17.442  -39.430  71.457 0.0000000000
49793  16.297  -40.172  69.955 0.0000000000
49766  12.491  -41.050  71.208 0.0000000000
59484  27.023  -31.811  56.864 0.0000000000
59507  25.619  -31.547  56.133 0.0000000000
57477  24.249  -33.377  60.127 0.0000000000
58408  25.425  -32.474  60.147 0.0000000000
58406  26.238  -32.372  60.112 0.0000000000
58371  26.295  -32.965  62.075 0.0000000000
57425  27.850  -34.279  64.137 0.0000000000
58337  26.857  -33.680  63.904 0.0000000000
57370  26.752  -34.225  67.744 0.0000000000
58293  26.999  -33.504  67.050 0.0000000000
58257  28.310  -34.071  69.305 0.0000000000
58255  29.620  -33.954  70.027 0.0000000000
55237  28.353  -35.510  75.078 0.0000000000
47443  8.427  -42.334  78.534 0.0000000000
48590  9.162  -41.055  78.376 0.0000000000
87107  56.305  -6.151  47.362 0.0000000000
87069  54.680  -6.603  50.178 0.0000000000
88116  56.194  -6.732  49.901 0.0000000000
87052  55.458  -7.043  50.749 0.0000000000
85903  54.880  -7.521  51.297 0.0000000000
85936  50.372  -7.475  50.089 0.0000000000
87072  51.564  -7.052  50.504 0.0000000000
85904  51.509  -7.317  51.833 0.0000000000
86992  52.750  -7.413  53.351 0.0000000000
82479  43.492  -10.297  53.117 0.0000000000
82494  44.178  -9.987  52.530 0.0000000000
83599  44.311  -9.830  53.646 0.0000000000
83598  45.119  -9.417  53.837 0.0000000000
84671  44.983  -9.116  55.006 0.0000000000
77991  43.836  -13.859  57.397 0.0000000000
79111  43.208  -13.042  56.213 0.0000000000
79095  43.920  -12.758  57.459 0.0000000000
70673  36.374  -20.697  57.114 0.0000000000
68320  38.219  -22.990  62.362 0.0000000000
69495  38.082  -21.467  60.122 0.0000000000
69460  38.694  -21.877  61.981 0.0000000000
70586  39.339  -20.879  62.477 0.0000000000
69439  38.987  -21.977  63.218 0.0000000000
60606  29.880  -28.105  58.479 0.0000000000
60567  30.507  -27.988  59.868 0.0000000000
60542  31.200  -28.060  62.628 0.0000000000
61698  30.788  -27.737  61.941 0.0000000000
62838  31.120  -27.383  63.147 0.0000000000
66107  31.435  -25.666  63.066 0.0000000000
63971  30.934  -26.781  64.356 0.0000000000
55434  33.647  -32.932  63.459 0.0000000000
63947  33.524  -26.572  67.575 0.0000000000
66053  33.309  -25.382  66.644 0.0000000000
66052  33.973  -25.071  66.970 0.0000000000
66066  35.543  -26.208  66.379 0.0000000000
66050  35.825  -26.182  67.391 0.0000000000
86044  50.653  -6.787  42.312 0.0000000000
87168  51.558  -5.699  41.132 0.0000000000
87167  52.737  -6.279  41.340 0.0000000000
86042  52.941  -7.140  42.094 0.0000000000
84814  55.360  -7.734  45.506 0.0000000000
84843  54.924  -7.536  43.726 0.0000000000
86004  56.141  -7.398  45.206 0.0000000000
87137  57.224  -6.040  44.584 0.0000000000
88283  56.932  -4.966  35.787 0.0000000000
87183  56.469  -6.150  39.713 0.0000000000
87173  57.588  -5.970  40.658 0.0000000000
87163  56.999  -6.081  41.558 0.0000000000
56432  31.547  -34.868  69.498 0.0000000000
54232  33.375  -36.065  69.481 0.0000000000
56414  34.037  -35.037  70.893 0.0000000000
49739  13.849  -40.171  73.549 0.0000000000
50827  14.786  -39.292  75.922 0.0000000000
49709  13.188  -39.646  75.156 0.0000000000
50793  12.702  -38.864  77.592 0.0000000000
51955  11.876  -38.681  78.759 0.0000000000
82560  45.956  -10.119  48.604 0.0000000000
81407  45.524  -10.779  49.489 0.0000000000
74711  41.059  -17.032  59.408 0.0000000000
74710  41.920  -17.301  59.396 0.0000000000
74685  41.354  -17.386  61.155 0.0000000000
74675  42.355  -17.136  62.177 0.0000000000
42741  7.031  -46.078  74.586 0.0000000000
41649  6.697  -46.915  75.088 0.0000000000
40537  5.785  -47.887  75.683 0.0000000000
74814  38.429  -16.659  52.508 0.0000000000
73763  37.464  -18.421  55.683 0.0000000000
55567  29.537  -34.059  56.575 0.0000000000
54382  28.155  -35.708  58.113 0.0000000000
52223  28.816  -38.269  59.967 0.0000000000
51067  31.075  -39.124  61.731 0.0000000000
55368  26.673  -35.019  68.075 0.0000000000
54216  27.344  -35.927  69.168 0.0000000000
53190  26.315  -36.653  67.480 0.0000000000
50933  25.853  -38.540  68.344 0.0000000000
49805  23.486  -39.883  67.910 0.0000000000
49814  14.658  -40.151  68.349 0.0000000000
50941  13.946  -40.263  68.000 0.0000000000
57465  23.690  -34.277  61.324 0.0000000000
58358  24.597  -33.708  62.870 0.0000000000
58339  25.571  -33.373  64.311 0.0000000000
57412  24.573  -34.107  64.823 0.0000000000
56456  25.397  -34.810  66.037 0.0000000000
53099  25.707  -36.955  75.140 0.0000000000
85977  55.051  -7.482  47.271 0.0000000000
87108  55.817  -6.445  47.417 0.0000000000
85961  54.595  -7.509  47.996 0.0000000000
87082  54.741  -6.650  49.393 0.0000000000
87070  53.695  -6.970  50.540 0.0000000000
84725  50.162  -8.658  52.501 0.0000000000
85885  51.548  -7.507  53.066 0.0000000000
85886  50.778  -7.816  53.680 0.0000000000
86973  51.155  -7.257  55.256 0.0000000000
82515  42.106  -11.373  51.204 0.0000000000
81348  41.843  -11.457  51.741 0.0000000000
81331  42.766  -10.853  52.898 0.0000000000
81305  42.997  -10.853  54.370 0.0000000000
79089  45.232  -12.654  58.519 0.0000000000
68367  36.367  -22.881  58.959 0.0000000000
68366  37.019  -22.454  59.204 0.0000000000
67228  36.822  -23.605  60.332 0.0000000000
67214  37.630  -23.708  61.969 0.0000000000
67185  37.712  -24.214  63.554 0.0000000000
57475  32.455  -32.338  60.091 0.0000000000
60584  31.271  -28.980  60.202 0.0000000000
58385  32.634  -31.262  60.753 0.0000000000
59401  32.608  -29.890  62.120 0.0000000000
59394  32.835  -29.706  62.953 0.0000000000
84849  48.612  -7.104  44.303 0.0000000000
86033  48.808  -6.709  43.035 0.0000000000
84862  49.259  -7.510  43.492 0.0000000000
84861  50.548  -7.809  43.096 0.0000000000
84860  51.891  -7.822  43.051 0.0000000000
84859  53.020  -7.743  42.966 0.0000000000
84845  52.693  -8.258  44.032 0.0000000000
84815  54.384  -8.120  45.878 0.0000000000
89293  54.348  -2.997  35.312 0.0000000000
88285  55.225  -4.137  35.605 0.0000000000
88267  56.217  -5.302  36.381 0.0000000000
87222  57.072  -5.759  37.864 0.0000000000
87223  56.058  -6.061  37.867 0.0000000000
87205  55.315  -5.935  38.674 0.0000000000
87176  54.680  -6.198  40.232 0.0000000000
54294  28.323  -36.286  64.181 0.0000000000
52163  29.342  -38.088  64.238 0.0000000000
52144  30.375  -37.902  65.688 0.0000000000
52119  32.394  -38.398  66.993 0.0000000000
52116  35.879  -38.187  67.155 0.0000000000
50852  20.079  -39.066  73.855 0.0000000000
50821  20.888  -39.151  75.578 0.0000000000
50822  19.626  -39.062  75.953 0.0000000000
50805  18.989  -39.186  76.994 0.0000000000
51997  15.285  -38.591  76.952 0.0000000000
50772  16.631  -38.836  78.179 0.0000000000
85980  49.718  -7.456  47.739 0.0000000000
85964  50.452  -7.578  48.589 0.0000000000
85965  49.624  -7.514  48.534 0.0000000000
85951  49.688  -7.609  49.335 0.0000000000
85937  49.804  -7.996  50.273 0.0000000000
84770  47.886  -8.971  49.177 0.0000000000
84769  48.411  -8.607  49.547 0.0000000000
84741  48.997  -8.705  51.320 0.0000000000
83635  49.524  -9.071  52.554 0.0000000000
83595  48.155  -9.216  53.996 0.0000000000
84683  47.874  -8.393  55.086 0.0000000000
78039  41.226  -14.105  54.226 0.0000000000
79134  41.448  -13.183  54.769 0.0000000000
78025  41.635  -14.073  55.332 0.0000000000
76840  42.995  -14.958  56.848 0.0000000000
76825  44.169  -14.705  57.953 0.0000000000
74709  42.683  -16.814  59.520 0.0000000000
75719  44.311  -15.709  58.749 0.0000000000
75718  44.784  -15.222  59.378 0.0000000000
66133  32.468  -25.120  62.532 0.0000000000
54355  34.261  -35.075  60.198 0.0000000000
86019  47.404  -6.227  44.374 0.0000000000
86018  48.439  -6.810  44.872 0.0000000000
86007  48.616  -7.111  45.950 0.0000000000
91408  52.959  -1.286  37.464 0.0000000000
90319  51.898  -1.950  38.150 0.0000000000
46297  9.693  -43.344  73.289 0.0000000000
47482  10.268  -42.194  75.670 0.0000000000
46263  9.621  -43.104  75.396 0.0000000000
46249  8.602  -43.436  77.028 0.0000000000
45075  8.060  -43.879  77.924 0.0000000000
43901  7.426  -45.364  76.130 0.0000000000
79156  40.087  -13.105  51.862 0.0000000000
78067  39.510  -13.696  51.625 0.0000000000
78050  40.194  -13.962  53.161 0.0000000000
76882  40.656  -15.086  54.088 0.0000000000
75781  40.632  -16.005  54.579 0.0000000000
74777  40.589  -16.881  55.955 0.0000000000
74792  38.850  -17.201  54.585 0.0000000000
74778  39.879  -17.234  55.758 0.0000000000
74742  40.155  -17.659  57.631 0.0000000000
74712  40.277  -17.097  59.310 0.0000000000
73702  40.011  -18.112  60.583 0.0000000000
73682  39.831  -18.481  62.217 0.0000000000
60618  31.597  -29.546  57.876 0.0000000000
56592  30.719  -33.440  57.168 0.0000000000
57500  31.572  -32.620  57.698 0.0000000000
57488  32.099  -32.383  58.810 0.0000000000
56552  32.349  -33.895  59.529 0.0000000000
53292  32.717  -35.359  59.323 0.0000000000
52245  34.524  -37.339  59.122 0.0000000000
51036  31.373  -39.168  63.901 0.0000000000
51049  32.307  -39.618  62.943 0.0000000000
49906  33.553  -39.895  62.437 0.0000000000
49882  37.379  -40.018  64.715 0.0000000000
49904  35.256  -40.481  62.659 0.0000000000
49923  34.729  -40.350  61.427 0.0000000000
49941  34.889  -39.652  60.218 0.0000000000
51088  35.491  -38.639  59.453 0.0000000000
52220  36.140  -37.884  59.340 0.0000000000
57303  31.483  -34.899  72.765 0.0000000000
56370  29.894  -34.624  73.311 0.0000000000
56372  28.358  -35.508  73.884 0.0000000000
55293  27.325  -35.661  73.814 0.0000000000
53149  27.166  -36.703  71.110 0.0000000000
53138  26.695  -37.062  72.191 0.0000000000
54162  26.180  -36.613  73.571 0.0000000000
53127  24.875  -37.827  73.653 0.0000000000
52035  23.437  -38.583  73.433 0.0000000000
52051  21.893  -39.090  73.601 0.0000000000
49869  23.146  -39.894  64.964 0.0000000000
49851  22.350  -40.211  66.088 0.0000000000
49806  22.450  -40.176  68.023 0.0000000000
49854  19.097  -40.437  66.424 0.0000000000
49808  20.347  -40.110  68.082 0.0000000000
50918  21.768  -39.791  69.710 0.0000000000
50903  21.502  -39.780  70.644 0.0000000000
50886  21.241  -39.598  71.626 0.0000000000
50869  19.601  -39.473  72.910 0.0000000000
50870  18.498  -39.205  72.922 0.0000000000
50890  17.190  -39.282  72.317 0.0000000000
49749  15.403  -39.721  72.892 0.0000000000
49778  14.316  -40.505  70.469 0.0000000000
49763  14.452  -40.303  71.631 0.0000000000
49751  13.722  -40.334  72.494 0.0000000000
49753  12.569  -40.929  72.227 0.0000000000
48657  12.167  -41.187  73.103 0.0000000000
47538  11.108  -42.092  72.453 0.0000000000
46319  9.832  -43.311  72.323 0.0000000000
46298  9.241  -43.551  72.682 0.0000000000
58482  27.752  -32.249  56.220 0.0000000000
58461  27.551  -32.764  58.055 0.0000000000
56553  26.939  -34.098  60.105 0.0000000000
59446  26.160  -32.324  59.106 0.0000000000
58386  27.027  -33.300  61.068 0.0000000000
55467  27.876  -34.813  62.915 0.0000000000
56501  28.059  -34.713  64.152 0.0000000000
56488  28.256  -34.931  65.333 0.0000000000
56472  29.267  -34.704  67.193 0.0000000000
58307  26.997  -33.640  66.163 0.0000000000
58291  28.427  -33.749  67.131 0.0000000000
56434  30.241  -34.607  68.739 0.0000000000
57347  30.804  -34.021  70.151 0.0000000000
57334  31.336  -33.789  71.249 0.0000000000
48605  10.087  -41.236  77.677 0.0000000000
50760  10.474  -39.868  78.873 0.0000000000
88136  56.337  -6.075  48.373 0.0000000000
85934  51.909  -6.871  49.968 0.0000000000
87071  52.498  -6.887  50.664 0.0000000000
87054  53.802  -6.706  51.345 0.0000000000
87039  52.386  -7.015  52.208 0.0000000000
87017  53.060  -6.787  52.286 0.0000000000
87016  53.853  -7.145  52.116 0.0000000000
81409  44.104  -11.605  49.140 0.0000000000
82533  44.607  -10.623  50.864 0.0000000000
82514  43.057  -11.038  51.480 0.0000000000
82513  43.942  -10.527  51.619 0.0000000000
82511  45.717  -10.101  51.672 0.0000000000
83619  45.622  -9.858  52.895 0.0000000000
84703  46.189  -8.773  54.424 0.0000000000
84668  47.361  -7.930  55.706 0.0000000000
80201  42.014  -12.568  54.831 0.0000000000
80199  43.380  -11.288  55.456 0.0000000000
81288  44.068  -10.795  55.637 0.0000000000
80151  44.848  -11.656  58.074 0.0000000000
81268  44.688  -10.680  56.572 0.0000000000
82451  44.788  -9.744  56.036 0.0000000000
83562  45.656  -8.632  56.346 0.0000000000
85834  46.581  -7.803  56.519 0.0000000000
73750  36.503  -18.628  55.970 0.0000000000
72739  37.486  -19.168  57.464 0.0000000000
69511  37.607  -21.556  58.917 0.0000000000
70640  37.945  -20.567  59.326 0.0000000000
72730  37.940  -18.927  58.962 0.0000000000
71709  38.908  -19.705  60.977 0.0000000000
71690  39.515  -19.997  62.743 0.0000000000
71689  39.853  -19.958  63.438 0.0000000000
61716  30.428  -27.768  61.289 0.0000000000
67189  30.797  -24.848  62.369 0.0000000000
66119  31.917  -25.076  63.261 0.0000000000
66104  32.780  -25.189  64.222 0.0000000000
54309  33.497  -33.807  62.389 0.0000000000
58334  33.477  -30.773  63.669 0.0000000000
60518  32.515  -28.645  64.469 0.0000000000
60494  32.703  -28.329  65.288 0.0000000000
62823  32.074  -27.251  64.895 0.0000000000
65052  31.860  -25.970  65.287 0.0000000000
66089  33.099  -25.699  65.126 0.0000000000
66102  34.707  -25.701  64.141 0.0000000000
66087  35.183  -26.082  65.201 0.0000000000
66100  37.248  -25.477  64.501 0.0000000000
67175  38.102  -24.550  64.391 0.0000000000
66035  37.156  -26.093  68.342 0.0000000000
67153  38.734  -24.580  66.339 0.0000000000
68269  39.146  -23.034  65.161 0.0000000000
69412  39.529  -22.351  65.519 0.0000000000
89266  51.502  -2.462  39.005 0.0000000000
88230  52.046  -4.266  39.245 0.0000000000
88222  52.937  -5.300  39.910 0.0000000000
87177  53.485  -5.979  40.218 0.0000000000
86049  55.529  -6.723  41.274 0.0000000000
84858  54.089  -7.636  43.134 0.0000000000
86028  55.187  -7.255  42.867 0.0000000000
86039  55.926  -7.229  42.050 0.0000000000
87147  57.223  -6.174  43.504 0.0000000000
56366  32.421  -34.681  73.097 0.0000000000
55291  33.832  -34.802  72.573 0.0000000000
47501  10.971  -42.036  74.141 0.0000000000
48644  10.928  -41.778  74.627 0.0000000000
73670  40.608  -18.364  63.619 0.0000000000
54325  27.555  -35.938  61.461 0.0000000000
53267  27.720  -37.010  61.916 0.0000000000
53257  28.175  -36.668  62.667 0.0000000000
53236  23.857  -37.044  64.688 0.0000000000
52146  24.345  -37.865  65.010 0.0000000000
52147  23.820  -38.271  64.233 0.0000000000
53248  23.782  -36.600  64.232 0.0000000000
52037  21.936  -38.990  74.411 0.0000000000
52021  22.579  -38.594  74.727 0.0000000000
52022  21.826  -38.613  75.110 0.0000000000
84803  51.067  -8.146  47.590 0.0000000000
84783  51.823  -8.205  48.333 0.0000000000
84784  51.015  -7.884  48.476 0.0000000000
84666  49.131  -7.842  55.549 0.0000000000
85849  49.589  -7.538  55.790 0.0000000000
85830  49.310  -7.370  56.571 0.0000000000
80217  41.135  -12.587  53.517 0.0000000000
66131  34.328  -25.766  62.053 0.0000000000
66148  34.552  -25.735  60.804 0.0000000000
54378  33.683  -35.252  59.708 0.0000000000
55483  32.822  -34.040  61.310 0.0000000000
54356  33.894  -35.116  60.366 0.0000000000
85994  50.522  -7.869  47.001 0.0000000000
84819  50.412  -8.076  46.569 0.0000000000
85993  50.827  -8.056  47.076 0.0000000000
54254  30.215  -35.345  67.879 0.0000000000
53206  31.352  -36.503  68.128 0.0000000000
53188  31.430  -36.075  68.522 0.0000000000
50874  15.475  -39.559  73.364 0.0000000000
50842  16.512  -39.190  74.839 0.0000000000
50843  15.610  -39.202  74.934 0.0000000000
84806  46.985  -8.377  47.292 0.0000000000
82510  46.388  -10.109  51.329 0.0000000000
74740  41.710  -16.933  57.685 0.0000000000
43917  8.211  -44.652  74.182 0.0000000000
76910  38.144  -14.978  51.045 0.0000000000
75799  38.701  -15.909  52.077 0.0000000000
74744  38.765  -17.945  57.001 0.0000000000
73723  38.933  -18.096  58.278 0.0000000000
73724  38.209  -18.435  58.118 0.0000000000
51110  31.090  -38.265  60.089 0.0000000000
52248  31.107  -37.733  59.555 0.0000000000
51109  31.681  -38.410  59.942 0.0000000000
49953  33.425  -39.364  60.339 0.0000000000
52139  35.543  -38.949  66.505 0.0000000000
50988  35.189  -39.389  65.745 0.0000000000
50987  36.067  -39.324  65.895 0.0000000000
56417  27.946  -34.625  70.242 0.0000000000
56407  28.495  -34.694  70.986 0.0000000000
55340  27.626  -35.142  70.388 0.0000000000
52086  24.508  -38.800  70.027 0.0000000000
50901  23.165  -39.221  70.287 0.0000000000
49811  17.520  -39.994  68.312 0.0000000000
49792  17.443  -39.988  69.371 0.0000000000
58391  24.693  -33.135  61.316 0.0000000000
58409  24.811  -32.788  60.515 0.0000000000
58390  25.196  -32.640  61.331 0.0000000000
58389  25.815  -32.448  61.260 0.0000000000
58372  25.732  -32.906  62.215 0.0000000000
58355  26.324  -32.985  63.139 0.0000000000
56427  27.373  -34.503  68.551 0.0000000000
57369  27.185  -34.123  68.091 0.0000000000
57360  27.677  -34.302  68.868 0.0000000000
57349  28.344  -34.303  70.029 0.0000000000
55256  27.507  -35.782  74.653 0.0000000000
46228  7.882  -42.551  79.127 0.0000000000
47424  8.026  -41.834  78.877 0.0000000000
87120  56.580  -6.279  46.528 0.0000000000
88118  54.844  -6.630  50.452 0.0000000000
88109  54.945  -6.730  50.709 0.0000000000
88100  55.062  -6.918  50.931 0.0000000000
87035  55.055  -7.166  51.080 0.0000000000
87015  54.359  -7.220  51.563 0.0000000000
85920  50.754  -7.439  51.016 0.0000000000
83582  44.011  -9.994  53.936 0.0000000000
83600  43.852  -10.056  53.686 0.0000000000
83581  44.326  -9.858  54.341 0.0000000000
84706  44.539  -9.749  54.213 0.0000000000
83570  44.655  -9.560  55.007 0.0000000000
79096  43.501  -13.215  56.982 0.0000000000
69533  36.876  -21.576  58.050 0.0000000000
69461  38.221  -22.494  61.700 0.0000000000
68319  38.607  -22.413  62.692 0.0000000000
68284  38.645  -23.161  64.054 0.0000000000
60604  31.364  -29.285  58.891 0.0000000000
60586  30.271  -28.035  59.135 0.0000000000
60585  30.728  -28.546  59.564 0.0000000000
60520  31.380  -28.016  63.410 0.0000000000
61659  31.212  -27.673  63.242 0.0000000000
62837  30.925  -27.365  63.837 0.0000000000
62829  31.251  -27.335  64.502 0.0000000000
62809  33.792  -27.314  67.785 0.0000000000
66039  33.654  -25.125  67.589 0.0000000000
66038  34.392  -25.219  67.871 0.0000000000
66051  34.798  -25.604  67.267 0.0000000000
66037  35.220  -25.660  68.078 0.0000000000
86031  51.727  -7.581  42.653 0.0000000000
86053  51.695  -6.534  41.693 0.0000000000
86052  52.347  -6.798  41.843 0.0000000000
85992  55.918  -7.001  46.000 0.0000000000
85991  56.531  -6.462  46.040 0.0000000000
88266  56.835  -5.439  36.434 0.0000000000
87241  57.973  -5.986  36.238 0.0000000000
87174  56.668  -6.267  40.547 0.0000000000
88221  56.992  -5.955  39.852 0.0000000000
86048  56.352  -6.565  41.438 0.0000000000
56416  32.542  -34.607  70.579 0.0000000000
56424  32.884  -34.985  70.355 0.0000000000
56415  33.121  -34.687  71.021 0.0000000000
49725  13.059  -40.103  74.391 0.0000000000
49694  11.754  -39.779  76.605 0.0000000000
50812  12.229  -39.422  76.525 0.0000000000
50794  11.734  -39.294  77.261 0.0000000000
50774  12.448  -38.845  78.183 0.0000000000
50775  11.859  -38.956  78.328 0.0000000000
82561  45.352  -10.585  48.317 0.0000000000
82552  45.678  -10.695  49.012 0.0000000000
74696  41.291  -17.553  60.196 0.0000000000
74686  40.843  -17.555  60.849 0.0000000000
41659  6.585  -46.585  74.079 0.0000000000
40536  6.107  -47.608  74.883 0.0000000000
56593  28.328  -33.889  56.789 0.0000000000
55518  27.542  -34.938  58.374 0.0000000000
52201  28.161  -37.755  60.949 0.0000000000
52224  28.209  -37.328  59.987 0.0000000000
52200  29.115  -38.484  61.232 0.0000000000
51093  30.174  -38.783  60.812 0.0000000000
51068  30.040  -38.804  61.532 0.0000000000
54237  25.830  -35.564  67.108 0.0000000000
54236  26.240  -35.766  67.743 0.0000000000
53207  25.861  -36.694  66.686 0.0000000000
49866  24.737  -38.621  66.183 0.0000000000
50953  25.282  -38.626  67.297 0.0000000000
49827  24.572  -39.402  66.989 0.0000000000
50954  24.467  -39.546  67.731 0.0000000000
49828  23.987  -40.116  67.023 0.0000000000
56521  23.702  -34.707  62.383 0.0000000000
56537  23.387  -34.792  61.468 0.0000000000
57452  23.714  -34.428  61.887 0.0000000000
57451  24.083  -34.007  62.343 0.0000000000
56520  24.184  -34.385  62.963 0.0000000000
57439  24.654  -33.950  63.469 0.0000000000
56503  24.522  -34.648  63.560 0.0000000000
54257  24.993  -35.908  65.803 0.0000000000
55400  24.886  -35.346  65.538 0.0000000000
55382  25.233  -35.476  66.014 0.0000000000
55381  25.607  -35.167  66.592 0.0000000000
53100  24.834  -37.477  75.269 0.0000000000
84800  54.208  -7.913  47.046 0.0000000000
84781  53.797  -7.942  47.860 0.0000000000
85947  53.248  -7.666  49.233 0.0000000000
85946  54.372  -7.382  48.981 0.0000000000
87083  53.892  -7.301  49.780 0.0000000000
84724  50.289  -8.382  53.336 0.0000000000
84700  50.095  -8.117  54.233 0.0000000000
86974  50.851  -7.144  55.617 0.0000000000
81367  40.931  -11.390  50.847 0.0000000000
82516  41.314  -11.178  51.120 0.0000000000
81349  41.174  -11.480  51.441 0.0000000000
81317  42.251  -11.710  53.145 0.0000000000
81332  42.132  -11.504  52.416 0.0000000000
81316  42.678  -11.061  53.497 0.0000000000
67243  35.914  -23.740  58.884 0.0000000000
67242  36.623  -23.293  59.543 0.0000000000
67216  36.586  -24.290  60.548 0.0000000000
66114  36.292  -25.303  62.577 0.0000000000
67201  37.081  -24.467  62.206 0.0000000000
67200  37.575  -23.866  62.805 0.0000000000
57462  32.794  -32.310  61.053 0.0000000000
57449  33.065  -32.298  61.797 0.0000000000
58368  32.740  -31.151  61.868 0.0000000000
58352  32.853  -30.433  62.421 0.0000000000
84863  48.720  -7.331  44.023 0.0000000000
84848  49.229  -7.422  44.747 0.0000000000
84833  51.197  -8.242  45.485 0.0000000000
84832  52.363  -8.383  45.248 0.0000000000
83694  52.956  -8.442  47.025 0.0000000000
84816  53.191  -8.420  46.361 0.0000000000
89282  54.603  -3.961  36.151 0.0000000000
87244  55.762  -5.703  37.059 0.0000000000
87224  54.986  -5.694  37.662 0.0000000000
87206  54.236  -5.558  38.539 0.0000000000
87185  54.463  -5.925  39.403 0.0000000000
87184  55.547  -6.039  39.543 0.0000000000
54283  28.757  -36.132  65.214 0.0000000000
53234  29.342  -37.213  65.348 0.0000000000
53222  30.035  -37.092  66.536 0.0000000000
52104  32.369  -37.856  67.529 0.0000000000
53220  31.932  -37.641  67.293 0.0000000000
52103  33.021  -38.126  67.711 0.0000000000
52117  34.828  -38.480  67.004 0.0000000000
52101  35.047  -37.872  67.517 0.0000000000
50853  18.989  -38.999  73.806 0.0000000000
50839  19.335  -39.119  74.788 0.0000000000
50840  18.349  -39.028  74.685 0.0000000000
50808  17.220  -38.998  76.107 0.0000000000
50806  18.315  -39.117  76.558 0.0000000000
51994  17.694  -39.022  76.654 0.0000000000
50788  18.271  -39.110  77.672 0.0000000000
51948  17.593  -38.878  77.569 0.0000000000
50809  14.454  -38.911  76.626 0.0000000000
52012  15.630  -39.142  76.129 0.0000000000
85996  49.081  -7.303  46.914 0.0000000000
85952  49.151  -8.093  49.319 0.0000000000
83671  47.185  -9.256  48.217 0.0000000000
84788  47.230  -8.791  47.814 0.0000000000
83662  48.140  -9.001  50.470 0.0000000000
84755  48.911  -8.549  50.545 0.0000000000
84740  49.688  -8.723  51.733 0.0000000000
83636  48.757  -9.290  52.112 0.0000000000
83617  47.874  -9.601  53.106 0.0000000000
83577  48.387  -8.703  54.525 0.0000000000
83578  47.626  -8.849  54.560 0.0000000000
78026  41.355  -14.441  54.878 0.0000000000
78038  41.338  -13.913  54.852 0.0000000000
76855  41.938  -15.053  55.821 0.0000000000
75748  42.496  -15.679  56.964 0.0000000000
76839  43.581  -14.866  57.364 0.0000000000
75732  43.641  -15.467  58.076 0.0000000000
74695  42.096  -17.394  60.330 0.0000000000
74726  42.473  -16.685  58.645 0.0000000000
75707  43.590  -16.489  59.607 0.0000000000
75706  44.472  -16.096  59.853 0.0000000000
75705  44.791  -15.284  60.226 0.0000000000
66150  32.478  -25.262  61.520 0.0000000000
86008  47.752  -6.777  45.483 0.0000000000
90330  52.561  -1.919  37.723 0.0000000000
45102  9.574  -43.539  73.760 0.0000000000
46278  9.496  -43.431  74.635 0.0000000000
45091  9.021  -43.940  74.606 0.0000000000
45086  8.353  -44.239  76.136 0.0000000000
45085  8.910  -43.773  75.803 0.0000000000
45078  8.141  -43.804  77.013 0.0000000000
42732  7.083  -45.975  75.562 0.0000000000
42723  6.942  -45.971  76.553 0.0000000000
79164  39.411  -13.037  51.025 0.0000000000
76902  39.375  -14.505  52.150 0.0000000000
78068  38.746  -14.056  51.260 0.0000000000
78060  39.204  -14.181  51.888 0.0000000000
78059  39.831  -13.963  52.238 0.0000000000
78040  40.611  -14.348  53.698 0.0000000000
76883  40.199  -15.050  53.420 0.0000000000
75768  41.043  -16.015  55.324 0.0000000000
74790  40.433  -16.618  55.225 0.0000000000
74803  38.846  -16.889  53.424 0.0000000000
74761  40.123  -17.748  56.606 0.0000000000
74729  40.074  -16.955  58.464 0.0000000000
74730  39.434  -17.443  58.384 0.0000000000
73693  39.752  -18.428  61.527 0.0000000000
60619  30.741  -29.207  57.529 0.0000000000
59459  31.522  -30.325  57.204 0.0000000000
55552  29.819  -34.903  56.892 0.0000000000
55566  30.123  -34.014  56.848 0.0000000000
55531  29.933  -35.236  57.459 0.0000000000
55517  31.157  -34.635  58.445 0.0000000000
56574  31.201  -33.850  57.910 0.0000000000
57489  31.915  -33.223  58.209 0.0000000000
56565  31.933  -33.740  58.769 0.0000000000
56564  32.361  -33.184  59.559 0.0000000000
55504  32.034  -34.616  58.939 0.0000000000
52247  32.395  -37.498  59.190 0.0000000000
52246  33.547  -37.390  59.109 0.0000000000
53317  33.238  -35.882  59.114 0.0000000000
52161  30.999  -38.559  64.902 0.0000000000
52174  30.594  -38.687  64.150 0.0000000000
51018  31.789  -39.245  64.786 0.0000000000
51035  32.423  -39.345  63.783 0.0000000000
51047  33.836  -40.009  63.475 0.0000000000
51048  33.222  -39.933  63.090 0.0000000000
49893  34.198  -40.176  63.468 0.0000000000
48753  37.342  -40.673  63.080 0.0000000000
49902  37.069  -40.624  62.981 0.0000000000
49903  36.445  -40.659  62.692 0.0000000000
49922  35.836  -40.773  61.851 0.0000000000
48783  35.163  -40.305  60.670 0.0000000000
48782  35.710  -40.572  60.961 0.0000000000
48796  37.353  -40.197  60.586 0.0000000000
51087  36.498  -38.619  59.578 0.0000000000
57315  30.937  -34.720  72.353 0.0000000000
56369  30.599  -34.695  73.479 0.0000000000
57305  30.541  -34.820  72.910 0.0000000000
56387  28.622  -35.302  73.061 0.0000000000
55292  27.735  -35.624  73.570 0.0000000000
54172  27.617  -36.029  72.928 0.0000000000
53160  27.270  -36.906  69.808 0.0000000000
52062  25.396  -38.068  71.233 0.0000000000
53150  26.075  -37.406  71.390 0.0000000000
53139  25.784  -37.359  72.389 0.0000000000
54174  26.224  -36.965  72.907 0.0000000000
53126  25.630  -37.310  73.264 0.0000000000
53140  25.015  -37.761  72.708 0.0000000000
52049  23.546  -38.590  72.511 0.0000000000
52050  22.499  -38.884  72.878 0.0000000000
50867  21.973  -39.166  72.117 0.0000000000
49852  21.178  -40.432  66.204 0.0000000000
49830  21.801  -40.185  67.095 0.0000000000
49831  20.720  -40.244  67.190 0.0000000000
49855  18.044  -40.622  66.368 0.0000000000
49809  19.345  -40.140  68.145 0.0000000000
50938  21.035  -39.920  68.916 0.0000000000
50919  20.768  -40.191  69.862 0.0000000000
50905  19.243  -39.838  70.956 0.0000000000
50904  20.415  -39.935  70.828 0.0000000000
50887  20.090  -39.798  71.892 0.0000000000
50923  16.836  -39.824  70.985 0.0000000000
50908  16.752  -39.759  71.821 0.0000000000
50891  16.486  -39.636  72.583 0.0000000000
49762  15.319  -40.144  71.933 0.0000000000
50924  13.760  -40.402  68.443 0.0000000000
49794  15.016  -40.345  69.549 0.0000000000
49780  12.836  -40.790  70.217 0.0000000000
49779  13.472  -40.583  70.262 0.0000000000
49764  13.648  -40.577  71.426 0.0000000000
49752  13.036  -40.602  72.337 0.0000000000
48678  11.805  -41.459  71.072 0.0000000000
48667  12.100  -41.326  72.091 0.0000000000
48668  11.512  -41.631  71.847 0.0000000000
48658  11.774  -41.727  72.916 0.0000000000
46342  9.946  -43.013  71.219 0.0000000000
46320  9.260  -43.607  72.162 0.0000000000
58462  27.436  -32.355  57.424 0.0000000000
58443  27.176  -32.610  58.378 0.0000000000
57490  27.248  -33.485  59.132 0.0000000000
57476  26.889  -33.591  59.813 0.0000000000
59487  25.354  -31.970  57.529 0.0000000000
59486  25.737  -31.631  57.312 0.0000000000
59463  25.935  -32.058  58.237 0.0000000000
58387  26.771  -32.893  61.069 0.0000000000
58405  26.638  -32.821  60.160 0.0000000000
57450  27.569  -33.410  61.905 0.0000000000
56519  27.644  -34.285  62.701 0.0000000000
56518  27.910  -34.658  63.385 0.0000000000
56502  27.830  -34.349  63.496 0.0000000000
57409  27.991  -34.549  65.004 0.0000000000
57424  28.053  -34.656  64.689 0.0000000000
57408  28.197  -34.729  65.825 0.0000000000
56473  28.794  -34.809  66.520 0.0000000000
56455  29.108  -34.532  67.222 0.0000000000
58320  25.535  -33.618  65.301 0.0000000000
58319  26.277  -33.568  65.218 0.0000000000
58278  28.193  -33.634  67.953 0.0000000000
58292  27.650  -33.463  67.050 0.0000000000
58277  29.004  -33.609  68.172 0.0000000000
57377  29.603  -34.113  67.822 0.0000000000
57366  29.775  -34.298  68.629 0.0000000000
57365  30.436  -34.507  69.186 0.0000000000
58263  29.771  -34.192  69.362 0.0000000000
57336  29.639  -34.282  71.147 0.0000000000
58245  30.747  -33.794  71.012 0.0000000000
57325  30.826  -34.226  71.712 0.0000000000
57314  31.457  -34.632  72.447 0.0000000000
56341  30.193  -34.962  74.258 0.0000000000
52009  20.648  -39.081  76.408 0.0000000000
51991  21.317  -38.671  76.731 0.0000000000
51969  20.943  -38.568  77.103 0.0000000000
47483  9.806  -42.577  76.403 0.0000000000
47462  9.925  -41.835  76.778 0.0000000000
49658  9.605  -40.681  79.412 0.0000000000
50761  10.053  -40.060  78.765 0.0000000000
50739  10.400  -40.073  79.931 0.0000000000
50749  11.148  -39.335  79.744 0.0000000000
49647  10.982  -40.016  80.034 0.0000000000
87096  55.676  -6.125  48.369 0.0000000000
88137  55.761  -6.016  48.817 0.0000000000
87066  56.490  -6.999  50.024 0.0000000000
85949  51.133  -7.508  49.605 0.0000000000
87055  52.946  -6.573  51.455 0.0000000000
87019  51.868  -7.360  52.873 0.0000000000
87018  52.686  -7.254  52.703 0.0000000000
86991  53.258  -7.345  52.793 0.0000000000
85865  53.593  -7.570  52.779 0.0000000000
85884  54.002  -7.401  52.371 0.0000000000
81385  44.431  -11.317  50.168 0.0000000000
82512  44.791  -10.044  51.571 0.0000000000
82493  45.021  -9.840  52.303 0.0000000000
82492  45.451  -9.959  52.274 0.0000000000
84685  45.840  -8.568  54.726 0.0000000000
83579  45.769  -8.849  54.414 0.0000000000
84684  46.822  -8.549  54.959 0.0000000000
84669  46.352  -8.036  55.815 0.0000000000
79124  41.988  -13.016  55.551 0.0000000000
79123  42.686  -12.714  55.739 0.0000000000
80182  43.377  -11.775  56.098 0.0000000000
80183  42.961  -12.320  55.813 0.0000000000
81269  44.049  -11.256  56.300 0.0000000000
82418  45.842  -9.937  57.511 0.0000000000
81254  45.041  -10.752  57.536 0.0000000000
82419  45.152  -10.218  57.104 0.0000000000
82438  45.244  -9.673  56.644 0.0000000000
83563  45.115  -8.919  56.031 0.0000000000
83551  45.523  -9.055  56.518 0.0000000000
71758  36.656  -19.733  56.664 0.0000000000
72745  37.163  -19.193  56.766 0.0000000000
68365  37.607  -22.217  59.728 0.0000000000
69494  38.489  -20.946  60.399 0.0000000000
70623  38.327  -20.469  60.016 0.0000000000
71719  38.091  -19.683  59.521 0.0000000000
71718  38.848  -19.782  60.028 0.0000000000
72721  38.629  -19.045  59.489 0.0000000000
71700  39.183  -19.790  61.896 0.0000000000
70567  39.779  -20.450  64.146 0.0000000000
60566  30.601  -28.377  60.677 0.0000000000
62859  31.071  -27.246  62.140 0.0000000000
62872  30.473  -27.018  61.509 0.0000000000
64004  30.648  -26.630  61.833 0.0000000000
66121  30.761  -25.284  62.383 0.0000000000
66092  31.639  -25.764  64.221 0.0000000000
67177  31.741  -25.268  63.373 0.0000000000
66105  32.161  -25.144  64.070 0.0000000000
66118  32.391  -24.995  63.373 0.0000000000
54334  34.239  -34.960  61.097 0.0000000000
54324  33.493  -34.055  62.077 0.0000000000
54308  33.690  -33.938  62.614 0.0000000000
57423  33.569  -31.827  63.867 0.0000000000
58335  33.528  -31.186  63.797 0.0000000000
59379  33.716  -30.159  64.167 0.0000000000
59380  33.162  -29.238  63.876 0.0000000000
59367  33.214  -29.158  64.751 0.0000000000
62816  32.803  -27.336  66.525 0.0000000000
60493  33.336  -28.414  65.714 0.0000000000
61630  32.906  -27.891  65.801 0.0000000000
61631  32.448  -27.913  65.088 0.0000000000
62822  32.499  -27.297  65.687 0.0000000000
63960  32.263  -26.578  65.457 0.0000000000
66068  33.465  -25.855  66.136 0.0000000000
66069  32.832  -25.620  65.786 0.0000000000
66088  33.973  -26.173  65.167 0.0000000000
66086  36.503  -25.995  65.300 0.0000000000
66085  37.699  -25.577  65.411 0.0000000000
66025  36.388  -26.299  68.823 0.0000000000
66024  37.355  -26.053  68.998 0.0000000000
67141  38.819  -24.896  67.188 0.0000000000
67167  38.815  -23.777  65.841 0.0000000000
68248  39.138  -22.948  66.165 0.0000000000
90320  51.604  -2.003  38.759 0.0000000000
87148  49.050  -6.278  42.710 0.0000000000
88224  51.221  -4.199  40.303 0.0000000000
88231  51.434  -3.692  39.602 0.0000000000
88229  52.941  -4.827  39.324 0.0000000000
87156  53.406  -6.778  41.557 0.0000000000
87166  53.925  -6.501  41.078 0.0000000000
87165  54.968  -6.487  40.847 0.0000000000
86050  54.516  -6.880  41.369 0.0000000000
84842  55.861  -7.319  43.954 0.0000000000
86016  55.676  -7.291  43.438 0.0000000000
86027  56.174  -7.132  42.899 0.0000000000
86026  56.739  -6.492  43.146 0.0000000000
89306  55.194  -3.369  34.657 0.0000000000
89328  55.996  -3.195  33.747 0.0000000000
89305  56.360  -3.837  34.412 0.0000000000
56394  33.848  -34.223  72.031 0.0000000000
48642  12.221  -41.133  73.746 0.0000000000
49695  11.263  -40.567  76.273 0.0000000000
73692  40.402  -17.897  61.291 0.0000000000
73691  40.854  -17.615  61.300 0.0000000000
54338  27.389  -35.861  60.229 0.0000000000
52188  28.460  -37.749  61.841 0.0000000000
52187  28.970  -38.080  62.465 0.0000000000
53209  24.808  -36.336  65.607 0.0000000000
53208  25.172  -36.695  65.926 0.0000000000
53223  24.922  -37.106  65.573 0.0000000000
52145  24.688  -37.957  65.474 0.0000000000
49868  24.025  -39.365  65.579 0.0000000000
55454  23.677  -35.426  62.985 0.0000000000
55436  24.331  -35.442  63.824 0.0000000000
54273  24.536  -36.100  65.241 0.0000000000
52020  23.304  -38.405  74.274 0.0000000000
53101  24.032  -38.095  75.291 0.0000000000
52006  23.253  -38.381  75.065 0.0000000000
51989  23.150  -38.180  75.814 0.0000000000
51967  23.022  -38.248  76.487 0.0000000000
83682  52.766  -8.358  47.192 0.0000000000
84782  52.945  -8.089  48.259 0.0000000000
84766  52.356  -8.075  49.022 0.0000000000
85948  52.181  -7.521  49.560 0.0000000000
84701  49.402  -8.347  54.428 0.0000000000
84680  50.122  -7.855  54.736 0.0000000000
84681  49.713  -7.895  55.066 0.0000000000
85848  50.274  -7.354  55.772 0.0000000000
80250  41.155  -12.026  51.839 0.0000000000
81333  41.450  -11.807  51.991 0.0000000000
66147  35.731  -24.814  60.568 0.0000000000
66146  36.664  -24.691  60.853 0.0000000000
55484  32.566  -34.010  61.025 0.0000000000
55466  32.918  -33.552  61.545 0.0000000000
56517  33.040  -32.929  61.806 0.0000000000
84834  50.012  -8.182  45.824 0.0000000000
83695  52.626  -8.370  46.853 0.0000000000
88254  54.018  -4.632  37.542 0.0000000000
88253  54.592  -5.086  37.410 0.0000000000
88242  53.797  -4.992  38.210 0.0000000000
87207  53.554  -4.998  38.794 0.0000000000
53205  32.289  -37.191  67.929 0.0000000000
50855  17.135  -39.295  73.925 0.0000000000
50841  17.454  -39.146  74.706 0.0000000000
50825  16.915  -39.096  75.542 0.0000000000
51996  16.389  -38.758  76.512 0.0000000000
51974  13.799  -38.244  77.914 0.0000000000
51973  14.662  -38.475  77.835 0.0000000000
85982  48.175  -7.147  47.660 0.0000000000
84787  47.863  -8.407  48.307 0.0000000000
82559  46.751  -9.843  48.961 0.0000000000
83670  47.488  -9.343  48.987 0.0000000000
82558  47.201  -9.750  49.538 0.0000000000
83664  47.169  -9.914  50.263 0.0000000000
83652  47.577  -9.567  51.058 0.0000000000
83618  46.736  -9.633  53.011 0.0000000000
75767  41.491  -15.746  55.817 0.0000000000
43925  8.384  -44.306  73.519 0.0000000000
43916  8.702  -44.270  73.905 0.0000000000
76903  38.957  -15.001  51.788 0.0000000000
75792  39.586  -15.918  53.329 0.0000000000
74802  39.476  -16.567  53.990 0.0000000000
74780  38.328  -18.245  55.316 0.0000000000
74779  39.128  -17.585  55.528 0.0000000000
73704  38.942  -18.486  59.598 0.0000000000
59483  30.593  -30.367  56.422 0.0000000000
53320  29.856  -36.805  58.532 0.0000000000
54401  29.927  -35.672  57.881 0.0000000000
54379  31.730  -35.900  58.763 0.0000000000
49952  33.945  -39.216  59.909 0.0000000000
50990  33.370  -39.236  65.781 0.0000000000
51017  32.845  -39.376  64.808 0.0000000000
50989  34.329  -39.373  65.625 0.0000000000
51015  34.791  -39.542  64.897 0.0000000000
51032  35.256  -39.921  64.283 0.0000000000
48781  36.733  -40.763  61.358 0.0000000000
57327  29.494  -34.472  71.687 0.0000000000
57317  29.803  -34.483  72.258 0.0000000000
56396  29.008  -34.643  71.514 0.0000000000
55324  28.343  -35.327  71.565 0.0000000000
54185  28.034  -36.003  71.855 0.0000000000
52084  26.052  -38.066  69.268 0.0000000000
52063  24.604  -38.337  71.434 0.0000000000
52048  24.344  -38.107  72.179 0.0000000000
50885  22.170  -39.309  71.299 0.0000000000
49872  19.453  -40.450  65.518 0.0000000000
49834  17.768  -40.346  67.410 0.0000000000
50940  19.009  -39.845  69.019 0.0000000000
50921  18.475  -39.684  69.955 0.0000000000
50906  18.257  -39.324  71.103 0.0000000000
48689  11.932  -41.578  70.010 0.0000000000
59485  26.356  -31.485  57.137 0.0000000000
58429  24.738  -32.886  59.498 0.0000000000
58428  25.146  -32.666  58.932 0.0000000000
59429  25.923  -32.215  59.760 0.0000000000
58407  25.973  -32.206  60.395 0.0000000000
58388  26.311  -32.595  61.148 0.0000000000
58370  26.839  -33.155  61.930 0.0000000000
57437  27.615  -33.869  63.037 0.0000000000
58336  27.364  -33.788  63.553 0.0000000000
58317  27.609  -34.124  64.930 0.0000000000
57396  26.092  -34.040  66.437 0.0000000000
58308  26.379  -33.749  66.289 0.0000000000
58280  26.987  -33.794  67.578 0.0000000000
58279  27.484  -33.747  67.867 0.0000000000
58265  28.564  -33.842  68.852 0.0000000000
58264  29.191  -34.001  69.141 0.0000000000
58256  28.878  -34.023  69.921 0.0000000000
58247  29.449  -34.127  70.572 0.0000000000
47442  9.192  -42.114  78.047 0.0000000000
48606  9.519  -41.511  77.960 0.0000000000
47423  8.615  -41.664  78.626 0.0000000000
49659  9.136  -41.046  79.236 0.0000000000
87068  55.281  -6.326  49.588 0.0000000000
88126  55.732  -6.122  49.194 0.0000000000
88117  55.446  -6.494  49.968 0.0000000000
88107  55.991  -6.885  50.289 0.0000000000
87051  55.956  -7.139  50.362 0.0000000000
85902  55.404  -7.532  50.799 0.0000000000
84723  54.822  -7.923  51.495 0.0000000000
87084  51.132  -7.327  50.209 0.0000000000
87073  50.967  -7.384  50.458 0.0000000000
87057  51.329  -7.241  50.856 0.0000000000
86972  51.678  -7.407  54.780 0.0000000000
86993  51.965  -7.388  53.729 0.0000000000
82480  42.839  -10.832  52.500 0.0000000000
82495  43.335  -10.607  52.204 0.0000000000
82478  43.970  -9.767  53.090 0.0000000000
83621  44.186  -9.669  53.065 0.0000000000
84705  44.791  -9.557  54.199 0.0000000000
84686  45.208  -9.090  54.605 0.0000000000
77992  43.283  -13.987  56.888 0.0000000000
79110  43.549  -12.475  56.768 0.0000000000
83536  46.336  -9.200  57.516 0.0000000000
70698  36.100  -20.071  56.426 0.0000000000
70658  36.991  -20.524  58.021 0.0000000000
68337  37.706  -22.957  61.395 0.0000000000
69480  38.137  -22.079  61.127 0.0000000000
69479  38.614  -21.296  60.926 0.0000000000
70605  39.032  -20.680  61.457 0.0000000000
69424  39.347  -21.840  64.529 0.0000000000
60554  31.394  -28.603  62.254 0.0000000000
60555  30.819  -28.220  61.754 0.0000000000
61682  31.156  -27.645  62.631 0.0000000000
63997  31.119  -26.928  62.799 0.0000000000
65076  31.168  -26.335  62.845 0.0000000000
63984  30.896  -26.913  63.460 0.0000000000
65065  31.299  -26.315  63.820 0.0000000000
65053  31.311  -26.107  64.728 0.0000000000
55449  33.611  -33.864  63.047 0.0000000000
55433  33.964  -33.438  63.286 0.0000000000
55416  33.876  -32.589  63.668 0.0000000000
63948  32.992  -26.635  66.909 0.0000000000
65035  32.916  -26.220  66.549 0.0000000000
65034  33.321  -25.819  66.942 0.0000000000
65043  37.167  -25.970  67.056 0.0000000000
84873  50.128  -7.292  42.684 0.0000000000
87178  52.435  -5.500  40.554 0.0000000000
84830  54.701  -8.166  44.733 0.0000000000
84829  55.598  -7.637  44.586 0.0000000000
84828  56.314  -7.155  44.492 0.0000000000
86014  56.732  -6.588  44.065 0.0000000000
86003  56.594  -6.590  45.165 0.0000000000
88301  56.606  -4.413  34.977 0.0000000000
88300  57.209  -4.641  34.568 0.0000000000
88228  56.928  -5.824  39.563 0.0000000000
55366  31.308  -35.168  69.010 0.0000000000
54234  31.665  -35.728  68.882 0.0000000000
55353  32.612  -35.222  69.934 0.0000000000
55352  33.349  -35.446  69.955 0.0000000000
56403  34.577  -34.988  71.333 0.0000000000
50844  14.557  -39.380  74.774 0.0000000000
49724  13.930  -39.694  74.494 0.0000000000
50828  13.632  -39.279  75.624 0.0000000000
50810  13.697  -38.887  76.806 0.0000000000
49710  12.291  -40.125  75.507 0.0000000000
50811  12.706  -39.015  76.550 0.0000000000
50792  13.304  -38.678  77.485 0.0000000000
51975  13.086  -38.397  77.945 0.0000000000
51932  12.515  -38.573  79.249 0.0000000000
51923  12.716  -38.959  79.751 0.0000000000
82551  45.959  -10.397  49.558 0.0000000000
74728  40.915  -16.942  58.554 0.0000000000
74727  41.737  -16.950  58.597 0.0000000000
74684  42.156  -17.017  61.275 0.0000000000
42740  7.520  -45.436  74.327 0.0000000000
41650  6.219  -47.347  75.529 0.0000000000
41640  6.320  -46.871  76.320 0.0000000000
40529  6.160  -47.654  76.895 0.0000000000
73748  37.871  -18.385  56.278 0.0000000000
55553  28.929  -34.631  56.662 0.0000000000
54402  28.930  -35.588  57.582 0.0000000000
53293  27.790  -36.646  59.643 0.0000000000
52251  28.286  -37.026  59.383 0.0000000000
52250  28.846  -37.413  59.221 0.0000000000
52222  30.053  -38.423  60.273 0.0000000000
51092  30.834  -38.720  60.636 0.0000000000
55355  27.205  -34.781  68.455 0.0000000000
55354  27.485  -35.198  69.293 0.0000000000
54235  26.851  -35.824  68.404 0.0000000000
53189  26.642  -36.539  68.198 0.0000000000
52096  26.454  -37.561  68.217 0.0000000000
52105  26.015  -37.583  67.248 0.0000000000
50952  26.012  -38.163  67.735 0.0000000000
50914  25.487  -38.811  69.092 0.0000000000
50935  24.091  -39.487  68.663 0.0000000000
49836  15.789  -40.339  67.441 0.0000000000
49813  15.550  -40.371  68.596 0.0000000000
57464  24.220  -33.765  61.282 0.0000000000
58374  24.585  -33.473  62.274 0.0000000000
58356  25.633  -33.083  63.281 0.0000000000
58357  24.984  -33.417  63.389 0.0000000000
58340  25.018  -33.420  64.446 0.0000000000
57411  25.013  -33.955  65.318 0.0000000000
56489  24.690  -34.687  64.432 0.0000000000
56475  24.765  -34.649  65.223 0.0000000000
57397  25.602  -34.309  66.058 0.0000000000
56443  25.833  -34.659  66.623 0.0000000000
56436  26.504  -34.542  67.644 0.0000000000
85976  55.622  -7.016  46.936 0.0000000000
87109  55.295  -7.017  47.648 0.0000000000
87097  55.022  -6.663  48.291 0.0000000000
87053  54.306  -6.820  50.905 0.0000000000
85906  50.273  -8.375  51.912 0.0000000000
85905  50.737  -7.913  52.295 0.0000000000
85868  51.152  -7.480  54.176 0.0000000000
86995  51.097  -7.349  54.889 0.0000000000
81366  41.403  -11.456  50.780 0.0000000000
82497  41.708  -11.429  51.423 0.0000000000
82471  43.535  -10.304  53.891 0.0000000000
82464  43.607  -10.337  54.415 0.0000000000
77972  45.245  -13.638  58.907 0.0000000000
77981  44.819  -13.393  58.401 0.0000000000
68406  36.358  -22.335  57.830 0.0000000000
68384  36.721  -22.421  58.443 0.0000000000
68354  37.157  -22.853  60.031 0.0000000000
68338  37.121  -23.076  60.785 0.0000000000
67215  37.268  -24.119  61.099 0.0000000000
68301  38.158  -23.483  63.282 0.0000000000
58403  32.531  -31.258  59.610 0.0000000000
60603  31.876  -29.557  59.888 0.0000000000
59426  32.434  -30.249  60.267 0.0000000000
60583  31.916  -29.455  60.799 0.0000000000
59411  32.665  -30.091  61.247 0.0000000000
60564  31.882  -29.344  61.768 0.0000000000
60553  32.094  -29.040  62.641 0.0000000000
60541  31.612  -28.408  63.148 0.0000000000
60540  32.362  -28.724  63.538 0.0000000000
86034  48.267  -6.726  43.746 0.0000000000
84874  49.800  -7.507  42.892 0.0000000000
86032  51.339  -7.511  42.639 0.0000000000
84872  52.370  -7.606  42.688 0.0000000000
84831  53.533  -8.302  45.028 0.0000000000
84799  55.147  -7.602  46.473 0.0000000000
89307  54.577  -2.581  34.836 0.0000000000
89283  53.947  -3.261  36.124 0.0000000000
89292  54.646  -3.589  35.550 0.0000000000
88284  56.027  -4.645  35.722 0.0000000000
87243  56.571  -5.856  36.986 0.0000000000
87175  55.708  -6.351  40.296 0.0000000000
54310  28.275  -36.075  63.126 0.0000000000
53256  28.526  -37.113  63.271 0.0000000000
53247  28.852  -37.359  64.327 0.0000000000
52143  31.252  -38.428  65.947 0.0000000000
52121  30.857  -37.678  66.461 0.0000000000
52142  31.864  -38.586  66.433 0.0000000000
50968  32.287  -38.757  66.415 0.0000000000
52118  33.645  -38.814  66.854 0.0000000000
54233  32.422  -35.983  69.260 0.0000000000
53186  32.878  -36.830  68.982 0.0000000000
53203  34.649  -37.447  68.161 0.0000000000
53184  35.211  -36.890  68.548 0.0000000000
52164  23.290  -38.350  63.690 0.0000000000
50837  21.237  -38.884  74.886 0.0000000000
50838  20.400  -39.155  74.859 0.0000000000
50823  18.539  -39.013  75.604 0.0000000000
51993  19.574  -38.946  77.071 0.0000000000
50804  19.091  -39.208  77.401 0.0000000000
50826  15.514  -39.240  75.589 0.0000000000
51972  15.717  -38.607  77.786 0.0000000000
50790  16.208  -38.726  78.073 0.0000000000
51949  17.258  -38.804  77.671 0.0000000000
85979  50.443  -7.804  47.644 0.0000000000
84785  50.630  -7.846  48.163 0.0000000000
85938  49.143  -8.356  49.890 0.0000000000
84754  49.466  -8.295  51.045 0.0000000000
83615  49.677  -8.761  53.299 0.0000000000
83616  48.925  -9.332  53.226 0.0000000000
83594  49.027  -8.761  54.049 0.0000000000
83576  48.796  -8.585  54.481 0.0000000000
84667  48.308  -7.897  55.637 0.0000000000
78049  40.757  -13.654  53.685 0.0000000000
79135  40.993  -12.996  54.035 0.0000000000
78008  42.025  -14.014  56.088 0.0000000000
78007  42.632  -14.015  56.510 0.0000000000
74739  42.287  -16.666  57.969 0.0000000000
75720  43.277  -16.216  58.692 0.0000000000
76824  44.779  -14.422  58.637 0.0000000000
76810  45.218  -14.494  59.550 0.0000000000
66132  33.264  -25.536  62.344 0.0000000000
53315  35.051  -36.411  59.075 0.0000000000
55516  34.670  -34.882  59.877 0.0000000000
86017  49.055  -7.194  45.477 0.0000000000
86006  49.396  -7.626  46.225 0.0000000000
85995  49.895  -7.591  47.038 0.0000000000
89276  52.330  -2.396  37.985 0.0000000000
47502  10.387  -42.186  74.610 0.0000000000
46262  9.904  -42.493  74.948 0.0000000000
46248  9.201  -43.183  76.754 0.0000000000
46240  8.774  -43.219  77.823 0.0000000000
46234  7.935  -43.102  78.668 0.0000000000
42731  7.475  -45.651  75.097 0.0000000000
43909  7.470  -45.497  75.561 0.0000000000
43896  7.615  -44.357  77.362 0.0000000000
43891  7.678  -44.301  77.915 0.0000000000
46235  7.512  -43.699  78.711 0.0000000000
80251  40.662  -12.334  51.570 0.0000000000
80236  40.687  -12.776  52.106 0.0000000000
79147  40.406  -13.144  52.584 0.0000000000
76871  41.116  -15.135  54.686 0.0000000000
75750  41.182  -16.430  56.082 0.0000000000
74760  40.949  -17.236  56.781 0.0000000000
74741  40.922  -17.366  57.740 0.0000000000
74713  39.652  -17.458  59.224 0.0000000000
74698  39.950  -17.751  59.829 0.0000000000
72692  40.320  -19.094  63.095 0.0000000000
60620  29.798  -28.455  57.763 0.0000000000
59444  32.080  -30.036  58.214 0.0000000000
58480  30.190  -31.951  55.976 0.0000000000
58479  30.783  -31.890  56.346 0.0000000000
58460  31.322  -31.665  57.006 0.0000000000
55530  30.434  -34.828  57.768 0.0000000000
58441  31.760  -31.474  57.881 0.0000000000
58440  31.927  -31.764  58.406 0.0000000000
58423  32.030  -31.123  58.622 0.0000000000
55503  32.595  -34.354  59.806 0.0000000000
54359  32.180  -34.996  59.194 0.0000000000
54358  32.475  -34.838  59.604 0.0000000000
53291  33.069  -35.319  59.443 0.0000000000
53316  34.181  -36.288  58.990 0.0000000000
52176  29.024  -38.093  63.518 0.0000000000
52175  29.915  -38.538  63.689 0.0000000000
51051  30.330  -38.852  62.660 0.0000000000
49894  31.878  -39.334  63.567 0.0000000000
51050  31.388  -39.313  62.921 0.0000000000
51066  32.090  -39.520  61.918 0.0000000000
51090  32.937  -39.685  60.986 0.0000000000
51031  36.203  -40.069  64.531 0.0000000000
49891  35.830  -40.261  63.593 0.0000000000
49892  34.783  -40.276  63.513 0.0000000000
49905  34.136  -40.157  62.732 0.0000000000
49924  33.735  -39.843  61.757 0.0000000000
49942  33.914  -39.757  60.730 0.0000000000
51089  34.637  -38.841  59.583 0.0000000000
48797  36.387  -40.228  60.447 0.0000000000
49940  35.956  -39.456  60.021 0.0000000000
51106  34.828  -38.130  59.301 0.0000000000
52244  35.453  -37.445  59.176 0.0000000000
55273  32.032  -34.934  73.251 0.0000000000
56352  30.878  -34.642  73.981 0.0000000000
56353  30.099  -34.658  74.056 0.0000000000
56386  29.329  -34.750  72.555 0.0000000000
56371  29.127  -35.244  73.590 0.0000000000
56354  29.426  -35.166  74.088 0.0000000000
56355  28.675  -35.396  74.503 0.0000000000
55274  27.870  -35.528  74.292 0.0000000000
54152  26.889  -36.020  74.466 0.0000000000
54199  27.543  -35.921  70.148 0.0000000000
54186  27.660  -35.898  71.047 0.0000000000
53148  27.638  -36.333  71.559 0.0000000000
53161  26.680  -37.371  70.539 0.0000000000
53137  27.488  -36.586  72.138 0.0000000000
54173  26.896  -36.540  72.945 0.0000000000
54161  26.987  -35.879  73.685 0.0000000000
54153  26.242  -36.452  74.354 0.0000000000
53112  25.479  -37.237  74.283 0.0000000000
52034  24.279  -38.285  73.069 0.0000000000
53128  23.991  -38.061  73.926 0.0000000000
52148  23.356  -38.761  63.854 0.0000000000
50996  23.472  -39.218  64.185 0.0000000000
49850  23.388  -39.795  66.205 0.0000000000
49829  22.959  -40.456  67.051 0.0000000000
50936  23.065  -39.690  68.827 0.0000000000
49873  18.623  -40.540  65.655 0.0000000000
49833  18.720  -40.191  67.297 0.0000000000
49832  19.702  -40.123  67.238 0.0000000000
49807  21.379  -40.276  68.076 0.0000000000
50937  22.048  -39.833  68.881 0.0000000000
50917  22.676  -39.458  69.616 0.0000000000
50902  22.403  -39.449  70.438 0.0000000000
50868  21.038  -39.061  72.825 0.0000000000
50889  17.970  -39.043  72.074 0.0000000000
50871  17.606  -39.140  73.003 0.0000000000
50872  16.806  -39.483  73.163 0.0000000000
50873  15.951  -39.540  73.221 0.0000000000
49737  15.230  -39.574  73.446 0.0000000000
49777  15.247  -40.266  70.800 0.0000000000
49750  14.551  -40.007  72.672 0.0000000000
49740  13.023  -40.405  73.360 0.0000000000
49741  12.557  -40.808  73.188 0.0000000000
47520  11.307  -42.080  73.482 0.0000000000
47539  10.539  -42.647  71.973 0.0000000000
45121  8.690  -43.893  72.119 0.0000000000
45104  8.219  -44.115  73.172 0.0000000000
43926  7.883  -44.500  73.130 0.0000000000
58481  28.298  -32.414  55.930 0.0000000000
57520  27.849  -33.019  57.272 0.0000000000
59505  27.140  -31.859  56.177 0.0000000000
57501  27.558  -33.309  58.320 0.0000000000
56566  27.405  -34.060  58.888 0.0000000000
55485  27.107  -34.984  60.936 0.0000000000
55468  27.682  -35.081  62.331 0.0000000000
59462  26.175  -31.947  58.032 0.0000000000
59445  26.298  -32.220  58.514 0.0000000000
59427  26.073  -32.193  59.607 0.0000000000
58427  26.383  -32.485  59.605 0.0000000000
58426  26.612  -32.609  59.088 0.0000000000
57463  27.046  -33.629  60.820 0.0000000000
56536  27.271  -34.086  61.554 0.0000000000
55451  28.126  -35.241  63.464 0.0000000000
55435  28.340  -35.359  64.716 0.0000000000
57436  27.999  -34.355  63.954 0.0000000000
55418  28.736  -35.361  65.839 0.0000000000
55417  29.318  -35.222  66.800 0.0000000000
55398  29.761  -34.940  67.601 0.0000000000
55380  30.254  -35.015  68.244 0.0000000000
58338  26.237  -33.466  64.135 0.0000000000
58318  26.975  -33.609  65.080 0.0000000000
58305  28.137  -34.231  66.124 0.0000000000
58306  27.638  -33.824  66.126 0.0000000000
57394  28.721  -34.416  66.951 0.0000000000
57393  29.277  -34.298  67.452 0.0000000000
56441  29.943  -34.515  68.119 0.0000000000
55379  30.760  -35.103  68.741 0.0000000000
56433  30.895  -34.708  69.169 0.0000000000
56426  31.408  -34.582  69.757 0.0000000000
58254  30.349  -33.983  70.236 0.0000000000
58244  31.071  -33.705  70.858 0.0000000000
57333  32.021  -34.019  71.599 0.0000000000
57323  31.953  -34.298  72.153 0.0000000000
52008  21.668  -38.957  75.910 0.0000000000
51990  22.233  -38.356  76.293 0.0000000000
48629  10.782  -41.605  75.158 0.0000000000
48617  10.697  -41.217  76.356 0.0000000000
49684  10.598  -40.529  77.008 0.0000000000
48589  9.826  -40.854  78.335 0.0000000000
49671  10.374  -40.304  78.234 0.0000000000
49670  10.856  -39.932  77.936 0.0000000000
50759  11.142  -39.064  79.076 0.0000000000
51924  11.796  -38.967  79.785 0.0000000000
87095  56.271  -6.138  47.899 0.0000000000
85935  51.380  -7.140  50.113 0.0000000000
87037  53.810  -6.542  51.789 0.0000000000
87038  53.234  -6.418  52.134 0.0000000000
85883  54.386  -7.503  51.856 0.0000000000
81426  44.537  -11.009  48.227 0.0000000000
81408  45.094  -11.170  49.207 0.0000000000
81384  45.309  -10.922  50.093 0.0000000000
82532  45.647  -10.404  50.721 0.0000000000
82535  42.816  -11.438  50.808 0.0000000000
82534  43.640  -10.882  50.801 0.0000000000
83639  45.810  -10.050  52.215 0.0000000000
83597  45.932  -9.163  53.973 0.0000000000
85851  47.921  -7.434  56.215 0.0000000000
80200  42.821  -11.946  55.041 0.0000000000
81304  43.405  -10.795  54.984 0.0000000000
82463  44.013  -10.090  54.844 0.0000000000
79090  44.491  -12.642  58.074 0.0000000000
80152  44.159  -11.944  57.751 0.0000000000
80163  44.532  -11.362  57.408 0.0000000000
81253  45.441  -10.818  58.268 0.0000000000
81287  44.502  -10.245  55.922 0.0000000000
82452  44.483  -9.930  55.474 0.0000000000
83564  44.816  -9.387  55.570 0.0000000000
83569  44.975  -9.050  55.387 0.0000000000
84652  45.665  -8.396  55.999 0.0000000000
83550  46.115  -8.948  56.841 0.0000000000
84651  46.179  -8.246  56.449 0.0000000000
85853  46.762  -7.673  56.314 0.0000000000
85852  47.115  -7.532  56.273 0.0000000000
85831  48.525  -7.288  56.888 0.0000000000
73749  37.058  -18.544  56.263 0.0000000000
73733  37.624  -18.683  56.893 0.0000000000
73725  37.778  -18.618  57.583 0.0000000000
69532  37.280  -21.051  58.376 0.0000000000
70657  37.646  -20.569  58.508 0.0000000000
71746  37.582  -19.834  57.990 0.0000000000
71732  37.784  -19.734  58.780 0.0000000000
72738  37.663  -19.025  58.210 0.0000000000
72720  39.020  -18.980  60.267 0.0000000000
72713  39.149  -18.918  61.261 0.0000000000
72704  39.621  -19.038  62.259 0.0000000000
72693  39.868  -19.546  62.814 0.0000000000
61717  30.376  -27.632  60.442 0.0000000000
62873  30.265  -27.254  60.910 0.0000000000
67202  31.512  -25.000  62.578 0.0000000000
66134  31.931  -25.001  62.595 0.0000000000
66117  33.140  -25.073  63.349 0.0000000000
54335  33.764  -34.723  61.196 0.0000000000
56516  33.180  -32.960  62.737 0.0000000000
55450  33.421  -33.485  62.890 0.0000000000
57435  33.333  -31.984  63.155 0.0000000000
58351  33.064  -31.025  62.964 0.0000000000
59393  33.426  -30.144  63.473 0.0000000000
60519  31.884  -28.259  64.016 0.0000000000
59366  33.751  -29.735  65.216 0.0000000000
60480  33.638  -28.538  66.398 0.0000000000
60492  33.655  -29.046  65.904 0.0000000000
60501  33.400  -28.945  65.328 0.0000000000
60502  32.741  -28.687  65.139 0.0000000000
60503  32.367  -28.321  64.742 0.0000000000
61643  31.944  -27.873  64.456 0.0000000000
63961  31.416  -26.647  64.980 0.0000000000
66071  31.571  -25.535  65.004 0.0000000000
66054  32.888  -25.555  66.041 0.0000000000
66070  32.273  -25.583  65.414 0.0000000000
66090  32.442  -25.339  64.955 0.0000000000
66103  33.553  -25.692  64.212 0.0000000000
66101  36.238  -25.719  63.924 0.0000000000
67176  37.201  -24.848  63.938 0.0000000000
68285  38.209  -23.871  63.773 0.0000000000
66026  35.564  -26.266  68.639 0.0000000000
66036  36.077  -26.273  68.178 0.0000000000
65042  37.556  -25.928  67.075 0.0000000000
66034  38.114  -25.664  68.643 0.0000000000
66048  38.098  -25.848  67.663 0.0000000000
66064  38.096  -25.557  66.539 0.0000000000
67168  38.480  -24.712  65.553 0.0000000000
67174  38.763  -23.889  64.968 0.0000000000
69411  39.852  -21.478  65.511 0.0000000000
69423  39.675  -21.179  64.830 0.0000000000
89265  52.067  -2.811  38.579 0.0000000000
89254  51.783  -3.502  39.089 0.0000000000
88244  52.346  -3.707  38.686 0.0000000000
87164  55.530  -6.474  40.789 0.0000000000
84871  52.586  -7.453  42.508 0.0000000000
86030  53.650  -7.486  42.506 0.0000000000
86029  54.376  -7.427  42.573 0.0000000000
84857  54.626  -7.425  43.117 0.0000000000
86040  54.906  -7.246  41.959 0.0000000000
86038  56.627  -6.551  42.273 0.0000000000
87154  57.090  -6.034  42.520 0.0000000000
45071  7.668  -43.996  78.340 0.0000000000
45077  8.613  -43.671  76.574 0.0000000000
45090  9.457  -43.656  74.152 0.0000000000
46229  7.398  -43.466  78.933 0.0000000000
46239  9.218  -42.729  77.478 0.0000000000
46277  9.901  -43.058  74.298 0.0000000000
47441  9.618  -41.788  77.521 0.0000000000
48576  8.955  -40.981  78.899 0.0000000000
48577  8.627  -41.243  79.124 0.0000000000
48591  8.616  -41.319  78.835 0.0000000000
48616  11.168  -41.040  76.178 0.0000000000
48679  11.455  -41.669  71.370 0.0000000000
48798  35.602  -40.098  60.426 0.0000000000
49664  10.152  -40.282  78.814 0.0000000000
49665  9.581  -40.528  78.877 0.0000000000
49666  9.133  -40.872  79.079 0.0000000000
49672  9.699  -40.688  78.571 0.0000000000
49682  11.517  -39.604  77.074 0.0000000000
49696  10.842  -40.745  76.583 0.0000000000
49708  13.662  -39.439  75.052 0.0000000000
49723  14.509  -39.601  74.288 0.0000000000
49727  11.965  -41.209  74.588 0.0000000000
49748  15.980  -39.693  72.731 0.0000000000
49761  16.050  -39.948  72.235 0.0000000000
49848  24.689  -38.887  66.546 0.0000000000
49867  24.522  -38.940  65.970 0.0000000000
49895  31.606  -39.318  63.420 0.0000000000
49907  32.133  -39.437  63.396 0.0000000000
49908  31.861  -39.424  63.260 0.0000000000
49921  36.408  -40.998  62.002 0.0000000000
50738  11.005  -39.679  79.928 0.0000000000
50740  9.870  -39.927  79.652 0.0000000000
50747  12.452  -38.924  80.008 0.0000000000
50748  11.992  -38.751  79.877 0.0000000000
50750  10.615  -39.798  79.576 0.0000000000
50751  10.054  -40.245  79.292 0.0000000000
50758  11.617  -38.761  78.864 0.0000000000
50776  11.020  -39.605  78.143 0.0000000000
50777  10.625  -39.921  78.471 0.0000000000
50789  17.769  -38.972  77.308 0.0000000000
50791  15.894  -38.627  78.307 0.0000000000
50795  11.312  -39.598  77.606 0.0000000000
50807  17.804  -38.957  76.175 0.0000000000
50820  21.420  -38.883  75.353 0.0000000000
50829  12.729  -39.533  75.949 0.0000000000
50830  12.292  -39.768  76.211 0.0000000000
50845  13.923  -39.360  74.966 0.0000000000
50857  15.323  -39.475  73.938 0.0000000000
50858  14.788  -39.529  74.170 0.0000000000
50915  24.764  -39.190  69.368 0.0000000000
50934  25.143  -39.299  68.435 0.0000000000
50967  32.769  -38.876  66.375 0.0000000000
50969  25.021  -38.284  66.349 0.0000000000
50991  32.147  -39.066  65.783 0.0000000000
50993  24.761  -38.343  65.848 0.0000000000
50994  24.431  -38.591  65.412 0.0000000000
51019  22.995  -38.713  63.631 0.0000000000
51034  33.447  -39.631  63.985 0.0000000000
51037  30.695  -38.942  63.476 0.0000000000
51052  29.636  -38.621  62.320 0.0000000000
51065  33.004  -39.756  62.183 0.0000000000
51916  12.769  -39.146  80.227 0.0000000000
51917  12.762  -39.039  79.900 0.0000000000
51918  11.139  -39.157  80.165 0.0000000000
51919  11.322  -39.183  79.900 0.0000000000
51925  11.394  -38.971  79.591 0.0000000000
51928  15.717  -38.481  78.927 0.0000000000
51931  13.363  -38.573  79.258 0.0000000000
51933  11.718  -38.676  79.196 0.0000000000
51934  11.383  -38.874  79.305 0.0000000000
51953  13.179  -38.277  78.594 0.0000000000
51954  12.431  -38.628  78.576 0.0000000000
51970  17.552  -38.887  77.162 0.0000000000
51971  16.754  -38.645  77.432 0.0000000000
51976  12.704  -38.718  78.105 0.0000000000
51999  13.664  -38.557  77.495 0.0000000000
52010  19.819  -38.877  76.728 0.0000000000
52011  16.247  -39.117  75.594 0.0000000000
52013  14.924  -38.908  76.580 0.0000000000
52024  15.872  -39.176  75.443 0.0000000000
52075  24.973  -38.501  70.630 0.0000000000
52083  26.724  -37.332  69.103 0.0000000000
52095  26.778  -37.023  68.575 0.0000000000
52102  34.131  -37.948  67.516 0.0000000000
52120  31.560  -37.948  66.761 0.0000000000
52122  25.011  -37.601  65.816 0.0000000000
52123  24.697  -37.443  65.462 0.0000000000
52141  34.005  -39.225  66.189 0.0000000000
52162  29.897  -38.277  64.768 0.0000000000
52165  23.140  -38.743  63.730 0.0000000000
52186  29.552  -38.499  62.944 0.0000000000
52199  29.792  -38.775  60.926 0.0000000000
52221  30.770  -38.286  60.138 0.0000000000
53114  23.852  -38.195  74.613 0.0000000000
53172  26.973  -36.591  68.874 0.0000000000
53183  36.076  -36.913  68.374 0.0000000000
53235  28.741  -36.739  64.811 0.0000000000
53237  23.631  -37.680  64.093 0.0000000000
53246  29.358  -37.734  64.686 0.0000000000
53321  28.450  -36.634  58.623 0.0000000000
53343  28.922  -36.097  57.968 0.0000000000
54160  27.422  -35.790  73.436 0.0000000000
54255  25.837  -36.063  67.169 0.0000000000
54271  30.769  -36.346  67.811 0.0000000000
54284  24.195  -36.119  64.466 0.0000000000
54292  34.047  -33.774  63.001 0.0000000000
54293  33.804  -33.745  62.963 0.0000000000
54295  23.816  -36.197  63.851 0.0000000000
54323  33.673  -34.389  62.073 0.0000000000
54337  32.757  -34.184  60.872 0.0000000000
54360  27.427  -35.902  58.960 0.0000000000
54381  30.102  -36.134  58.279 0.0000000000
54419  29.515  -35.360  57.368 0.0000000000
54420  29.058  -35.304  56.977 0.0000000000
55238  27.715  -35.843  75.038 0.0000000000
55239  27.396  -36.043  74.888 0.0000000000
55254  28.397  -35.348  74.860 0.0000000000
55255  28.105  -35.444  74.768 0.0000000000
55271  33.606  -35.141  72.927 0.0000000000
55275  27.337  -35.635  74.099 0.0000000000
55339  28.044  -35.092  70.859 0.0000000000
55351  34.145  -35.537  70.084 0.0000000000
55364  32.765  -35.564  69.643 0.0000000000
55365  32.039  -35.315  69.500 0.0000000000
55367  27.229  -35.271  68.607 0.0000000000
55369  26.141  -35.102  67.402 0.0000000000
55399  25.229  -35.169  65.900 0.0000000000
55437  23.854  -35.824  63.466 0.0000000000
55452  28.159  -35.526  62.821 0.0000000000
55453  24.139  -35.045  63.354 0.0000000000
55465  33.216  -33.659  61.756 0.0000000000
55515  34.974  -35.042  59.583 0.0000000000
55532  28.288  -34.924  57.399 0.0000000000
55551  30.439  -34.219  57.326 0.0000000000
56356  28.198  -35.475  74.416 0.0000000000
56365  33.185  -34.702  72.990 0.0000000000
56367  31.741  -34.786  72.948 0.0000000000
56381  34.277  -34.537  72.227 0.0000000000
56382  33.486  -34.534  72.441 0.0000000000
56385  29.829  -34.542  72.699 0.0000000000
56393  34.546  -34.523  71.821 0.0000000000
56406  28.803  -34.476  71.010 0.0000000000
56422  34.318  -35.352  70.488 0.0000000000
56423  33.651  -35.175  70.478 0.0000000000
56425  32.069  -34.756  70.102 0.0000000000
56428  26.911  -34.505  68.119 0.0000000000
56435  26.924  -34.300  67.986 0.0000000000
56437  26.006  -34.869  67.080 0.0000000000
56440  30.365  -34.786  68.627 0.0000000000
56442  26.246  -34.539  67.106 0.0000000000
56454  29.527  -34.425  67.538 0.0000000000
56457  25.084  -34.940  65.596 0.0000000000
56471  34.075  -32.207  64.003 0.0000000000
56474  25.177  -34.552  65.591 0.0000000000
56487  33.669  -32.309  63.720 0.0000000000
56500  33.413  -32.650  63.346 0.0000000000
56604  30.135  -33.317  56.391 0.0000000000
57302  31.687  -34.694  72.737 0.0000000000
57304  30.969  -35.192  72.812 0.0000000000
57324  31.429  -34.279  71.908 0.0000000000
57326  30.103  -34.310  71.663 0.0000000000
57335  31.000  -33.869  71.346 0.0000000000
57337  29.106  -34.292  70.877 0.0000000000
57344  32.580  -34.326  71.448 0.0000000000
57346  31.267  -33.936  70.537 0.0000000000
57348  28.751  -34.177  70.382 0.0000000000
57350  27.902  -34.361  69.557 0.0000000000
57356  31.551  -34.341  70.234 0.0000000000
57357  30.996  -34.277  69.781 0.0000000000
57358  30.368  -34.256  69.557 0.0000000000
57359  28.056  -34.071  69.110 0.0000000000
57367  29.490  -33.845  68.101 0.0000000000
57368  27.626  -33.992  68.553 0.0000000000
57378  29.163  -33.942  67.580 0.0000000000
57379  26.822  -33.940  67.564 0.0000000000
57380  26.461  -34.245  67.221 0.0000000000
57381  26.111  -34.371  66.697 0.0000000000
57395  26.511  -33.959  66.966 0.0000000000
57407  33.927  -31.641  64.252 0.0000000000
57410  25.609  -33.912  65.804 0.0000000000
57426  24.765  -33.735  64.501 0.0000000000
57427  24.698  -34.174  64.183 0.0000000000
57438  24.843  -33.579  63.986 0.0000000000
57499  31.843  -32.062  58.220 0.0000000000
57519  30.866  -32.593  56.764 0.0000000000
57521  27.771  -32.539  56.908 0.0000000000
57537  30.361  -32.514  56.192 0.0000000000
57540  27.980  -32.663  56.657 0.0000000000
58235  30.789  -33.991  71.369 0.0000000000
58236  30.531  -34.090  71.338 0.0000000000
58246  30.081  -34.114  70.861 0.0000000000
58253  30.874  -33.847  70.587 0.0000000000
58266  27.967  -33.807  68.655 0.0000000000
58294  26.711  -33.761  67.134 0.0000000000
58321  24.959  -33.524  64.954 0.0000000000
58350  33.338  -30.630  63.414 0.0000000000
58353  27.277  -33.378  62.652 0.0000000000
58354  26.927  -33.095  62.924 0.0000000000
58367  33.115  -31.674  62.231 0.0000000000
58404  26.843  -33.258  60.004 0.0000000000
58424  31.968  -30.705  57.940 0.0000000000
58425  27.101  -33.071  59.168 0.0000000000
58442  27.402  -32.975  58.625 0.0000000000
59378  33.637  -30.605  64.012 0.0000000000
59392  33.460  -30.534  63.621 0.0000000000
59428  26.089  -32.027  59.796 0.0000000000
59447  26.008  -32.252  59.095 0.0000000000
59448  25.632  -32.445  59.206 0.0000000000
59482  30.937  -31.119  56.408 0.0000000000
59503  30.561  -31.516  56.135 0.0000000000
60516  33.652  -30.355  64.026 0.0000000000
60517  33.586  -30.211  63.836 0.0000000000
60538  33.558  -30.457  63.827 0.0000000000
60539  33.466  -30.289  63.665 0.0000000000
60605  30.410  -28.626  58.578 0.0000000000
60656  29.789  -30.336  55.785 0.0000000000
61735  30.217  -27.437  59.582 0.0000000000
62851  31.179  -27.342  62.651 0.0000000000
63985  31.024  -26.932  62.812 0.0000000000
63998  31.049  -26.911  62.289 0.0000000000
65044  33.076  -25.528  66.421 0.0000000000
65045  32.698  -25.922  66.028 0.0000000000
65050  37.520  -25.893  66.737 0.0000000000
65051  37.307  -25.948  66.857 0.0000000000
65077  30.983  -25.889  62.481 0.0000000000
65083  31.112  -26.678  62.439 0.0000000000
65092  30.050  -25.977  61.876 0.0000000000
66028  34.216  -25.427  68.125 0.0000000000
66049  36.959  -26.040  67.512 0.0000000000
66106  31.799  -25.356  63.652 0.0000000000
66108  31.166  -25.794  62.694 0.0000000000
66120  31.038  -25.289  62.451 0.0000000000
67178  31.620  -25.376  63.198 0.0000000000
67187  31.720  -25.186  63.092 0.0000000000
67188  31.352  -25.160  62.617 0.0000000000
69512  37.135  -22.041  58.618 0.0000000000
70555  39.497  -20.909  64.432 0.0000000000
72703  39.961  -18.631  62.453 0.0000000000
82549  47.234  -9.819  49.844 0.0000000000
83580  45.600  -9.016  54.362 0.0000000000
83592  49.997  -8.369  53.743 0.0000000000
83614  49.916  -8.498  53.555 0.0000000000
83681  52.997  -8.380  47.266 0.0000000000
84665  49.478  -7.731  55.465 0.0000000000
84687  44.765  -9.525  54.584 0.0000000000
84702  49.030  -8.510  54.469 0.0000000000
84704  45.929  -8.780  54.409 0.0000000000
84768  51.158  -7.637  49.047 0.0000000000
84804  50.728  -8.025  47.958 0.0000000000
84841  56.353  -7.045  44.013 0.0000000000
85864  54.056  -7.591  52.476 0.0000000000
85870  50.030  -7.562  55.387 0.0000000000
85917  56.376  -7.245  50.053 0.0000000000
85919  51.404  -7.252  51.216 0.0000000000
85963  50.929  -7.557  48.944 0.0000000000
86041  53.897  -7.258  41.781 0.0000000000
86051  53.990  -6.897  41.408 0.0000000000
86057  56.132  -6.485  40.992 0.0000000000
87034  55.505  -7.228  50.706 0.0000000000
87050  56.228  -6.931  50.122 0.0000000000
87067  56.193  -6.877  50.150 0.0000000000
87085  50.730  -7.470  50.049 0.0000000000
88099  55.286  -6.993  50.852 0.0000000000
88108  55.547  -6.891  50.569 0.0000000000
88115  56.573  -6.811  49.690 0.0000000000
88149  56.698  -6.199  47.385 0.0000000000
88162  56.880  -6.246  46.504 0.0000000000
88220  57.278  -5.878  40.065 0.0000000000
88240  57.085  -5.712  39.348 0.0000000000
88241  56.844  -5.784  39.322 0.0000000000
92538  53.318  -0.946  37.306 0.0000000000
