#!ascii label  , from subject 3352 vox2ras=TkReg
1227
56490  18.602  -31.507  65.801 0.0000000000
68105  28.343  -23.428  76.222 0.0000000000
84709  37.072  -7.116  52.883 0.0000000000
72746  33.490  -18.960  58.726 0.0000000000
68211  33.438  -20.256  68.196 0.0000000000
89197  49.721  -2.312  45.926 0.0000000000
81306  38.155  -9.188  56.047 0.0000000000
76885  33.149  -13.345  54.382 0.0000000000
56496  14.322  -33.592  64.322 0.0000000000
60482  24.104  -27.434  69.226 0.0000000000
66055  26.874  -24.676  68.577 0.0000000000
61704  20.113  -27.846  62.398 0.0000000000
88131  43.374  -4.474  48.994 0.0000000000
56429  20.779  -31.798  70.624 0.0000000000
54203  15.943  -32.760  70.342 0.0000000000
85888  42.098  -4.123  51.734 0.0000000000
54208  11.010  -33.730  70.365 0.0000000000
50927  8.176  -37.764  69.236 0.0000000000
76814  34.160  -13.557  59.355 0.0000000000
70570  34.368  -19.658  63.557 0.0000000000
70571  30.187  -19.129  64.493 0.0000000000
71637  26.821  -18.918  67.541 0.0000000000
81272  38.847  -10.531  57.569 0.0000000000
80218  36.296  -10.922  55.339 0.0000000000
79115  36.444  -12.239  56.904 0.0000000000
84653  40.276  -7.500  57.607 0.0000000000
56522  17.670  -31.932  62.745 0.0000000000
54330  16.315  -35.066  62.356 0.0000000000
56493  17.005  -32.474  64.557 0.0000000000
59354  19.774  -28.621  67.661 0.0000000000
61637  21.607  -26.869  66.289 0.0000000000
59395  19.048  -29.361  63.897 0.0000000000
58411  19.241  -31.701  60.808 0.0000000000
84761  38.200  -6.825  50.118 0.0000000000
85871  38.853  -5.592  54.360 0.0000000000
85914  38.734  -5.489  52.254 0.0000000000
84744  40.136  -5.432  50.601 0.0000000000
55301  14.425  -31.728  73.696 0.0000000000
55343  13.782  -32.345  70.510 0.0000000000
55303  12.315  -32.752  73.244 0.0000000000
52015  7.524  -36.272  74.720 0.0000000000
52052  8.608  -36.326  71.966 0.0000000000
50876  6.757  -38.404  71.994 0.0000000000
48681  6.032  -40.496  71.292 0.0000000000
48646  4.704  -40.456  73.898 0.0000000000
72668  34.808  -18.525  65.534 0.0000000000
68250  34.711  -20.768  66.086 0.0000000000
68304  32.899  -20.341  63.929 0.0000000000
69415  31.818  -20.151  66.134 0.0000000000
63999  25.381  -25.723  64.048 0.0000000000
69364  26.486  -21.387  68.800 0.0000000000
67191  24.867  -23.729  64.109 0.0000000000
70574  25.256  -20.567  64.593 0.0000000000
74716  32.416  -16.382  59.262 0.0000000000
74745  31.465  -16.401  57.688 0.0000000000
72764  32.303  -18.829  57.049 0.0000000000
89236  52.513  -1.430  43.801 0.0000000000
89226  49.928  -2.409  44.332 0.0000000000
83602  37.556  -7.667  54.454 0.0000000000
80237  34.825  -10.342  54.192 0.0000000000
84672  39.179  -6.798  56.229 0.0000000000
63924  27.458  -26.097  72.316 0.0000000000
67097  27.931  -23.733  72.431 0.0000000000
62818  26.016  -26.534  68.400 0.0000000000
60543  24.151  -26.606  64.403 0.0000000000
60588  22.343  -27.311  60.536 0.0000000000
87061  45.709  -4.411  51.148 0.0000000000
88138  45.919  -3.405  49.787 0.0000000000
90229  45.955  -2.031  48.229 0.0000000000
90269  46.725  -2.383  45.171 0.0000000000
56444  18.885  -31.352  68.686 0.0000000000
55385  17.780  -32.062  67.922 0.0000000000
55357  18.835  -32.688  69.925 0.0000000000
59332  21.741  -29.070  70.374 0.0000000000
85926  42.655  -4.896  50.763 0.0000000000
55387  15.326  -32.171  67.552 0.0000000000
55389  12.941  -32.701  67.349 0.0000000000
54264  10.301  -34.910  66.721 0.0000000000
54165  10.168  -34.379  73.202 0.0000000000
53175  8.967  -35.464  69.530 0.0000000000
45079  4.028  -43.268  75.137 0.0000000000
76827  36.355  -12.523  58.773 0.0000000000
74699  33.386  -17.387  61.034 0.0000000000
73684  34.151  -17.818  63.378 0.0000000000
71720  34.635  -19.423  60.585 0.0000000000
69482  33.988  -20.703  61.582 0.0000000000
70608  31.825  -19.370  61.961 0.0000000000
71712  28.149  -18.323  60.737 0.0000000000
69291  27.574  -21.382  72.670 0.0000000000
71584  28.062  -19.199  70.563 0.0000000000
70501  30.393  -20.148  68.595 0.0000000000
71652  28.049  -19.040  66.013 0.0000000000
71705  25.890  -18.947  62.774 0.0000000000
75753  33.805  -13.557  56.893 0.0000000000
74795  31.035  -15.850  54.258 0.0000000000
80166  38.608  -10.877  58.170 0.0000000000
79125  37.285  -11.530  57.096 0.0000000000
78009  37.542  -11.864  58.134 0.0000000000
81270  39.611  -9.265  58.248 0.0000000000
56505  17.882  -31.803  63.963 0.0000000000
56506  17.329  -32.320  63.674 0.0000000000
56492  17.662  -32.256  64.679 0.0000000000
58310  19.048  -29.915  66.602 0.0000000000
59368  19.258  -29.233  65.991 0.0000000000
57428  18.781  -30.967  64.841 0.0000000000
58360  18.701  -30.903  63.319 0.0000000000
84747  37.296  -6.848  50.848 0.0000000000
85891  38.207  -5.893  53.412 0.0000000000
85890  39.022  -4.879  52.905 0.0000000000
85915  38.152  -5.982  52.419 0.0000000000
84746  38.280  -6.320  51.351 0.0000000000
50832  6.598  -37.138  74.825 0.0000000000
50859  7.103  -37.185  73.336 0.0000000000
50860  6.468  -37.921  72.778 0.0000000000
49767  6.546  -39.311  71.388 0.0000000000
49743  5.704  -39.382  72.851 0.0000000000
48669  5.296  -40.437  72.258 0.0000000000
68229  35.207  -20.964  66.810 0.0000000000
68231  34.248  -20.555  67.083 0.0000000000
68273  32.746  -20.542  65.759 0.0000000000
68233  32.732  -20.358  67.420 0.0000000000
68106  28.053  -22.751  75.839 0.0000000000
62887  24.578  -25.903  61.221 0.0000000000
66122  25.090  -24.578  64.287 0.0000000000
64031  24.656  -25.339  60.821 0.0000000000
66154  24.968  -24.392  61.590 0.0000000000
73727  32.807  -17.880  59.164 0.0000000000
73728  32.339  -17.515  58.708 0.0000000000
90251  49.672  -1.801  46.225 0.0000000000
89183  50.824  -1.505  46.768 0.0000000000
88166  50.492  -2.338  45.760 0.0000000000
89207  50.776  -2.484  45.092 0.0000000000
88179  50.302  -2.530  45.212 0.0000000000
82473  37.870  -8.519  55.346 0.0000000000
81334  36.548  -9.229  54.483 0.0000000000
81320  36.982  -9.814  55.232 0.0000000000
78042  34.839  -12.439  55.339 0.0000000000
79148  34.144  -11.903  54.182 0.0000000000
76895  33.003  -12.965  53.768 0.0000000000
82465  38.825  -8.469  56.941 0.0000000000
83572  38.613  -8.133  56.038 0.0000000000
83584  38.292  -7.702  55.374 0.0000000000
56509  15.297  -33.788  63.498 0.0000000000
55425  13.731  -33.848  64.691 0.0000000000
61602  25.803  -27.173  70.527 0.0000000000
62805  26.701  -26.391  70.482 0.0000000000
61620  24.901  -26.821  68.806 0.0000000000
61666  20.469  -27.094  64.204 0.0000000000
60505  23.411  -26.509  65.047 0.0000000000
60546  21.816  -26.679  63.360 0.0000000000
60568  23.231  -26.693  62.049 0.0000000000
60570  21.341  -27.370  61.195 0.0000000000
60572  19.780  -29.078  60.733 0.0000000000
69515  32.657  -20.985  58.848 0.0000000000
87076  44.642  -4.875  50.248 0.0000000000
88122  45.622  -4.240  50.164 0.0000000000
87099  44.854  -4.165  49.162 0.0000000000
89173  44.904  -3.071  48.175 0.0000000000
90242  45.088  -2.545  46.581 0.0000000000
91350  46.889  -1.485  46.837 0.0000000000
57363  19.551  -31.093  70.155 0.0000000000
55383  18.734  -31.832  68.948 0.0000000000
55356  19.501  -32.293  70.441 0.0000000000
58268  21.323  -29.760  70.857 0.0000000000
58282  20.420  -29.632  69.782 0.0000000000
85909  44.077  -4.701  51.768 0.0000000000
85910  43.101  -4.759  51.577 0.0000000000
84758  40.862  -5.630  49.806 0.0000000000
54240  16.565  -32.897  68.900 0.0000000000
54275  16.642  -32.421  67.603 0.0000000000
54241  15.865  -32.922  68.704 0.0000000000
55344  12.952  -33.067  70.460 0.0000000000
55373  12.964  -32.688  68.475 0.0000000000
55360  11.935  -32.815  69.161 0.0000000000
55391  10.918  -34.131  67.041 0.0000000000
55362  10.603  -34.118  68.392 0.0000000000
53116  9.412  -34.678  74.361 0.0000000000
52079  7.951  -36.970  70.621 0.0000000000
53154  9.229  -35.896  71.593 0.0000000000
52087  8.362  -36.694  69.103 0.0000000000
53192  8.761  -35.941  68.405 0.0000000000
75676  33.198  -15.659  61.768 0.0000000000
71677  34.594  -18.884  64.665 0.0000000000
73655  34.917  -17.886  64.831 0.0000000000
72705  34.280  -18.482  63.413 0.0000000000
72714  34.397  -18.743  61.771 0.0000000000
71702  34.452  -19.266  62.139 0.0000000000
69481  34.756  -20.549  61.228 0.0000000000
69462  34.527  -20.312  62.260 0.0000000000
69445  31.968  -19.540  64.301 0.0000000000
69465  32.487  -20.089  62.935 0.0000000000
70590  30.886  -18.870  63.189 0.0000000000
70609  30.151  -18.904  61.505 0.0000000000
70591  29.075  -18.502  62.596 0.0000000000
67122  27.149  -24.191  70.556 0.0000000000
68141  27.872  -22.275  72.962 0.0000000000
68174  27.015  -22.574  71.175 0.0000000000
70504  26.446  -20.628  68.452 0.0000000000
70474  27.066  -20.487  69.907 0.0000000000
71602  28.006  -19.225  69.568 0.0000000000
70487  29.695  -19.432  69.466 0.0000000000
70503  28.795  -19.542  68.333 0.0000000000
70518  29.776  -19.893  67.458 0.0000000000
71636  27.904  -19.133  67.074 0.0000000000
69488  24.949  -21.464  61.390 0.0000000000
71694  25.518  -19.355  63.889 0.0000000000
76813  35.295  -13.003  59.408 0.0000000000
75735  35.286  -12.947  58.017 0.0000000000
76844  33.504  -13.715  57.892 0.0000000000
73752  30.957  -17.895  56.255 0.0000000000
74781  31.324  -15.828  55.386 0.0000000000
91374  52.604  -0.722  42.646 0.0000000000
81291  38.683  -10.031  56.817 0.0000000000
81308  37.470  -10.268  56.159 0.0000000000
80186  37.496  -10.560  56.505 0.0000000000
79127  36.017  -12.052  56.149 0.0000000000
78028  35.572  -12.430  56.186 0.0000000000
83553  40.725  -7.842  58.732 0.0000000000
81289  39.505  -9.072  57.716 0.0000000000
55470  17.079  -33.882  62.107 0.0000000000
56524  16.604  -33.519  62.814 0.0000000000
56495  14.927  -32.866  64.065 0.0000000000
60485  21.583  -27.540  68.252 0.0000000000
61623  22.576  -27.051  67.590 0.0000000000
61625  20.676  -27.400  66.927 0.0000000000
61651  19.800  -27.683  64.777 0.0000000000
60547  19.136  -28.700  63.101 0.0000000000
59412  19.315  -29.849  61.541 0.0000000000
59403  18.997  -30.258  62.310 0.0000000000
57453  18.545  -31.752  62.182 0.0000000000
87102  42.603  -5.497  48.509 0.0000000000
56410  20.422  -32.179  71.854 0.0000000000
88093  40.410  -3.835  54.024 0.0000000000
87028  40.744  -3.901  52.825 0.0000000000
85889  40.181  -4.454  52.341 0.0000000000
84727  41.318  -4.710  50.914 0.0000000000
85927  39.483  -5.393  51.008 0.0000000000
84760  38.928  -6.345  50.209 0.0000000000
55329  15.769  -32.064  72.110 0.0000000000
54204  15.288  -32.389  69.995 0.0000000000
55331  14.026  -31.866  71.377 0.0000000000
55332  13.146  -33.013  71.476 0.0000000000
54194  11.888  -33.225  71.805 0.0000000000
53117  8.799  -35.390  74.245 0.0000000000
52039  7.699  -36.521  72.987 0.0000000000
50875  7.397  -37.503  72.179 0.0000000000
50910  7.353  -38.323  70.495 0.0000000000
49783  6.945  -39.104  70.119 0.0000000000
70544  35.017  -19.435  65.772 0.0000000000
69426  34.289  -20.120  64.743 0.0000000000
69442  33.968  -20.232  63.845 0.0000000000
68288  33.256  -20.371  64.592 0.0000000000
69429  32.401  -19.945  65.101 0.0000000000
69431  30.724  -19.518  65.231 0.0000000000
66093  26.658  -24.767  66.940 0.0000000000
68215  26.320  -23.162  68.585 0.0000000000
68256  26.346  -23.514  67.078 0.0000000000
69403  25.865  -22.011  67.627 0.0000000000
70535  25.797  -20.283  66.956 0.0000000000
70547  25.793  -19.935  66.222 0.0000000000
69432  25.215  -21.295  65.122 0.0000000000
68345  24.675  -22.939  61.904 0.0000000000
76800  32.870  -14.789  59.807 0.0000000000
76832  32.419  -14.787  58.416 0.0000000000
75709  32.371  -15.722  58.957 0.0000000000
73736  31.418  -17.444  57.124 0.0000000000
89224  52.085  -2.036  44.426 0.0000000000
90280  50.717  -1.870  44.237 0.0000000000
83603  36.985  -7.740  53.744 0.0000000000
83622  36.186  -7.756  52.066 0.0000000000
82498  35.668  -8.227  52.856 0.0000000000
80219  35.296  -10.958  54.653 0.0000000000
80238  34.187  -11.049  53.609 0.0000000000
85801  41.081  -6.351  58.193 0.0000000000
86946  40.820  -5.532  57.495 0.0000000000
86976  40.362  -4.917  56.004 0.0000000000
85854  39.499  -5.818  55.509 0.0000000000
84689  38.345  -6.729  54.753 0.0000000000
64970  28.431  -24.789  74.584 0.0000000000
67068  28.608  -23.706  74.788 0.0000000000
65011  27.850  -25.053  72.745 0.0000000000
65029  27.318  -25.233  70.694 0.0000000000
63956  26.661  -25.808  68.284 0.0000000000
61634  24.219  -26.838  67.144 0.0000000000
61645  24.695  -26.396  66.526 0.0000000000
63972  26.107  -25.395  66.980 0.0000000000
61699  24.988  -26.517  63.346 0.0000000000
61719  24.252  -26.485  62.057 0.0000000000
61738  23.526  -27.163  60.635 0.0000000000
90219  47.259  -2.131  49.832 0.0000000000
88140  44.959  -3.604  48.688 0.0000000000
89172  45.548  -2.881  48.713 0.0000000000
91330  47.518  -1.392  48.741 0.0000000000
91341  47.558  -0.914  47.600 0.0000000000
91349  48.008  -1.255  46.719 0.0000000000
90267  48.648  -2.554  45.659 0.0000000000
89210  48.692  -2.530  45.157 0.0000000000
56476  18.538  -31.427  66.651 0.0000000000
55420  18.065  -32.557  66.089 0.0000000000
55401  18.387  -31.657  68.196 0.0000000000
54258  17.870  -32.368  68.733 0.0000000000
54218  17.481  -33.094  70.029 0.0000000000
55341  19.669  -32.272  71.281 0.0000000000
54189  16.968  -32.527  71.390 0.0000000000
55315  16.262  -32.124  72.735 0.0000000000
65950  28.978  -24.549  76.105 0.0000000000
62737  28.568  -25.915  74.142 0.0000000000
61576  26.782  -27.196  71.880 0.0000000000
60460  25.301  -27.640  70.897 0.0000000000
59330  23.170  -28.148  71.268 0.0000000000
60471  23.145  -27.543  69.945 0.0000000000
59345  20.602  -28.734  69.247 0.0000000000
58296  19.508  -29.651  67.759 0.0000000000
85908  44.896  -4.272  51.734 0.0000000000
87063  44.171  -5.041  50.729 0.0000000000
87077  43.560  -4.945  50.073 0.0000000000
84742  41.777  -4.832  50.709 0.0000000000
84757  41.894  -5.130  49.984 0.0000000000
85954  42.308  -5.633  49.004 0.0000000000
55421  17.245  -32.525  66.168 0.0000000000
55423  15.678  -32.070  65.785 0.0000000000
56460  14.439  -31.901  66.006 0.0000000000
54222  14.620  -32.877  69.143 0.0000000000
55388  14.326  -32.597  67.764 0.0000000000
56462  13.579  -32.913  65.393 0.0000000000
55427  12.283  -34.582  65.501 0.0000000000
54277  11.438  -35.038  65.746 0.0000000000
54178  11.570  -33.290  72.866 0.0000000000
54195  10.913  -33.750  71.375 0.0000000000
53153  9.744  -35.238  71.241 0.0000000000
53162  10.258  -34.375  70.112 0.0000000000
54245  9.322  -35.306  68.640 0.0000000000
47485  4.076  -41.385  74.860 0.0000000000
77994  37.868  -11.882  58.792 0.0000000000
76799  33.464  -14.026  60.039 0.0000000000
76784  32.994  -14.765  60.451 0.0000000000
74700  32.947  -16.529  60.693 0.0000000000
73717  33.651  -18.123  60.254 0.0000000000
74687  33.703  -17.336  62.828 0.0000000000
73706  33.881  -18.256  61.300 0.0000000000
72731  33.873  -18.878  60.150 0.0000000000
70642  34.348  -20.376  59.863 0.0000000000
69497  34.362  -20.921  60.252 0.0000000000
69499  32.519  -20.819  60.188 0.0000000000
68322  33.236  -20.777  62.887 0.0000000000
69485  32.644  -19.877  61.745 0.0000000000
70626  32.011  -19.901  60.991 0.0000000000
70628  30.121  -18.952  60.241 0.0000000000
71724  28.427  -18.771  59.696 0.0000000000
68171  32.564  -19.826  70.155 0.0000000000
68129  28.896  -22.558  74.108 0.0000000000
69262  27.619  -20.583  73.967 0.0000000000
71543  28.269  -19.559  73.449 0.0000000000
69328  26.557  -21.100  70.559 0.0000000000
71557  27.580  -19.661  71.795 0.0000000000
70442  29.494  -19.246  72.129 0.0000000000
70457  30.671  -19.613  71.087 0.0000000000
69343  31.081  -19.634  69.481 0.0000000000
68213  31.929  -19.707  68.474 0.0000000000
69381  31.059  -20.328  67.895 0.0000000000
69402  30.340  -19.770  66.735 0.0000000000
70558  29.027  -19.309  64.759 0.0000000000
71667  27.156  -18.838  65.404 0.0000000000
71679  27.488  -18.798  64.375 0.0000000000
70573  28.229  -18.440  63.567 0.0000000000
71704  27.023  -18.980  62.139 0.0000000000
76841  36.454  -12.531  58.124 0.0000000000
76857  35.443  -13.131  56.860 0.0000000000
75783  34.078  -13.477  55.762 0.0000000000
75739  32.234  -14.796  57.480 0.0000000000
75771  32.675  -14.321  55.518 0.0000000000
75785  32.517  -14.338  54.443 0.0000000000
88200  49.035  -2.941  44.073 0.0000000000
80155  38.795  -10.922  58.936 0.0000000000
79098  38.060  -11.533  58.160 0.0000000000
79097  38.474  -11.434  58.737 0.0000000000
80165  38.999  -10.520  58.754 0.0000000000
57429  18.392  -31.414  64.213 0.0000000000
56491  18.230  -31.918  65.162 0.0000000000
57413  18.709  -30.773  66.099 0.0000000000
58322  19.258  -30.152  65.508 0.0000000000
84730  37.230  -6.812  51.905 0.0000000000
84731  36.621  -7.196  51.437 0.0000000000
85892  37.774  -6.185  53.017 0.0000000000
84729  37.636  -6.498  52.544 0.0000000000
50847  6.617  -37.980  73.912 0.0000000000
49742  6.104  -38.567  73.272 0.0000000000
49728  6.149  -38.493  73.791 0.0000000000
49729  5.689  -38.957  73.882 0.0000000000
68210  34.164  -20.442  68.100 0.0000000000
68209  34.897  -20.680  67.984 0.0000000000
68232  33.473  -20.449  67.245 0.0000000000
68093  28.411  -22.545  76.967 0.0000000000
68098  28.314  -22.519  76.579 0.0000000000
62888  24.550  -26.434  60.576 0.0000000000
64019  24.613  -25.293  61.744 0.0000000000
62900  24.771  -25.984  60.384 0.0000000000
64040  24.845  -25.521  60.105 0.0000000000
72741  33.222  -18.566  59.072 0.0000000000
89184  50.181  -1.766  46.288 0.0000000000
88167  49.807  -2.486  45.531 0.0000000000
81318  37.996  -8.875  55.621 0.0000000000
82474  37.397  -8.869  55.192 0.0000000000
81319  37.711  -9.159  55.554 0.0000000000
78043  33.990  -12.798  54.752 0.0000000000
78051  34.303  -12.364  54.624 0.0000000000
82466  38.618  -8.783  56.628 0.0000000000
83571  38.974  -7.912  56.756 0.0000000000
82472  38.277  -8.579  55.771 0.0000000000
55442  14.718  -34.088  63.762 0.0000000000
55456  15.250  -34.677  63.358 0.0000000000
55443  14.154  -34.553  64.239 0.0000000000
60481  24.613  -27.244  69.679 0.0000000000
61612  25.159  -27.024  69.886 0.0000000000
61688  20.428  -27.246  63.406 0.0000000000
61687  20.932  -26.633  63.652 0.0000000000
61702  20.890  -26.624  63.004 0.0000000000
60558  21.406  -26.929  62.303 0.0000000000
60559  20.479  -27.555  61.862 0.0000000000
60571  20.430  -28.163  60.926 0.0000000000
87088  44.043  -4.441  49.505 0.0000000000
88141  43.680  -4.354  49.064 0.0000000000
90255  45.353  -2.347  45.975 0.0000000000
57362  20.421  -30.833  70.712 0.0000000000
56430  19.830  -31.731  70.340 0.0000000000
57371  19.850  -30.431  70.096 0.0000000000
87027  41.937  -3.795  52.290 0.0000000000
87026  43.115  -3.839  52.561 0.0000000000
85887  42.641  -4.333  51.966 0.0000000000
54219  16.671  -33.153  69.747 0.0000000000
54220  15.904  -33.039  69.502 0.0000000000
55345  12.076  -33.351  69.971 0.0000000000
55346  11.369  -33.501  69.613 0.0000000000
55361  11.137  -33.601  68.878 0.0000000000
54223  10.719  -33.998  69.626 0.0000000000
53102  9.592  -34.494  75.037 0.0000000000
50909  7.660  -37.843  70.030 0.0000000000
52088  8.090  -37.126  69.842 0.0000000000
50926  8.516  -37.554  68.584 0.0000000000
70569  34.431  -19.360  64.178 0.0000000000
71691  34.389  -18.925  63.789 0.0000000000
71701  34.033  -19.104  62.961 0.0000000000
70588  34.512  -19.738  62.782 0.0000000000
70606  35.038  -19.985  61.814 0.0000000000
69446  31.223  -19.274  64.386 0.0000000000
69467  31.601  -19.213  63.785 0.0000000000
70572  29.320  -18.932  63.811 0.0000000000
67133  26.853  -24.262  70.008 0.0000000000
67110  26.918  -23.150  70.652 0.0000000000
67123  26.823  -23.661  70.301 0.0000000000
71620  26.699  -19.685  68.399 0.0000000000
71603  27.253  -19.718  69.278 0.0000000000
71619  27.830  -19.202  68.368 0.0000000000
76829  34.783  -13.350  58.682 0.0000000000
76830  33.778  -13.704  58.468 0.0000000000
81292  37.784  -10.260  56.548 0.0000000000
80185  37.695  -10.867  57.009 0.0000000000
79126  36.782  -11.657  56.647 0.0000000000
78027  35.734  -12.195  56.000 0.0000000000
79116  35.985  -12.293  56.475 0.0000000000
83552  41.120  -7.752  59.300 0.0000000000
81271  39.256  -10.140  58.121 0.0000000000
81290  39.322  -9.487  57.463 0.0000000000
82455  38.915  -9.275  57.066 0.0000000000
56507  16.639  -32.695  63.561 0.0000000000
56508  15.930  -33.326  63.533 0.0000000000
56494  15.947  -32.283  64.691 0.0000000000
60474  20.845  -28.147  68.652 0.0000000000
60487  19.843  -28.054  67.210 0.0000000000
59381  19.382  -29.365  64.930 0.0000000000
60506  19.511  -28.495  65.358 0.0000000000
60525  19.404  -28.772  64.745 0.0000000000
61652  19.618  -28.101  64.295 0.0000000000
60548  19.248  -28.688  63.768 0.0000000000
59402  19.237  -29.689  62.749 0.0000000000
58375  19.050  -30.338  62.830 0.0000000000
57441  18.291  -31.262  63.235 0.0000000000
86998  39.635  -4.582  54.850 0.0000000000
87029  39.760  -4.495  53.540 0.0000000000
85913  39.689  -4.983  51.562 0.0000000000
84745  39.262  -5.836  50.700 0.0000000000
55316  15.197  -31.576  72.785 0.0000000000
55330  15.022  -31.682  71.800 0.0000000000
55317  14.134  -31.673  72.610 0.0000000000
55318  13.177  -32.308  72.400 0.0000000000
55319  12.468  -32.995  72.222 0.0000000000
55333  12.619  -33.195  71.776 0.0000000000
53104  7.899  -35.440  75.026 0.0000000000
52014  8.154  -35.723  74.467 0.0000000000
50892  7.485  -37.612  71.005 0.0000000000
50893  7.083  -38.384  71.206 0.0000000000
49768  6.201  -39.847  71.441 0.0000000000
48680  6.292  -39.911  71.190 0.0000000000
48659  5.162  -39.909  73.352 0.0000000000
48660  4.942  -40.860  72.964 0.0000000000
68249  35.103  -20.744  66.403 0.0000000000
69398  35.283  -20.475  66.538 0.0000000000
69399  35.036  -20.562  66.064 0.0000000000
69413  34.947  -20.035  65.609 0.0000000000
69414  34.673  -20.380  65.615 0.0000000000
68286  34.096  -20.268  64.678 0.0000000000
68271  33.899  -20.500  65.352 0.0000000000
68274  32.254  -20.622  65.931 0.0000000000
69430  31.615  -19.619  65.242 0.0000000000
69416  31.084  -19.703  66.071 0.0000000000
65067  25.679  -25.020  65.706 0.0000000000
66094  26.050  -24.491  66.440 0.0000000000
65078  25.433  -25.159  64.622 0.0000000000
67180  24.874  -23.482  64.915 0.0000000000
67179  25.203  -23.674  65.389 0.0000000000
68275  25.238  -23.050  65.788 0.0000000000
69404  25.681  -21.418  67.165 0.0000000000
68276  25.106  -22.110  65.988 0.0000000000
69418  25.280  -20.951  66.257 0.0000000000
68292  24.896  -22.640  64.844 0.0000000000
68324  24.472  -23.162  62.606 0.0000000000
75708  32.501  -15.695  59.570 0.0000000000
72748  32.591  -18.555  57.857 0.0000000000
73735  31.759  -17.871  58.016 0.0000000000
73751  31.555  -18.211  56.942 0.0000000000
89208  50.416  -2.479  44.867 0.0000000000
89225  51.046  -2.249  44.779 0.0000000000
90281  49.971  -1.943  43.897 0.0000000000
89237  49.580  -2.518  43.617 0.0000000000
81335  35.700  -9.747  54.347 0.0000000000
82484  35.230  -8.994  53.441 0.0000000000
81336  34.470  -9.830  53.522 0.0000000000
81351  33.970  -10.337  53.225 0.0000000000
81321  36.169  -10.435  54.807 0.0000000000
80220  34.560  -11.427  54.390 0.0000000000
79149  33.664  -12.123  53.275 0.0000000000
80239  33.719  -11.679  52.856 0.0000000000
84637  40.745  -7.152  58.167 0.0000000000
84620  41.223  -6.754  58.652 0.0000000000
84654  39.765  -7.074  57.066 0.0000000000
85818  40.214  -6.313  57.199 0.0000000000
85835  39.855  -6.071  56.497 0.0000000000
86962  40.401  -5.555  56.907 0.0000000000
83585  37.808  -7.929  55.048 0.0000000000
83601  37.953  -7.357  54.831 0.0000000000
84707  37.980  -6.776  54.240 0.0000000000
63907  27.603  -25.573  73.156 0.0000000000
64992  27.953  -24.909  73.675 0.0000000000
63923  27.697  -25.535  72.216 0.0000000000
62812  26.214  -26.513  69.081 0.0000000000
63942  27.031  -25.795  70.254 0.0000000000
63950  26.681  -25.755  69.185 0.0000000000
63949  26.869  -25.469  69.610 0.0000000000
62824  26.361  -26.122  67.928 0.0000000000
61622  23.482  -27.256  67.822 0.0000000000
61636  22.594  -26.604  66.540 0.0000000000
60522  23.855  -26.606  64.769 0.0000000000
61647  23.629  -26.511  65.510 0.0000000000
61662  24.331  -26.666  64.887 0.0000000000
61660  24.892  -25.882  65.970 0.0000000000
61683  25.291  -26.374  65.141 0.0000000000
62839  25.408  -25.899  65.493 0.0000000000
61685  24.434  -26.557  63.836 0.0000000000
60569  22.356  -26.960  61.651 0.0000000000
61701  23.912  -26.670  62.432 0.0000000000
60587  23.117  -27.153  61.323 0.0000000000
58392  19.298  -30.813  61.041 0.0000000000
87060  46.348  -3.699  51.565 0.0000000000
88128  45.772  -3.984  49.898 0.0000000000
88127  46.237  -3.427  50.295 0.0000000000
90209  46.874  -2.641  50.420 0.0000000000
89163  46.360  -2.728  49.972 0.0000000000
87111  44.011  -4.381  48.062 0.0000000000
87110  44.382  -3.940  48.609 0.0000000000
89185  45.305  -2.520  47.918 0.0000000000
90228  46.503  -2.372  49.011 0.0000000000
91331  46.700  -1.899  48.423 0.0000000000
91342  46.715  -1.614  47.807 0.0000000000
90254  46.214  -1.797  45.963 0.0000000000
90253  47.406  -1.830  45.972 0.0000000000
90252  48.812  -1.911  46.128 0.0000000000
90268  47.924  -2.366  45.156 0.0000000000
56458  18.448  -31.332  67.635 0.0000000000
55370  19.196  -32.169  69.663 0.0000000000
55371  18.489  -32.270  69.210 0.0000000000
54238  18.050  -32.705  69.565 0.0000000000
54217  18.251  -32.956  70.363 0.0000000000
55313  18.140  -32.476  72.578 0.0000000000
54188  17.796  -32.526  71.722 0.0000000000
54176  17.055  -32.370  72.126 0.0000000000
63873  28.451  -25.140  74.824 0.0000000000
60459  25.805  -27.533  71.053 0.0000000000
59331  22.390  -28.896  70.752 0.0000000000
59342  22.760  -27.883  70.698 0.0000000000
59343  22.318  -28.310  70.186 0.0000000000
59344  21.447  -28.736  69.815 0.0000000000
57382  19.655  -30.236  69.387 0.0000000000
58295  19.802  -29.560  68.931 0.0000000000
57383  19.170  -30.570  68.445 0.0000000000
57398  18.701  -30.593  67.219 0.0000000000
82517  35.450  -8.218  51.754 0.0000000000
85925  43.666  -4.981  51.162 0.0000000000
87064  43.402  -5.047  50.623 0.0000000000
87078  42.920  -4.907  50.321 0.0000000000
84728  40.586  -4.874  50.918 0.0000000000
84743  41.120  -5.175  50.509 0.0000000000
84773  40.522  -6.169  48.978 0.0000000000
84772  41.630  -6.012  49.126 0.0000000000
84771  42.166  -5.390  49.537 0.0000000000
55403  17.533  -32.350  67.110 0.0000000000
55386  15.710  -32.236  67.576 0.0000000000
55405  15.948  -32.374  67.094 0.0000000000
55424  15.195  -31.581  65.864 0.0000000000
55406  14.968  -31.676  66.547 0.0000000000
54192  14.588  -32.179  70.512 0.0000000000
54205  14.575  -32.442  69.835 0.0000000000
55358  13.794  -32.630  69.680 0.0000000000
55407  13.890  -32.335  66.558 0.0000000000
55408  12.935  -33.281  66.003 0.0000000000
55409  11.782  -34.215  66.328 0.0000000000
55410  10.999  -34.728  66.347 0.0000000000
54278  10.736  -35.625  66.126 0.0000000000
53129  10.162  -34.213  73.680 0.0000000000
54164  10.641  -33.691  73.559 0.0000000000
54179  10.711  -33.901  72.458 0.0000000000
53141  10.192  -34.583  71.765 0.0000000000
52038  8.446  -36.081  72.790 0.0000000000
53143  9.048  -35.690  72.416 0.0000000000
53164  9.162  -35.804  70.718 0.0000000000
53163  9.496  -34.844  70.414 0.0000000000
54225  9.704  -34.962  69.049 0.0000000000
47464  4.280  -40.731  75.050 0.0000000000
46250  3.921  -41.710  74.793 0.0000000000
46265  4.031  -42.287  74.703 0.0000000000
76812  36.362  -12.570  59.880 0.0000000000
76783  33.500  -14.240  60.975 0.0000000000
74689  33.159  -16.457  61.489 0.0000000000
74714  33.180  -17.315  60.320 0.0000000000
73671  34.387  -18.046  64.282 0.0000000000
72722  34.677  -18.716  61.159 0.0000000000
73705  34.251  -18.403  61.664 0.0000000000
72723  34.203  -18.766  60.648 0.0000000000
71721  34.168  -19.154  60.336 0.0000000000
71734  33.939  -19.557  59.866 0.0000000000
69496  34.789  -20.627  60.696 0.0000000000
69498  33.425  -21.054  60.226 0.0000000000
69483  33.209  -20.502  61.310 0.0000000000
68303  33.218  -20.463  63.671 0.0000000000
68302  33.610  -20.512  63.340 0.0000000000
68323  32.836  -20.642  63.156 0.0000000000
69486  32.400  -19.713  62.456 0.0000000000
69464  32.743  -20.309  62.562 0.0000000000
70607  32.307  -19.709  61.541 0.0000000000
70627  30.916  -19.661  60.465 0.0000000000
70610  28.943  -18.448  61.442 0.0000000000
71711  29.259  -18.589  60.509 0.0000000000
71725  27.251  -18.303  59.846 0.0000000000
67075  28.663  -23.815  73.921 0.0000000000
67069  28.933  -23.059  74.360 0.0000000000
67085  28.417  -23.287  73.293 0.0000000000
69290  28.026  -21.921  73.279 0.0000000000
69275  27.772  -21.142  73.552 0.0000000000
71544  27.776  -19.897  73.587 0.0000000000
70428  27.926  -20.309  73.141 0.0000000000
68216  26.125  -22.244  68.803 0.0000000000
69344  26.684  -21.922  70.448 0.0000000000
69345  26.609  -21.417  69.694 0.0000000000
71585  27.469  -19.690  70.194 0.0000000000
71568  27.551  -19.660  71.054 0.0000000000
71567  28.071  -19.220  71.494 0.0000000000
71566  28.885  -19.269  71.900 0.0000000000
70458  29.667  -19.334  71.496 0.0000000000
71583  28.863  -19.212  70.999 0.0000000000
70472  30.479  -19.537  69.974 0.0000000000
70486  30.398  -19.831  69.090 0.0000000000
69361  31.591  -19.599  69.152 0.0000000000
69362  31.044  -19.980  68.618 0.0000000000
68214  31.403  -20.039  68.156 0.0000000000
69363  30.507  -20.294  68.237 0.0000000000
70534  28.892  -19.246  66.538 0.0000000000
70533  29.570  -19.482  66.898 0.0000000000
70545  29.635  -19.615  66.145 0.0000000000
70557  29.800  -19.405  65.388 0.0000000000
70546  28.922  -19.478  65.636 0.0000000000
70560  25.481  -20.092  65.370 0.0000000000
71668  26.272  -19.294  65.803 0.0000000000
70561  25.352  -19.866  64.655 0.0000000000
71693  26.276  -18.958  63.734 0.0000000000
71678  28.353  -18.905  64.743 0.0000000000
71692  27.129  -18.769  63.201 0.0000000000
70592  27.840  -18.338  62.699 0.0000000000
77985  37.234  -12.189  58.984 0.0000000000
77995  37.043  -12.277  58.172 0.0000000000
75752  34.833  -13.442  57.239 0.0000000000
76856  35.394  -13.189  57.368 0.0000000000
75769  34.412  -13.384  56.464 0.0000000000
75770  33.542  -13.737  56.043 0.0000000000
76846  32.588  -14.344  58.134 0.0000000000
75755  31.817  -14.807  56.074 0.0000000000
75772  31.888  -15.114  54.891 0.0000000000
91373  53.292  -0.642  42.297 0.0000000000
92487  53.256  -0.515  41.833 0.0000000000
91383  53.799  -0.573  41.710 0.0000000000
88181  48.507  -3.075  44.376 0.0000000000
80184  38.415  -10.741  57.421 0.0000000000
80167  38.124  -11.192  57.639 0.0000000000
79113  37.589  -11.619  57.614 0.0000000000
79114  37.018  -12.041  57.439 0.0000000000
56523  17.297  -32.964  62.607 0.0000000000
59361  19.505  -29.081  66.992 0.0000000000
59362  19.624  -28.794  67.059 0.0000000000
58341  19.185  -30.108  64.563 0.0000000000
58359  18.912  -30.431  63.580 0.0000000000
57440  18.686  -31.051  63.838 0.0000000000
85872  38.385  -6.279  54.193 0.0000000000
85928  38.990  -5.621  51.433 0.0000000000
85929  38.566  -5.875  51.872 0.0000000000
55284  13.816  -32.374  74.831 0.0000000000
49754  6.321  -38.918  72.417 0.0000000000
49755  5.980  -39.709  71.929 0.0000000000
48645  5.078  -39.639  74.269 0.0000000000
69380  35.166  -20.883  67.428 0.0000000000
68230  34.802  -21.015  66.932 0.0000000000
68251  34.107  -20.755  66.212 0.0000000000
68252  33.428  -20.619  66.353 0.0000000000
68253  32.719  -20.575  66.538 0.0000000000
68254  31.974  -20.568  66.796 0.0000000000
62874  24.717  -25.806  62.174 0.0000000000
65093  25.403  -25.449  62.835 0.0000000000
65086  25.269  -24.838  62.868 0.0000000000
66123  25.076  -24.499  63.349 0.0000000000
67206  24.709  -23.832  63.022 0.0000000000
65107  24.767  -24.827  61.201 0.0000000000
65117  24.802  -24.982  60.435 0.0000000000
74715  32.666  -16.814  59.843 0.0000000000
74731  32.400  -17.071  59.186 0.0000000000
73734  32.541  -18.137  58.435 0.0000000000
90240  49.084  -1.126  46.608 0.0000000000
91339  50.126  -1.051  47.912 0.0000000000
90239  49.904  -1.057  46.654 0.0000000000
88178  51.217  -2.367  45.388 0.0000000000
88199  49.820  -2.530  44.707 0.0000000000
82481  37.539  -8.342  54.959 0.0000000000
82482  37.087  -8.649  54.544 0.0000000000
79137  35.729  -11.809  55.307 0.0000000000
79138  34.788  -11.826  54.802 0.0000000000
78052  33.603  -12.601  54.063 0.0000000000
78053  33.193  -12.765  53.213 0.0000000000
83566  39.744  -8.022  57.446 0.0000000000
83583  38.737  -7.451  55.942 0.0000000000
55472  16.122  -34.592  62.710 0.0000000000
54298  13.796  -35.616  64.208 0.0000000000
55444  13.482  -34.848  64.606 0.0000000000
62795  26.998  -26.770  71.380 0.0000000000
62794  27.301  -26.407  71.601 0.0000000000
61601  26.181  -26.610  70.118 0.0000000000
61611  25.762  -26.707  69.364 0.0000000000
61619  25.552  -26.658  68.601 0.0000000000
61649  21.555  -26.885  65.325 0.0000000000
61648  22.595  -26.522  65.428 0.0000000000
61665  21.420  -26.716  64.362 0.0000000000
60524  22.295  -26.564  64.086 0.0000000000
60545  22.854  -26.562  63.550 0.0000000000
60556  23.440  -26.602  62.937 0.0000000000
60557  22.553  -26.701  62.630 0.0000000000
60589  21.136  -27.837  60.064 0.0000000000
60590  20.224  -28.834  59.808 0.0000000000
69514  33.587  -21.287  59.088 0.0000000000
87062  45.046  -4.868  50.912 0.0000000000
87075  45.520  -4.505  50.556 0.0000000000
87087  45.159  -4.397  49.862 0.0000000000
87086  45.422  -4.159  49.742 0.0000000000
87098  45.374  -4.104  49.614 0.0000000000
88153  44.364  -3.591  48.043 0.0000000000
89186  44.779  -3.024  47.186 0.0000000000
90241  45.638  -1.934  47.071 0.0000000000
90270  45.922  -2.495  45.423 0.0000000000
57372  19.415  -30.936  69.373 0.0000000000
56438  19.276  -31.569  69.513 0.0000000000
58281  21.085  -29.455  70.294 0.0000000000
58269  20.521  -29.987  70.458 0.0000000000
87046  43.616  -4.355  52.178 0.0000000000
54259  17.159  -32.384  68.158 0.0000000000
54274  17.087  -32.421  67.446 0.0000000000
54260  16.400  -32.483  68.219 0.0000000000
54261  15.764  -32.307  68.022 0.0000000000
55359  12.943  -32.837  69.453 0.0000000000
55374  11.924  -32.952  68.159 0.0000000000
55390  11.963  -33.496  67.150 0.0000000000
55375  11.251  -33.830  67.941 0.0000000000
55376  10.590  -34.281  67.818 0.0000000000
53115  10.151  -34.156  74.149 0.0000000000
53130  9.720  -34.566  73.671 0.0000000000
52067  7.991  -36.889  71.536 0.0000000000
52066  8.722  -36.519  71.126 0.0000000000
52078  8.481  -36.397  70.183 0.0000000000
75686  33.295  -14.944  61.631 0.0000000000
75675  33.446  -15.219  62.353 0.0000000000
74679  33.248  -16.241  62.157 0.0000000000
71665  34.767  -18.939  65.450 0.0000000000
72682  34.754  -18.438  64.858 0.0000000000
73683  34.336  -18.172  63.808 0.0000000000
73694  34.265  -17.965  62.258 0.0000000000
72706  34.200  -18.557  62.588 0.0000000000
71710  35.022  -19.320  61.360 0.0000000000
70624  35.038  -20.140  60.880 0.0000000000
69444  32.389  -19.987  63.918 0.0000000000
69443  32.661  -20.277  63.642 0.0000000000
69466  31.971  -19.514  63.175 0.0000000000
70589  31.590  -19.298  62.781 0.0000000000
71703  27.996  -18.403  61.802 0.0000000000
68155  27.945  -22.887  72.755 0.0000000000
68173  27.733  -23.036  71.874 0.0000000000
68156  27.512  -22.365  72.223 0.0000000000
69308  27.092  -21.687  71.775 0.0000000000
70488  26.730  -20.504  69.102 0.0000000000
71601  28.865  -19.214  70.003 0.0000000000
71618  28.854  -19.208  68.975 0.0000000000
70502  29.689  -20.008  68.397 0.0000000000
70519  28.916  -19.518  67.594 0.0000000000
69448  24.900  -20.466  63.393 0.0000000000
70575  25.016  -20.065  64.011 0.0000000000
69469  24.823  -20.826  62.678 0.0000000000
70594  25.163  -19.643  63.018 0.0000000000
70611  25.405  -19.347  62.386 0.0000000000
71714  25.657  -18.870  61.561 0.0000000000
70629  24.873  -20.234  60.728 0.0000000000
76828  35.443  -12.923  58.456 0.0000000000
75723  34.564  -13.433  58.184 0.0000000000
75737  34.123  -13.603  57.698 0.0000000000
74746  31.306  -16.881  56.682 0.0000000000
74764  31.466  -15.875  56.534 0.0000000000
74765  31.111  -16.823  55.801 0.0000000000
90288  51.587  -1.533  43.770 0.0000000000
90297  52.410  -1.106  43.339 0.0000000000
81307  37.802  -9.761  56.049 0.0000000000
80203  37.017  -10.836  56.232 0.0000000000
80202  37.198  -11.242  56.768 0.0000000000
79136  36.294  -11.407  55.997 0.0000000000
78041  35.614  -12.195  55.744 0.0000000000
76884  34.051  -13.173  55.241 0.0000000000
84636  41.014  -7.240  58.899 0.0000000000
83565  40.404  -8.065  58.035 0.0000000000
82440  40.272  -8.663  58.798 0.0000000000
82453  39.855  -8.706  57.879 0.0000000000
82454  39.133  -8.713  57.298 0.0000000000
55471  16.576  -34.399  62.342 0.0000000000
56525  16.185  -33.993  62.886 0.0000000000
60484  22.526  -27.511  68.539 0.0000000000
60483  23.372  -27.579  68.828 0.0000000000
61624  21.567  -27.109  67.320 0.0000000000
61638  20.695  -27.206  66.013 0.0000000000
60495  19.606  -28.460  66.556 0.0000000000
61639  19.882  -27.647  65.756 0.0000000000
61650  20.658  -27.211  65.088 0.0000000000
61667  19.907  -27.687  63.915 0.0000000000
61689  19.761  -27.964  63.069 0.0000000000
60560  19.735  -28.568  62.023 0.0000000000
59413  18.992  -30.637  61.800 0.0000000000
58376  18.800  -30.865  62.607 0.0000000000
58393  18.993  -31.369  61.629 0.0000000000
87090  42.683  -5.107  48.919 0.0000000000
88142  43.562  -4.431  48.839 0.0000000000
87101  43.279  -4.833  48.490 0.0000000000
56419  21.235  -32.047  70.741 0.0000000000
56409  21.211  -31.822  71.588 0.0000000000
88066  40.371  -3.833  55.240 0.0000000000
87048  41.232  -4.260  51.978 0.0000000000
87047  41.782  -4.128  51.750 0.0000000000
85912  40.812  -4.552  51.461 0.0000000000
84759  39.884  -6.145  49.871 0.0000000000
85941  39.204  -6.360  49.417 0.0000000000
54190  15.963  -32.470  71.315 0.0000000000
54191  15.147  -32.058  70.841 0.0000000000
54207  11.887  -33.353  70.880 0.0000000000
52025  8.320  -35.954  73.659 0.0000000000
52053  8.041  -36.681  72.306 0.0000000000
70532  35.347  -19.765  66.254 0.0000000000
71651  34.998  -19.139  66.005 0.0000000000
70556  34.649  -19.367  65.162 0.0000000000
69425  34.409  -19.756  64.595 0.0000000000
69440  34.326  -19.698  63.965 0.0000000000
69441  34.321  -20.037  63.552 0.0000000000
69427  34.039  -20.244  64.401 0.0000000000
68287  33.762  -20.308  64.374 0.0000000000
68272  33.322  -20.544  65.509 0.0000000000
68289  32.771  -20.289  64.799 0.0000000000
69428  32.595  -20.116  64.360 0.0000000000
66072  26.968  -24.668  67.529 0.0000000000
67142  26.429  -24.089  68.129 0.0000000000
68236  26.326  -23.370  67.604 0.0000000000
68237  26.147  -22.581  67.926 0.0000000000
67169  25.655  -23.744  66.143 0.0000000000
68257  25.834  -22.783  66.877 0.0000000000
69383  26.043  -21.777  68.238 0.0000000000
69384  26.019  -21.305  67.846 0.0000000000
70520  25.983  -20.625  67.633 0.0000000000
71638  26.275  -19.752  67.567 0.0000000000
71654  26.253  -19.307  66.759 0.0000000000
69447  24.958  -21.372  63.841 0.0000000000
68305  24.532  -22.840  63.533 0.0000000000
69487  24.854  -22.319  61.782 0.0000000000
76815  33.144  -13.979  59.292 0.0000000000
76816  32.539  -14.833  59.104 0.0000000000
76817  32.360  -15.215  58.727 0.0000000000
75724  32.085  -15.564  58.383 0.0000000000
74732  32.048  -16.645  58.690 0.0000000000
88198  51.654  -2.349  44.946 0.0000000000
90279  51.385  -1.941  44.359 0.0000000000
90289  50.583  -1.668  43.557 0.0000000000
84710  36.703  -7.307  52.286 0.0000000000
83604  36.333  -7.610  53.070 0.0000000000
82483  36.260  -8.620  53.800 0.0000000000
80252  33.752  -10.636  52.971 0.0000000000
84638  40.366  -6.912  57.529 0.0000000000
86931  40.940  -5.984  57.881 0.0000000000
84688  38.749  -6.657  55.387 0.0000000000
84708  37.571  -6.809  53.517 0.0000000000
65964  28.582  -24.534  75.189 0.0000000000
68118  28.307  -23.465  75.522 0.0000000000
65972  28.554  -24.292  74.538 0.0000000000
65984  28.321  -24.363  73.886 0.0000000000
67096  28.028  -24.137  72.807 0.0000000000
63936  27.412  -25.776  71.402 0.0000000000
65023  27.678  -25.164  71.417 0.0000000000
66015  27.996  -24.542  71.772 0.0000000000
66029  27.381  -24.608  71.023 0.0000000000
66041  26.901  -24.660  69.508 0.0000000000
65046  27.073  -25.344  68.162 0.0000000000
61621  24.254  -27.364  68.151 0.0000000000
61633  24.817  -26.762  67.560 0.0000000000
61646  24.244  -26.398  66.045 0.0000000000
61644  25.262  -26.377  66.992 0.0000000000
62830  26.088  -25.819  67.348 0.0000000000
63962  26.641  -25.636  67.616 0.0000000000
65054  26.827  -25.186  67.225 0.0000000000
63973  25.579  -25.378  66.111 0.0000000000
63986  25.641  -25.632  65.035 0.0000000000
62853  25.252  -26.259  63.757 0.0000000000
61686  24.049  -26.653  63.172 0.0000000000
61700  24.459  -26.616  62.871 0.0000000000
61718  24.754  -26.322  62.516 0.0000000000
61736  24.480  -26.186  61.817 0.0000000000
61737  24.289  -26.642  61.158 0.0000000000
61751  23.501  -27.024  59.696 0.0000000000
59431  19.834  -30.070  60.325 0.0000000000
71748  33.645  -19.464  58.851 0.0000000000
90218  47.872  -1.824  49.960 0.0000000000
87100  43.940  -4.227  48.828 0.0000000000
88139  45.527  -3.674  49.305 0.0000000000
89171  45.873  -2.985  49.411 0.0000000000
91323  47.761  -1.717  49.558 0.0000000000
92450  48.057  -0.842  48.504 0.0000000000
92449  48.265  -0.757  48.372 0.0000000000
91340  48.811  -0.823  47.500 0.0000000000
91348  48.698  -1.154  46.609 0.0000000000
89198  49.014  -2.687  45.832 0.0000000000
89209  49.269  -2.585  45.604 0.0000000000
56477  18.470  -32.018  66.302 0.0000000000
55402  18.155  -31.944  67.259 0.0000000000
55384  18.239  -31.990  68.382 0.0000000000
54239  17.308  -32.766  69.187 0.0000000000
54202  16.794  -32.814  70.595 0.0000000000
56420  20.537  -32.202  70.808 0.0000000000
55342  18.900  -32.549  70.783 0.0000000000
55312  19.161  -32.501  72.870 0.0000000000
55327  18.806  -32.347  71.774 0.0000000000
54200  18.316  -32.781  71.190 0.0000000000
54201  17.628  -32.900  70.870 0.0000000000
54177  16.411  -32.346  71.924 0.0000000000
55300  15.543  -31.844  73.696 0.0000000000
55282  15.798  -32.085  74.633 0.0000000000
55283  14.882  -31.947  74.524 0.0000000000
68097  28.519  -23.172  76.773 0.0000000000
67055  28.620  -23.927  76.324 0.0000000000
64953  29.018  -24.866  75.180 0.0000000000
63886  28.325  -25.404  73.979 0.0000000000
62749  28.013  -25.979  73.511 0.0000000000
61560  27.187  -27.012  72.405 0.0000000000
62782  27.094  -27.010  71.759 0.0000000000
61590  26.539  -27.031  70.926 0.0000000000
61603  25.286  -27.336  70.438 0.0000000000
60470  24.099  -27.530  70.136 0.0000000000
60461  24.342  -27.933  70.942 0.0000000000
60472  22.399  -27.901  69.429 0.0000000000
60473  21.595  -28.122  69.016 0.0000000000
59353  20.075  -28.691  68.457 0.0000000000
87043  46.145  -3.621  52.135 0.0000000000
85923  45.273  -4.463  51.372 0.0000000000
85924  44.539  -4.799  51.297 0.0000000000
87089  43.095  -4.648  49.311 0.0000000000
85911  41.930  -4.486  51.318 0.0000000000
85940  42.481  -4.883  50.232 0.0000000000
85939  42.539  -4.907  49.821 0.0000000000
85953  42.519  -5.144  49.334 0.0000000000
55438  17.904  -32.368  65.327 0.0000000000
55439  17.489  -32.484  65.364 0.0000000000
55440  16.762  -32.423  65.404 0.0000000000
55404  16.849  -32.497  66.928 0.0000000000
55422  16.464  -32.450  66.149 0.0000000000
55441  16.245  -32.276  65.507 0.0000000000
56478  15.512  -31.888  65.183 0.0000000000
56479  14.919  -31.855  65.304 0.0000000000
56480  14.012  -32.798  64.813 0.0000000000
54221  15.262  -32.833  69.307 0.0000000000
54242  15.240  -32.771  68.619 0.0000000000
54262  15.048  -32.483  68.118 0.0000000000
55372  13.927  -32.982  68.833 0.0000000000
56461  13.965  -32.429  65.655 0.0000000000
56481  13.437  -33.348  65.179 0.0000000000
55426  13.097  -34.202  65.138 0.0000000000
54166  9.763  -34.961  73.138 0.0000000000
53142  9.482  -35.155  72.026 0.0000000000
54180  9.962  -34.737  72.560 0.0000000000
53152  10.269  -34.449  70.899 0.0000000000
54224  10.273  -34.331  69.078 0.0000000000
54244  9.818  -34.657  68.194 0.0000000000
53210  9.266  -35.654  67.526 0.0000000000
54279  9.858  -35.684  66.574 0.0000000000
47484  4.342  -41.146  74.420 0.0000000000
46279  4.567  -42.389  74.125 0.0000000000
47465  4.064  -41.077  75.280 0.0000000000
77993  38.450  -11.730  59.057 0.0000000000
75696  32.681  -15.654  60.275 0.0000000000
75687  32.824  -15.415  61.122 0.0000000000
73718  33.218  -17.634  59.800 0.0000000000
73726  33.386  -18.153  59.531 0.0000000000
74678  33.454  -16.387  62.777 0.0000000000
74688  33.698  -17.281  61.980 0.0000000000
73695  34.138  -17.965  61.806 0.0000000000
72740  33.608  -18.789  59.482 0.0000000000
70625  34.674  -20.484  60.426 0.0000000000
69500  32.093  -20.559  60.503 0.0000000000
69463  34.034  -20.531  62.794 0.0000000000
68321  33.609  -20.659  62.708 0.0000000000
68340  33.464  -20.505  62.200 0.0000000000
68341  33.037  -20.388  62.290 0.0000000000
69484  32.785  -20.241  61.407 0.0000000000
71722  30.278  -19.491  59.426 0.0000000000
71723  29.463  -19.059  59.561 0.0000000000
68190  32.667  -19.919  69.293 0.0000000000
68119  28.277  -22.918  74.880 0.0000000000
69247  28.016  -22.143  75.316 0.0000000000
69248  28.303  -21.294  75.150 0.0000000000
68140  28.642  -22.530  73.372 0.0000000000
69274  28.244  -21.932  73.828 0.0000000000
70400  28.160  -20.319  75.004 0.0000000000
71542  29.028  -19.195  73.811 0.0000000000
68192  26.578  -22.660  69.814 0.0000000000
69327  26.690  -21.702  71.092 0.0000000000
69292  27.341  -20.932  71.878 0.0000000000
70459  27.124  -20.346  70.745 0.0000000000
70444  27.277  -20.266  71.516 0.0000000000
70443  27.471  -20.270  72.315 0.0000000000
71556  28.081  -19.478  72.454 0.0000000000
71555  29.111  -19.233  72.778 0.0000000000
70441  30.301  -19.311  72.358 0.0000000000
70473  29.719  -19.391  70.500 0.0000000000
69325  31.791  -19.572  70.546 0.0000000000
69342  31.681  -19.525  69.839 0.0000000000
68191  32.134  -19.588  69.486 0.0000000000
68212  32.738  -20.024  68.334 0.0000000000
68234  32.118  -20.096  67.607 0.0000000000
68255  31.730  -20.304  67.258 0.0000000000
69401  31.321  -20.160  66.984 0.0000000000
69382  30.434  -20.228  67.631 0.0000000000
69417  30.330  -19.631  65.900 0.0000000000
71653  26.994  -18.689  66.443 0.0000000000
71680  26.096  -19.280  64.713 0.0000000000
71666  28.207  -19.091  65.174 0.0000000000
71713  26.946  -18.260  61.121 0.0000000000
78011  36.346  -12.449  57.320 0.0000000000
76842  35.791  -12.744  57.776 0.0000000000
76843  35.851  -12.775  57.255 0.0000000000
78012  35.988  -12.580  56.920 0.0000000000
76872  34.699  -12.959  55.997 0.0000000000
75784  33.417  -13.817  55.206 0.0000000000
76845  32.859  -13.845  58.008 0.0000000000
75738  33.188  -13.807  57.398 0.0000000000
75754  32.894  -14.162  56.553 0.0000000000
88180  49.335  -2.528  44.956 0.0000000000
46264  4.192  -41.795  74.515 0.0000000000
53173  10.255  -34.369  69.632 0.0000000000
53174  9.712  -34.616  69.650 0.0000000000
53191  9.240  -35.465  67.901 0.0000000000
54193  12.641  -33.205  71.612 0.0000000000
54206  12.573  -33.219  71.275 0.0000000000
54243  14.686  -32.761  68.455 0.0000000000
54263  14.727  -32.605  68.130 0.0000000000
54265  9.617  -35.266  67.306 0.0000000000
54266  9.320  -35.746  67.305 0.0000000000
54276  16.222  -32.341  67.753 0.0000000000
55392  10.204  -34.588  67.407 0.0000000000
55455  15.752  -34.255  63.114 0.0000000000
56459  18.423  -31.771  66.922 0.0000000000
59355  19.680  -28.665  67.260 0.0000000000
59382  19.256  -29.004  64.410 0.0000000000
59396  19.187  -28.902  64.099 0.0000000000
60462  23.480  -27.710  70.645 0.0000000000
60469  24.815  -27.465  70.337 0.0000000000
60486  20.466  -27.742  67.930 0.0000000000
60488  19.677  -28.516  67.052 0.0000000000
60496  19.627  -28.642  66.862 0.0000000000
60504  23.684  -26.571  65.094 0.0000000000
60507  19.530  -28.334  64.694 0.0000000000
60521  24.167  -26.646  64.679 0.0000000000
60523  23.033  -26.491  64.487 0.0000000000
60526  19.399  -28.580  64.268 0.0000000000
60544  23.733  -26.575  63.868 0.0000000000
61575  27.151  -27.082  71.984 0.0000000000
61591  26.132  -27.312  71.426 0.0000000000
61610  26.164  -26.537  69.520 0.0000000000
61626  20.038  -27.667  66.543 0.0000000000
61632  25.434  -26.608  67.938 0.0000000000
61635  23.512  -26.694  66.800 0.0000000000
61661  24.826  -26.456  65.442 0.0000000000
61663  24.005  -26.662  65.038 0.0000000000
61664  22.199  -26.577  64.736 0.0000000000
61668  19.532  -28.224  63.795 0.0000000000
61684  25.024  -26.496  64.404 0.0000000000
61690  19.377  -28.378  63.419 0.0000000000
61703  20.511  -27.352  62.667 0.0000000000
61720  23.778  -26.849  61.598 0.0000000000
61750  24.169  -26.864  60.249 0.0000000000
62765  27.618  -25.979  73.152 0.0000000000
62766  27.446  -26.388  72.918 0.0000000000
62781  27.290  -26.771  72.015 0.0000000000
62804  27.120  -26.276  71.017 0.0000000000
62811  26.428  -26.292  69.565 0.0000000000
62817  26.424  -26.210  68.706 0.0000000000
62825  25.823  -26.261  67.514 0.0000000000
62831  25.542  -25.814  66.652 0.0000000000
62852  25.438  -26.149  64.487 0.0000000000
62860  25.448  -26.065  63.649 0.0000000000
62861  25.321  -26.161  62.947 0.0000000000
62901  24.490  -26.439  59.926 0.0000000000
62912  24.704  -26.021  59.778 0.0000000000
63908  27.545  -26.020  72.892 0.0000000000
63935  27.752  -25.450  71.737 0.0000000000
63943  26.716  -26.061  69.874 0.0000000000
64005  25.497  -25.775  63.192 0.0000000000
64006  25.177  -25.589  62.551 0.0000000000
65022  28.122  -25.198  71.966 0.0000000000
65036  27.118  -25.194  69.871 0.0000000000
65037  26.785  -25.157  69.141 0.0000000000
65066  26.157  -25.006  66.608 0.0000000000
65085  25.295  -25.190  63.422 0.0000000000
65094  24.940  -25.009  62.375 0.0000000000
65957  28.846  -24.665  75.747 0.0000000000
65998  28.112  -24.523  73.040 0.0000000000
65999  28.099  -24.371  72.446 0.0000000000
66014  28.187  -24.785  72.348 0.0000000000
66040  27.178  -24.709  70.253 0.0000000000
66073  26.612  -24.396  66.962 0.0000000000
66109  25.472  -24.423  65.343 0.0000000000
66137  25.000  -24.456  62.515 0.0000000000
67062  28.491  -23.971  75.750 0.0000000000
67076  29.074  -23.140  73.900 0.0000000000
67084  28.142  -23.945  73.273 0.0000000000
67109  27.418  -23.687  71.209 0.0000000000
67134  26.755  -23.882  69.258 0.0000000000
67154  26.505  -24.033  67.297 0.0000000000
67155  26.308  -23.829  66.756 0.0000000000
67190  24.924  -24.045  64.859 0.0000000000
67221  24.899  -23.765  62.003 0.0000000000
67222  24.849  -23.372  61.326 0.0000000000
67234  25.283  -23.853  61.186 0.0000000000
68092  28.491  -22.799  77.279 0.0000000000
68172  32.132  -19.593  70.154 0.0000000000
68189  33.320  -20.287  69.193 0.0000000000
68193  26.341  -21.903  69.292 0.0000000000
68235  31.595  -20.086  67.702 0.0000000000
68258  25.350  -21.846  66.646 0.0000000000
68270  34.257  -20.378  65.173 0.0000000000
68290  32.538  -20.324  65.476 0.0000000000
68291  25.009  -23.220  65.255 0.0000000000
68339  33.761  -20.598  62.319 0.0000000000
68346  24.734  -22.650  61.176 0.0000000000
69260  28.101  -22.062  74.566 0.0000000000
69261  28.023  -21.065  74.360 0.0000000000
69276  27.702  -20.458  73.619 0.0000000000
69307  31.383  -19.638  70.907 0.0000000000
69309  26.841  -20.983  71.321 0.0000000000
69326  31.203  -19.584  70.296 0.0000000000
69365  26.320  -21.186  68.264 0.0000000000
69400  31.708  -20.349  66.637 0.0000000000
69468  24.562  -22.138  62.547 0.0000000000
70416  27.544  -20.093  73.850 0.0000000000
70429  27.708  -20.172  73.560 0.0000000000
70505  26.230  -20.816  68.058 0.0000000000
70559  28.508  -18.808  64.295 0.0000000000
70587  34.299  -19.366  63.421 0.0000000000
70593  25.463  -19.298  62.725 0.0000000000
70641  34.685  -20.073  60.366 0.0000000000
71532  27.788  -19.742  73.944 0.0000000000
71621  26.255  -20.221  68.067 0.0000000000
71681  25.423  -19.574  64.350 0.0000000000
71706  25.665  -19.171  63.357 0.0000000000
71715  25.058  -19.527  61.152 0.0000000000
71733  34.415  -19.868  60.188 0.0000000000
72694  34.453  -18.468  64.159 0.0000000000
75721  35.304  -12.993  58.262 0.0000000000
75722  35.065  -13.129  58.241 0.0000000000
75736  34.884  -13.281  57.836 0.0000000000
75751  35.276  -13.153  57.645 0.0000000000
76831  32.754  -14.091  58.616 0.0000000000
77996  36.478  -12.476  57.749 0.0000000000
77997  36.106  -12.611  57.428 0.0000000000
78010  37.299  -11.989  57.847 0.0000000000
79099  36.819  -12.318  57.732 0.0000000000
79100  36.639  -12.319  57.460 0.0000000000
79128  35.865  -12.239  56.252 0.0000000000
81257  39.198  -10.146  58.979 0.0000000000
81293  37.604  -10.365  56.403 0.0000000000
84726  41.691  -4.669  50.952 0.0000000000
84756  42.177  -5.151  49.783 0.0000000000
85817  40.661  -6.333  57.702 0.0000000000
85907  45.614  -3.963  51.727 0.0000000000
85922  45.726  -4.128  51.431 0.0000000000
86947  40.476  -5.924  57.357 0.0000000000
88121  46.119  -4.001  50.538 0.0000000000
88129  45.504  -4.204  49.947 0.0000000000
88130  43.521  -4.467  49.221 0.0000000000
89156  46.721  -2.850  50.518 0.0000000000
89157  46.674  -2.731  50.319 0.0000000000
89164  46.538  -2.696  50.163 0.0000000000
90208  47.165  -2.434  50.459 0.0000000000
90220  46.789  -2.539  50.214 0.0000000000
92456  48.426  -0.712  48.169 0.0000000000
92457  48.050  -0.610  48.184 0.0000000000
92488  52.854  -0.476  41.913 0.0000000000
92499  53.479  -0.541  41.783 0.0000000000
