#!ascii label  , from subject 3352 vox2ras=TkReg
994
95225  18.445  1.453  -0.447 0.2500000000
94140  18.800  0.529  -0.809 0.2500000000
97465  16.354  3.751  1.082 0.2500000000
97488  16.840  3.453  0.751 0.1250000000
97514  17.192  3.782  -0.131 0.3750000000
96365  18.038  2.624  -0.126 0.2500000000
95207  18.283  1.368  0.521 0.2500000000
95232  18.941  1.548  -1.591 0.7500000000
93052  18.977  -0.231  -1.420 0.8750000000
94149  19.136  0.669  -1.528 0.8750000000
93051  19.396  -0.096  -1.844 0.8750000000
97513  17.708  3.304  -0.320 0.3750000000
96374  18.490  2.526  -1.169 0.8750000000
95246  19.463  1.546  -2.547 1.0000000000
94148  19.413  0.436  -2.056 1.0000000000
95231  19.175  1.040  -1.975 0.8750000000
94162  20.412  -0.272  -3.040 1.0000000000
97490  16.094  4.344  0.318 0.2500000000
97525  17.877  3.527  -1.064 0.7500000000
97537  18.747  3.446  -1.806 0.8750000000
96386  18.900  2.587  -2.031 0.8750000000
95262  20.223  1.659  -3.368 1.0000000000
96385  19.436  2.595  -2.551 1.0000000000
94176  21.073  0.411  -3.650 1.0000000000
94177  20.528  1.083  -3.535 1.0000000000
94163  20.130  0.630  -2.888 1.0000000000
98597  16.034  4.965  1.034 0.1250000000
97515  16.376  4.218  -0.016 0.6250000000
98667  19.021  3.991  -2.355 1.0000000000
97526  17.503  4.044  -0.858 0.8750000000
97536  19.254  3.436  -2.456 1.0000000000
94193  21.467  1.346  -4.163 1.0000000000
95261  20.818  1.666  -4.035 1.0000000000
96401  20.004  2.533  -3.123 1.0000000000
94191  22.965  0.617  -4.014 1.0000000000
94175  21.757  0.008  -3.805 1.0000000000
103686  16.513  9.596  0.347 0.2500000000
98619  16.100  4.888  0.520 0.2500000000
99731  16.185  5.570  0.013 0.3750000000
98644  16.435  4.723  -0.069 0.5000000000
99744  17.592  5.103  -1.190 1.0000000000
99729  16.707  5.136  -0.305 0.6250000000
98668  18.496  4.508  -2.130 1.0000000000
98681  19.959  3.970  -3.447 1.0000000000
95275  22.086  1.969  -4.321 1.0000000000
95276  21.458  2.119  -4.362 1.0000000000
97570  20.756  3.543  -4.297 1.0000000000
96416  22.723  2.791  -4.866 1.0000000000
95260  23.454  1.246  -3.957 1.0000000000
96415  23.509  2.745  -4.116 1.0000000000
95273  23.536  1.919  -3.887 1.0000000000
102672  17.512  9.007  -0.880 0.5000000000
103687  15.823  9.154  0.352 0.3750000000
102654  15.368  8.727  0.557 0.3750000000
101678  15.789  7.639  0.308 0.5000000000
101677  16.721  7.600  -0.316 0.5000000000
100717  18.157  6.385  -1.822 0.8750000000
99758  17.962  5.397  -1.759 1.0000000000
100728  19.040  6.613  -3.138 1.0000000000
98700  20.290  4.477  -4.060 1.0000000000
98683  18.832  5.072  -2.783 1.0000000000
97583  22.290  4.011  -5.055 1.0000000000
97584  21.894  4.117  -5.109 1.0000000000
97566  24.107  3.690  -3.955 1.0000000000
96399  23.886  2.366  -3.608 0.8750000000
103707  17.809  9.647  -0.837 0.5000000000
101676  17.184  7.924  -0.428 0.5000000000
101710  17.944  8.216  -1.406 0.6250000000
101721  18.697  7.671  -2.752 0.6250000000
100729  18.481  6.788  -2.459 1.0000000000
100703  17.961  6.873  -1.593 0.7500000000
99790  19.430  5.862  -3.912 1.0000000000
99785  23.711  5.480  -4.116 1.0000000000
100741  22.346  5.959  -5.030 1.0000000000
99801  21.984  5.459  -5.120 1.0000000000
99802  21.144  5.540  -5.148 1.0000000000
98697  23.328  4.609  -4.542 1.0000000000
98715  22.166  4.722  -5.005 1.0000000000
98696  23.962  4.576  -4.108 0.8750000000
97552  24.542  3.643  -3.167 0.8750000000
102687  18.175  9.022  -1.660 0.5000000000
102699  18.547  8.491  -2.302 0.8750000000
101748  20.888  7.633  -5.420 1.0000000000
100739  23.315  6.438  -4.147 1.0000000000
101745  22.988  7.215  -5.177 1.0000000000
99803  20.773  6.155  -5.099 1.0000000000
102707  23.789  7.879  -4.348 1.0000000000
99770  25.207  5.478  -2.884 1.0000000000
99771  24.419  5.484  -3.646 1.0000000000
101719  24.523  7.384  -3.520 1.0000000000
100726  24.912  6.421  -3.319 1.0000000000
102686  18.570  9.378  -2.279 0.5000000000
102698  19.013  8.870  -2.943 0.8750000000
102711  19.385  8.772  -3.949 1.0000000000
103758  21.833  9.512  -5.791 1.0000000000
102722  21.326  8.572  -5.676 1.0000000000
102723  20.642  8.636  -5.299 1.0000000000
104734  24.572  9.983  -3.236 1.0000000000
103738  24.060  9.338  -3.899 1.0000000000
103736  25.005  8.946  -2.875 1.0000000000
103737  24.448  9.256  -3.326 1.0000000000
102696  24.229  8.348  -4.008 1.0000000000
101708  26.084  7.427  -2.483 1.0000000000
102695  24.881  8.266  -3.296 1.0000000000
100716  25.687  6.383  -2.715 0.8750000000
107970  21.093  13.633  -5.089 1.0000000000
106820  20.259  13.166  -4.015 0.3750000000
107969  21.739  13.608  -5.641 0.8750000000
105774  22.345  11.537  -5.411 1.0000000000
104751  24.902  10.844  -3.766 1.0000000000
104764  24.319  10.660  -4.225 1.0000000000
110133  22.066  15.540  -5.842 0.8750000000
109091  22.331  14.433  -6.042 1.0000000000
109101  22.450  14.043  -6.170 1.0000000000
107968  22.453  13.602  -5.871 1.0000000000
109084  23.579  14.089  -5.184 1.0000000000
105773  22.903  12.051  -5.228 1.0000000000
105747  25.185  11.438  -3.818 1.0000000000
105758  25.064  11.804  -4.242 1.0000000000
105732  25.616  11.588  -2.741 1.0000000000
109090  23.147  14.475  -5.759 1.0000000000
109083  24.319  14.297  -4.713 1.0000000000
107947  25.328  13.356  -3.610 1.0000000000
107948  24.826  13.321  -3.949 1.0000000000
106819  25.173  12.711  -3.867 1.0000000000
110131  23.972  15.480  -5.787 1.0000000000
110120  24.117  14.989  -5.121 1.0000000000
109072  24.683  13.822  -4.286 1.0000000000
114800  22.783  20.606  -3.319 0.1250000000
115697  22.816  21.617  -2.822 0.1250000000
114799  23.128  20.788  -4.146 0.2500000000
115710  22.619  21.581  -4.082 0.1250000000
115709  23.302  21.092  -4.346 0.3750000000
116586  22.598  22.462  -4.633 0.2500000000
115724  23.487  21.424  -4.758 0.5000000000
116600  22.791  22.729  -5.043 0.2500000000
116616  23.388  23.249  -5.315 0.3750000000
117430  22.870  22.793  -4.173 0.2500000000
116601  22.504  22.367  -4.943 0.2500000000
117439  22.910  23.260  -4.567 0.2500000000
118406  22.672  24.456  -4.675 0.2500000000
116617  22.939  23.533  -5.374 0.2500000000
117469  22.946  24.172  -5.404 0.2500000000
117468  23.433  23.882  -5.411 0.3750000000
117453  22.600  23.822  -5.159 0.2500000000
118405  23.854  24.089  -5.433 0.3750000000
118419  22.889  24.696  -5.548 0.2500000000
96344  17.614  3.187  0.472 0.1250000000
93100  22.025  -0.353  -4.023 1.0000000000
101720  19.305  7.763  -3.442 0.8750000000
102708  23.556  8.451  -4.544 1.0000000000
94095  18.673  0.275  1.031 0.1250000000
91921  19.126  -1.300  -1.726 0.7500000000
97464  16.778  3.457  1.072 0.1250000000
91920  19.778  -1.812  -2.216 1.0000000000
96343  18.256  2.467  0.668 0.1250000000
93064  20.410  -1.178  -2.867 1.0000000000
93084  21.562  -0.677  -3.817 1.0000000000
91955  22.242  -0.847  -4.016 1.0000000000
100646  15.829  6.745  0.793 0.3750000000
102628  14.779  9.150  0.854 0.2500000000
101679  15.034  8.268  0.822 0.2500000000
95259  24.003  1.541  -3.444 0.8750000000
98679  25.135  4.459  -2.727 0.8750000000
96398  24.423  2.590  -2.951 0.8750000000
99769  25.628  5.001  -2.626 0.8750000000
107950  19.746  13.214  -2.995 0.1250000000
106821  19.872  12.685  -3.657 0.1250000000
103727  18.855  10.180  -2.536 0.3750000000
103749  19.633  9.745  -4.395 0.6250000000
102685  25.477  8.293  -2.642 1.0000000000
99757  25.649  5.817  -2.656 0.8750000000
109092  21.659  14.547  -5.470 0.8750000000
106831  20.378  12.696  -4.700 0.3750000000
105776  20.686  11.882  -5.206 0.8750000000
104733  24.963  10.548  -2.994 1.0000000000
104732  25.890  10.625  -1.898 1.0000000000
105731  26.513  11.738  -1.935 1.0000000000
110132  22.891  15.539  -5.855 1.0000000000
106818  25.529  12.450  -3.450 1.0000000000
111177  22.515  16.535  -6.037 0.8750000000
111175  24.191  16.603  -5.574 1.0000000000
110119  24.629  15.315  -4.809 1.0000000000
109056  25.519  13.930  -3.389 1.0000000000
114786  23.101  20.762  -1.823 0.1250000000
113942  22.412  19.526  -3.562 0.1250000000
114827  22.811  20.304  -5.648 0.6250000000
116599  24.140  22.611  -4.858 0.5000000000
116579  22.690  22.385  -3.613 0.2500000000
117429  23.217  23.253  -3.474 0.2500000000
117452  24.018  23.607  -5.285 0.5000000000
118404  24.313  24.160  -5.361 0.5000000000
118407  22.493  24.565  -5.137 0.2500000000
119405  22.930  25.340  -5.868 0.2500000000
118417  24.823  24.479  -5.611 0.3750000000
119417  23.325  25.865  -6.166 0.2500000000
119396  22.468  25.240  -4.970 0.1250000000
94122  18.334  0.196  0.227 0.1250000000
93043  18.389  -0.427  -0.497 0.5000000000
93066  18.939  -0.818  -1.651 0.7500000000
93065  19.627  -0.513  -2.191 1.0000000000
95247  19.049  2.051  -2.279 1.0000000000
93085  20.850  -0.695  -3.488 1.0000000000
98657  17.366  4.561  -0.737 0.8750000000
97554  19.745  3.416  -3.042 1.0000000000
96400  20.478  2.562  -3.899 1.0000000000
97553  20.276  3.422  -3.603 1.0000000000
94192  22.082  0.648  -4.182 1.0000000000
93099  22.529  -0.216  -3.923 1.0000000000
100664  15.891  6.575  0.368 0.3750000000
100706  16.526  6.121  -0.346 0.5000000000
99759  17.671  5.664  -1.299 0.8750000000
98682  19.398  4.538  -3.138 1.0000000000
95274  22.919  1.695  -4.247 1.0000000000
96417  21.816  2.780  -5.050 1.0000000000
96418  21.101  2.701  -4.480 1.0000000000
97569  21.470  3.682  -4.832 1.0000000000
96430  22.320  3.341  -5.236 1.0000000000
96414  24.147  2.995  -3.644 1.0000000000
100705  17.022  6.491  -0.508 0.6250000000
101695  17.535  7.684  -0.851 0.6250000000
99773  18.567  5.753  -2.487 1.0000000000
100743  19.615  6.952  -3.761 1.0000000000
98699  20.975  4.474  -4.717 1.0000000000
98701  19.803  5.124  -3.997 1.0000000000
99789  20.357  5.715  -4.547 1.0000000000
97567  23.457  3.691  -4.519 1.0000000000
98680  24.536  4.568  -3.431 0.8750000000
95258  24.745  1.536  -2.719 0.8750000000
101734  19.846  7.772  -4.145 1.0000000000
100756  20.563  6.763  -5.018 1.0000000000
100727  24.063  6.428  -3.700 1.0000000000
99786  23.023  5.505  -4.489 1.0000000000
100740  22.893  6.389  -5.024 1.0000000000
102721  22.121  8.530  -5.528 1.0000000000
101733  20.357  7.706  -4.845 1.0000000000
101746  22.478  7.582  -5.283 1.0000000000
101747  21.673  7.572  -5.493 1.0000000000
101731  23.315  7.365  -4.566 1.0000000000
100755  21.147  6.668  -5.382 1.0000000000
101732  22.936  7.824  -4.794 1.0000000000
101718  25.278  7.367  -3.017 1.0000000000
103739  19.252  9.924  -3.471 0.6250000000
103748  20.493  9.666  -4.862 1.0000000000
103759  21.033  9.617  -5.605 1.0000000000
103757  22.567  9.443  -5.354 1.0000000000
104776  22.346  10.371  -5.491 1.0000000000
104766  23.006  10.310  -5.060 1.0000000000
104765  23.786  10.354  -4.377 1.0000000000
103725  25.499  9.401  -2.318 1.0000000000
104753  23.936  9.877  -3.981 1.0000000000
103747  23.249  9.411  -4.789 1.0000000000
106843  21.925  12.639  -5.548 1.0000000000
106844  21.083  12.706  -5.481 0.7500000000
104777  21.579  10.573  -5.591 1.0000000000
105760  23.342  11.426  -4.959 1.0000000000
104778  20.690  10.784  -5.297 1.0000000000
105759  24.520  11.283  -4.365 1.0000000000
106842  22.658  12.667  -5.408 1.0000000000
107967  23.105  13.515  -5.506 1.0000000000
106830  24.074  12.380  -4.777 1.0000000000
106829  24.775  12.399  -4.238 1.0000000000
106841  23.281  12.575  -5.090 1.0000000000
107959  23.664  13.378  -4.786 1.0000000000
109082  24.707  14.664  -4.513 1.0000000000
110130  24.493  15.897  -5.452 1.0000000000
113928  22.799  19.699  -1.878 0.1250000000
115725  22.446  22.080  -4.858 0.2500000000
119406  22.573  25.091  -5.413 0.2500000000
118418  23.715  24.653  -5.745 0.2500000000
93026  18.268  -0.809  0.239 0.1250000000
93053  18.541  -0.920  -1.396 0.7500000000
105749  19.394  11.966  -3.224 0.5000000000
104767  20.047  10.532  -4.686 0.7500000000
106832  19.993  12.187  -4.287 0.7500000000
105762  20.117  11.547  -4.642 0.8750000000
105775  21.343  11.687  -5.508 1.0000000000
111176  23.341  16.563  -6.067 1.0000000000
111162  24.595  16.872  -4.830 1.0000000000
110108  25.295  15.584  -3.919 1.0000000000
114826  23.456  20.418  -5.355 0.7500000000
115737  23.764  20.735  -5.061 0.7500000000
114814  23.236  20.691  -4.800 0.5000000000
115736  24.117  20.955  -5.049 0.7500000000
118433  24.429  24.829  -6.102 0.2500000000
118432  25.063  24.873  -6.316 0.3750000000
87763  20.120  -5.751  -2.025 0.7500000000
86633  21.564  -6.577  -2.707 0.7500000000
88774  19.020  -4.512  -1.328 0.7500000000
87761  21.816  -5.570  -2.790 0.7500000000
87762  20.924  -5.633  -2.613 0.7500000000
88796  20.466  -4.665  -2.270 0.7500000000
88797  19.663  -4.677  -1.795 0.7500000000
88795  21.398  -4.457  -2.675 0.7500000000
91909  19.150  -2.091  -1.549 0.7500000000
91910  18.524  -1.514  -1.321 0.6250000000
89788  20.714  -3.670  -2.539 0.7500000000
90815  20.157  -2.870  -2.286 0.8750000000
91908  19.616  -2.571  -1.841 0.8750000000
87760  22.480  -5.470  -2.975 0.7500000000
88794  22.112  -4.855  -2.881 0.7500000000
89787  21.244  -3.713  -2.745 0.7500000000
90814  20.806  -2.907  -2.630 0.8750000000
91919  20.648  -2.148  -2.680 0.8750000000
89807  22.362  -3.555  -3.421 0.7500000000
89808  21.635  -3.491  -3.089 0.7500000000
90835  21.862  -2.581  -3.572 0.8750000000
90834  22.702  -2.541  -3.709 0.7500000000
91939  22.051  -1.506  -3.940 0.8750000000
90833  23.636  -2.443  -3.272 0.8750000000
91938  22.919  -1.168  -3.462 0.8750000000
93083  23.173  -0.130  -3.742 0.8750000000
93080  25.839  -1.029  -2.949 0.3750000000
93081  24.873  -0.385  -2.792 0.6250000000
93082  23.819  -0.340  -3.298 0.7500000000
94174  23.637  0.567  -3.644 0.7500000000
93062  26.448  -0.396  -2.868 0.5000000000
93063  25.783  -0.181  -2.679 0.5000000000
94161  25.514  0.499  -2.555 0.7500000000
94158  27.534  0.077  -3.521 0.1250000000
95243  26.958  1.059  -2.378 0.3750000000
95244  26.028  1.273  -2.351 0.6250000000
95257  25.430  1.716  -2.408 0.6250000000
96397  25.280  2.393  -2.498 0.6250000000
94189  27.858  0.348  -4.863 0.1250000000
95241  28.177  0.857  -3.195 0.1250000000
96382  27.730  1.833  -2.417 0.1250000000
96396  28.287  2.417  -2.592 0.1250000000
97550  26.548  3.456  -2.278 0.6250000000
98677  27.370  4.248  -2.211 0.6250000000
98678  26.152  4.465  -2.490 0.7500000000
97565  28.698  2.425  -3.788 0.1250000000
97564  28.926  2.906  -4.422 0.1250000000
98676  28.742  4.363  -2.667 0.1250000000
98666  26.921  5.037  -2.326 0.6250000000
99755  27.196  5.766  -2.014 0.7500000000
96413  28.630  1.876  -4.577 0.1250000000
98664  28.511  5.205  -2.435 0.5000000000
99754  28.269  5.894  -2.226 0.5000000000
100715  26.580  6.553  -2.183 0.7500000000
111178  21.804  16.561  -5.629 0.6250000000
112147  21.883  17.390  -5.127 0.5000000000
112156  22.827  17.525  -6.036 0.7500000000
101705  28.915  7.664  -1.990 0.6250000000
102683  27.336  8.481  -1.608 0.6250000000
102684  26.289  8.411  -2.016 0.8750000000
101704  29.525  7.779  -2.474 0.5000000000
102682  28.450  8.517  -1.664 0.6250000000
103723  27.883  9.512  -1.580 0.7500000000
112157  22.253  17.305  -5.829 0.7500000000
103724  26.594  9.512  -1.499 0.8750000000
106804  26.140  12.595  -2.605 0.8750000000
107933  26.625  13.560  -2.629 0.8750000000
104731  27.395  10.769  -1.583 0.7500000000
105730  27.609  11.939  -1.613 0.8750000000
106803  27.025  12.744  -2.074 0.8750000000
107932  27.580  13.602  -2.345 0.8750000000
109054  27.203  14.472  -2.664 0.8750000000
102694  29.908  8.255  -2.647 0.3750000000
102681  29.449  8.549  -2.052 0.5000000000
103721  29.852  9.543  -2.092 0.5000000000
104706  28.924  10.885  -1.601 0.6250000000
102706  30.345  8.744  -4.165 0.2500000000
102680  30.132  8.857  -2.461 0.3750000000
104729  29.413  10.457  -1.822 0.5000000000
113092  22.747  18.194  -5.769 0.6250000000
113091  22.952  18.697  -6.350 0.7500000000
112155  23.550  17.759  -5.757 0.8750000000
112145  24.422  17.663  -5.278 0.8750000000
109070  25.722  15.016  -3.696 0.8750000000
110107  26.062  15.673  -3.367 0.7500000000
105712  28.348  11.685  -1.542 0.6250000000
106783  28.348  12.291  -1.615 0.7500000000
104728  30.027  10.416  -2.565 0.3750000000
105728  30.255  11.153  -2.974 0.5000000000
107931  28.503  13.615  -2.146 0.7500000000
103735  30.571  9.551  -3.716 0.2500000000
113970  22.519  19.417  -5.799 0.6250000000
113078  24.046  18.266  -5.668 0.8750000000
112133  24.803  17.476  -4.469 0.8750000000
111133  25.269  17.166  -3.387 0.8750000000
113064  25.875  18.662  -3.805 0.7500000000
111147  26.828  16.643  -3.105 0.8750000000
110095  27.764  15.331  -2.440 0.7500000000
106801  28.840  12.818  -1.803 0.5000000000
105757  30.558  11.507  -4.648 0.2500000000
106799  30.279  12.217  -2.980 0.5000000000
104763  30.661  10.498  -4.198 0.2500000000
113969  23.149  19.740  -6.122 0.5000000000
113968  23.956  19.778  -5.638 0.6250000000
113956  24.567  19.584  -4.895 0.7500000000
113065  25.078  18.684  -4.473 0.7500000000
113941  25.371  19.500  -4.162 0.7500000000
113940  26.199  19.570  -3.667 0.7500000000
113063  26.863  18.702  -3.440 0.7500000000
112130  27.408  17.792  -3.021 0.7500000000
111146  27.894  16.853  -2.811 0.7500000000
112129  28.359  17.651  -3.168 0.7500000000
110106  29.923  15.209  -3.149 0.5000000000
111144  29.679  16.118  -3.388 0.3750000000
111130  29.075  15.931  -2.724 0.6250000000
106817  30.484  12.436  -4.081 0.2500000000
109081  30.712  14.492  -3.974 0.3750000000
114825  24.048  20.467  -5.310 0.6250000000
113957  24.290  20.116  -5.217 0.7500000000
114797  25.437  20.483  -3.903 0.7500000000
114796  26.569  20.426  -3.749 0.7500000000
113938  28.021  19.796  -3.814 0.7500000000
113076  28.632  18.681  -3.755 0.6250000000
111159  30.463  16.258  -4.268 0.3750000000
112143  29.787  17.869  -4.183 0.3750000000
107966  30.460  13.603  -5.611 0.1250000000
109099  30.608  14.582  -6.309 0.1250000000
110118  30.778  15.350  -4.385 0.2500000000
114798  25.048  21.001  -4.475 0.6250000000
115708  25.215  21.389  -3.999 0.7500000000
115706  26.690  20.975  -3.891 0.6250000000
114795  27.445  20.292  -3.884 0.7500000000
113074  29.999  18.629  -4.687 0.3750000000
113955  28.623  19.210  -4.074 0.3750000000
113062  28.035  18.794  -3.332 0.7500000000
111173  30.685  16.554  -5.492 0.2500000000
112142  30.296  17.535  -4.835 0.3750000000
113061  28.706  18.232  -3.528 0.6250000000
109109  30.151  14.483  -7.360 0.1250000000
110144  30.604  15.508  -7.080 0.1250000000
107978  30.125  13.544  -6.626 0.1250000000
115723  24.490  21.423  -4.601 0.6250000000
116584  24.892  22.031  -4.197 0.6250000000
115721  27.041  21.429  -4.213 0.3750000000
115707  26.092  21.269  -3.724 0.3750000000
115720  28.106  21.280  -4.597 0.3750000000
113977  29.469  19.418  -6.016 0.2500000000
113954  29.457  19.372  -4.590 0.3750000000
114809  28.663  20.355  -4.353 0.3750000000
111188  30.596  16.428  -7.839 0.1250000000
112154  30.528  17.614  -5.923 0.3750000000
109120  29.370  14.220  -8.476 0.1250000000
111183  30.614  16.645  -6.571 0.1250000000
117451  25.129  23.799  -4.919 0.3750000000
116583  25.567  21.851  -4.025 0.3750000000
116614  27.703  22.418  -5.500 0.3750000000
116597  26.778  22.418  -4.697 0.3750000000
115745  28.464  21.377  -6.298 0.3750000000
116613  28.236  21.797  -5.681 0.3750000000
116596  27.524  21.850  -4.836 0.3750000000
114834  29.319  20.150  -6.449 0.3750000000
114823  29.373  20.100  -5.588 0.3750000000
115719  28.634  20.939  -4.800 0.3750000000
112173  30.406  17.287  -9.413 0.1250000000
112161  30.393  17.713  -6.748 0.1250000000
113104  29.723  18.666  -6.725 0.2500000000
110152  30.195  15.356  -8.306 0.1250000000
117466  26.314  23.821  -5.880 0.2500000000
116629  27.826  22.576  -6.590 0.2500000000
117465  27.350  23.200  -5.953 0.3750000000
116615  26.914  23.053  -5.387 0.3750000000
115762  28.712  20.957  -8.232 0.1250000000
115746  28.207  21.876  -6.758 0.3750000000
114842  29.162  20.343  -7.427 0.1250000000
114843  28.865  20.768  -6.724 0.2500000000
113995  30.149  18.909  -10.304 0.1250000000
113984  29.309  19.177  -6.974 0.1250000000
118416  25.518  24.388  -6.011 0.3750000000
117485  27.182  23.314  -6.808 0.2500000000
116640  28.215  22.061  -7.999 0.1250000000
116652  27.631  21.978  -8.415 0.1250000000
115763  28.208  21.340  -8.560 0.1250000000
115764  27.265  21.502  -8.969 0.1250000000
113115  30.105  18.135  -10.814 0.1250000000
114858  28.511  20.611  -9.959 0.1250000000
117523  26.437  23.255  -8.973 0.1250000000
115781  27.958  21.287  -10.377 0.1250000000
115765  26.730  21.827  -9.398 0.1250000000
114862  29.724  19.911  -11.376 0.1250000000
114000  30.213  19.037  -11.306 0.1250000000
91940  21.230  -1.638  -3.389 0.8750000000
91937  24.106  -1.408  -3.215 0.6250000000
100713  28.521  6.823  -2.074 0.6250000000
106782  29.015  12.097  -1.396 0.5000000000
104750  30.504  10.422  -3.307 0.3750000000
113090  23.733  18.942  -6.008 0.8750000000
112144  25.007  18.024  -4.866 0.8750000000
113077  24.414  18.711  -5.322 0.7500000000
112132  25.397  17.798  -4.021 0.8750000000
112131  26.298  17.771  -3.372 0.7500000000
111132  27.520  16.108  -2.561 0.7500000000
107929  30.114  13.368  -2.605 0.5000000000
109068  30.395  14.440  -2.999 0.5000000000
109052  29.098  14.440  -2.449 0.7500000000
107946  30.512  13.418  -3.483 0.5000000000
113991  29.994  18.848  -9.359 0.1250000000
115757  28.068  22.096  -7.307 0.2500000000
115774  27.887  21.105  -9.440 0.1250000000
114857  29.173  19.998  -10.404 0.1250000000
97534  26.711  2.642  -2.242 0.5000000000
97535  25.957  2.831  -2.317 0.6250000000
97551  25.388  3.424  -2.606 0.7500000000
99767  29.487  6.177  -2.777 0.3750000000
100712  29.251  7.009  -2.663 0.3750000000
101716  30.220  7.914  -3.875 0.2500000000
113988  29.427  19.529  -7.946 0.1250000000
102719  30.158  8.781  -4.945 0.1250000000
85464  20.755  -7.591  -1.996 0.7500000000
86616  20.267  -7.124  -1.779 0.7500000000
87744  19.387  -5.527  -1.186 0.7500000000
87745  19.063  -4.951  -0.952 0.7500000000
85463  21.398  -7.579  -2.364 0.7500000000
86634  20.675  -6.697  -2.326 0.7500000000
85477  22.949  -7.209  -3.078 0.7500000000
90803  18.573  -2.488  -0.981 0.6250000000
89769  19.288  -3.796  -1.661 0.7500000000
88815  22.728  -4.677  -3.186 0.7500000000
88814  23.662  -5.001  -3.131 0.6250000000
89806  23.423  -3.768  -3.160 0.6250000000
90832  24.652  -2.478  -3.334 0.5000000000
91936  25.145  -1.643  -3.380 0.3750000000
93079  26.581  -1.190  -3.468 0.1250000000
93060  27.248  -0.486  -3.627 0.1250000000
94171  27.573  -0.269  -4.582 0.1250000000
94205  27.679  0.347  -5.654 0.1250000000
96429  28.088  1.613  -6.142 0.1250000000
96428  28.721  2.260  -5.104 0.1250000000
97581  28.649  2.656  -5.632 0.1250000000
112158  21.932  17.097  -5.657 0.3750000000
98713  28.862  3.882  -5.699 0.1250000000
98694  29.380  4.215  -3.827 0.1250000000
99783  29.711  5.505  -3.356 0.1250000000
100725  29.706  6.676  -3.345 0.2500000000
101717  29.891  7.610  -3.140 0.2500000000
113079  22.303  18.365  -5.050 0.5000000000
103755  30.059  9.601  -5.395 0.1250000000
103745  30.363  9.623  -4.594 0.2500000000
105784  29.794  11.142  -6.110 0.1250000000
106840  30.014  12.675  -5.922 0.1250000000
107979  29.719  13.167  -7.119 0.1250000000
113958  22.314  19.252  -4.668 0.3750000000
107990  29.434  13.218  -7.829 0.1250000000
109129  28.984  14.249  -9.556 0.1250000000
107997  28.670  13.359  -8.735 0.1250000000
111198  30.275  16.489  -9.869 0.1250000000
111211  29.704  16.608  -11.604 0.1250000000
116578  23.180  22.584  -2.702 0.1250000000
119423  25.928  24.899  -7.400 0.2500000000
118443  26.189  24.450  -7.779 0.1250000000
118458  25.728  24.774  -8.397 0.1250000000
115775  27.115  21.438  -9.809 0.1250000000
116654  26.374  22.488  -9.585 0.1250000000
114863  28.848  20.783  -11.099 0.1250000000
113120  29.791  18.118  -12.666 0.1250000000
101707  26.961  7.507  -1.930 0.7500000000
109093  21.154  14.589  -4.657 0.3750000000
109055  26.141  14.486  -3.219 0.8750000000
91956  21.949  -0.875  -4.151 0.8750000000
94173  24.337  0.588  -3.089 0.7500000000
111161  24.864  16.290  -4.364 0.8750000000
111148  25.400  16.909  -3.402 0.8750000000
119415  25.447  25.466  -6.865 0.1250000000
118431  25.948  24.680  -6.777 0.2500000000
86635  20.216  -6.516  -1.953 0.7500000000
85462  22.371  -7.524  -2.745 0.7500000000
86632  22.510  -6.420  -2.944 0.7500000000
89789  20.016  -3.807  -2.015 0.7500000000
90802  19.235  -2.947  -1.393 0.7500000000
91898  18.030  -1.838  -0.745 0.6250000000
90801  19.674  -3.197  -1.827 0.7500000000
89809  21.173  -3.269  -2.752 0.8750000000
88816  22.002  -4.225  -3.199 0.7500000000
90836  21.307  -2.637  -2.939 0.8750000000
91935  26.074  -1.943  -3.659 0.2500000000
94172  24.918  0.682  -2.678 0.7500000000
94160  26.302  0.402  -2.513 0.5000000000
94159  27.067  0.178  -2.694 0.2500000000
95242  27.719  0.804  -2.607 0.2500000000
96383  26.776  1.903  -2.296 0.3750000000
96384  26.004  2.140  -2.263 0.6250000000
95256  28.387  0.879  -4.094 0.1250000000
95272  28.084  0.928  -5.289 0.1250000000
96395  28.465  1.816  -3.217 0.1250000000
97549  27.770  3.038  -2.227 0.5000000000
97548  28.818  2.995  -3.045 0.1250000000
96412  28.764  2.371  -4.682 0.1250000000
98675  29.111  3.761  -3.220 0.1250000000
98695  29.506  4.697  -3.007 0.1250000000
98665  27.840  5.096  -2.348 0.6250000000
99768  29.103  5.472  -2.572 0.1250000000
100714  27.581  6.666  -1.904 0.6250000000
101706  27.983  7.558  -1.611 0.6250000000
106802  27.982  12.832  -1.956 0.7500000000
109053  28.126  14.457  -2.394 0.7500000000
105710  29.285  11.152  -1.815 0.5000000000
113089  24.132  19.216  -5.711 0.6250000000
110096  26.909  15.461  -2.823 0.7500000000
105746  30.556  11.372  -3.689 0.3750000000
110093  29.372  15.363  -2.841 0.6250000000
111131  28.296  16.083  -2.467 0.7500000000
106800  29.674  12.444  -1.993 0.5000000000
106827  30.435  12.557  -5.082 0.1250000000
105771  30.219  11.617  -5.577 0.1250000000
104774  30.258  10.594  -5.125 0.1250000000
114812  25.032  20.040  -4.466 0.7500000000
113939  27.188  19.594  -3.647 0.7500000000
111145  28.808  16.731  -2.887 0.6250000000
110105  30.398  15.417  -3.655 0.3750000000
111160  29.957  17.081  -3.984 0.3750000000
107957  30.531  13.544  -4.560 0.1250000000
109088  30.817  14.710  -5.134 0.3750000000
114811  27.088  20.760  -4.023 0.3750000000
110128  30.979  16.053  -5.599 0.3750000000
110139  31.052  15.691  -5.975 0.1250000000
113965  30.320  19.060  -4.976 0.3750000000
114808  29.487  20.140  -4.874 0.3750000000
110153  29.635  14.865  -8.431 0.1250000000
107989  29.820  13.707  -7.334 0.1250000000
116598  25.526  22.588  -4.459 0.3750000000
113098  30.129  18.329  -6.401 0.2500000000
112170  30.489  17.287  -8.473 0.1250000000
112166  30.410  17.424  -7.517 0.1250000000
117450  26.135  23.134  -5.059 0.3750000000
115756  28.589  21.329  -7.483 0.3750000000
114835  28.807  20.645  -5.934 0.3750000000
111194  30.445  16.423  -8.919 0.1250000000
113110  30.149  18.050  -8.933 0.1250000000
113113  30.344  18.127  -9.869 0.1250000000
112177  30.256  17.286  -10.347 0.1250000000
113107  30.189  18.007  -8.116 0.1250000000
113987  30.083  18.888  -8.304 0.1250000000
110165  29.543  14.999  -9.090 0.1250000000
110176  30.059  15.897  -10.194 0.1250000000
117486  26.541  23.862  -7.158 0.2500000000
116641  27.488  22.600  -7.716 0.2500000000
114847  28.883  20.274  -8.425 0.1250000000
113996  29.607  19.477  -9.841 0.1250000000
113992  29.510  19.521  -8.886 0.1250000000
114001  29.757  19.466  -10.650 0.1250000000
117505  26.664  23.733  -8.121 0.1250000000
117522  27.011  23.070  -8.279 0.1250000000
116653  26.883  22.288  -8.703 0.1250000000
114854  28.438  20.641  -9.053 0.1250000000
113119  30.209  18.120  -11.822 0.1250000000
114853  28.957  20.033  -9.429 0.1250000000
118472  26.133  23.930  -9.440 0.1250000000
118457  26.219  24.197  -8.786 0.1250000000
85446  20.288  -8.015  -1.706 0.7500000000
84248  21.974  -8.532  -2.548 0.7500000000
86617  19.908  -6.469  -1.441 0.7500000000
85447  19.707  -7.480  -1.235 0.7500000000
89771  18.493  -2.980  -0.538 0.5000000000
89770  18.703  -3.587  -1.082 0.6250000000
89805  24.335  -3.306  -2.969 0.5000000000
105783  29.776  11.947  -6.286 0.1250000000
111203  30.012  16.359  -10.754 0.1250000000
112181  30.075  17.281  -11.283 0.1250000000
86600  19.300  -6.498  -0.737 0.7500000000
88775  18.579  -4.507  -0.804 0.5000000000
83142  21.722  -9.433  -2.321 0.6250000000
84246  23.502  -8.746  -2.815 0.3750000000
84247  23.011  -8.534  -2.754 0.6250000000
84259  24.748  -8.451  -3.432 0.2500000000
85476  23.572  -7.466  -3.276 0.3750000000
112146  22.342  17.796  -5.526 0.3750000000
114815  22.518  20.264  -4.771 0.2500000000
84249  20.952  -8.592  -2.074 0.6250000000
86648  23.903  -6.723  -3.364 0.5000000000
88793  24.097  -4.937  -2.975 0.3750000000
83140  23.569  -9.263  -2.681 0.5000000000
82040  21.721  -10.145  -1.781 0.6250000000
88762  17.988  -4.744  0.202 0.3750000000
86601  18.815  -6.431  -0.353 0.3750000000
83143  21.072  -9.568  -1.763 0.6250000000
80949  23.484  -10.710  -2.311 0.3750000000
82038  23.151  -10.174  -2.604 0.5000000000
82039  22.359  -10.173  -2.370 0.6250000000
88751  18.173  -4.087  -0.022 0.2500000000
82036  24.591  -9.853  -2.284 0.3750000000
85475  24.524  -7.705  -3.470 0.2500000000
83158  24.544  -8.955  -3.022 0.2500000000
93044  18.094  -0.975  -1.095 0.3750000000
88813  24.264  -5.294  -3.159 0.3750000000
88792  24.575  -4.878  -2.895 0.2500000000
89784  24.790  -3.784  -2.841 0.2500000000
89804  25.255  -3.494  -3.307 0.2500000000
101651  14.819  8.389  1.325 0.1250000000
103706  18.228  10.184  -0.948 0.2500000000
90831  25.640  -2.680  -3.684 0.2500000000
105763  19.753  11.854  -3.975 0.3750000000
103666  15.371  9.731  0.678 0.1250000000
101633  15.314  7.839  1.224 0.2500000000
93027  17.994  -1.382  -0.221 0.2500000000
104768  19.532  10.950  -3.964 0.3750000000
87777  23.233  -5.843  -3.179 0.5000000000
87731  19.157  -5.862  -0.780 0.5000000000
87732  18.753  -5.586  -0.497 0.5000000000
84261  23.129  -7.856  -3.061 0.5000000000
86649  23.215  -6.738  -3.213 0.5000000000
89758  18.281  -3.804  -0.513 0.3750000000
89759  17.991  -3.261  -0.202 0.3750000000
89785  24.361  -4.094  -2.778 0.2500000000
83141  22.612  -9.377  -2.610 0.5000000000
84260  23.849  -8.476  -3.104 0.2500000000
83159  24.099  -9.015  -2.823 0.2500000000
87776  24.126  -5.863  -3.429 0.3750000000
82037  24.029  -10.264  -2.208 0.3750000000
87721  18.503  -5.790  -0.092 0.3750000000
84234  20.329  -8.623  -1.711 0.6250000000
80950  22.898  -10.874  -2.333 0.3750000000
86647  24.784  -6.747  -3.350 0.2500000000
88791  25.136  -4.357  -2.956 0.2500000000
101624  15.719  8.377  1.812 0.1250000000
82026  19.381  -10.251  -1.077 0.5000000000
80934  21.699  -11.473  -1.771 0.3750000000
80952  21.554  -10.830  -1.758 0.5000000000
82025  20.555  -10.088  -1.092 0.5000000000
82027  18.935  -10.438  -1.115 0.3750000000
83102  19.194  -8.935  -0.382 0.5000000000
83129  20.323  -9.200  -1.636 0.5000000000
83130  19.628  -9.592  -1.240 0.5000000000
84218  19.242  -8.198  -0.715 0.3750000000
84235  19.762  -8.640  -1.387 0.5000000000
80901  18.967  -11.176  0.890 0.1250000000
81998  19.278  -10.738  -0.304 0.3750000000
85430  18.839  -7.332  -0.281 0.2500000000
78710  19.799  -13.654  0.399 0.1250000000
80900  19.323  -11.450  0.228 0.2500000000
79817  20.446  -12.373  -0.504 0.3750000000
79832  22.981  -12.218  -1.430 0.2500000000
79834  21.198  -11.953  -1.228 0.3750000000
79799  18.667  -12.288  0.924 0.1250000000
80916  19.586  -11.162  -0.266 0.3750000000
79835  20.683  -11.507  -0.832 0.3750000000
83085  18.653  -9.360  0.727 0.1250000000
84190  18.532  -8.286  1.123 0.1250000000
100737  30.187  7.357  -4.421 0.1250000000
85429  19.303  -7.380  -0.705 0.3750000000
80951  22.044  -10.910  -2.210 0.3750000000
82024  21.295  -10.415  -1.397 0.5000000000
86590  18.557  -6.289  0.129 0.2500000000
80932  23.833  -11.410  -1.870 0.2500000000
82009  19.962  -10.546  -0.649 0.5000000000
80935  21.057  -11.046  -1.315 0.5000000000
83131  18.914  -10.030  -1.170 0.5000000000
80933  22.571  -11.561  -1.927 0.3750000000
79833  21.994  -12.265  -1.577 0.3750000000
80915  20.053  -11.266  -0.474 0.3750000000
82011  18.825  -10.419  -0.807 0.2500000000
83103  19.050  -9.392  0.023 0.1250000000
84205  18.807  -8.397  0.150 0.1250000000
84204  19.029  -8.425  -0.327 0.1250000000
83116  19.242  -9.247  -0.968 0.5000000000
81999  18.929  -10.352  0.142 0.1250000000
81982  18.593  -10.382  1.202 0.1250000000
85419  18.570  -7.280  0.651 0.1250000000
79798  19.575  -12.622  0.230 0.1250000000
79818  19.697  -11.828  -0.286 0.3750000000
79815  22.434  -12.919  -0.978 0.2500000000
79797  20.264  -13.172  0.085 0.2500000000
78727  21.937  -13.675  -0.585 0.2500000000
90786  17.729  -2.782  0.082 0.2500000000
79816  21.498  -12.788  -0.837 0.2500000000
78728  20.933  -13.597  -0.170 0.1250000000
90768  18.257  -2.842  0.551 0.1250000000
111164  21.267  15.710  -4.102 0.1250000000
110134  21.502  15.488  -5.116 0.1250000000
111163  21.391  16.356  -4.418 0.1250000000
111150  21.029  16.745  -3.217 0.1250000000
113067  21.470  18.145  -3.997 0.1250000000
111135  21.250  16.663  -1.971 0.1250000000
112135  21.429  17.542  -3.955 0.1250000000
113052  21.920  18.839  -2.653 0.1250000000
110122  21.059  15.185  -4.087 0.1250000000
112120  21.573  17.746  -2.712 0.1250000000
112119  21.922  18.252  -3.218 0.1250000000
113044  21.504  18.560  -0.894 0.1250000000
109085  20.615  14.449  -3.834 0.1250000000
103728  18.548  10.247  -1.732 0.1250000000
87734  18.254  -5.240  0.395 0.1250000000
89732  18.643  -3.604  1.070 0.1250000000
109073  20.447  14.414  -2.957 0.1250000000
110097  20.575  15.133  -2.645 0.1250000000
111136  20.669  15.986  -2.487 0.1250000000
112100  21.331  17.915  -0.559 0.1250000000
113929  21.821  19.208  -1.359 0.1250000000
107960  20.527  13.722  -4.337 0.1250000000
90794  18.010  -2.577  -0.382 0.1250000000
113066  21.919  18.581  -3.914 0.1250000000
89750  18.169  -3.499  0.229 0.1250000000
88752  18.432  -4.186  0.611 0.1250000000
104754  19.315  11.094  -2.803 0.1250000000
92996  18.154  -1.469  0.486 0.1250000000
91883  17.762  -2.149  -0.201 0.1250000000
91854  18.434  -2.137  0.902 0.1250000000
90767  18.584  -2.917  1.025 0.1250000000
111151  20.992  15.740  -3.465 0.1250000000
111118  20.409  16.741  -0.868 0.1250000000
113053  21.496  18.485  -1.818 0.1250000000
113918  21.622  19.359  -0.292 0.1250000000
82023  24.421  -10.889  -2.030 0.1250000000
82022  24.951  -10.493  -1.981 0.1250000000
83138  25.034  -9.334  -2.661 0.1250000000
84278  25.126  -8.185  -3.619 0.1250000000
85474  25.397  -7.681  -3.602 0.1250000000
86646  25.651  -6.591  -3.562 0.1250000000
87775  24.970  -5.741  -3.124 0.1250000000
86645  26.455  -6.377  -3.582 0.1250000000
87774  25.897  -5.380  -3.626 0.1250000000
87759  25.231  -5.057  -3.157 0.1250000000
87773  26.785  -5.268  -4.029 0.1250000000
88812  25.817  -4.377  -3.545 0.1250000000
88829  26.912  -4.544  -4.531 0.1250000000
89821  26.668  -4.160  -4.631 0.1250000000
89803  26.314  -3.661  -3.921 0.1250000000
79814  23.277  -12.935  -1.012 0.1250000000
79831  23.703  -12.224  -1.273 0.1250000000
80914  24.176  -11.955  -1.261 0.1250000000
82008  25.515  -10.527  -1.074 0.1250000000
80913  24.920  -11.538  -1.075 0.1250000000
84245  25.706  -8.527  -2.499 0.1250000000
85460  26.228  -7.502  -3.027 0.1250000000
85473  26.040  -7.124  -3.748 0.1250000000
86631  26.665  -6.754  -3.017 0.1250000000
87793  27.147  -4.955  -4.136 0.1250000000
90830  26.369  -2.885  -4.364 0.1250000000
90829  26.709  -3.343  -5.039 0.1250000000
89820  26.877  -4.093  -5.268 0.1250000000
84258  25.264  -8.518  -3.304 0.1250000000
78726  22.757  -13.876  -1.046 0.1250000000
83128  25.822  -9.586  -1.594 0.1250000000
85461  25.731  -8.125  -3.242 0.1250000000
86644  26.892  -5.789  -3.546 0.1250000000
88811  26.556  -4.550  -3.991 0.1250000000
89802  26.582  -3.686  -4.758 0.1250000000
88828  27.232  -4.457  -4.560 0.1250000000
89819  27.638  -3.852  -5.024 0.1250000000
80931  24.600  -11.137  -1.842 0.1250000000
80936  20.502  -10.873  -0.797 0.5000000000
82010  19.321  -10.653  -0.708 0.3750000000
82041  21.279  -9.966  -1.355 0.5000000000
83117  18.819  -9.780  -0.679 0.5000000000
83139  24.322  -9.442  -2.608 0.2500000000
83157  24.926  -8.891  -3.223 0.2500000000
84219  18.903  -8.096  -0.324 0.1250000000
84279  24.913  -8.075  -3.639 0.2500000000
85494  25.223  -7.984  -3.704 0.1250000000
85495  25.014  -7.865  -3.682 0.2500000000
86580  18.382  -5.098  1.163 0.1250000000
86591  18.428  -5.738  0.428 0.2500000000
86592  18.381  -5.364  0.654 0.1250000000
86602  18.457  -5.740  -0.031 0.1250000000
86603  18.355  -5.504  0.378 0.1250000000
87722  18.538  -6.119  -0.112 0.2500000000
87723  18.389  -4.853  0.956 0.1250000000
87733  18.250  -5.453  -0.024 0.1250000000
87758  25.515  -4.807  -3.361 0.1250000000
87794  27.019  -4.821  -4.372 0.1250000000
88761  18.139  -4.596  -0.298 0.2500000000
89749  18.125  -3.844  -0.178 0.3750000000
89786  23.985  -4.542  -2.877 0.3750000000
91855  17.908  -2.135  0.294 0.1250000000
91922  18.729  -1.103  -1.551 0.7500000000
93061  27.004  -0.469  -3.344 0.2500000000
93067  18.726  -0.859  -1.536 0.7500000000
94157  28.005  0.561  -3.698 0.1250000000
94170  27.899  0.327  -4.120 0.1250000000
95245  25.296  1.157  -2.520 0.7500000000
96321  16.785  3.631  1.252 0.1250000000
96366  17.661  3.232  0.008 0.3750000000
96381  28.190  1.287  -2.671 0.2500000000
96431  21.931  3.549  -5.256 1.0000000000
97466  15.944  4.258  0.803 0.1250000000
97489  16.301  3.849  0.448 0.2500000000
97516  16.242  4.467  0.106 0.5000000000
97533  27.258  2.371  -2.285 0.5000000000
97547  29.095  3.465  -3.608 0.1250000000
97568  22.803  3.829  -4.866 1.0000000000
98643  16.865  4.612  -0.320 0.8750000000
98645  16.279  4.831  0.172 0.5000000000
98656  17.757  4.494  -1.339 1.0000000000
98698  22.673  4.672  -4.759 1.0000000000
98716  21.610  4.658  -5.013 1.0000000000
99706  16.027  5.696  0.567 0.3750000000
99730  16.408  5.282  -0.128 0.6250000000
99745  17.268  5.455  -0.671 0.6250000000
99746  16.694  5.702  -0.353 0.6250000000
99747  16.349  5.827  -0.260 0.5000000000
99753  28.983  6.271  -2.415 0.3750000000
99756  26.100  5.565  -2.424 0.8750000000
99772  19.109  5.566  -3.067 1.0000000000
99784  29.369  4.998  -2.792 0.1250000000
99787  22.495  5.456  -4.845 1.0000000000
99788  20.677  5.037  -4.668 1.0000000000
100688  16.716  6.933  -0.456 0.6250000000
100689  16.276  6.557  -0.276 0.5000000000
100704  17.660  6.448  -1.228 0.8750000000
100718  17.876  5.962  -1.543 0.8750000000
100724  30.057  7.197  -3.780 0.1250000000
100742  20.082  6.791  -4.350 1.0000000000
100753  22.678  6.904  -5.343 1.0000000000
100754  22.077  6.478  -5.378 1.0000000000
101634  14.677  8.580  1.918 0.1250000000
101650  15.331  7.513  0.799 0.2500000000
101694  17.837  7.132  -1.395 0.7500000000
101696  17.016  7.160  -0.525 0.5000000000
101709  18.237  7.564  -1.769 0.6250000000
101729  30.213  8.058  -4.583 0.2500000000
101730  23.758  7.355  -3.911 1.0000000000
102614  13.864  8.862  1.813 0.1250000000
102629  14.518  8.843  1.171 0.2500000000
102652  17.087  8.594  -0.295 0.5000000000
102653  16.188  8.536  0.102 0.3750000000
102655  14.861  8.725  0.847 0.2500000000
102671  17.849  9.333  -1.187 0.5000000000
102688  17.765  8.653  -1.260 0.6250000000
102693  30.328  8.603  -3.225 0.3750000000
102697  23.963  8.866  -4.272 1.0000000000
102709  22.755  8.539  -4.964 1.0000000000
102710  20.075  8.706  -4.593 1.0000000000
103665  16.085  10.028  0.740 0.2500000000
103720  30.384  9.559  -2.825 0.3750000000
103722  29.000  9.465  -1.590 0.5000000000
103726  24.850  9.632  -2.877 1.0000000000
103746  23.759  9.367  -4.331 1.0000000000
104681  14.856  10.532  1.053 0.1250000000
104707  28.333  11.073  -1.601 0.6250000000
104708  27.924  11.355  -1.620 0.6250000000
104730  28.514  10.361  -1.523 0.6250000000
104752  24.496  10.335  -3.867 1.0000000000
105711  28.911  11.413  -1.537 0.5000000000
105729  29.706  11.355  -2.339 0.5000000000
105748  24.871  10.948  -4.025 1.0000000000
105761  22.700  10.904  -5.147 1.0000000000
105772  30.061  10.932  -5.666 0.1250000000
106781  29.389  11.683  -1.737 0.5000000000
106828  25.306  12.152  -4.081 1.0000000000
106853  29.621  12.680  -7.241 0.1250000000
107930  29.397  13.485  -2.150 0.5000000000
107934  25.808  13.409  -3.062 1.0000000000
107935  20.071  14.049  -2.683 0.1250000000
107958  24.346  13.267  -4.385 1.0000000000
107980  22.829  13.910  -5.995 1.0000000000
107981  22.604  13.905  -6.105 1.0000000000
109051  29.849  14.112  -2.501 0.5000000000
109069  29.750  14.727  -2.768 0.5000000000
109071  25.134  14.376  -4.023 1.0000000000
109089  23.803  14.708  -5.306 1.0000000000
109100  22.657  14.149  -6.080 1.0000000000
109110  29.662  14.087  -7.775 0.1250000000
109119  29.725  14.657  -8.023 0.1250000000
110094  28.613  15.265  -2.566 0.6250000000
110121  21.322  15.591  -4.487 0.1250000000
110129  30.846  15.776  -5.124 0.3750000000
110135  21.327  15.202  -4.591 0.1250000000
110138  31.089  16.076  -5.822 0.1250000000
110164  29.996  15.748  -9.477 0.1250000000
111129  29.381  15.811  -2.970 0.6250000000
111134  25.071  17.265  -3.508 0.8750000000
111143  30.220  15.940  -3.753 0.3750000000
111149  24.588  17.043  -3.888 1.0000000000
111172  30.934  16.254  -5.725 0.3750000000
111174  24.809  16.201  -5.190 1.0000000000
111182  31.023  16.282  -5.955 0.1250000000
112117  25.277  17.350  -3.601 0.8750000000
112118  24.980  17.418  -3.853 0.8750000000
112128  29.274  17.497  -3.503 0.6250000000
112134  21.648  18.058  -3.571 0.1250000000
113075  29.202  18.493  -4.073 0.3750000000
113080  21.722  18.034  -4.432 0.1250000000
113087  30.196  18.607  -5.479 0.2500000000
113088  29.843  19.098  -5.738 0.3750000000
113099  29.718  18.860  -6.225 0.2500000000
113103  30.050  18.431  -7.305 0.2500000000
113953  30.039  19.194  -4.811 0.3750000000
113966  29.929  19.457  -5.224 0.3750000000
113967  24.296  19.338  -5.452 0.7500000000
113983  29.799  19.053  -7.630 0.1250000000
114794  28.002  20.333  -4.017 0.7500000000
114810  27.773  20.790  -4.114 0.3750000000
114813  24.667  20.549  -4.840 0.6250000000
114824  28.962  20.621  -5.140 0.3750000000
114848  28.552  20.795  -8.577 0.1250000000
114861  30.176  19.476  -11.824 0.1250000000
115722  26.205  21.945  -4.115 0.3750000000
115734  28.510  21.237  -5.361 0.3750000000
115735  27.967  21.679  -5.220 0.3750000000
115755  28.902  20.764  -7.911 0.1250000000
116585  22.665  22.774  -4.787 0.2500000000
116628  28.240  22.100  -6.139 0.3750000000
117440  22.796  22.808  -4.498 0.2500000000
117454  22.614  24.275  -5.239 0.2500000000
117467  25.474  24.196  -5.496 0.3750000000
117470  22.766  24.414  -5.380 0.2500000000
117504  27.024  23.336  -7.616 0.1250000000
118420  22.639  24.613  -5.331 0.2500000000
119404  23.515  25.348  -6.093 0.2500000000
119414  25.850  25.174  -7.129 0.2500000000
