#!ascii label  , from subject 3350 vox2ras=TkReg
313
102948  -27.940  -8.529  -36.749 0.0000000000
97374  -25.175  -13.382  -35.175 0.0000000000
98549  -30.279  -12.203  -35.151 0.0000000000
93902  -27.893  -16.813  -35.125 0.0000000000
115458  -26.192  3.443  -36.157 0.0000000000
112206  -28.243  0.379  -36.091 0.0000000000
106008  -24.896  -5.038  -37.167 0.0000000000
88441  -27.160  -21.304  -33.566 0.0000000000
95068  -26.674  -15.383  -35.456 0.0000000000
92845  -25.632  -16.993  -34.243 0.0000000000
114425  -26.910  2.137  -36.601 0.0000000000
111138  -25.664  -0.698  -36.603 0.0000000000
101899  -25.198  -9.415  -36.223 0.0000000000
103964  -23.778  -7.425  -35.272 0.0000000000
104998  -26.289  -6.772  -37.332 0.0000000000
108035  -27.896  -3.524  -36.172 0.0000000000
105965  -28.555  -5.505  -35.678 0.0000000000
103967  -29.411  -7.492  -35.245 0.0000000000
99661  -24.303  -11.333  -34.684 0.0000000000
99689  -26.776  -10.977  -37.168 0.0000000000
100814  -28.784  -10.100  -36.093 0.0000000000
97414  -27.637  -12.994  -36.481 0.0000000000
95071  -29.139  -14.612  -35.330 0.0000000000
95044  -30.380  -15.828  -33.815 0.0000000000
108015  -23.339  -3.501  -35.391 0.0000000000
110066  -26.232  -1.926  -36.693 0.0000000000
111120  -28.892  -0.624  -35.300 0.0000000000
91811  -25.443  -18.602  -33.706 0.0000000000
90749  -27.874  -19.056  -34.353 0.0000000000
93899  -25.141  -16.403  -34.171 0.0000000000
92834  -24.511  -17.517  -33.034 0.0000000000
112203  -25.078  0.335  -36.181 0.0000000000
110054  -24.473  -1.322  -35.937 0.0000000000
101913  -26.621  -9.348  -36.862 0.0000000000
102960  -25.607  -8.073  -36.792 0.0000000000
103995  -27.117  -7.722  -37.329 0.0000000000
104985  -27.610  -6.670  -36.490 0.0000000000
103982  -28.148  -7.606  -36.395 0.0000000000
104968  -28.962  -6.487  -35.456 0.0000000000
102929  -28.583  -8.631  -36.253 0.0000000000
98531  -24.671  -12.250  -34.865 0.0000000000
99674  -25.545  -11.260  -35.900 0.0000000000
98545  -26.036  -12.211  -36.201 0.0000000000
98563  -26.988  -12.150  -36.566 0.0000000000
97396  -26.920  -13.299  -36.392 0.0000000000
93916  -27.104  -16.433  -35.517 0.0000000000
95070  -28.433  -15.176  -35.608 0.0000000000
95055  -28.515  -16.076  -35.211 0.0000000000
95057  -30.143  -15.210  -34.383 0.0000000000
93903  -28.962  -16.751  -34.529 0.0000000000
114404  -24.086  2.826  -34.980 0.0000000000
115447  -23.964  3.318  -34.344 0.0000000000
116467  -25.031  4.215  -34.859 0.0000000000
117376  -26.239  4.837  -35.441 0.0000000000
116481  -27.540  4.108  -36.886 0.0000000000
113324  -27.192  1.325  -36.570 0.0000000000
104981  -23.754  -6.262  -35.771 0.0000000000
105949  -23.500  -5.685  -34.824 0.0000000000
106996  -24.080  -4.563  -36.220 0.0000000000
109051  -25.529  -2.523  -36.716 0.0000000000
108046  -25.858  -3.454  -37.128 0.0000000000
108016  -28.544  -3.537  -35.657 0.0000000000
109039  -28.169  -2.566  -35.780 0.0000000000
110056  -29.266  -1.687  -34.959 0.0000000000
99675  -29.489  -11.351  -35.719 0.0000000000
100795  -29.594  -10.209  -35.144 0.0000000000
89590  -25.613  -21.042  -33.225 0.0000000000
89612  -25.971  -20.454  -33.764 0.0000000000
90726  -26.702  -19.355  -34.148 0.0000000000
90727  -27.507  -19.611  -34.024 0.0000000000
96189  -25.002  -14.343  -34.146 0.0000000000
96205  -26.186  -14.498  -35.416 0.0000000000
95067  -25.911  -15.367  -35.087 0.0000000000
93915  -26.223  -16.352  -35.148 0.0000000000
92860  -26.887  -17.127  -35.188 0.0000000000
114423  -25.376  1.993  -35.709 0.0000000000
115466  -26.526  2.833  -36.604 0.0000000000
114424  -26.220  1.964  -36.218 0.0000000000
113331  -26.219  0.548  -36.582 0.0000000000
112215  -26.775  0.024  -36.626 0.0000000000
100811  -23.847  -9.682  -34.792 0.0000000000
102944  -24.553  -8.159  -35.736 0.0000000000
103979  -24.639  -7.379  -36.300 0.0000000000
105985  -25.072  -5.711  -36.998 0.0000000000
107011  -25.919  -4.500  -37.336 0.0000000000
105986  -26.702  -5.006  -37.093 0.0000000000
107000  -28.212  -4.516  -35.942 0.0000000000
106984  -28.856  -4.481  -35.416 0.0000000000
105967  -29.780  -5.315  -34.595 0.0000000000
88416  -28.326  -21.751  -33.075 0.0000000000
88443  -28.561  -21.207  -33.198 0.0000000000
100813  -25.093  -10.363  -35.666 0.0000000000
100827  -25.677  -10.325  -36.354 0.0000000000
100842  -27.277  -9.974  -37.340 0.0000000000
101902  -28.123  -9.438  -36.622 0.0000000000
99690  -27.678  -11.112  -36.853 0.0000000000
99691  -28.414  -11.292  -36.422 0.0000000000
98547  -29.079  -12.418  -35.936 0.0000000000
96206  -26.975  -14.352  -36.002 0.0000000000
96208  -28.678  -14.024  -35.832 0.0000000000
96209  -29.473  -13.802  -35.319 0.0000000000
96192  -30.669  -14.251  -34.261 0.0000000000
96175  -30.672  -15.016  -33.784 0.0000000000
115468  -28.081  3.048  -36.974 0.0000000000
109018  -24.441  -1.931  -36.177 0.0000000000
110080  -25.912  -1.597  -36.719 0.0000000000
111128  -26.850  -0.662  -36.602 0.0000000000
109037  -26.922  -2.543  -36.642 0.0000000000
110069  -27.800  -1.566  -35.902 0.0000000000
112196  -28.773  0.070  -35.786 0.0000000000
101888  -29.067  -9.354  -35.820 0.0000000000
102914  -30.217  -8.597  -34.618 0.0000000000
91809  -24.253  -18.057  -32.647 0.0000000000
92836  -25.882  -17.997  -33.879 0.0000000000
91828  -26.835  -18.409  -34.550 0.0000000000
92848  -28.121  -17.609  -34.534 0.0000000000
90728  -28.462  -19.358  -33.823 0.0000000000
91813  -28.720  -18.646  -33.845 0.0000000000
92849  -28.822  -17.673  -34.160 0.0000000000
110053  -23.722  -1.672  -35.392 0.0000000000
102947  -27.369  -8.509  -37.020 0.0000000000
102962  -26.843  -8.511  -37.114 0.0000000000
103981  -27.599  -7.651  -36.926 0.0000000000
97373  -24.320  -13.140  -34.217 0.0000000000
98544  -25.284  -12.223  -35.544 0.0000000000
97394  -25.688  -12.804  -35.633 0.0000000000
98546  -26.517  -12.788  -36.260 0.0000000000
97395  -26.144  -13.428  -35.820 0.0000000000
93917  -27.914  -16.004  -35.540 0.0000000000
115457  -25.404  3.179  -35.448 0.0000000000
115448  -24.639  3.298  -34.812 0.0000000000
116479  -25.837  4.115  -35.596 0.0000000000
115459  -26.824  3.544  -36.706 0.0000000000
113325  -27.994  1.299  -36.453 0.0000000000
113326  -28.942  1.194  -36.410 0.0000000000
105984  -24.469  -5.479  -36.619 0.0000000000
105964  -23.703  -5.747  -35.401 0.0000000000
105983  -23.802  -5.562  -36.037 0.0000000000
106983  -23.508  -4.703  -35.329 0.0000000000
108045  -25.158  -3.501  -36.667 0.0000000000
107010  -25.375  -4.388  -37.027 0.0000000000
108017  -29.210  -3.539  -35.226 0.0000000000
109019  -28.839  -2.616  -35.288 0.0000000000
99676  -30.007  -11.412  -35.290 0.0000000000
88414  -26.254  -21.515  -33.218 0.0000000000
88440  -26.552  -20.932  -33.650 0.0000000000
89613  -26.935  -20.328  -33.771 0.0000000000
95053  -24.797  -15.450  -33.863 0.0000000000
95054  -25.364  -15.354  -34.478 0.0000000000
93914  -25.595  -16.057  -34.808 0.0000000000
93900  -25.765  -16.652  -34.604 0.0000000000
92859  -26.623  -16.855  -35.160 0.0000000000
92846  -26.286  -17.408  -34.519 0.0000000000
114422  -24.420  1.784  -35.683 0.0000000000
113321  -24.872  1.170  -35.987 0.0000000000
112204  -25.612  0.128  -36.509 0.0000000000
113330  -25.894  0.412  -36.563 0.0000000000
113332  -26.740  0.602  -36.607 0.0000000000
112214  -26.431  0.041  -36.625 0.0000000000
101886  -24.706  -9.610  -35.581 0.0000000000
101898  -24.697  -8.927  -35.881 0.0000000000
103993  -25.868  -7.483  -37.222 0.0000000000
103980  -25.284  -7.348  -36.764 0.0000000000
104983  -24.831  -6.475  -36.716 0.0000000000
104997  -25.570  -6.374  -37.177 0.0000000000
106010  -26.285  -5.543  -37.293 0.0000000000
106011  -26.726  -6.384  -37.189 0.0000000000
105988  -27.879  -5.561  -36.230 0.0000000000
106985  -29.486  -4.406  -34.938 0.0000000000
105966  -29.175  -5.424  -35.129 0.0000000000
104969  -29.586  -6.357  -34.949 0.0000000000
103968  -29.903  -7.100  -34.738 0.0000000000
87165  -27.693  -22.316  -32.776 0.0000000000
87166  -28.619  -22.331  -32.175 0.0000000000
99660  -23.993  -11.248  -34.033 0.0000000000
100794  -24.002  -10.778  -34.529 0.0000000000
99688  -26.106  -11.125  -36.581 0.0000000000
100828  -26.310  -10.231  -36.878 0.0000000000
99700  -27.036  -10.412  -37.405 0.0000000000
99701  -27.305  -10.552  -37.256 0.0000000000
98564  -27.967  -12.101  -36.533 0.0000000000
98565  -28.692  -12.103  -36.232 0.0000000000
97416  -28.772  -12.760  -36.103 0.0000000000
96207  -27.903  -14.469  -36.203 0.0000000000
97376  -30.237  -13.614  -34.892 0.0000000000
96191  -29.816  -14.497  -34.845 0.0000000000
93904  -29.741  -16.042  -34.279 0.0000000000
95045  -31.066  -15.501  -33.377 0.0000000000
115467  -27.285  3.061  -37.073 0.0000000000
102912  -23.171  -8.287  -34.191 0.0000000000
108014  -22.788  -3.510  -34.891 0.0000000000
109016  -23.169  -2.620  -35.206 0.0000000000
109017  -23.991  -2.519  -35.790 0.0000000000
110081  -26.312  -1.360  -36.654 0.0000000000
111127  -26.517  -1.065  -36.619 0.0000000000
110067  -26.619  -1.653  -36.605 0.0000000000
106998  -26.997  -4.417  -37.015 0.0000000000
108033  -26.542  -3.466  -37.056 0.0000000000
108034  -27.279  -3.493  -36.687 0.0000000000
110055  -28.491  -1.599  -35.426 0.0000000000
111119  -28.228  -0.604  -35.686 0.0000000000
101868  -29.841  -9.536  -34.831 0.0000000000
90724  -25.076  -19.481  -33.413 0.0000000000
91810  -24.608  -18.583  -33.015 0.0000000000
90747  -27.083  -18.899  -34.628 0.0000000000
91812  -26.216  -18.518  -34.013 0.0000000000
91829  -27.552  -18.450  -34.534 0.0000000000
89615  -28.728  -20.460  -33.226 0.0000000000
91831  -28.895  -18.219  -33.904 0.0000000000
93898  -24.543  -16.186  -33.604 0.0000000000
93889  -24.729  -16.841  -33.496 0.0000000000
92835  -25.285  -17.537  -33.738 0.0000000000
112202  -24.681  0.787  -36.007 0.0000000000
112195  -24.881  -0.044  -36.055 0.0000000000
111125  -24.924  -0.583  -36.204 0.0000000000
101900  -25.967  -9.428  -36.578 0.0000000000
102946  -25.631  -8.739  -36.542 0.0000000000
102961  -26.193  -8.449  -36.886 0.0000000000
103994  -26.523  -7.686  -37.349 0.0000000000
104999  -26.780  -7.095  -37.312 0.0000000000
104984  -27.178  -6.862  -37.087 0.0000000000
104967  -28.255  -6.578  -35.928 0.0000000000
103966  -28.727  -7.540  -35.798 0.0000000000
99673  -24.816  -11.308  -35.308 0.0000000000
98562  -26.490  -11.607  -36.605 0.0000000000
95069  -27.519  -15.309  -35.707 0.0000000000
95056  -29.234  -15.476  -34.872 0.0000000000
114403  -23.678  2.467  -34.688 0.0000000000
116466  -24.407  3.873  -34.509 0.0000000000
117375  -25.630  4.580  -35.210 0.0000000000
116482  -28.028  4.494  -37.050 0.0000000000
114426  -27.658  2.226  -36.618 0.0000000000
114427  -28.459  2.216  -36.572 0.0000000000
105948  -22.998  -5.592  -34.326 0.0000000000
106971  -23.138  -5.147  -34.787 0.0000000000
108030  -23.874  -3.650  -35.921 0.0000000000
109034  -24.278  -3.076  -36.067 0.0000000000
108031  -24.461  -3.625  -36.333 0.0000000000
108032  -26.191  -2.965  -37.075 0.0000000000
100815  -29.224  -10.449  -35.721 0.0000000000
100816  -29.726  -10.788  -35.386 0.0000000000
100796  -30.122  -10.498  -34.815 0.0000000000
89589  -25.088  -20.502  -33.052 0.0000000000
89611  -25.446  -19.987  -33.583 0.0000000000
90725  -25.789  -19.417  -33.826 0.0000000000
97375  -25.713  -13.979  -35.391 0.0000000000
96190  -25.570  -14.487  -34.937 0.0000000000
93901  -27.276  -17.013  -35.228 0.0000000000
114413  -23.705  1.675  -35.093 0.0000000000
114414  -23.918  2.221  -35.361 0.0000000000
114415  -24.643  2.537  -35.275 0.0000000000
115465  -25.919  2.705  -36.095 0.0000000000
113322  -25.685  1.004  -36.400 0.0000000000
113323  -26.508  1.261  -36.505 0.0000000000
112205  -27.323  0.360  -36.479 0.0000000000
102928  -24.043  -8.054  -35.383 0.0000000000
102945  -25.101  -8.297  -36.316 0.0000000000
103965  -24.204  -7.373  -35.734 0.0000000000
104982  -24.089  -6.517  -36.244 0.0000000000
106009  -25.461  -5.254  -37.349 0.0000000000
105987  -27.109  -5.616  -36.858 0.0000000000
106999  -27.571  -4.514  -36.512 0.0000000000
106986  -30.138  -4.288  -34.626 0.0000000000
97399  -30.446  -12.858  -34.895 0.0000000000
87189  -27.233  -22.009  -33.313 0.0000000000
87190  -27.700  -21.767  -33.325 0.0000000000
88442  -28.064  -21.195  -33.445 0.0000000000
100812  -24.200  -10.325  -35.092 0.0000000000
101914  -27.095  -9.307  -37.108 0.0000000000
101901  -27.545  -9.332  -36.907 0.0000000000
100830  -28.304  -10.349  -36.501 0.0000000000
100831  -28.774  -10.710  -36.205 0.0000000000
99692  -29.004  -11.310  -36.100 0.0000000000
98566  -29.200  -11.890  -35.963 0.0000000000
98548  -29.597  -12.199  -35.612 0.0000000000
96223  -27.515  -13.792  -36.386 0.0000000000
96224  -28.135  -13.619  -36.355 0.0000000000
96225  -28.618  -13.288  -36.132 0.0000000000
97397  -29.069  -13.047  -35.635 0.0000000000
97398  -29.963  -12.994  -35.415 0.0000000000
116489  -27.834  3.571  -37.093 0.0000000000
110065  -24.810  -1.461  -36.327 0.0000000000
111137  -25.198  -0.920  -36.423 0.0000000000
109035  -24.719  -2.513  -36.374 0.0000000000
110079  -25.300  -1.601  -36.557 0.0000000000
111139  -26.292  -0.685  -36.656 0.0000000000
111140  -26.575  -0.295  -36.619 0.0000000000
108047  -26.187  -3.963  -37.259 0.0000000000
109038  -27.561  -2.540  -36.318 0.0000000000
110068  -27.197  -1.579  -36.396 0.0000000000
111129  -27.565  -0.580  -36.177 0.0000000000
112207  -28.929  0.522  -36.104 0.0000000000
102930  -29.122  -8.348  -35.709 0.0000000000
102913  -29.618  -8.695  -35.240 0.0000000000
101867  -29.435  -9.654  -35.324 0.0000000000
103952  -29.865  -7.879  -34.759 0.0000000000
92847  -27.261  -17.595  -34.887 0.0000000000
89614  -27.791  -20.375  -33.630 0.0000000000
91830  -28.345  -18.439  -34.178 0.0000000000
93890  -29.264  -17.270  -34.041 0.0000000000
90748  -27.342  -19.126  -34.456 0.0000000000
97415  -28.325  -12.839  -36.365 0.0000000000
100829  -27.711  -10.137  -36.961 0.0000000000
100841  -26.818  -10.055  -37.372 0.0000000000
101887  -28.594  -9.583  -36.278 0.0000000000
102927  -23.578  -8.253  -34.958 0.0000000000
106997  -24.735  -4.435  -36.692 0.0000000000
107012  -26.450  -4.473  -37.243 0.0000000000
108003  -22.425  -3.585  -34.066 0.0000000000
109036  -26.388  -2.523  -36.787 0.0000000000
109052  -26.019  -2.502  -36.883 0.0000000000
111126  -25.291  -0.331  -36.405 0.0000000000
112213  -26.018  -0.024  -36.666 0.0000000000
