#!ascii label  , from subject 3350 vox2ras=TkReg
766
83663  -29.148  -25.810  -30.137 0.4285714328
84828  -29.546  -24.686  -30.398 0.2857142985
86022  -30.952  -23.594  -30.509 0.4285714328
86042  -29.357  -23.374  -31.305 0.2857142985
86043  -30.307  -23.047  -31.068 0.4285714328
86044  -31.275  -22.805  -30.945 0.4285714328
87167  -29.470  -21.717  -32.115 0.4285714328
87143  -30.689  -22.196  -31.358 0.4285714328
88418  -29.978  -21.135  -32.436 0.4285714328
89570  -30.970  -20.566  -31.906 0.4285714328
90730  -30.103  -19.754  -33.034 0.5714285970
89593  -30.474  -20.257  -32.425 0.5714285970
90710  -31.157  -19.561  -32.005 0.4285714328
90688  -31.833  -19.103  -31.677 0.2857142985
91815  -30.191  -18.806  -33.240 0.7142857313
91797  -31.458  -18.582  -32.188 0.7142857313
92825  -31.895  -17.767  -32.144 0.7142857313
93865  -32.216  -17.360  -31.953 0.4285714328
92824  -31.214  -17.764  -32.531 0.7142857313
93879  -32.439  -16.183  -31.690 0.5714285970
93877  -30.737  -17.014  -32.873 0.5714285970
95031  -31.352  -16.108  -32.838 0.5714285970
95032  -31.886  -15.637  -32.071 0.5714285970
95033  -33.009  -15.392  -31.942 0.4285714328
96162  -32.275  -14.669  -32.565 0.5714285970
97350  -32.710  -13.751  -32.548 0.5714285970
96176  -31.391  -14.443  -33.359 0.7142857313
98502  -33.014  -12.966  -32.644 0.7142857313
95057  -30.143  -15.210  -34.383 0.5714285970
97359  -31.798  -13.488  -33.458 0.8571428657
98503  -33.770  -12.687  -32.346 0.5714285970
96193  -31.261  -13.693  -33.874 0.7142857313
96192  -30.669  -14.251  -34.261 0.5714285970
100764  -33.086  -11.292  -32.707 0.7142857313
99629  -33.789  -11.771  -32.386 0.5714285970
98515  -31.958  -12.563  -33.368 0.7142857313
98516  -32.560  -12.518  -32.905 0.7142857313
100765  -33.612  -10.762  -32.277 0.5714285970
99645  -31.889  -11.583  -33.609 0.7142857313
100781  -32.563  -10.766  -33.266 0.7142857313
101856  -32.833  -10.100  -32.957 0.7142857313
100782  -33.064  -10.498  -32.729 0.7142857313
100780  -31.694  -10.562  -33.732 0.7142857313
101836  -32.730  -8.970  -32.854 0.7142857313
99663  -31.218  -11.448  -34.175 0.5714285970
102882  -32.961  -8.379  -32.618 0.5714285970
103917  -33.219  -7.438  -32.380 0.5714285970
101854  -31.341  -9.511  -33.892 0.8571428657
103938  -32.547  -7.445  -32.876 0.7142857313
103937  -32.012  -7.435  -33.472 0.7142857313
102902  -31.650  -8.458  -33.542 0.8571428657
105936  -31.793  -5.534  -33.268 0.8571428657
104916  -32.709  -6.523  -32.548 0.5714285970
103954  -31.269  -7.438  -33.863 0.8571428657
105953  -31.183  -5.413  -33.691 0.8571428657
106958  -31.475  -4.550  -33.368 0.8571428657
108005  -30.832  -3.422  -34.131 0.8571428657
104934  -31.582  -6.453  -33.610 0.8571428657
106973  -30.880  -4.354  -33.789 0.8571428657
106972  -30.539  -4.094  -34.290 1.0000000000
105952  -30.495  -5.158  -34.173 1.0000000000
109021  -30.074  -2.690  -34.826 1.0000000000
110056  -29.266  -1.687  -34.959 0.7142857313
108004  -30.449  -3.421  -34.677 1.0000000000
108018  -29.910  -3.504  -35.000 1.0000000000
110057  -29.690  -2.219  -34.810 1.0000000000
112197  -29.499  0.449  -35.668 1.0000000000
112207  -28.929  0.522  -36.104 0.8571428657
114416  -29.190  2.284  -36.351 0.8571428657
113326  -28.942  1.194  -36.410 1.0000000000
116490  -28.374  4.048  -37.083 0.8571428657
115469  -28.799  3.131  -36.688 0.8571428657
117400  -28.758  5.794  -37.810 0.8571428657
117389  -29.047  5.090  -36.660 0.8571428657
117378  -27.867  4.722  -36.800 0.5714285970
117387  -27.648  5.957  -37.593 0.7142857313
117409  -28.021  6.710  -38.681 0.5714285970
117362  -26.962  5.851  -35.337 0.5714285970
117377  -27.351  5.295  -36.207 0.5714285970
119137  -27.755  7.236  -35.725 0.4285714328
119154  -27.450  7.601  -37.073 0.4285714328
118237  -27.316  6.378  -33.256 0.2857142985
117342  -27.551  6.395  -32.767 0.2857142985
118255  -27.930  6.275  -34.042 0.2857142985
117333  -28.104  6.270  -32.683 0.2857142985
86020  -28.961  -23.998  -30.830 0.2857142985
99628  -33.155  -12.172  -32.735 0.5714285970
102903  -32.380  -8.367  -33.126 0.7142857313
104935  -32.141  -6.505  -33.102 0.8571428657
106959  -31.989  -4.660  -32.881 0.8571428657
107993  -31.249  -3.564  -33.509 0.8571428657
110046  -29.513  -1.343  -34.724 0.8571428657
119093  -29.141  7.812  -31.715 0.1428571492
86019  -28.545  -24.114  -31.034 0.2857142985
87141  -28.954  -22.975  -31.686 0.2857142985
87142  -29.620  -22.428  -31.577 0.2857142985
88397  -31.133  -21.262  -31.609 0.4285714328
89592  -29.705  -20.622  -32.744 0.5714285970
90709  -30.689  -19.234  -32.607 0.5714285970
91796  -30.834  -18.464  -32.744 0.7142857313
93878  -31.771  -16.845  -32.158 0.4285714328
93892  -30.752  -16.298  -33.379 0.5714285970
95034  -33.753  -14.907  -31.815 0.4285714328
95045  -31.066  -15.501  -33.377 0.7142857313
96163  -33.208  -14.398  -32.156 0.5714285970
97360  -32.342  -13.186  -32.971 0.7142857313
101838  -33.845  -10.188  -32.089 0.5714285970
97377  -30.795  -13.145  -34.233 0.5714285970
99630  -34.292  -11.364  -31.946 0.5714285970
99646  -32.523  -11.806  -33.085 0.7142857313
101837  -33.349  -9.587  -32.498 0.5714285970
98533  -31.351  -12.346  -33.962 0.8571428657
101855  -32.268  -9.546  -33.170 0.7142857313
105937  -32.280  -5.602  -32.703 0.5714285970
109009  -31.086  -2.576  -33.681 1.0000000000
105967  -29.780  -5.315  -34.595 1.0000000000
109020  -29.520  -2.725  -35.006 0.8571428657
111120  -28.892  -0.624  -35.300 0.7142857313
111109  -29.501  -0.685  -34.817 1.0000000000
112196  -28.773  0.070  -35.786 0.7142857313
112187  -30.054  0.110  -35.043 1.0000000000
111119  -28.228  -0.604  -35.686 0.7142857313
113315  -29.491  1.557  -35.915 0.8571428657
116491  -29.077  3.937  -36.590 0.8571428657
117388  -28.197  5.195  -37.139 0.7142857313
118269  -27.382  6.234  -35.571 0.7142857313
118293  -27.498  6.892  -37.866 0.7142857313
117361  -26.115  5.830  -35.044 0.4285714328
119163  -27.443  7.807  -38.164 0.4285714328
120033  -27.646  8.599  -36.269 0.4285714328
118238  -28.239  6.379  -33.174 0.2857142985
119138  -28.137  8.093  -35.226 0.4285714328
93876  -30.364  -17.455  -33.367 0.4285714328
93891  -29.948  -16.926  -33.733 0.4285714328
119118  -27.668  6.622  -34.806 0.4285714328
119119  -28.303  7.235  -34.210 0.2857142985
84827  -28.511  -24.719  -30.814 0.2857142985
84829  -30.563  -24.478  -30.198 0.4285714328
86021  -29.936  -23.835  -30.667 0.4285714328
88396  -30.204  -21.575  -31.785 0.4285714328
88419  -30.597  -21.005  -32.115 0.4285714328
89617  -29.991  -20.241  -32.893 0.4285714328
92823  -30.583  -17.916  -33.088 0.5714285970
96161  -31.582  -15.254  -32.827 0.5714285970
96177  -32.126  -13.907  -33.019 0.7142857313
97351  -33.490  -13.531  -32.201 0.5714285970
96175  -30.672  -15.016  -33.784 0.7142857313
95044  -30.380  -15.828  -33.815 0.7142857313
97378  -31.394  -13.049  -33.741 0.5714285970
102915  -30.976  -8.491  -34.192 0.8571428657
110055  -28.491  -1.599  -35.426 0.8571428657
116482  -28.028  4.494  -37.050 0.8571428657
117399  -28.077  5.885  -38.289 0.7142857313
118283  -27.474  6.474  -36.753 0.5714285970
117341  -25.830  6.100  -34.288 0.4285714328
118254  -27.002  6.080  -34.498 0.4285714328
118224  -27.240  6.807  -32.332 0.2857142985
118225  -28.123  6.658  -32.187 0.2857142985
119092  -28.661  7.269  -31.751 0.1428571492
87166  -28.619  -22.331  -32.175 0.2857142985
92838  -30.020  -17.931  -33.562 0.2857142985
123837  -29.807  12.377  -36.651 0.2857142985
122840  -30.036  11.543  -35.878 0.1428571492
120974  -28.508  9.848  -36.445 0.2857142985
122855  -28.956  11.536  -37.024 0.2857142985
123824  -29.836  12.609  -35.390 0.1428571492
120013  -28.539  8.545  -34.454 0.1428571492
120034  -28.373  8.895  -35.486 0.2857142985
120955  -29.045  9.434  -35.042 0.1428571492
122868  -28.767  10.925  -37.537 0.2857142985
121894  -28.615  10.785  -37.191 0.2857142985
120995  -29.852  9.652  -36.393 0.2857142985
121005  -29.097  9.575  -37.516 0.2857142985
122823  -30.234  12.105  -34.708 0.1428571492
120973  -27.673  9.237  -36.975 0.2857142985
119164  -28.683  7.713  -38.011 0.2857142985
121905  -28.739  10.521  -37.563 0.2857142985
119140  -29.889  7.289  -35.634 0.1428571492
120054  -29.209  8.495  -37.091 0.2857142985
120065  -28.277  8.963  -38.318 0.2857142985
121859  -29.601  10.558  -35.223 0.1428571492
121014  -28.005  8.775  -38.675 0.2857142985
120992  -27.828  9.444  -37.708 0.2857142985
120015  -32.339  8.135  -34.334 0.1428571492
120014  -31.365  7.992  -34.768 0.1428571492
120035  -29.472  7.694  -36.403 0.4285714328
119172  -28.099  8.003  -39.258 0.2857142985
117363  -30.869  5.494  -34.904 0.2857142985
118270  -29.605  6.312  -36.547 0.4285714328
118294  -28.970  6.648  -38.085 0.2857142985
116469  -31.924  4.533  -34.315 0.1428571492
118256  -30.405  6.126  -35.131 0.2857142985
119155  -29.039  7.222  -37.130 0.4285714328
117390  -29.697  5.423  -36.238 0.5714285970
118284  -29.419  6.164  -37.044 0.7142857313
115450  -31.532  3.610  -34.543 0.1428571492
116468  -31.058  4.548  -34.927 0.1428571492
117410  -28.460  6.391  -38.456 0.4285714328
116484  -30.438  4.154  -35.550 0.4285714328
113310  -32.133  1.969  -33.908 0.2857142985
114406  -31.090  2.637  -34.646 0.7142857313
117379  -29.579  4.995  -36.071 0.7142857313
115449  -30.807  3.469  -35.116 0.8571428657
116483  -29.678  4.268  -36.046 0.5714285970
113288  -32.655  1.573  -33.381 0.2857142985
115468  -28.081  3.048  -36.974 0.5714285970
115460  -29.489  3.224  -36.272 0.8571428657
113308  -30.744  1.788  -34.836 0.7142857313
112168  -32.903  0.579  -33.042 0.1428571492
104968  -28.962  -6.487  -35.456 0.5714285970
106985  -29.486  -4.406  -34.938 0.8571428657
108017  -29.210  -3.539  -35.226 0.8571428657
106984  -28.856  -4.481  -35.416 0.4285714328
111110  -30.147  -0.476  -34.354 0.8571428657
113316  -30.205  1.409  -35.451 0.8571428657
111094  -32.595  -0.448  -33.034 0.2857142985
112188  -30.620  0.691  -34.636 0.8571428657
115461  -30.153  3.337  -35.727 0.8571428657
111078  -33.003  -0.362  -32.292 0.4285714328
112189  -31.373  0.602  -33.809 0.7142857313
113309  -31.442  1.651  -34.322 0.7142857313
104967  -28.255  -6.578  -35.928 0.2857142985
105966  -29.175  -5.424  -35.129 0.5714285970
110047  -29.915  -1.646  -34.569 0.8571428657
110039  -32.017  -1.043  -33.018 0.4285714328
111093  -31.621  -0.527  -33.430 0.8571428657
111111  -30.746  -0.165  -33.814 0.8571428657
110025  -32.620  -1.016  -32.284 0.4285714328
99676  -30.007  -11.412  -35.290 0.7142857313
100815  -29.224  -10.449  -35.721 0.4285714328
100796  -30.122  -10.498  -34.815 0.7142857313
102914  -30.217  -8.597  -34.618 0.8571428657
102913  -29.618  -8.695  -35.240 0.5714285970
103967  -29.411  -7.492  -35.245 0.5714285970
102929  -28.583  -8.631  -36.253 0.4285714328
103953  -30.507  -7.453  -34.411 0.8571428657
104952  -30.899  -6.371  -34.051 0.8571428657
104951  -30.234  -6.293  -34.519 0.7142857313
104969  -29.586  -6.357  -34.949 0.5714285970
107994  -31.659  -3.747  -32.914 0.7142857313
109002  -31.648  -2.759  -33.095 0.7142857313
110048  -30.697  -1.384  -33.780 0.8571428657
108994  -32.902  -3.120  -31.824 0.2857142985
108993  -32.492  -2.805  -32.356 0.4285714328
110024  -32.290  -1.582  -32.563 0.5714285970
98549  -30.279  -12.203  -35.151 0.4285714328
99675  -29.489  -11.351  -35.719 0.4285714328
101869  -30.567  -9.522  -34.433 0.7142857313
107982  -32.728  -3.832  -32.076 0.2857142985
107981  -32.272  -3.806  -32.594 0.5714285970
97376  -30.237  -13.614  -34.892 0.4285714328
96209  -29.473  -13.802  -35.319 0.5714285970
98532  -30.777  -12.247  -34.530 0.5714285970
105919  -32.835  -5.627  -32.153 0.4285714328
106946  -33.032  -4.740  -31.808 0.4285714328
107966  -33.298  -3.844  -31.578 0.4285714328
106945  -32.503  -4.706  -32.372 0.4285714328
93904  -29.741  -16.042  -34.279 0.5714285970
100766  -34.165  -10.609  -31.919 0.4285714328
103918  -33.776  -7.401  -31.747 0.4285714328
103897  -34.173  -7.148  -31.262 0.4285714328
104917  -33.347  -6.506  -32.047 0.4285714328
89571  -31.669  -20.178  -31.567 0.1428571492
101818  -33.786  -9.224  -31.933 0.4285714328
102862  -34.011  -9.014  -31.710 0.4285714328
102884  -34.069  -8.024  -31.693 0.4285714328
91782  -33.175  -18.671  -31.222 0.1428571492
95021  -33.994  -15.711  -31.417 0.2857142985
97336  -35.968  -13.296  -30.648 0.2857142985
100747  -35.949  -10.879  -30.427 0.2857142985
99610  -35.351  -11.566  -31.043 0.2857142985
97352  -34.284  -13.297  -31.693 0.4285714328
100746  -35.433  -10.543  -30.670 0.2857142985
100745  -34.726  -10.943  -31.488 0.2857142985
98504  -34.491  -12.331  -31.751 0.2857142985
101820  -35.033  -9.439  -30.897 0.2857142985
101819  -34.317  -9.789  -31.659 0.4285714328
90689  -32.552  -19.388  -31.424 0.1428571492
92815  -33.696  -17.993  -30.962 0.2857142985
93867  -33.809  -16.971  -31.146 0.2857142985
95023  -35.563  -15.380  -30.617 0.2857142985
96146  -35.994  -14.465  -30.611 0.2857142985
97335  -35.148  -13.584  -31.218 0.2857142985
96144  -34.405  -14.825  -31.470 0.2857142985
93844  -34.738  -17.157  -30.516 0.2857142985
92794  -34.150  -18.164  -30.648 0.2857142985
93868  -34.709  -16.232  -30.757 0.2857142985
92814  -33.092  -17.829  -31.485 0.2857142985
93869  -35.222  -15.853  -30.613 0.2857142985
88398  -32.170  -21.232  -31.331 0.1428571492
87144  -31.667  -22.098  -31.277 0.2857142985
88399  -32.988  -21.125  -30.831 0.1428571492
83640  -29.895  -26.124  -29.761 0.2857142985
82352  -29.395  -26.701  -29.720 0.2857142985
82384  -28.893  -26.493  -30.041 0.2857142985
86045  -31.881  -22.567  -30.824 0.2857142985
82351  -28.601  -27.024  -29.965 0.2857142985
81112  -28.877  -27.653  -29.438 0.1428571492
92795  -34.548  -17.954  -30.304 0.2857142985
96145  -35.061  -14.608  -30.992 0.2857142985
98488  -36.035  -12.272  -30.705 0.2857142985
100795  -29.594  -10.209  -35.144 0.7142857313
102863  -34.473  -8.555  -31.436 0.4285714328
103968  -29.903  -7.100  -34.738 0.5714285970
114427  -28.459  2.216  -36.572 0.7142857313
110038  -31.605  -1.714  -33.206 0.7142857313
110004  -32.567  -2.074  -32.113 0.2857142985
119171  -27.654  7.933  -38.987 0.2857142985
117380  -30.198  5.146  -35.605 0.4285714328
122822  -29.890  11.704  -34.633 0.1428571492
119141  -30.574  7.946  -35.276 0.1428571492
83664  -30.161  -25.327  -29.852 0.1428571492
83683  -27.970  -25.196  -31.016 0.2857142985
84830  -31.622  -24.388  -30.239 0.1428571492
89572  -32.729  -20.319  -31.231 0.1428571492
90691  -34.155  -19.685  -30.566 0.1428571492
91784  -34.418  -18.981  -30.528 0.1428571492
95020  -33.205  -16.242  -31.551 0.2857142985
95022  -34.829  -15.421  -30.964 0.2857142985
97314  -36.843  -14.008  -30.244 0.2857142985
98467  -36.865  -13.013  -30.309 0.2857142985
97399  -30.446  -12.858  -34.895 0.5714285970
96164  -33.916  -14.154  -31.724 0.2857142985
97334  -34.591  -14.094  -31.459 0.2857142985
98566  -29.200  -11.890  -35.963 0.2857142985
101796  -35.934  -9.721  -30.397 0.2857142985
102864  -35.366  -8.602  -30.691 0.2857142985
101888  -29.067  -9.354  -35.820 0.4285714328
101867  -29.435  -9.654  -35.324 0.5714285970
103966  -28.727  -7.540  -35.798 0.5714285970
103952  -29.865  -7.879  -34.759 0.7142857313
105965  -28.555  -5.505  -35.678 0.2857142985
104900  -34.355  -6.547  -30.883 0.1428571492
105906  -34.060  -5.682  -31.121 0.4285714328
105920  -33.426  -5.644  -31.614 0.4285714328
106933  -34.286  -4.912  -30.824 0.1428571492
106932  -33.704  -4.790  -31.340 0.1428571492
109003  -32.058  -3.115  -32.761 0.5714285970
108978  -32.778  -2.431  -31.839 0.2857142985
114405  -30.461  2.512  -35.256 0.8571428657
112169  -33.298  0.546  -32.532 0.2857142985
112167  -32.216  0.494  -33.438 0.4285714328
111095  -33.086  0.020  -32.877 0.4285714328
114385  -32.611  2.669  -33.695 0.1428571492
114407  -31.991  2.683  -34.363 0.1428571492
121858  -29.341  9.969  -35.066 0.1428571492
115451  -32.393  3.735  -33.986 0.1428571492
117364  -31.590  5.398  -34.467 0.1428571492
118257  -31.212  6.247  -34.600 0.1428571492
119122  -31.759  7.145  -34.299 0.1428571492
120055  -29.548  9.044  -36.525 0.2857142985
120976  -30.666  9.609  -35.641 0.2857142985
120037  -31.026  8.750  -35.276 0.1428571492
88400  -33.750  -21.071  -30.680 0.1428571492
108979  -33.369  -2.665  -31.412 0.2857142985
120957  -31.776  8.784  -34.738 0.1428571492
121896  -30.522  10.596  -36.037 0.2857142985
83662  -28.057  -25.683  -30.640 0.2857142985
83665  -31.151  -25.166  -29.749 0.1428571492
92813  -32.424  -17.787  -31.823 0.2857142985
93866  -32.742  -17.033  -31.724 0.4285714328
91781  -32.460  -18.511  -31.649 0.1428571492
99662  -30.520  -11.400  -34.679 0.5714285970
100797  -30.908  -10.497  -34.288 0.7142857313
106986  -30.138  -4.288  -34.626 0.8571428657
109008  -30.523  -2.546  -34.322 0.8571428657
117408  -27.816  6.947  -38.774 0.2857142985
118303  -28.314  7.248  -38.691 0.2857142985
120053  -27.463  8.611  -37.453 0.2857142985
112198  -30.191  0.630  -35.311 0.8571428657
114417  -29.769  2.401  -35.772 0.8571428657
120064  -27.684  8.583  -38.341 0.2857142985
121876  -28.716  10.641  -36.711 0.2857142985
121877  -29.258  10.723  -36.350 0.2857142985
122841  -30.416  12.022  -35.140 0.1428571492
120975  -29.132  10.290  -35.867 0.2857142985
122854  -28.782  11.113  -37.379 0.2857142985
120956  -29.127  10.024  -35.510 0.1428571492
120993  -28.383  10.093  -37.490 0.2857142985
120994  -29.422  9.330  -36.909 0.2857142985
121906  -29.034  10.529  -37.681 0.2857142985
120066  -28.482  8.679  -38.128 0.2857142985
121841  -29.410  9.955  -34.550 0.1428571492
119173  -28.349  8.104  -38.680 0.2857142985
121004  -28.406  9.548  -37.985 0.2857142985
119139  -29.485  6.787  -36.437 0.2857142985
120036  -29.860  8.609  -35.853 0.1428571492
120076  -28.182  8.560  -38.696 0.2857142985
119121  -30.708  7.077  -34.912 0.1428571492
118285  -29.587  5.705  -36.582 0.5714285970
118271  -29.915  6.168  -36.119 0.4285714328
117365  -32.374  5.316  -33.903 0.1428571492
119120  -30.175  6.665  -35.382 0.2857142985
113287  -31.935  1.274  -33.727 0.5714285970
100816  -29.726  -10.788  -35.386 0.4285714328
101868  -29.841  -9.536  -34.831 0.7142857313
102930  -29.122  -8.348  -35.709 0.4285714328
108992  -32.072  -2.481  -32.711 0.5714285970
110023  -31.873  -2.131  -32.859 0.7142857313
97398  -29.963  -12.994  -35.415 0.5714285970
99609  -34.787  -11.814  -31.506 0.2857142985
102883  -33.660  -8.456  -31.972 0.4285714328
103919  -34.294  -7.719  -31.477 0.4285714328
104899  -33.802  -6.498  -31.395 0.4285714328
98487  -35.163  -12.493  -31.325 0.2857142985
97353  -34.795  -12.847  -31.525 0.2857142985
99611  -35.983  -11.336  -30.508 0.2857142985
89573  -33.504  -20.371  -30.818 0.1428571492
90690  -33.318  -19.536  -30.980 0.1428571492
93843  -34.185  -17.632  -30.704 0.2857142985
91783  -33.865  -18.782  -30.705 0.1428571492
93845  -35.770  -16.460  -30.255 0.2857142985
82353  -30.355  -26.767  -29.481 0.1428571492
83641  -30.748  -25.954  -29.533 0.1428571492
83642  -31.582  -25.854  -29.558 0.1428571492
84831  -32.642  -24.340  -30.111 0.1428571492
119996  -28.459  8.256  -33.278 0.1428571492
114426  -27.658  2.226  -36.618 0.5714285970
113325  -27.994  1.299  -36.453 0.4285714328
113324  -27.192  1.325  -36.570 0.4285714328
112206  -28.243  0.379  -36.091 0.4285714328
110069  -27.800  -1.566  -35.902 0.4285714328
111129  -27.565  -0.580  -36.177 0.4285714328
109019  -28.839  -2.616  -35.288 0.5714285970
99592  -37.673  -11.676  -29.851 0.1428571492
100724  -36.495  -10.768  -30.222 0.1428571492
101797  -36.992  -9.822  -29.979 0.1428571492
90729  -29.380  -19.530  -33.327 0.2857142985
98470  -39.382  -12.292  -30.146 0.1428571492
99594  -39.387  -11.369  -30.298 0.1428571492
99593  -38.620  -11.506  -29.832 0.1428571492
99595  -40.041  -11.197  -30.885 0.1428571492
89616  -29.500  -20.182  -32.976 0.2857142985
97315  -37.796  -13.757  -30.113 0.1428571492
98468  -37.763  -12.721  -29.986 0.1428571492
98469  -38.624  -12.420  -29.658 0.1428571492
97337  -40.438  -12.959  -31.354 0.1428571492
98534  -39.681  -11.840  -34.545 0.1428571492
98506  -40.470  -11.576  -32.621 0.1428571492
98518  -40.280  -11.515  -33.575 0.1428571492
89591  -29.225  -20.620  -32.897 0.2857142985
88443  -28.561  -21.207  -33.198 0.2857142985
93846  -36.498  -16.063  -29.770 0.1428571492
96123  -36.797  -14.857  -30.037 0.1428571492
95000  -36.362  -15.503  -30.230 0.1428571492
97317  -39.543  -13.227  -29.749 0.1428571492
96125  -38.560  -14.482  -29.534 0.1428571492
97318  -40.100  -13.112  -30.480 0.1428571492
97316  -38.664  -13.453  -29.597 0.1428571492
97361  -40.100  -13.327  -34.087 0.1428571492
97380  -39.425  -12.821  -34.722 0.1428571492
97362  -40.388  -12.484  -33.478 0.1428571492
88417  -29.080  -21.255  -32.771 0.2857142985
88416  -28.326  -21.751  -33.075 0.2857142985
87165  -27.693  -22.316  -32.776 0.2857142985
93825  -36.121  -17.346  -29.656 0.1428571492
94989  -37.492  -16.362  -29.447 0.1428571492
95001  -37.204  -15.712  -29.564 0.1428571492
95002  -38.334  -15.564  -29.329 0.1428571492
96126  -39.532  -14.281  -29.652 0.1428571492
96147  -40.542  -13.987  -31.048 0.1428571492
96179  -40.474  -13.603  -33.158 0.1428571492
96165  -40.663  -13.831  -32.100 0.1428571492
98551  -38.891  -12.002  -35.902 0.1428571492
97402  -38.975  -12.623  -35.367 0.1428571492
92796  -35.256  -17.729  -29.781 0.1428571492
93826  -36.894  -16.767  -29.539 0.1428571492
92773  -36.694  -17.853  -29.503 0.1428571492
93847  -38.433  -16.371  -29.314 0.1428571492
93827  -37.915  -16.825  -29.338 0.1428571492
93870  -40.383  -15.929  -30.475 0.1428571492
94990  -37.880  -16.154  -29.310 0.1428571492
95024  -40.446  -15.043  -30.780 0.1428571492
95003  -39.386  -15.340  -29.546 0.1428571492
96196  -39.527  -13.975  -34.638 0.1428571492
95047  -40.464  -14.675  -32.847 0.1428571492
97379  -38.950  -13.436  -35.274 0.1428571492
91768  -40.015  -18.050  -29.508 0.1428571492
92775  -38.382  -17.554  -29.111 0.1428571492
92774  -37.497  -17.657  -29.275 0.1428571492
93848  -39.232  -16.422  -29.418 0.1428571492
93828  -38.673  -16.917  -29.285 0.1428571492
93881  -40.434  -16.194  -31.635 0.1428571492
92827  -40.648  -17.515  -31.709 0.1428571492
93894  -40.355  -15.575  -32.545 0.1428571492
95046  -39.924  -15.465  -33.367 0.1428571492
96178  -40.059  -14.399  -33.793 0.1428571492
95035  -40.401  -14.894  -31.824 0.1428571492
90672  -40.289  -18.717  -29.635 0.1428571492
91745  -38.963  -18.174  -29.035 0.1428571492
91744  -37.928  -18.414  -28.820 0.1428571492
91785  -40.435  -18.430  -30.941 0.1428571492
91769  -40.574  -18.138  -29.894 0.1428571492
93880  -40.484  -16.967  -32.238 0.1428571492
92816  -40.406  -17.084  -30.562 0.1428571492
93893  -40.260  -16.560  -32.907 0.1428571492
92798  -40.092  -17.204  -29.648 0.1428571492
93849  -40.033  -16.184  -29.859 0.1428571492
95004  -40.185  -15.139  -29.922 0.1428571492
97401  -38.601  -12.850  -35.880 0.1428571492
98550  -38.451  -12.141  -36.564 0.1428571492
97381  -39.955  -12.510  -34.191 0.1428571492
97354  -40.533  -12.745  -32.383 0.1428571492
99591  -36.785  -11.967  -30.205 0.1428571492
100725  -37.766  -10.716  -29.733 0.1428571492
95060  -39.408  -15.117  -34.310 0.1428571492
96195  -38.820  -14.564  -35.279 0.1428571492
98568  -37.847  -12.195  -37.145 0.1428571492
99678  -39.050  -11.111  -35.733 0.1428571492
98535  -40.146  -11.975  -34.042 0.1428571492
98552  -39.239  -11.936  -35.219 0.1428571492
99612  -40.425  -10.935  -31.678 0.1428571492
98517  -39.989  -11.431  -34.124 0.1428571492
116489  -27.834  3.571  -37.093 0.4285714328
122857  -31.457  11.277  -36.324 0.1428571492
122856  -30.351  11.254  -36.757 0.1428571492
91767  -35.616  -18.728  -29.893 0.1428571492
103898  -34.783  -7.549  -30.976 0.1428571492
98471  -40.003  -12.143  -30.762 0.1428571492
98489  -40.408  -11.934  -31.575 0.1428571492
100726  -38.818  -10.616  -29.711 0.1428571492
100727  -39.579  -10.460  -30.319 0.1428571492
96124  -37.545  -14.663  -29.616 0.1428571492
96127  -40.242  -14.111  -30.129 0.1428571492
92772  -35.995  -18.072  -29.582 0.1428571492
91743  -37.155  -18.592  -29.377 0.1428571492
92797  -39.264  -17.401  -29.309 0.1428571492
81143  -27.157  -27.584  -30.258 0.1428571492
81144  -27.948  -27.045  -30.237 0.1428571492
81142  -26.109  -27.399  -30.509 0.1428571492
82381  -26.709  -26.704  -30.751 0.1428571492
82383  -28.372  -26.408  -30.284 0.1428571492
82382  -27.529  -26.367  -30.611 0.1428571492
83682  -27.353  -25.532  -31.089 0.1428571492
84847  -27.857  -24.738  -31.244 0.1428571492
84846  -27.168  -24.446  -31.460 0.1428571492
86040  -26.975  -23.694  -31.845 0.1428571492
86041  -28.155  -23.614  -31.447 0.1428571492
86065  -27.933  -22.837  -32.186 0.1428571492
84845  -26.405  -23.960  -31.662 0.1428571492
86039  -26.562  -23.685  -31.943 0.1428571492
86064  -27.305  -23.047  -32.251 0.1428571492
87164  -26.797  -22.370  -32.832 0.1428571492
88415  -26.853  -21.861  -33.340 0.1428571492
88442  -28.064  -21.195  -33.445 0.1428571492
87190  -27.700  -21.767  -33.325 0.1428571492
89614  -27.791  -20.375  -33.630 0.2857142985
89615  -28.728  -20.460  -33.226 0.1428571492
90728  -28.462  -19.358  -33.823 0.1428571492
90727  -27.507  -19.611  -34.024 0.2857142985
92837  -29.380  -17.771  -33.845 0.2857142985
95056  -29.234  -15.476  -34.872 0.4285714328
108016  -28.544  -3.537  -35.657 0.2857142985
109039  -28.169  -2.566  -35.780 0.2857142985
113332  -26.740  0.602  -36.607 0.2857142985
114425  -26.910  2.137  -36.601 0.4285714328
91814  -29.287  -18.606  -33.636 0.1428571492
87163  -25.902  -22.475  -32.569 0.1428571492
88441  -27.160  -21.304  -33.566 0.1428571492
89613  -26.935  -20.328  -33.771 0.1428571492
90749  -27.874  -19.056  -34.353 0.2857142985
91813  -28.720  -18.646  -33.845 0.2857142985
91830  -28.345  -18.439  -34.178 0.2857142985
91831  -28.895  -18.219  -33.904 0.2857142985
108035  -27.896  -3.524  -36.172 0.2857142985
109038  -27.561  -2.540  -36.318 0.2857142985
111140  -26.575  -0.295  -36.619 0.2857142985
111139  -26.292  -0.685  -36.656 0.2857142985
92849  -28.822  -17.673  -34.160 0.2857142985
107000  -28.212  -4.516  -35.942 0.2857142985
106999  -27.571  -4.514  -36.512 0.2857142985
109037  -26.922  -2.543  -36.642 0.2857142985
110067  -26.619  -1.653  -36.605 0.2857142985
111127  -26.517  -1.065  -36.619 0.2857142985
112205  -27.323  0.360  -36.479 0.2857142985
110068  -27.197  -1.579  -36.396 0.2857142985
83661  -27.632  -25.850  -30.754 0.1428571492
111128  -26.850  -0.662  -36.602 0.2857142985
87189  -27.233  -22.009  -33.313 0.1428571492
82402  -27.022  -26.160  -30.909 0.1428571492
86063  -26.365  -23.387  -32.229 0.1428571492
112215  -26.775  0.024  -36.626 0.2857142985
93903  -28.962  -16.751  -34.529 0.4285714328
110066  -26.232  -1.926  -36.693 0.2857142985
98548  -29.597  -12.199  -35.612 0.2857142985
124834  -30.325  13.615  -39.738 0.1428571492
123849  -30.342  12.477  -37.946 0.1428571492
122870  -29.664  11.587  -37.315 0.1428571492
125758  -30.754  15.331  -40.851 0.1428571492
123848  -29.852  12.394  -37.541 0.1428571492
125730  -29.473  14.330  -37.846 0.1428571492
97397  -29.069  -13.047  -35.635 0.2857142985
98547  -29.079  -12.418  -35.936 0.2857142985
122871  -30.812  11.922  -37.273 0.1428571492
124835  -31.364  13.218  -39.753 0.1428571492
121907  -29.674  10.449  -37.042 0.1428571492
122869  -28.967  11.252  -37.567 0.1428571492
124823  -29.855  13.528  -38.409 0.1428571492
124814  -29.694  13.289  -37.289 0.1428571492
96191  -29.816  -14.497  -34.845 0.2857142985
125750  -29.936  14.781  -40.399 0.1428571492
123860  -30.883  13.092  -38.795 0.1428571492
123859  -30.192  13.093  -38.494 0.1428571492
126642  -29.530  15.883  -41.203 0.1428571492
123850  -31.271  12.427  -38.134 0.1428571492
106998  -26.997  -4.417  -37.015 0.1428571492
108034  -27.279  -3.493  -36.687 0.1428571492
110081  -26.312  -1.360  -36.654 0.1428571492
109018  -24.441  -1.931  -36.177 0.1428571492
111137  -25.198  -0.920  -36.423 0.1428571492
110080  -25.912  -1.597  -36.719 0.1428571492
111125  -24.924  -0.583  -36.204 0.1428571492
112203  -25.078  0.335  -36.181 0.1428571492
112202  -24.681  0.787  -36.007 0.2857142985
100814  -28.784  -10.100  -36.093 0.1428571492
104985  -27.610  -6.670  -36.490 0.1428571492
105988  -27.879  -5.561  -36.230 0.1428571492
108033  -26.542  -3.466  -37.056 0.1428571492
112214  -26.431  0.041  -36.625 0.1428571492
113322  -25.685  1.004  -36.400 0.1428571492
113321  -24.872  1.170  -35.987 0.2857142985
115465  -25.919  2.705  -36.095 0.2857142985
116447  -24.901  4.891  -34.363 0.2857142985
116446  -24.215  4.439  -33.757 0.2857142985
117340  -25.128  5.613  -33.772 0.2857142985
118200  -26.445  6.578  -30.278 0.1428571492
114423  -25.376  1.993  -35.709 0.2857142985
116481  -27.540  4.108  -36.886 0.2857142985
116479  -25.837  4.115  -35.596 0.2857142985
116466  -24.407  3.873  -34.509 0.2857142985
117376  -26.239  4.837  -35.441 0.2857142985
116467  -25.031  4.215  -34.859 0.2857142985
118236  -26.058  6.377  -33.628 0.1428571492
116430  -23.501  4.695  -32.535 0.2857142985
119103  -28.595  7.177  -32.831 0.1428571492
119987  -28.922  7.924  -32.382 0.1428571492
115429  -23.458  3.519  -33.730 0.1428571492
115446  -23.215  2.809  -34.052 0.1428571492
113320  -24.292  1.124  -35.877 0.2857142985
116431  -23.934  5.111  -33.128 0.2857142985
117331  -24.957  6.029  -32.610 0.1428571492
117330  -23.980  5.715  -32.762 0.2857142985
117320  -25.381  6.063  -31.583 0.1428571492
117308  -24.763  5.616  -31.005 0.1428571492
111117  -24.614  -0.684  -35.570 0.2857142985
115386  -23.071  4.245  -30.785 0.1428571492
117299  -25.824  6.264  -29.468 0.1428571492
116405  -24.322  5.362  -30.272 0.1428571492
111072  -23.001  -1.837  -33.538 0.1428571492
112152  -33.847  0.465  -31.905 0.1428571492
108980  -34.062  -2.343  -30.932 0.1428571492
103982  -28.148  -7.606  -36.395 0.1428571492
105987  -27.109  -5.616  -36.858 0.1428571492
111062  -33.546  -0.475  -31.273 0.1428571492
105986  -26.702  -5.006  -37.093 0.1428571492
108047  -26.187  -3.963  -37.259 0.1428571492
108046  -25.858  -3.454  -37.128 0.1428571492
108032  -26.191  -2.965  -37.075 0.1428571492
109035  -24.719  -2.513  -36.374 0.1428571492
111138  -25.664  -0.698  -36.603 0.1428571492
111118  -24.743  -0.431  -36.020 0.1428571492
113330  -25.894  0.412  -36.563 0.1428571492
112194  -24.706  0.387  -35.907 0.2857142985
114415  -24.643  2.537  -35.275 0.1428571492
115457  -25.404  3.179  -35.448 0.2857142985
115448  -24.639  3.298  -34.812 0.1428571492
116404  -23.245  4.367  -30.012 0.1428571492
115401  -23.058  4.019  -31.488 0.2857142985
116419  -23.609  5.073  -31.330 0.1428571492
117309  -25.011  6.064  -30.420 0.1428571492
118223  -26.356  6.733  -32.585 0.1428571492
117310  -25.652  6.373  -30.293 0.1428571492
118211  -26.241  6.629  -31.404 0.1428571492
110006  -33.645  -1.529  -30.867 0.1428571492
110005  -32.824  -1.483  -31.697 0.1428571492
116480  -26.829  4.123  -36.003 0.2857142985
117360  -25.517  5.002  -34.778 0.2857142985
117321  -25.685  6.096  -30.856 0.1428571492
115467  -27.285  3.061  -37.073 0.2857142985
102948  -27.940  -8.529  -36.749 0.1428571492
107967  -34.025  -4.059  -30.889 0.1428571492
115459  -26.824  3.544  -36.706 0.2857142985
113331  -26.219  0.548  -36.582 0.1428571492
113323  -26.508  1.261  -36.505 0.1428571492
109051  -25.529  -2.523  -36.716 0.1428571492
107011  -25.919  -4.500  -37.336 0.1428571492
110079  -25.300  -1.601  -36.557 0.1428571492
112195  -24.881  -0.044  -36.055 0.1428571492
112204  -25.612  0.128  -36.509 0.1428571492
114424  -26.220  1.964  -36.218 0.2857142985
114422  -24.420  1.784  -35.683 0.2857142985
115466  -26.526  2.833  -36.604 0.2857142985
117339  -24.268  5.306  -33.372 0.2857142985
116445  -23.204  3.937  -33.225 0.1428571492
118212  -27.320  7.143  -31.182 0.1428571492
115458  -26.192  3.443  -36.157 0.2857142985
115447  -23.964  3.318  -34.344 0.1428571492
117375  -25.630  4.580  -35.210 0.2857142985
118222  -25.633  6.455  -32.620 0.1428571492
117319  -24.380  5.692  -31.760 0.2857142985
114404  -24.086  2.826  -34.980 0.2857142985
90726  -26.702  -19.355  -34.148 0.1428571492
91829  -27.552  -18.450  -34.534 0.1428571492
92848  -28.121  -17.609  -34.534 0.1428571492
92836  -25.882  -17.997  -33.879 0.1428571492
92846  -26.286  -17.408  -34.519 0.1428571492
92859  -26.623  -16.855  -35.160 0.1428571492
92847  -27.261  -17.595  -34.887 0.1428571492
93916  -27.104  -16.433  -35.517 0.1428571492
93901  -27.276  -17.013  -35.228 0.1428571492
95068  -26.674  -15.383  -35.456 0.1428571492
93917  -27.914  -16.004  -35.540 0.1428571492
95055  -28.515  -16.076  -35.211 0.1428571492
95070  -28.433  -15.176  -35.608 0.1428571492
95069  -27.519  -15.309  -35.707 0.1428571492
96208  -28.678  -14.024  -35.832 0.1428571492
98565  -28.692  -12.103  -36.232 0.1428571492
99692  -29.004  -11.310  -36.100 0.1428571492
113314  -23.947  0.971  -35.571 0.1428571492
93890  -29.264  -17.270  -34.041 0.1428571492
90725  -25.789  -19.417  -33.826 0.1428571492
91812  -26.216  -18.518  -34.013 0.1428571492
115411  -22.864  3.605  -32.462 0.1428571492
95071  -29.139  -14.612  -35.330 0.1428571492
90747  -27.083  -18.899  -34.628 0.1428571492
91828  -26.835  -18.409  -34.550 0.1428571492
92845  -25.632  -16.993  -34.243 0.1428571492
92860  -26.887  -17.127  -35.188 0.1428571492
93902  -27.893  -16.813  -35.125 0.1428571492
93914  -25.595  -16.057  -34.808 0.1428571492
83639  -29.490  -26.207  -29.866 0.2857142985
89594  -31.060  -20.138  -31.957 0.4285714328
90748  -27.342  -19.126  -34.456 0.2857142985
91765  -34.382  -18.499  -30.493 0.1428571492
91780  -31.946  -18.589  -31.834 0.4285714328
91798  -32.054  -18.240  -31.940 0.1428571492
98486  -34.801  -12.210  -31.516 0.2857142985
98505  -34.810  -12.551  -31.525 0.2857142985
100723  -35.943  -10.337  -30.413 0.1428571492
107012  -26.450  -4.473  -37.243 0.1428571492
109036  -26.388  -2.523  -36.787 0.2857142985
109052  -26.019  -2.502  -36.883 0.1428571492
111077  -32.586  -0.812  -32.597 0.4285714328
111126  -25.291  -0.331  -36.405 0.1428571492
112213  -26.018  -0.024  -36.666 0.1428571492
116406  -24.675  5.997  -29.866 0.1428571492
116420  -24.268  5.456  -31.074 0.1428571492
117298  -25.095  6.218  -29.676 0.1428571492
117318  -23.837  5.554  -32.025 0.2857142985
117329  -23.650  5.370  -32.179 0.2857142985
117332  -27.815  6.380  -32.559 0.2857142985
117343  -27.859  6.180  -32.893 0.2857142985
117398  -27.749  6.564  -38.411 0.7142857313
118210  -25.875  6.578  -32.056 0.1428571492
118235  -25.380  6.252  -33.189 0.1428571492
118253  -26.177  6.196  -34.436 0.4285714328
118301  -27.649  7.225  -38.650 0.2857142985
118302  -27.873  7.316  -39.051 0.2857142985
120075  -27.922  8.500  -38.855 0.2857142985
120077  -28.322  8.434  -38.562 0.2857142985
121003  -27.972  9.030  -38.429 0.2857142985
121006  -29.479  9.775  -36.979 0.2857142985
121015  -28.137  8.872  -38.495 0.2857142985
121895  -28.714  11.014  -36.810 0.2857142985
121897  -31.293  10.803  -35.759 0.1428571492
123825  -30.295  12.419  -34.915 0.1428571492
