#!ascii label  , from subject 3350 vox2ras=TkReg
1022
114819  42.658  7.245  10.883 0.0000000000
110856  47.475  3.790  1.995 0.0000000000
117840  51.995  10.633  -0.044 0.0000000000
107782  45.499  0.444  -9.097 0.0000000000
108712  44.927  1.816  10.319 0.0000000000
116761  55.049  9.608  9.333 0.0000000000
110948  46.702  3.200  -5.543 0.0000000000
113911  43.872  6.684  0.413 0.0000000000
113820  52.025  6.866  8.120 0.0000000000
110799  47.830  3.953  8.412 0.0000000000
105322  44.713  -0.698  3.823 0.0000000000
118740  47.509  11.377  2.117 0.0000000000
114975  47.116  7.866  -3.383 0.0000000000
114934  51.058  7.676  0.369 0.0000000000
115986  48.413  8.323  -7.769 0.0000000000
115885  44.884  8.783  3.362 0.0000000000
115816  47.860  8.545  9.928 0.0000000000
113828  45.252  6.397  8.494 0.0000000000
107577  43.755  0.382  8.074 0.0000000000
116814  50.526  9.388  5.722 0.0000000000
118695  47.211  10.593  5.738 0.0000000000
118738  49.717  11.213  1.947 0.0000000000
115910  48.515  8.695  -0.037 0.0000000000
116888  49.261  10.017  -1.888 0.0000000000
113862  49.057  6.247  4.718 0.0000000000
114882  51.889  7.590  4.302 0.0000000000
112938  49.245  5.919  0.971 0.0000000000
109957  47.119  2.214  -9.960 0.0000000000
113014  48.028  5.592  -7.286 0.0000000000
110984  45.800  3.784  -10.092 0.0000000000
111996  46.010  4.975  -7.402 0.0000000000
108904  44.523  1.195  -7.285 0.0000000000
105453  44.281  -1.486  -5.493 0.0000000000
111828  40.230  4.932  10.128 0.0000000000
111837  42.919  4.467  8.946 0.0000000000
117770  53.843  10.294  4.512 0.0000000000
107696  45.460  1.128  -1.191 0.0000000000
111954  46.629  4.114  -2.318 0.0000000000
108891  45.855  1.192  -4.306 0.0000000000
107762  46.403  0.205  -6.849 0.0000000000
115777  53.344  8.167  12.995 0.0000000000
114799  50.657  8.005  11.722 0.0000000000
112882  50.345  5.282  8.405 0.0000000000
111869  46.589  4.410  5.649 0.0000000000
109761  46.603  2.584  9.075 0.0000000000
109782  44.961  2.873  6.059 0.0000000000
108791  45.301  1.517  2.238 0.0000000000
105350  45.523  -1.163  1.307 0.0000000000
112867  38.330  5.447  11.684 0.0000000000
120435  44.772  13.242  5.203 0.0000000000
119597  45.359  12.287  2.080 0.0000000000
115893  46.505  8.714  2.292 0.0000000000
113935  44.948  7.112  -1.125 0.0000000000
112988  44.562  5.911  -3.133 0.0000000000
114836  54.894  8.313  8.530 0.0000000000
115864  55.130  8.755  4.418 0.0000000000
116870  53.215  9.705  -0.107 0.0000000000
112974  48.184  6.025  -3.155 0.0000000000
114972  50.525  8.334  -3.378 0.0000000000
116909  50.734  10.015  -4.224 0.0000000000
115010  46.945  8.824  -5.886 0.0000000000
112998  45.589  5.971  -4.576 0.0000000000
116848  44.326  9.571  3.528 0.0000000000
117820  44.625  11.017  2.254 0.0000000000
115819  44.941  8.238  10.173 0.0000000000
114833  43.477  7.445  9.738 0.0000000000
117801  51.039  10.198  3.522 0.0000000000
118714  49.412  10.492  3.441 0.0000000000
118737  50.394  10.845  2.301 0.0000000000
117842  49.851  10.587  -0.192 0.0000000000
117850  50.543  11.199  -1.024 0.0000000000
111887  48.082  5.193  3.423 0.0000000000
112923  49.222  5.984  2.737 0.0000000000
111915  48.273  4.906  1.295 0.0000000000
108914  46.071  0.857  -10.313 0.0000000000
110989  46.641  3.352  -10.241 0.0000000000
109952  45.394  2.534  -9.875 0.0000000000
110976  45.160  3.146  -8.794 0.0000000000
107772  44.676  0.354  -8.173 0.0000000000
106618  44.578  -0.560  -6.847 0.0000000000
105487  45.155  -1.112  -8.368 0.0000000000
110794  41.403  3.756  9.450 0.0000000000
116779  53.166  9.738  7.270 0.0000000000
116795  54.571  9.677  6.171 0.0000000000
106564  45.722  -0.006  -1.974 0.0000000000
108867  45.683  1.652  -2.848 0.0000000000
107725  46.111  -0.008  -3.205 0.0000000000
105452  47.758  -0.803  -6.522 0.0000000000
106628  47.566  -0.807  -8.655 0.0000000000
106629  46.847  -0.392  -8.567 0.0000000000
113825  48.205  5.922  8.645 0.0000000000
113814  49.406  6.843  9.232 0.0000000000
111844  48.737  4.475  8.410 0.0000000000
111860  48.401  5.026  6.526 0.0000000000
111861  47.417  4.140  6.841 0.0000000000
110791  44.506  3.491  9.978 0.0000000000
111835  44.942  4.116  9.357 0.0000000000
109748  45.275  2.543  9.837 0.0000000000
106442  43.629  -0.077  5.367 0.0000000000
108749  44.178  1.783  6.676 0.0000000000
108769  44.025  1.399  4.896 0.0000000000
109802  44.752  2.219  4.355 0.0000000000
107625  45.076  0.292  3.060 0.0000000000
106493  45.238  -0.139  1.326 0.0000000000
105336  45.447  -1.360  2.370 0.0000000000
104228  48.097  -2.213  1.140 0.0000000000
118705  46.670  11.350  4.623 0.0000000000
119562  45.492  12.208  6.022 0.0000000000
118718  45.881  12.024  3.442 0.0000000000
119583  44.830  12.772  3.694 0.0000000000
119596  45.943  11.924  2.467 0.0000000000
116857  46.354  9.875  2.438 0.0000000000
116856  47.159  10.300  2.107 0.0000000000
114964  47.515  7.805  -2.058 0.0000000000
114950  47.365  7.456  -0.793 0.0000000000
114965  45.929  7.176  -1.533 0.0000000000
114978  43.897  7.332  -2.457 0.0000000000
114991  45.110  7.425  -3.598 0.0000000000
114812  53.398  7.485  10.837 0.0000000000
114811  54.677  7.530  10.729 0.0000000000
114823  53.797  7.477  9.640 0.0000000000
114909  51.103  7.453  2.466 0.0000000000
114881  52.997  8.515  3.941 0.0000000000
115892  52.608  8.767  2.004 0.0000000000
116854  54.536  9.803  2.131 0.0000000000
115908  52.075  8.532  0.300 0.0000000000
110920  47.000  3.993  -4.141 0.0000000000
112975  47.800  5.571  -2.583 0.0000000000
111978  47.259  4.774  -4.452 0.0000000000
113989  48.577  7.121  -8.023 0.0000000000
113971  49.382  7.347  -5.309 0.0000000000
115965  50.338  8.555  -6.452 0.0000000000
115955  51.410  9.207  -4.383 0.0000000000
116932  49.944  9.275  -6.627 0.0000000000
116918  49.402  9.512  -4.711 0.0000000000
115967  47.579  8.777  -6.411 0.0000000000
110949  45.359  3.907  -5.840 0.0000000000
113007  46.080  5.979  -5.545 0.0000000000
110937  45.299  3.971  -4.800 0.0000000000
110922  45.209  4.125  -3.969 0.0000000000
116750  55.241  9.892  11.231 0.0000000000
114898  44.198  8.012  3.307 0.0000000000
113884  44.507  7.252  2.253 0.0000000000
114802  47.443  7.882  12.204 0.0000000000
115809  46.281  8.263  11.019 0.0000000000
114830  46.301  7.795  9.248 0.0000000000
112886  46.795  5.253  8.488 0.0000000000
107576  44.480  0.813  8.713 0.0000000000
116816  48.706  9.690  5.755 0.0000000000
117804  48.486  10.409  4.046 0.0000000000
118739  48.552  11.268  1.760 0.0000000000
116863  48.392  9.730  1.108 0.0000000000
117830  48.964  10.565  0.823 0.0000000000
115921  48.831  8.997  -1.145 0.0000000000
115930  48.052  8.304  -2.898 0.0000000000
113839  50.440  6.470  6.745 0.0000000000
114859  51.721  7.266  6.752 0.0000000000
114884  50.240  6.938  4.210 0.0000000000
113882  50.367  6.903  2.913 0.0000000000
113908  49.927  6.370  0.489 0.0000000000
110966  46.808  3.110  -8.024 0.0000000000
111994  47.508  4.819  -6.721 0.0000000000
110973  47.259  3.927  -9.488 0.0000000000
112022  47.265  4.680  -9.528 0.0000000000
113995  47.204  6.428  -9.118 0.0000000000
113983  46.655  6.873  -7.695 0.0000000000
112007  45.934  4.765  -8.503 0.0000000000
110968  44.806  3.193  -7.806 0.0000000000
108892  44.331  1.053  -6.342 0.0000000000
104303  44.626  -2.515  -6.232 0.0000000000
113808  41.505  6.656  10.466 0.0000000000
113816  42.745  6.677  9.475 0.0000000000
111838  41.862  4.598  9.264 0.0000000000
110793  42.381  3.710  9.541 0.0000000000
110777  43.857  2.965  11.116 0.0000000000
116781  50.946  9.437  7.446 0.0000000000
116813  51.703  9.584  5.488 0.0000000000
117814  52.489  10.339  2.175 0.0000000000
109849  45.900  2.582  0.253 0.0000000000
111929  46.829  4.161  -0.382 0.0000000000
109874  45.828  2.631  -1.504 0.0000000000
109904  46.111  2.571  -2.902 0.0000000000
109929  46.451  2.412  -4.884 0.0000000000
106596  46.787  -0.638  -4.477 0.0000000000
107749  46.335  0.288  -5.339 0.0000000000
109944  46.651  2.137  -7.320 0.0000000000
108908  46.375  1.148  -7.965 0.0000000000
107780  46.455  0.282  -9.780 0.0000000000
106643  45.948  -0.451  -9.796 0.0000000000
105486  45.611  -1.373  -9.215 0.0000000000
114779  51.627  7.804  12.918 0.0000000000
114825  51.608  7.106  9.782 0.0000000000
115806  49.306  8.377  11.194 0.0000000000
114826  50.714  7.310  9.761 0.0000000000
113822  51.092  5.870  8.798 0.0000000000
112899  49.576  5.655  6.945 0.0000000000
112915  47.788  5.338  4.667 0.0000000000
110830  46.961  4.149  3.357 0.0000000000
112889  43.891  5.497  8.587 0.0000000000
111847  46.305  4.545  8.807 0.0000000000
110800  47.080  3.240  8.723 0.0000000000
108732  44.936  1.478  8.437 0.0000000000
109775  46.293  2.263  8.016 0.0000000000
110808  46.701  3.417  7.236 0.0000000000
111870  45.868  4.041  5.582 0.0000000000
110832  45.788  3.066  3.801 0.0000000000
109813  46.208  2.881  2.547 0.0000000000
108804  45.376  1.514  1.425 0.0000000000
105387  45.527  -0.215  -0.169 0.0000000000
105385  46.723  -1.371  -0.562 0.0000000000
104217  46.393  -2.097  1.685 0.0000000000
105364  47.076  -1.757  0.357 0.0000000000
113803  40.303  6.470  11.521 0.0000000000
112872  39.008  5.188  10.924 0.0000000000
110778  37.020  3.394  11.229 0.0000000000
122190  46.458  14.826  6.339 0.0000000000
122218  44.339  14.968  4.053 0.0000000000
117819  45.476  10.876  2.225 0.0000000000
115894  45.676  8.870  2.764 0.0000000000
113897  45.619  7.111  1.226 0.0000000000
115902  47.983  8.610  0.960 0.0000000000
114937  46.633  7.397  0.762 0.0000000000
113923  44.322  6.916  -0.639 0.0000000000
115822  55.890  9.145  8.972 0.0000000000
114847  53.627  8.212  6.884 0.0000000000
115841  54.494  8.566  6.103 0.0000000000
115852  55.261  9.193  5.749 0.0000000000
117782  55.050  10.214  3.573 0.0000000000
117813  53.936  10.360  1.873 0.0000000000
117839  53.128  10.677  0.078 0.0000000000
112956  47.917  5.277  -0.405 0.0000000000
112964  48.473  5.899  -1.353 0.0000000000
113932  49.502  6.751  -1.205 0.0000000000
113973  47.918  6.112  -5.358 0.0000000000
114988  49.038  7.299  -3.619 0.0000000000
114961  50.684  8.196  -2.157 0.0000000000
115926  51.726  8.910  -1.896 0.0000000000
116886  52.439  10.333  -1.732 0.0000000000
118763  51.677  11.434  -2.020 0.0000000000
117870  50.369  10.400  -2.767 0.0000000000
115949  48.879  8.932  -4.249 0.0000000000
114989  47.030  7.905  -4.502 0.0000000000
113974  46.415  7.128  -6.704 0.0000000000
115012  45.689  7.799  -5.297 0.0000000000
115003  45.490  7.556  -4.540 0.0000000000
112987  45.211  5.960  -3.717 0.0000000000
105454  43.826  -1.091  -4.743 0.0000000000
117821  44.067  10.877  2.833 0.0000000000
118732  43.914  11.697  2.246 0.0000000000
114805  43.039  7.628  11.479 0.0000000000
114818  43.319  7.605  10.713 0.0000000000
114834  42.774  7.364  10.151 0.0000000000
117815  51.134  10.474  2.654 0.0000000000
117828  51.089  10.587  1.310 0.0000000000
117841  50.812  11.160  -0.055 0.0000000000
118749  51.542  11.187  -0.630 0.0000000000
111898  47.783  4.424  2.504 0.0000000000
111905  48.414  4.782  2.042 0.0000000000
111906  47.858  4.431  1.656 0.0000000000
108915  45.447  1.299  -9.738 0.0000000000
108909  44.845  1.281  -8.466 0.0000000000
106644  45.286  -0.433  -8.731 0.0000000000
106630  44.647  -0.519  -7.878 0.0000000000
116756  54.364  9.757  10.131 0.0000000000
116762  54.077  9.646  9.208 0.0000000000
116778  54.254  9.774  7.249 0.0000000000
116768  54.692  9.593  8.307 0.0000000000
106563  46.184  -0.554  -2.311 0.0000000000
106580  46.598  -0.917  -3.293 0.0000000000
106615  48.489  -0.764  -7.098 0.0000000000
106627  48.722  -0.567  -8.434 0.0000000000
105473  47.936  -1.047  -8.977 0.0000000000
113924  43.327  7.165  -0.376 0.0000000000
112885  47.763  5.104  8.540 0.0000000000
112884  48.637  5.086  8.691 0.0000000000
111854  48.461  4.261  7.745 0.0000000000
110802  48.217  4.065  8.247 0.0000000000
109749  44.973  2.773  10.416 0.0000000000
109763  45.254  2.968  9.868 0.0000000000
108711  45.157  2.305  10.068 0.0000000000
106441  44.121  -0.651  4.931 0.0000000000
107599  43.639  0.945  5.390 0.0000000000
107610  44.166  0.634  4.323 0.0000000000
107626  44.553  0.922  3.703 0.0000000000
106467  44.583  0.032  3.713 0.0000000000
106466  45.028  -0.630  3.092 0.0000000000
118717  46.691  11.701  3.405 0.0000000000
118706  45.836  11.809  4.269 0.0000000000
119588  46.152  11.931  2.886 0.0000000000
118729  46.750  11.513  2.470 0.0000000000
117817  47.181  10.894  1.984 0.0000000000
117832  47.180  11.184  2.110 0.0000000000
114976  46.020  7.697  -2.885 0.0000000000
114977  44.908  7.423  -2.600 0.0000000000
114824  52.615  7.263  9.831 0.0000000000
114838  52.658  7.224  8.729 0.0000000000
114923  51.117  7.452  1.424 0.0000000000
114908  51.688  8.215  1.852 0.0000000000
114922  51.673  8.029  0.930 0.0000000000
115900  52.399  8.591  1.141 0.0000000000
114933  51.528  8.132  0.443 0.0000000000
110935  47.166  3.940  -5.030 0.0000000000
115025  48.692  7.779  -8.157 0.0000000000
115018  49.133  7.679  -7.647 0.0000000000
115024  49.582  8.089  -7.726 0.0000000000
115975  50.451  8.934  -6.502 0.0000000000
116933  49.406  9.372  -6.263 0.0000000000
115978  47.881  8.396  -7.205 0.0000000000
110950  44.661  3.120  -5.446 0.0000000000
109918  44.151  2.239  -4.946 0.0000000000
110938  44.757  3.216  -4.380 0.0000000000
115886  43.717  8.590  3.617 0.0000000000
114912  44.590  7.813  2.727 0.0000000000
115895  45.098  8.392  2.828 0.0000000000
115801  45.722  7.987  11.844 0.0000000000
114831  45.312  7.841  9.359 0.0000000000
114843  45.774  7.202  8.618 0.0000000000
114842  46.815  7.064  8.547 0.0000000000
113827  46.283  6.266  8.389 0.0000000000
115843  49.959  9.081  6.284 0.0000000000
116801  48.440  9.759  6.768 0.0000000000
116833  49.266  9.725  5.239 0.0000000000
118726  49.751  10.904  2.914 0.0000000000
117803  49.134  10.213  3.871 0.0000000000
118727  48.710  11.283  2.675 0.0000000000
117851  49.918  10.675  -1.396 0.0000000000
116880  49.353  9.909  -0.925 0.0000000000
115920  49.059  9.621  -1.414 0.0000000000
115929  48.495  8.924  -2.105 0.0000000000
116889  48.876  9.520  -2.016 0.0000000000
113851  50.101  6.535  5.876 0.0000000000
113850  50.692  6.746  5.931 0.0000000000
113861  49.980  6.522  4.883 0.0000000000
112931  49.304  5.871  1.903 0.0000000000
113883  49.851  6.367  2.416 0.0000000000
113895  49.950  6.287  1.439 0.0000000000
113894  50.583  6.753  1.936 0.0000000000
109950  46.689  2.141  -8.776 0.0000000000
110974  46.892  3.118  -9.225 0.0000000000
110990  46.218  3.384  -10.303 0.0000000000
112030  46.937  4.201  -9.960 0.0000000000
112023  46.815  4.725  -9.638 0.0000000000
113998  47.220  5.971  -9.319 0.0000000000
112014  46.653  5.237  -9.391 0.0000000000
113031  46.240  5.303  -8.731 0.0000000000
112015  46.271  4.650  -9.352 0.0000000000
109940  44.628  2.193  -7.500 0.0000000000
110959  44.629  3.165  -6.616 0.0000000000
107763  44.566  0.305  -7.095 0.0000000000
105476  44.922  -1.472  -7.599 0.0000000000
105464  44.616  -1.489  -6.524 0.0000000000
112879  40.635  5.627  10.023 0.0000000000
112878  41.401  5.533  9.513 0.0000000000
111839  40.837  4.638  9.560 0.0000000000
109765  41.903  3.061  9.767 0.0000000000
109764  42.441  3.150  9.882 0.0000000000
110783  43.580  3.134  10.428 0.0000000000
109750  43.377  2.532  10.973 0.0000000000
116796  53.648  9.737  6.189 0.0000000000
116797  52.505  9.608  6.320 0.0000000000
116812  52.924  9.974  5.141 0.0000000000
117786  52.543  9.869  4.154 0.0000000000
117785  53.248  10.202  4.216 0.0000000000
108830  45.693  2.082  -0.242 0.0000000000
109861  45.889  2.667  -0.633 0.0000000000
108843  45.679  1.941  -0.970 0.0000000000
108879  45.799  1.350  -3.663 0.0000000000
108878  46.073  1.833  -4.248 0.0000000000
109917  46.238  2.637  -3.950 0.0000000000
108890  46.001  1.427  -5.147 0.0000000000
106595  47.518  -0.965  -4.725 0.0000000000
106617  46.862  -0.420  -7.157 0.0000000000
106606  46.814  -0.508  -5.765 0.0000000000
108903  46.334  1.225  -6.435 0.0000000000
107771  46.375  0.167  -8.418 0.0000000000
106642  46.686  -0.257  -9.960 0.0000000000
107781  45.896  0.322  -10.176 0.0000000000
106656  46.519  -0.681  -10.332 0.0000000000
105496  46.412  -1.375  -10.187 0.0000000000
114781  50.242  7.099  13.132 0.0000000000
114767  50.852  7.715  13.308 0.0000000000
114780  50.642  7.653  12.755 0.0000000000
114798  51.523  7.928  11.864 0.0000000000
114814  51.225  7.755  10.721 0.0000000000
115808  47.267  8.465  10.965 0.0000000000
115807  48.255  8.571  11.022 0.0000000000
115815  48.949  8.438  10.071 0.0000000000
113823  49.759  5.738  8.841 0.0000000000
113813  50.065  6.340  9.232 0.0000000000
112875  50.548  5.796  8.939 0.0000000000
113812  50.944  6.425  9.244 0.0000000000
112893  50.359  5.585  7.527 0.0000000000
111852  49.922  5.119  7.573 0.0000000000
111868  47.483  4.919  5.491 0.0000000000
111867  48.052  5.236  5.727 0.0000000000
111876  47.296  4.945  4.526 0.0000000000
111877  46.731  4.478  4.423 0.0000000000
112890  43.158  5.266  8.593 0.0000000000
113830  43.233  6.091  8.670 0.0000000000
111850  43.652  4.815  8.740 0.0000000000
110790  45.511  3.394  9.588 0.0000000000
111848  45.374  4.781  9.046 0.0000000000
111834  45.865  3.929  9.165 0.0000000000
111833  46.605  3.716  8.833 0.0000000000
107586  44.205  1.040  8.019 0.0000000000
109783  44.273  2.275  6.222 0.0000000000
109777  44.532  2.056  6.921 0.0000000000
109776  45.220  2.476  7.224 0.0000000000
110805  46.253  2.804  7.469 0.0000000000
110809  45.825  3.233  6.642 0.0000000000
110811  45.410  3.493  5.683 0.0000000000
109815  45.006  2.136  3.623 0.0000000000
109801  45.335  2.707  4.063 0.0000000000
109814  45.639  2.432  3.113 0.0000000000
109827  45.747  2.279  2.041 0.0000000000
109838  45.752  2.402  1.136 0.0000000000
108792  45.174  1.314  1.830 0.0000000000
106510  45.338  0.193  0.499 0.0000000000
105366  45.558  -0.630  0.438 0.0000000000
105386  45.958  -0.781  -0.524 0.0000000000
105365  46.085  -1.370  0.300 0.0000000000
104202  46.367  -2.199  2.532 0.0000000000
104229  47.550  -2.069  0.914 0.0000000000
105363  48.282  -1.782  0.365 0.0000000000
114808  40.354  6.781  12.031 0.0000000000
112866  39.338  5.747  11.469 0.0000000000
112873  38.557  4.934  11.088 0.0000000000
111830  38.661  4.407  10.646 0.0000000000
111823  38.238  4.655  11.110 0.0000000000
120423  45.275  13.113  5.865 0.0000000000
120422  45.797  13.022  6.516 0.0000000000
121340  45.337  14.625  5.655 0.0000000000
122204  45.922  15.181  5.710 0.0000000000
122205  45.207  14.863  5.289 0.0000000000
122217  45.061  15.285  4.494 0.0000000000
121341  44.691  14.256  5.080 0.0000000000
119590  44.804  12.808  2.779 0.0000000000
119604  44.861  12.298  1.676 0.0000000000
117834  44.978  11.397  1.752 0.0000000000
118742  45.226  11.699  1.733 0.0000000000
114910  45.908  8.099  2.321 0.0000000000
114925  46.419  7.696  1.676 0.0000000000
115901  48.490  9.155  0.634 0.0000000000
114951  46.533  7.054  -0.197 0.0000000000
113922  45.459  6.885  -0.440 0.0000000000
113909  45.951  6.897  0.506 0.0000000000
114952  44.092  7.301  -1.329 0.0000000000
113936  44.475  7.199  -1.223 0.0000000000
113945  44.082  6.673  -2.828 0.0000000000
115759  53.928  8.739  13.372 0.0000000000
114795  55.155  7.906  11.778 0.0000000000
114821  55.779  8.664  9.880 0.0000000000
115813  56.126  9.036  9.984 0.0000000000
115823  55.428  8.718  8.512 0.0000000000
114872  51.546  7.411  5.609 0.0000000000
114858  52.635  7.738  6.263 0.0000000000
114871  52.779  7.850  5.063 0.0000000000
114880  53.766  8.547  4.101 0.0000000000
115854  54.579  8.347  5.017 0.0000000000
115853  55.109  8.745  5.392 0.0000000000
115840  55.109  8.839  6.464 0.0000000000
115863  55.235  9.231  4.737 0.0000000000
116809  55.038  9.572  4.991 0.0000000000
115877  55.348  9.301  3.993 0.0000000000
116855  53.905  9.842  1.321 0.0000000000
117825  53.666  10.116  0.304 0.0000000000
117826  53.544  10.241  0.668 0.0000000000
117838  53.535  10.320  0.062 0.0000000000
111941  46.607  4.242  -1.362 0.0000000000
111928  47.475  4.682  -0.032 0.0000000000
111940  47.272  4.856  -0.940 0.0000000000
112965  48.013  5.486  -1.484 0.0000000000
113934  48.337  6.043  -1.735 0.0000000000
113933  48.841  6.313  -1.443 0.0000000000
113943  48.575  6.411  -2.429 0.0000000000
113005  47.871  5.706  -6.061 0.0000000000
113004  48.342  6.311  -6.782 0.0000000000
114999  49.957  7.811  -4.847 0.0000000000
113961  49.372  7.388  -4.738 0.0000000000
114987  49.701  7.988  -3.883 0.0000000000
114973  49.642  7.329  -2.756 0.0000000000
114946  51.280  8.365  -1.529 0.0000000000
115935  51.208  8.782  -3.068 0.0000000000
116908  51.269  9.612  -4.292 0.0000000000
115934  51.407  9.304  -2.674 0.0000000000
116897  51.092  9.908  -3.056 0.0000000000
117867  52.371  11.000  -2.275 0.0000000000
117868  51.965  10.794  -2.747 0.0000000000
118772  51.284  11.236  -2.546 0.0000000000
116898  50.528  10.092  -3.231 0.0000000000
115957  48.593  9.174  -5.176 0.0000000000
116911  49.431  9.397  -4.193 0.0000000000
115950  47.836  8.557  -4.820 0.0000000000
115938  47.968  8.403  -3.828 0.0000000000
115001  46.898  8.428  -5.369 0.0000000000
113015  46.417  6.047  -7.207 0.0000000000
115019  46.821  7.747  -7.168 0.0000000000
111979  45.696  4.908  -5.155 0.0000000000
113964  45.605  6.972  -4.968 0.0000000000
113954  45.215  6.848  -4.148 0.0000000000
109906  44.351  2.299  -3.809 0.0000000000
110923  44.796  3.757  -3.308 0.0000000000
105444  44.118  -1.809  -4.811 0.0000000000
117807  43.829  10.277  3.650 0.0000000000
117806  44.470  10.366  2.951 0.0000000000
115802  44.982  7.749  11.589 0.0000000000
114817  44.048  7.785  10.482 0.0000000000
114832  44.411  7.738  9.672 0.0000000000
114844  44.776  7.260  8.797 0.0000000000
116845  50.941  9.767  4.074 0.0000000000
116832  49.856  9.679  4.781 0.0000000000
117816  50.447  10.513  3.111 0.0000000000
117829  49.798  10.814  0.943 0.0000000000
112914  48.457  5.751  4.359 0.0000000000
113871  48.999  5.965  4.032 0.0000000000
112924  48.648  5.672  3.398 0.0000000000
112932  48.741  5.456  2.398 0.0000000000
112939  48.755  5.372  1.504 0.0000000000
108923  46.199  1.559  -10.628 0.0000000000
109963  46.690  2.442  -10.435 0.0000000000
108932  45.992  1.780  -10.892 0.0000000000
109958  45.874  2.877  -10.253 0.0000000000
109951  45.636  3.235  -9.912 0.0000000000
110975  45.537  3.773  -9.330 0.0000000000
109945  44.922  2.274  -8.741 0.0000000000
111840  40.191  4.267  9.876 0.0000000000
110795  40.562  3.691  9.604 0.0000000000
116770  52.556  9.387  8.251 0.0000000000
116811  54.058  9.860  5.004 0.0000000000
106546  45.594  0.282  -1.324 0.0000000000
108856  45.482  1.857  -1.930 0.0000000000
107712  45.597  0.819  -2.143 0.0000000000
107726  45.676  0.738  -3.083 0.0000000000
107739  45.948  0.650  -3.830 0.0000000000
106605  47.612  -0.780  -6.037 0.0000000000
105463  47.999  -0.832  -6.675 0.0000000000
106616  47.536  -0.725  -7.228 0.0000000000
106641  47.283  -0.690  -9.705 0.0000000000
115797  49.447  7.995  12.372 0.0000000000
114841  47.805  6.823  8.689 0.0000000000
114828  48.605  7.393  9.217 0.0000000000
114840  48.450  6.554  8.804 0.0000000000
113824  49.139  6.120  8.778 0.0000000000
112883  49.512  5.154  8.653 0.0000000000
111853  49.377  4.972  7.415 0.0000000000
111843  49.472  4.726  8.132 0.0000000000
111836  43.964  4.197  9.209 0.0000000000
109762  45.854  2.554  9.395 0.0000000000
106431  43.266  -0.048  6.336 0.0000000000
107587  43.518  0.816  7.224 0.0000000000
107593  43.491  0.802  6.186 0.0000000000
108750  43.677  1.663  6.047 0.0000000000
109791  44.174  2.025  5.509 0.0000000000
109789  45.111  2.851  4.994 0.0000000000
108768  44.284  1.512  4.605 0.0000000000
108781  44.662  1.656  3.823 0.0000000000
108780  45.142  1.345  3.134 0.0000000000
107639  45.033  1.085  1.830 0.0000000000
107638  45.072  0.621  2.175 0.0000000000
106480  45.247  -0.424  2.241 0.0000000000
104201  47.320  -2.372  2.714 0.0000000000
105347  48.805  -1.968  1.035 0.0000000000
118704  47.403  10.876  5.131 0.0000000000
118686  45.942  11.548  6.201 0.0000000000
118697  45.792  11.558  5.334 0.0000000000
119573  45.252  12.386  5.042 0.0000000000
119574  44.867  12.770  4.493 0.0000000000
120436  44.541  13.355  4.438 0.0000000000
119582  45.336  12.349  3.973 0.0000000000
119589  45.493  12.326  2.953 0.0000000000
118730  45.885  11.594  2.200 0.0000000000
117818  46.573  10.949  2.206 0.0000000000
116865  47.036  9.411  2.144 0.0000000000
114949  48.177  8.120  -0.985 0.0000000000
114935  48.039  7.885  -0.220 0.0000000000
114966  44.531  7.344  -1.760 0.0000000000
114992  44.440  7.184  -3.047 0.0000000000
113955  44.644  6.748  -3.476 0.0000000000
114797  52.786  8.068  12.075 0.0000000000
115795  53.751  8.016  12.365 0.0000000000
114837  54.072  7.905  8.246 0.0000000000
114895  52.064  8.207  3.021 0.0000000000
114894  52.927  8.502  3.134 0.0000000000
115880  53.602  8.841  2.994 0.0000000000
115890  54.202  9.343  2.535 0.0000000000
115891  53.685  9.228  2.050 0.0000000000
115899  53.153  9.309  1.263 0.0000000000
115917  52.569  9.206  -0.222 0.0000000000
111966  46.518  3.970  -2.926 0.0000000000
111953  47.254  4.787  -1.998 0.0000000000
111965  46.988  4.606  -3.227 0.0000000000
112986  47.698  5.698  -3.811 0.0000000000
113013  48.434  6.359  -7.732 0.0000000000
113982  48.738  7.215  -7.036 0.0000000000
115009  50.034  8.034  -5.910 0.0000000000
114998  50.561  8.503  -5.356 0.0000000000
115947  51.320  8.764  -4.040 0.0000000000
115956  51.121  8.984  -4.909 0.0000000000
116916  50.794  9.442  -5.160 0.0000000000
116917  50.110  9.849  -4.992 0.0000000000
116925  50.081  9.490  -5.848 0.0000000000
115966  48.558  9.238  -6.038 0.0000000000
110958  45.355  3.980  -6.981 0.0000000000
111986  45.777  4.893  -6.210 0.0000000000
111967  45.463  4.970  -4.215 0.0000000000
116755  55.188  9.675  10.296 0.0000000000
116849  43.676  9.384  3.813 0.0000000000
113898  44.602  6.914  1.570 0.0000000000
115800  46.867  7.976  12.015 0.0000000000
115817  46.783  8.355  10.036 0.0000000000
115810  45.361  8.201  10.970 0.0000000000
114829  47.354  7.674  9.263 0.0000000000
113826  47.287  6.071  8.451 0.0000000000
107568  44.485  0.868  9.616 0.0000000000
107569  43.864  0.260  8.930 0.0000000000
106420  43.260  -0.279  7.260 0.0000000000
105284  43.344  -0.944  6.330 0.0000000000
105296  43.945  -1.142  5.366 0.0000000000
105308  44.508  -1.146  4.394 0.0000000000
105321  45.137  -1.480  3.386 0.0000000000
116802  47.983  9.925  6.399 0.0000000000
117773  47.795  10.145  5.779 0.0000000000
117787  49.447  9.950  4.246 0.0000000000
117789  48.134  10.503  4.800 0.0000000000
118716  47.760  10.997  3.767 0.0000000000
118728  47.652  11.479  2.632 0.0000000000
116872  48.972  9.635  0.379 0.0000000000
117843  49.446  10.157  0.296 0.0000000000
116871  49.456  9.883  -0.120 0.0000000000
116881  49.056  9.407  -0.352 0.0000000000
114963  48.221  8.479  -1.574 0.0000000000
114850  51.241  6.669  7.537 0.0000000000
113832  51.911  6.888  7.791 0.0000000000
113838  51.044  7.011  6.339 0.0000000000
113849  51.058  6.989  5.840 0.0000000000
114883  50.776  7.113  4.658 0.0000000000
113870  49.606  6.575  3.637 0.0000000000
114897  50.305  7.043  3.812 0.0000000000
114896  50.902  7.263  3.632 0.0000000000
113907  50.563  6.841  0.953 0.0000000000
113919  50.467  6.950  0.092 0.0000000000
110957  46.751  3.136  -6.734 0.0000000000
110947  47.056  4.000  -6.148 0.0000000000
110956  47.234  3.954  -7.356 0.0000000000
110965  47.296  3.962  -8.561 0.0000000000
112013  47.756  4.781  -8.978 0.0000000000
110983  47.037  3.137  -10.028 0.0000000000
113024  48.066  5.642  -8.361 0.0000000000
113029  47.795  5.836  -9.103 0.0000000000
113994  47.844  6.684  -9.096 0.0000000000
115033  47.608  7.196  -8.811 0.0000000000
115027  47.319  7.475  -8.065 0.0000000000
113990  46.802  6.659  -8.589 0.0000000000
113025  46.303  5.918  -8.246 0.0000000000
110967  45.428  3.972  -8.136 0.0000000000
109930  44.364  2.014  -6.160 0.0000000000
108893  44.024  1.042  -5.635 0.0000000000
106607  44.259  -0.524  -5.883 0.0000000000
104295  44.320  -2.682  -5.378 0.0000000000
113807  42.238  6.902  10.288 0.0000000000
113817  41.829  6.355  9.681 0.0000000000
112877  42.380  5.576  9.005 0.0000000000
110792  43.361  3.701  9.648 0.0000000000
110782  44.299  3.110  10.839 0.0000000000
116782  49.975  9.443  7.486 0.0000000000
116799  50.369  9.264  6.613 0.0000000000
116780  52.015  9.535  7.340 0.0000000000
116798  51.355  9.433  6.490 0.0000000000
116831  50.880  9.730  4.821 0.0000000000
116844  51.520  9.795  3.835 0.0000000000
117800  52.202  10.034  3.480 0.0000000000
110857  46.721  3.623  1.314 0.0000000000
111917  47.043  4.190  0.562 0.0000000000
110867  46.525  3.456  0.245 0.0000000000
110878  46.192  3.439  -0.795 0.0000000000
110891  46.306  3.463  -1.752 0.0000000000
110906  46.376  3.421  -2.588 0.0000000000
110921  46.518  3.521  -3.485 0.0000000000
110936  46.688  3.286  -4.509 0.0000000000
107738  46.315  -0.017  -4.118 0.0000000000
107750  45.985  0.684  -4.566 0.0000000000
109939  46.471  2.258  -6.003 0.0000000000
108913  46.491  1.230  -9.730 0.0000000000
104337  46.163  -1.995  -9.535 0.0000000000
114778  52.363  8.090  13.276 0.0000000000
114813  52.211  7.539  10.860 0.0000000000
114839  51.922  7.047  9.148 0.0000000000
114800  48.232  7.660  12.783 0.0000000000
115798  48.501  7.982  12.154 0.0000000000
115805  49.986  8.170  11.712 0.0000000000
114816  49.602  8.253  10.312 0.0000000000
114815  50.271  8.155  10.623 0.0000000000
113811  51.445  6.518  9.102 0.0000000000
113821  51.631  6.501  8.571 0.0000000000
112892  51.030  5.903  7.752 0.0000000000
112898  50.100  5.878  6.852 0.0000000000
113852  49.190  6.521  5.876 0.0000000000
111859  49.051  5.368  6.868 0.0000000000
112900  48.812  5.956  6.524 0.0000000000
112925  48.040  5.379  3.862 0.0000000000
111888  47.473  4.724  3.594 0.0000000000
110844  47.200  3.948  2.874 0.0000000000
113815  43.526  6.771  9.102 0.0000000000
113829  44.180  6.443  8.617 0.0000000000
111849  44.438  4.823  8.920 0.0000000000
112888  44.813  5.565  8.660 0.0000000000
112887  45.798  5.464  8.617 0.0000000000
111846  47.284  4.232  8.582 0.0000000000
108724  45.051  1.448  9.284 0.0000000000
108731  45.811  1.891  8.905 0.0000000000
108741  44.491  1.625  7.450 0.0000000000
108740  45.603  1.861  8.097 0.0000000000
109772  46.597  2.409  8.702 0.0000000000
110804  46.824  3.081  8.134 0.0000000000
110803  47.713  3.675  8.168 0.0000000000
110807  47.368  3.544  7.654 0.0000000000
111862  46.370  3.839  6.373 0.0000000000
110820  45.692  3.578  4.570 0.0000000000
110819  46.253  3.955  4.336 0.0000000000
110831  46.417  3.601  3.483 0.0000000000
110845  46.802  3.357  2.343 0.0000000000
109826  46.261  2.899  1.717 0.0000000000
108818  45.543  1.845  0.461 0.0000000000
107681  45.462  1.414  -0.316 0.0000000000
107652  45.232  0.757  1.338 0.0000000000
107667  45.322  1.025  0.497 0.0000000000
106528  45.430  0.501  -0.406 0.0000000000
106527  45.640  -0.166  -0.777 0.0000000000
106545  45.880  -0.424  -1.404 0.0000000000
105405  46.484  -0.961  -1.412 0.0000000000
104203  45.859  -1.979  2.186 0.0000000000
105349  46.308  -1.695  1.079 0.0000000000
104216  47.302  -2.302  1.692 0.0000000000
105348  46.947  -1.976  1.148 0.0000000000
105404  47.238  -1.354  -1.417 0.0000000000
113801  42.096  6.855  11.102 0.0000000000
113802  41.320  6.806  11.462 0.0000000000
113809  40.697  6.380  10.608 0.0000000000
112871  39.899  5.667  10.764 0.0000000000
113804  39.712  6.248  11.831 0.0000000000
111829  39.559  4.527  10.353 0.0000000000
111824  37.587  4.373  11.284 0.0000000000
110787  37.700  3.455  10.797 0.0000000000
109756  38.099  2.869  10.662 0.0000000000
122226  44.185  15.242  3.173 0.0000000000
121342  44.383  13.845  4.266 0.0000000000
121351  44.200  14.311  3.745 0.0000000000
121358  44.028  14.290  2.274 0.0000000000
118731  44.574  11.531  1.884 0.0000000000
117805  44.898  10.511  2.525 0.0000000000
116847  45.093  9.962  3.074 0.0000000000
116858  45.658  9.824  2.783 0.0000000000
115884  45.404  9.375  3.125 0.0000000000
114911  45.260  8.030  2.467 0.0000000000
114927  44.887  7.479  2.197 0.0000000000
117831  47.796  10.772  1.659 0.0000000000
116864  47.618  9.599  1.642 0.0000000000
115903  47.188  8.617  1.721 0.0000000000
114936  47.487  7.660  0.327 0.0000000000
114924  47.221  7.903  1.172 0.0000000000
113896  46.177  7.220  1.068 0.0000000000
113910  44.978  6.816  0.435 0.0000000000
114953  43.510  7.282  -1.130 0.0000000000
114776  54.796  8.125  12.258 0.0000000000
115804  55.916  9.101  10.948 0.0000000000
116760  55.731  9.390  9.596 0.0000000000
116767  55.412  9.349  8.587 0.0000000000
114848  52.573  7.309  7.532 0.0000000000
114857  53.641  8.234  5.670 0.0000000000
115830  54.652  8.480  7.220 0.0000000000
115829  55.223  8.794  7.497 0.0000000000
115828  55.411  9.167  7.965 0.0000000000
116777  55.050  9.500  7.302 0.0000000000
116794  55.040  9.489  6.044 0.0000000000
116810  54.723  9.716  5.168 0.0000000000
116828  54.566  10.083  4.634 0.0000000000
117811  54.866  10.006  2.662 0.0000000000
117798  54.473  10.382  3.024 0.0000000000
117784  54.286  10.496  4.091 0.0000000000
117799  53.542  10.514  3.106 0.0000000000
117827  52.789  10.508  0.947 0.0000000000
111916  47.695  4.760  0.808 0.0000000000
112947  47.837  5.088  0.225 0.0000000000
112946  48.450  5.405  0.467 0.0000000000
112945  49.292  5.967  0.020 0.0000000000
112954  49.224  6.218  -0.484 0.0000000000
113920  49.804  6.636  -0.471 0.0000000000
114948  50.007  7.056  -1.027 0.0000000000
111985  47.376  4.802  -5.553 0.0000000000
112997  47.627  5.581  -4.973 0.0000000000
113953  48.215  6.313  -3.977 0.0000000000
113972  48.510  6.701  -5.734 0.0000000000
113962  48.769  6.937  -4.466 0.0000000000
113952  48.520  6.573  -3.440 0.0000000000
114962  49.984  7.276  -1.633 0.0000000000
114947  50.753  7.590  -0.833 0.0000000000
115919  51.254  8.049  -0.282 0.0000000000
115918  51.869  8.615  -0.796 0.0000000000
116879  52.184  9.298  -1.490 0.0000000000
116878  52.730  9.880  -1.014 0.0000000000
117848  52.697  10.605  -0.701 0.0000000000
118755  52.337  11.062  -1.254 0.0000000000
118757  51.108  11.460  -1.585 0.0000000000
117858  50.536  11.268  -1.953 0.0000000000
117859  50.082  10.642  -2.306 0.0000000000
116910  49.906  9.807  -3.974 0.0000000000
115936  49.512  9.552  -3.455 0.0000000000
115937  48.993  8.975  -3.158 0.0000000000
115979  47.429  7.955  -7.445 0.0000000000
115968  47.119  8.335  -6.904 0.0000000000
115011  46.351  8.276  -6.112 0.0000000000
113006  46.287  6.396  -6.310 0.0000000000
113975  46.074  7.160  -5.776 0.0000000000
115002  45.943  8.251  -4.982 0.0000000000
114990  46.095  7.607  -4.042 0.0000000000
111968  45.150  4.958  -3.412 0.0000000000
105475  45.297  -1.761  -8.426 0.0000000000
104314  45.295  -2.416  -7.966 0.0000000000
104218  45.824  -1.755  1.691 0.0000000000
105297  43.452  -0.594  5.822 0.0000000000
105451  48.040  -0.845  -6.268 0.0000000000
105474  47.583  -0.924  -9.230 0.0000000000
106453  44.209  -0.220  4.479 0.0000000000
106454  43.818  0.485  4.834 0.0000000000
107611  43.866  1.124  4.825 0.0000000000
107653  45.165  1.128  1.586 0.0000000000
107711  45.817  0.160  -2.564 0.0000000000
108723  45.355  2.071  9.622 0.0000000000
108730  46.331  2.093  8.809 0.0000000000
108739  46.216  2.065  8.546 0.0000000000
108742  43.798  1.386  6.743 0.0000000000
108757  44.267  1.828  5.164 0.0000000000
108758  43.965  1.570  5.269 0.0000000000
108805  45.259  1.345  1.596 0.0000000000
108866  45.969  2.016  -3.534 0.0000000000
108922  46.646  1.825  -10.598 0.0000000000
108924  45.770  1.626  -10.570 0.0000000000
108930  46.466  2.076  -10.739 0.0000000000
108931  46.265  1.896  -10.840 0.0000000000
109751  42.606  2.651  10.374 0.0000000000
109773  46.377  2.187  9.011 0.0000000000
109784  43.909  1.988  5.743 0.0000000000
109790  44.531  2.248  5.271 0.0000000000
109837  46.194  3.014  0.840 0.0000000000
109848  46.213  2.999  0.305 0.0000000000
109860  46.174  3.002  -0.126 0.0000000000
109873  46.058  3.035  -1.696 0.0000000000
109890  46.086  2.927  -2.117 0.0000000000
109891  45.783  2.450  -2.209 0.0000000000
109905  45.706  2.148  -2.497 0.0000000000
109959  45.845  2.151  -10.673 0.0000000000
109964  46.254  2.424  -10.584 0.0000000000
109965  46.041  2.025  -10.888 0.0000000000
110784  42.882  3.235  9.929 0.0000000000
110789  46.361  3.152  9.208 0.0000000000
110798  48.284  4.260  8.368 0.0000000000
110879  45.932  2.984  -1.073 0.0000000000
110892  46.039  3.121  -1.368 0.0000000000
110982  47.047  3.875  -10.031 0.0000000000
110988  46.864  3.861  -10.193 0.0000000000
111831  38.045  4.138  10.753 0.0000000000
111842  50.023  4.907  7.816 0.0000000000
111845  48.144  4.456  8.468 0.0000000000
111855  47.810  3.816  7.649 0.0000000000
111863  45.814  3.720  6.117 0.0000000000
111878  46.146  4.196  4.899 0.0000000000
111889  46.836  4.289  3.656 0.0000000000
111897  48.219  5.000  2.887 0.0000000000
111907  47.298  4.211  1.297 0.0000000000
111995  46.194  5.573  -7.746 0.0000000000
112005  47.575  4.839  -7.916 0.0000000000
112006  46.063  5.338  -8.079 0.0000000000
112024  46.324  4.110  -10.117 0.0000000000
112031  46.687  4.025  -10.179 0.0000000000
112032  46.459  3.741  -10.272 0.0000000000
112865  39.813  6.037  11.416 0.0000000000
112876  50.085  5.600  8.818 0.0000000000
112881  51.099  5.744  8.167 0.0000000000
112894  49.817  5.297  7.395 0.0000000000
112905  48.358  5.802  5.519 0.0000000000
112906  47.918  5.317  5.354 0.0000000000
112955  48.681  5.849  -0.698 0.0000000000
112985  48.133  6.144  -3.569 0.0000000000
113016  46.220  5.629  -6.487 0.0000000000
113023  48.329  6.414  -8.604 0.0000000000
113026  46.139  5.334  -8.396 0.0000000000
113028  48.104  6.514  -8.972 0.0000000000
113030  46.570  5.763  -9.071 0.0000000000
113033  47.272  5.546  -9.428 0.0000000000
113034  46.945  5.675  -9.427 0.0000000000
113793  42.081  6.935  11.748 0.0000000000
113795  40.062  6.620  12.082 0.0000000000
113818  41.100  6.255  9.928 0.0000000000
113833  51.457  6.416  7.882 0.0000000000
113834  50.905  6.331  7.474 0.0000000000
113840  49.785  6.212  6.472 0.0000000000
113841  49.264  6.210  6.521 0.0000000000
113860  50.489  6.760  5.366 0.0000000000
113869  50.279  6.950  3.485 0.0000000000
113921  49.169  6.391  -0.839 0.0000000000
113942  49.362  6.735  -1.908 0.0000000000
113944  48.056  5.960  -2.028 0.0000000000
113963  48.012  6.287  -4.702 0.0000000000
113981  49.201  7.571  -6.203 0.0000000000
113993  48.324  7.017  -8.717 0.0000000000
113997  47.462  6.114  -9.228 0.0000000000
114768  50.266  7.524  12.979 0.0000000000
114777  54.522  7.949  12.151 0.0000000000
114783  47.770  7.756  12.913 0.0000000000
114796  54.114  7.744  11.755 0.0000000000
114801  47.826  7.809  12.424 0.0000000000
114822  55.035  8.235  9.453 0.0000000000
114827  49.732  7.662  9.613 0.0000000000
114845  44.046  7.178  9.126 0.0000000000
114849  51.634  6.962  7.490 0.0000000000
114860  50.984  7.026  7.200 0.0000000000
114870  53.731  8.321  4.657 0.0000000000
114873  50.876  7.045  5.500 0.0000000000
114913  43.999  7.527  2.976 0.0000000000
114926  45.456  7.526  1.927 0.0000000000
114960  51.215  8.600  -1.959 0.0000000000
114974  48.848  6.973  -3.015 0.0000000000
114986  50.559  8.485  -4.422 0.0000000000
115000  49.298  7.556  -4.305 0.0000000000
115008  50.479  8.571  -5.942 0.0000000000
115017  49.872  7.844  -7.037 0.0000000000
115026  47.988  7.797  -8.341 0.0000000000
115032  48.108  7.361  -8.748 0.0000000000
115034  47.185  7.020  -8.760 0.0000000000
115776  54.325  8.265  12.649 0.0000000000
115778  50.133  7.247  13.082 0.0000000000
115779  49.852  7.448  13.021 0.0000000000
115794  54.178  7.955  12.242 0.0000000000
115796  50.128  7.816  12.534 0.0000000000
115799  47.675  8.090  11.822 0.0000000000
115811  44.614  8.061  10.877 0.0000000000
115814  55.832  8.795  9.340 0.0000000000
115818  45.807  8.261  10.109 0.0000000000
115820  44.457  8.052  10.289 0.0000000000
115824  55.005  8.308  7.966 0.0000000000
115839  55.256  9.199  6.838 0.0000000000
115842  50.272  9.139  6.135 0.0000000000
115855  50.019  9.075  5.913 0.0000000000
115856  49.727  9.185  6.097 0.0000000000
115865  54.436  8.606  4.060 0.0000000000
115866  53.856  8.693  3.648 0.0000000000
115867  50.768  7.120  4.124 0.0000000000
115868  50.570  7.032  4.223 0.0000000000
115878  54.980  9.155  3.618 0.0000000000
115879  54.335  9.179  3.196 0.0000000000
115881  52.998  8.664  2.624 0.0000000000
115882  50.634  7.113  3.937 0.0000000000
115883  50.411  7.074  4.040 0.0000000000
115907  52.826  9.222  0.496 0.0000000000
115909  51.465  8.274  0.047 0.0000000000
115911  48.087  8.130  0.302 0.0000000000
115927  51.270  8.768  -2.356 0.0000000000
115928  48.890  9.440  -1.714 0.0000000000
115946  51.445  9.284  -3.665 0.0000000000
115948  49.392  9.313  -3.799 0.0000000000
115958  47.687  8.860  -5.634 0.0000000000
115964  50.768  8.929  -5.881 0.0000000000
115976  49.946  8.700  -7.070 0.0000000000
115977  48.892  8.931  -6.965 0.0000000000
115985  49.160  8.433  -7.630 0.0000000000
115987  47.796  7.970  -7.764 0.0000000000
115988  47.540  7.811  -7.743 0.0000000000
116749  55.752  9.608  11.658 0.0000000000
116754  55.719  9.383  10.605 0.0000000000
116800  49.440  9.313  6.554 0.0000000000
116815  49.625  9.411  5.697 0.0000000000
116817  48.189  9.800  6.171 0.0000000000
116826  55.297  9.913  4.025 0.0000000000
116827  54.887  10.108  4.412 0.0000000000
116829  52.682  9.932  4.509 0.0000000000
116830  51.939  9.683  4.424 0.0000000000
116841  55.116  9.740  3.498 0.0000000000
116842  54.717  9.783  2.902 0.0000000000
116843  54.488  9.588  2.635 0.0000000000
116846  50.396  9.731  4.321 0.0000000000
116853  54.708  9.892  2.531 0.0000000000
116861  53.610  10.002  0.052 0.0000000000
116862  53.519  9.810  0.528 0.0000000000
116869  53.327  10.116  -0.313 0.0000000000
116877  53.054  10.267  -0.544 0.0000000000
116887  51.970  9.937  -2.072 0.0000000000
116899  49.714  9.917  -2.888 0.0000000000
116900  49.028  9.516  -2.394 0.0000000000
116915  51.220  9.329  -4.695 0.0000000000
116924  50.472  9.193  -6.177 0.0000000000
116926  49.384  9.497  -5.538 0.0000000000
116931  50.283  9.065  -6.648 0.0000000000
117760  47.698  10.234  6.832 0.0000000000
117771  53.555  10.130  4.714 0.0000000000
117772  48.376  10.115  5.262 0.0000000000
117783  54.869  10.314  3.698 0.0000000000
117788  48.901  10.026  4.736 0.0000000000
117796  55.183  10.020  3.500 0.0000000000
117797  54.944  10.123  3.108 0.0000000000
117802  50.017  10.105  3.753 0.0000000000
117812  54.695  10.095  2.484 0.0000000000
117833  45.191  11.358  1.877 0.0000000000
117847  53.227  10.436  -0.278 0.0000000000
117849  52.095  11.003  -0.803 0.0000000000
117856  52.535  10.724  -1.607 0.0000000000
117857  52.331  10.622  -2.156 0.0000000000
117869  51.007  10.885  -2.714 0.0000000000
118696  46.589  10.935  5.838 0.0000000000
118715  48.841  10.723  3.396 0.0000000000
118725  50.396  10.698  2.730 0.0000000000
118741  47.203  11.365  2.329 0.0000000000
118743  44.597  11.931  1.589 0.0000000000
118750  51.136  11.368  -0.914 0.0000000000
118756  51.753  11.344  -1.286 0.0000000000
118762  52.219  11.232  -1.842 0.0000000000
118764  51.183  11.386  -2.289 0.0000000000
118770  52.061  11.222  -2.395 0.0000000000
118771  51.575  11.241  -2.539 0.0000000000
120446  44.467  13.411  3.593 0.0000000000
121332  45.713  14.099  6.297 0.0000000000
121333  45.108  13.695  5.639 0.0000000000
121350  44.550  14.715  4.382 0.0000000000
