#!ascii label  , from subject 3350 vox2ras=TkReg
1187
57676  36.385  -42.323  17.227 0.0000000000
83144  46.303  -21.388  8.414 0.0000000000
68729  39.002  -33.145  12.466 0.0000000000
44069  15.108  -53.382  28.229 0.0000000000
58814  29.138  -41.084  23.652 0.0000000000
76023  39.072  -27.353  12.989 0.0000000000
46653  22.725  -51.642  22.054 0.0000000000
45339  20.321  -53.389  26.244 0.0000000000
49116  28.435  -49.826  19.408 0.0000000000
83159  51.184  -21.690  6.905 0.0000000000
62453  37.915  -39.055  19.186 0.0000000000
66125  37.402  -35.688  18.574 0.0000000000
61293  41.527  -39.529  17.456 0.0000000000
87897  49.028  -17.348  6.668 0.0000000000
87928  53.122  -17.797  4.342 0.0000000000
84285  42.856  -20.017  12.155 0.0000000000
81869  45.843  -24.184  11.111 0.0000000000
79336  41.258  -24.944  10.941 0.0000000000
72469  42.944  -30.286  11.131 0.0000000000
54018  34.380  -46.300  20.483 0.0000000000
39073  12.679  -57.910  30.083 0.0000000000
37663  9.718  -58.638  33.360 0.0000000000
35026  7.620  -59.630  36.222 0.0000000000
58872  33.630  -40.761  19.993 0.0000000000
53984  30.594  -45.458  21.147 0.0000000000
71167  34.958  -31.970  16.639 0.0000000000
69875  40.539  -33.246  18.413 0.0000000000
94729  53.315  -11.852  3.415 0.0000000000
83153  48.871  -21.473  7.349 0.0000000000
80616  48.991  -23.742  8.668 0.0000000000
60102  37.701  -40.196  17.390 0.0000000000
62502  38.615  -38.229  15.577 0.0000000000
57691  39.104  -41.954  16.780 0.0000000000
85499  46.721  -18.963  9.939 0.0000000000
87868  48.484  -17.254  9.412 0.0000000000
86723  47.646  -19.044  7.999 0.0000000000
85538  49.580  -19.906  6.460 0.0000000000
31444  9.443  -63.512  35.919 0.0000000000
83118  41.781  -21.720  11.763 0.0000000000
81843  40.534  -22.787  13.386 0.0000000000
73690  39.059  -29.639  11.950 0.0000000000
73707  40.569  -29.454  10.923 0.0000000000
71240  41.400  -31.849  11.785 0.0000000000
69947  42.184  -33.404  14.231 0.0000000000
44114  17.784  -53.614  26.429 0.0000000000
44067  19.658  -55.019  27.682 0.0000000000
40418  16.580  -56.181  27.675 0.0000000000
40373  15.854  -57.388  29.897 0.0000000000
40421  13.594  -55.455  28.840 0.0000000000
41523  10.538  -55.676  32.962 0.0000000000
37631  8.605  -58.465  34.877 0.0000000000
60016  31.522  -39.919  22.311 0.0000000000
57651  30.721  -42.158  19.388 0.0000000000
57636  28.470  -42.392  20.621 0.0000000000
45443  27.698  -53.092  22.390 0.0000000000
46673  30.090  -51.517  22.108 0.0000000000
66111  40.773  -35.390  19.504 0.0000000000
68627  38.225  -34.366  18.778 0.0000000000
79282  40.380  -24.369  15.163 0.0000000000
74855  39.032  -28.037  14.837 0.0000000000
72430  37.548  -29.952  14.238 0.0000000000
44183  24.131  -54.290  22.688 0.0000000000
42935  23.420  -54.329  25.151 0.0000000000
45381  20.658  -52.891  24.658 0.0000000000
47847  18.475  -51.040  25.693 0.0000000000
46572  16.361  -51.080  28.491 0.0000000000
55246  27.078  -44.382  21.029 0.0000000000
51591  27.119  -47.394  21.389 0.0000000000
46700  24.793  -51.257  20.074 0.0000000000
63586  35.955  -37.260  22.771 0.0000000000
64795  34.488  -36.086  20.094 0.0000000000
62464  36.616  -37.685  18.371 0.0000000000
64819  40.621  -36.373  17.476 0.0000000000
91232  51.045  -14.334  5.365 0.0000000000
87908  50.725  -17.443  5.238 0.0000000000
85536  52.189  -20.394  5.541 0.0000000000
84306  44.719  -20.229  9.967 0.0000000000
80607  45.502  -23.219  9.349 0.0000000000
81884  43.506  -21.963  10.340 0.0000000000
79325  43.633  -24.756  11.374 0.0000000000
77147  44.141  -26.649  10.925 0.0000000000
78171  39.851  -25.370  12.083 0.0000000000
76042  42.593  -27.583  10.665 0.0000000000
55297  35.417  -44.597  18.135 0.0000000000
55294  38.623  -44.138  18.609 0.0000000000
85461  45.836  -18.638  12.365 0.0000000000
44038  13.354  -53.106  30.593 0.0000000000
41558  11.457  -55.242  31.010 0.0000000000
37698  11.206  -58.637  31.461 0.0000000000
35104  11.392  -60.377  32.510 0.0000000000
35092  10.023  -61.348  33.672 0.0000000000
35063  9.012  -60.730  35.052 0.0000000000
33824  7.884  -61.595  36.273 0.0000000000
33795  6.537  -60.583  37.855 0.0000000000
57661  34.671  -42.441  18.626 0.0000000000
56461  32.868  -43.590  18.249 0.0000000000
55241  32.202  -44.440  20.817 0.0000000000
51605  29.216  -47.199  19.951 0.0000000000
71210  36.137  -32.015  14.774 0.0000000000
67379  34.854  -34.503  17.756 0.0000000000
68674  36.347  -34.038  16.325 0.0000000000
68687  39.607  -34.575  15.394 0.0000000000
57643  41.208  -42.421  19.401 0.0000000000
92463  54.949  -12.393  1.644 0.0000000000
90181  52.733  -14.688  3.586 0.0000000000
91261  54.754  -14.504  2.580 0.0000000000
84327  47.591  -21.060  7.886 0.0000000000
81910  48.536  -22.962  7.954 0.0000000000
81911  47.407  -22.727  7.941 0.0000000000
58931  37.071  -41.257  16.827 0.0000000000
58930  37.790  -41.241  16.401 0.0000000000
57692  38.049  -42.196  16.609 0.0000000000
85512  46.342  -20.146  8.977 0.0000000000
86713  47.533  -18.910  8.434 0.0000000000
84343  47.553  -20.518  7.872 0.0000000000
84342  48.208  -20.748  7.554 0.0000000000
31446  7.998  -63.475  36.694 0.0000000000
83080  41.440  -21.670  14.543 0.0000000000
81826  41.331  -21.882  15.048 0.0000000000
71242  38.947  -31.378  11.794 0.0000000000
71250  39.753  -30.943  11.366 0.0000000000
69978  39.586  -32.481  12.144 0.0000000000
69976  42.068  -32.467  12.432 0.0000000000
68727  40.732  -33.720  12.847 0.0000000000
44091  16.279  -53.379  27.138 0.0000000000
42874  17.429  -55.235  27.174 0.0000000000
41665  15.676  -54.863  27.682 0.0000000000
41637  15.204  -55.670  28.065 0.0000000000
42847  14.023  -53.956  28.587 0.0000000000
59998  30.687  -40.015  23.526 0.0000000000
60060  29.547  -40.571  20.863 0.0000000000
58853  28.413  -41.678  21.936 0.0000000000
44180  26.815  -54.270  23.640 0.0000000000
67337  34.933  -33.986  21.419 0.0000000000
67334  41.764  -34.975  20.560 0.0000000000
73675  38.543  -28.678  14.284 0.0000000000
73647  37.896  -28.496  15.228 0.0000000000
45428  22.885  -52.610  22.102 0.0000000000
45379  22.396  -53.655  23.743 0.0000000000
46635  22.061  -51.903  23.235 0.0000000000
47845  19.772  -50.209  25.118 0.0000000000
47828  18.111  -50.379  26.447 0.0000000000
47829  17.580  -50.965  26.932 0.0000000000
53972  26.723  -45.391  23.255 0.0000000000
47887  23.224  -49.921  21.530 0.0000000000
47904  24.279  -49.945  20.573 0.0000000000
46678  23.915  -52.059  20.960 0.0000000000
45446  24.383  -53.288  21.362 0.0000000000
63621  36.240  -37.903  20.197 0.0000000000
63631  36.820  -38.181  18.762 0.0000000000
62472  40.859  -38.647  16.454 0.0000000000
64839  39.813  -37.320  16.177 0.0000000000
63639  41.961  -37.877  17.309 0.0000000000
64804  42.236  -37.107  18.194 0.0000000000
62460  42.603  -38.646  18.259 0.0000000000
87890  48.385  -17.424  7.701 0.0000000000
89034  49.671  -15.957  6.367 0.0000000000
89044  49.524  -16.887  6.149 0.0000000000
84355  50.707  -21.059  6.564 0.0000000000
85537  50.982  -20.034  5.825 0.0000000000
84354  51.882  -21.181  6.187 0.0000000000
84295  43.815  -20.211  11.076 0.0000000000
83126  44.101  -21.415  9.986 0.0000000000
83127  43.106  -21.105  10.766 0.0000000000
80573  41.826  -23.362  11.395 0.0000000000
80586  42.679  -22.958  11.077 0.0000000000
79326  42.311  -24.604  10.922 0.0000000000
78168  44.122  -25.704  11.286 0.0000000000
78180  43.420  -25.957  10.832 0.0000000000
78134  39.598  -25.426  14.168 0.0000000000
79294  39.561  -24.728  13.669 0.0000000000
77130  39.442  -26.387  12.489 0.0000000000
73706  41.592  -29.461  10.728 0.0000000000
74901  41.095  -28.497  11.054 0.0000000000
73705  42.592  -29.540  10.617 0.0000000000
74898  44.305  -28.768  10.418 0.0000000000
54041  35.067  -45.834  19.375 0.0000000000
54055  36.623  -45.263  18.965 0.0000000000
85449  44.383  -18.955  13.368 0.0000000000
85462  44.887  -19.003  12.373 0.0000000000
85488  45.259  -19.667  10.471 0.0000000000
44111  21.649  -53.874  25.545 0.0000000000
42872  21.255  -54.361  26.876 0.0000000000
39084  14.592  -57.713  29.493 0.0000000000
39052  15.676  -57.776  31.158 0.0000000000
39054  14.320  -58.577  30.837 0.0000000000
37697  13.098  -58.804  31.005 0.0000000000
44027  12.301  -53.096  31.660 0.0000000000
42812  12.430  -54.333  30.614 0.0000000000
42781  11.251  -54.494  31.882 0.0000000000
40309  9.923  -56.740  33.388 0.0000000000
40327  10.429  -56.507  32.407 0.0000000000
39037  10.190  -57.854  32.486 0.0000000000
36392  11.144  -59.387  32.085 0.0000000000
36393  10.557  -59.369  32.505 0.0000000000
35091  10.385  -60.650  33.263 0.0000000000
36355  9.488  -59.663  33.867 0.0000000000
37617  8.426  -58.296  35.614 0.0000000000
36338  8.792  -59.566  34.834 0.0000000000
35044  8.181  -60.200  35.499 0.0000000000
33823  8.746  -61.582  35.640 0.0000000000
57632  34.842  -41.829  20.529 0.0000000000
57646  35.428  -42.468  19.474 0.0000000000
57662  33.761  -41.767  18.398 0.0000000000
56481  33.631  -43.155  17.755 0.0000000000
58909  32.813  -41.570  18.488 0.0000000000
56435  29.869  -43.720  20.123 0.0000000000
56433  31.525  -43.462  19.765 0.0000000000
55242  31.417  -44.354  21.147 0.0000000000
51607  27.540  -47.390  20.117 0.0000000000
54021  28.020  -45.407  20.262 0.0000000000
50396  29.027  -48.887  19.493 0.0000000000
47885  31.294  -50.636  21.814 0.0000000000
80596  45.809  -23.820  9.929 0.0000000000
80595  46.829  -23.757  9.987 0.0000000000
81867  47.106  -24.041  11.168 0.0000000000
72374  35.319  -30.579  17.298 0.0000000000
72413  35.929  -30.756  15.628 0.0000000000
71188  35.699  -31.660  15.312 0.0000000000
64824  35.251  -36.321  18.358 0.0000000000
66139  34.670  -35.679  18.467 0.0000000000
66137  36.027  -35.506  18.062 0.0000000000
68641  39.035  -33.458  18.539 0.0000000000
68656  37.210  -34.164  17.288 0.0000000000
68654  38.852  -33.868  17.217 0.0000000000
68689  37.540  -34.359  15.406 0.0000000000
68671  39.365  -34.155  16.485 0.0000000000
68669  40.927  -33.822  15.872 0.0000000000
56457  39.834  -43.399  18.878 0.0000000000
93612  54.431  -12.216  2.048 0.0000000000
89064  52.047  -16.643  4.653 0.0000000000
91242  51.700  -14.308  4.356 0.0000000000
89063  53.294  -16.702  4.009 0.0000000000
90155  54.891  -16.006  3.508 0.0000000000
90154  55.879  -16.063  3.501 0.0000000000
47872  22.002  -49.920  22.573 0.0000000000
47873  21.426  -50.329  23.080 0.0000000000
83152  49.694  -21.681  7.291 0.0000000000
83139  51.380  -22.377  8.369 0.0000000000
83140  50.197  -22.393  7.869 0.0000000000
61295  37.973  -39.315  17.592 0.0000000000
62473  37.615  -38.366  16.830 0.0000000000
61309  37.906  -39.222  16.026 0.0000000000
60114  39.437  -40.274  15.895 0.0000000000
58927  40.397  -41.045  16.947 0.0000000000
86693  48.398  -18.116  10.966 0.0000000000
86704  47.267  -18.508  9.312 0.0000000000
86712  47.749  -18.149  8.768 0.0000000000
86731  48.544  -17.997  6.954 0.0000000000
86730  49.264  -18.438  6.287 0.0000000000
85523  48.484  -19.844  7.007 0.0000000000
84341  49.227  -20.733  6.998 0.0000000000
31454  10.188  -63.337  35.482 0.0000000000
84276  42.663  -19.854  13.144 0.0000000000
84297  42.545  -20.502  11.901 0.0000000000
84278  41.628  -20.984  13.209 0.0000000000
81842  41.080  -22.125  13.187 0.0000000000
80574  40.635  -23.403  12.321 0.0000000000
74882  39.056  -28.595  12.329 0.0000000000
76045  39.538  -27.561  11.855 0.0000000000
73708  39.565  -29.359  11.398 0.0000000000
72471  41.195  -30.390  10.813 0.0000000000
72455  42.672  -30.881  11.632 0.0000000000
71226  42.844  -32.020  12.631 0.0000000000
69945  43.116  -32.395  13.794 0.0000000000
53995  33.940  -46.733  21.655 0.0000000000
44113  18.695  -53.840  26.163 0.0000000000
44088  19.625  -54.205  26.711 0.0000000000
44089  18.477  -54.744  27.007 0.0000000000
42844  18.416  -55.589  27.941 0.0000000000
41634  18.114  -56.202  28.740 0.0000000000
40398  14.484  -56.990  28.838 0.0000000000
40399  13.258  -56.374  28.915 0.0000000000
42770  10.918  -54.644  32.972 0.0000000000
41514  9.713  -55.856  34.255 0.0000000000
39007  9.506  -57.655  33.924 0.0000000000
37647  9.254  -58.567  33.967 0.0000000000
38991  9.242  -57.166  34.830 0.0000000000
37608  8.701  -57.326  36.220 0.0000000000
37609  8.263  -57.978  36.649 0.0000000000
60038  32.592  -39.707  20.715 0.0000000000
60079  31.893  -40.487  19.620 0.0000000000
60059  30.467  -40.246  20.367 0.0000000000
58899  29.509  -41.068  19.926 0.0000000000
55262  29.285  -44.494  20.359 0.0000000000
47902  28.147  -51.634  20.348 0.0000000000
47913  29.144  -50.513  19.937 0.0000000000
46674  28.739  -52.367  22.305 0.0000000000
79312  46.574  -25.070  11.742 0.0000000000
69878  34.558  -32.320  18.551 0.0000000000
66124  38.770  -35.201  18.820 0.0000000000
67358  38.249  -34.883  18.832 0.0000000000
67349  39.554  -34.857  19.865 0.0000000000
68605  39.605  -34.427  19.867 0.0000000000
94718  53.147  -11.429  4.113 0.0000000000
31436  6.798  -63.477  36.683 0.0000000000
78120  40.825  -25.015  15.486 0.0000000000
77100  39.615  -26.246  14.859 0.0000000000
74868  39.423  -27.639  14.417 0.0000000000
74870  38.608  -28.926  13.177 0.0000000000
73676  38.343  -29.345  13.515 0.0000000000
71227  37.838  -31.544  13.237 0.0000000000
44166  25.083  -54.263  23.963 0.0000000000
42933  25.167  -55.116  25.313 0.0000000000
44142  24.144  -54.177  24.639 0.0000000000
44144  21.783  -53.754  24.708 0.0000000000
45361  20.860  -53.204  25.528 0.0000000000
47844  20.335  -51.088  24.568 0.0000000000
46623  19.966  -51.938  24.896 0.0000000000
46610  19.379  -52.029  25.692 0.0000000000
45364  18.223  -52.772  26.247 0.0000000000
45342  16.517  -52.450  27.309 0.0000000000
45321  15.461  -52.469  28.405 0.0000000000
57588  27.880  -42.332  22.404 0.0000000000
56373  27.279  -43.791  22.906 0.0000000000
52800  27.258  -46.425  20.926 0.0000000000
50387  27.297  -48.307  19.547 0.0000000000
50373  25.237  -48.199  21.257 0.0000000000
49118  25.830  -49.030  19.846 0.0000000000
47915  26.446  -50.376  19.379 0.0000000000
46676  26.461  -53.042  20.694 0.0000000000
45425  25.958  -54.358  22.308 0.0000000000
66100  35.334  -36.188  22.824 0.0000000000
66102  34.512  -35.348  21.485 0.0000000000
63603  35.102  -37.172  20.667 0.0000000000
63633  35.917  -37.476  19.221 0.0000000000
64808  37.194  -36.333  18.560 0.0000000000
63640  37.498  -37.518  17.210 0.0000000000
64821  38.080  -36.379  17.624 0.0000000000
66134  38.875  -35.902  18.092 0.0000000000
66121  41.136  -35.982  18.740 0.0000000000
64793  42.564  -35.675  19.379 0.0000000000
91226  50.470  -14.596  6.181 0.0000000000
89042  51.057  -16.492  5.105 0.0000000000
87907  51.549  -17.461  4.842 0.0000000000
86745  49.801  -18.185  5.737 0.0000000000
86743  51.162  -18.412  5.020 0.0000000000
84330  45.557  -20.850  8.993 0.0000000000
81913  45.802  -21.777  8.665 0.0000000000
83135  44.764  -21.272  9.545 0.0000000000
80608  44.887  -22.691  9.459 0.0000000000
80597  44.705  -23.328  9.977 0.0000000000
81871  42.380  -22.012  11.265 0.0000000000
80585  43.873  -23.354  10.793 0.0000000000
80571  44.387  -24.110  11.420 0.0000000000
79324  44.781  -25.006  11.468 0.0000000000
78178  45.612  -26.271  11.099 0.0000000000
80545  40.232  -23.558  14.540 0.0000000000
79313  40.003  -24.207  12.711 0.0000000000
79337  40.727  -24.769  11.314 0.0000000000
76044  40.513  -27.468  11.273 0.0000000000
77150  40.986  -26.502  11.096 0.0000000000
77149  42.037  -26.607  10.825 0.0000000000
76041  43.678  -27.638  10.599 0.0000000000
55316  36.088  -43.979  17.633 0.0000000000
56476  37.860  -43.162  17.315 0.0000000000
55296  36.398  -44.632  18.314 0.0000000000
54038  38.173  -45.568  19.647 0.0000000000
85473  46.403  -18.910  11.223 0.0000000000
85500  46.078  -19.688  9.694 0.0000000000
45300  15.104  -51.917  29.372 0.0000000000
44024  14.279  -51.940  30.801 0.0000000000
44051  14.139  -53.209  29.166 0.0000000000
42831  13.244  -54.340  29.735 0.0000000000
40400  12.652  -55.685  29.466 0.0000000000
40376  12.341  -56.584  29.853 0.0000000000
41538  10.927  -55.516  32.064 0.0000000000
40349  11.156  -56.581  31.129 0.0000000000
39074  11.981  -58.109  30.452 0.0000000000
36424  12.036  -59.295  30.754 0.0000000000
36391  12.471  -59.871  32.194 0.0000000000
32686  10.819  -62.599  34.397 0.0000000000
36356  9.310  -59.970  34.331 0.0000000000
33840  9.490  -61.607  34.826 0.0000000000
32676  9.653  -62.637  35.252 0.0000000000
32664  9.123  -62.610  35.753 0.0000000000
32665  8.609  -62.571  36.167 0.0000000000
32666  7.647  -62.638  36.538 0.0000000000
35028  7.398  -60.133  37.443 0.0000000000
33825  7.276  -61.394  36.574 0.0000000000
32667  7.014  -61.814  36.500 0.0000000000
57659  36.269  -42.188  18.079 0.0000000000
57660  35.486  -42.590  18.547 0.0000000000
57677  35.553  -42.836  17.786 0.0000000000
56479  34.888  -43.533  17.775 0.0000000000
55298  34.431  -44.371  18.135 0.0000000000
55279  33.433  -44.610  19.161 0.0000000000
57650  31.578  -42.144  18.931 0.0000000000
55261  32.327  -44.024  19.836 0.0000000000
54019  33.333  -45.618  20.200 0.0000000000
56414  27.965  -43.241  20.899 0.0000000000
54020  28.880  -45.361  20.275 0.0000000000
53998  29.864  -45.533  20.745 0.0000000000
49103  29.932  -49.794  20.447 0.0000000000
50370  31.175  -48.528  21.012 0.0000000000
52798  30.652  -46.832  21.602 0.0000000000
80618  46.896  -23.327  8.553 0.0000000000
73648  37.220  -29.333  15.162 0.0000000000
72441  37.259  -31.119  13.813 0.0000000000
69967  37.718  -32.495  13.438 0.0000000000
67361  34.369  -34.593  19.587 0.0000000000
68645  34.251  -33.892  18.898 0.0000000000
69903  34.556  -32.869  17.427 0.0000000000
68644  36.298  -34.614  17.677 0.0000000000
68657  36.046  -34.434  17.086 0.0000000000
69935  35.331  -33.128  15.780 0.0000000000
68690  36.426  -33.914  15.313 0.0000000000
68703  38.052  -33.964  14.424 0.0000000000
68719  38.903  -34.007  13.329 0.0000000000
68700  40.880  -34.338  14.331 0.0000000000
57674  38.644  -42.698  17.098 0.0000000000
57672  40.428  -41.830  18.101 0.0000000000
58905  41.609  -41.092  19.055 0.0000000000
58888  42.508  -42.121  19.971 0.0000000000
60073  42.389  -40.514  19.287 0.0000000000
94761  55.691  -11.314  1.264 0.0000000000
92411  52.150  -13.386  4.186 0.0000000000
92427  53.145  -13.239  3.154 0.0000000000
90156  53.774  -15.867  3.570 0.0000000000
90179  54.289  -15.228  3.151 0.0000000000
92426  54.086  -13.512  2.543 0.0000000000
91281  54.930  -13.977  2.296 0.0000000000
92444  55.912  -13.774  1.645 0.0000000000
83143  46.988  -21.661  7.793 0.0000000000
57693  37.222  -42.111  16.857 0.0000000000
84328  46.868  -20.546  8.244 0.0000000000
69979  38.803  -32.327  12.287 0.0000000000
69977  40.897  -32.879  12.329 0.0000000000
68728  39.870  -33.515  12.629 0.0000000000
44092  15.531  -53.134  27.680 0.0000000000
42876  15.617  -53.964  27.657 0.0000000000
42846  14.924  -54.359  28.268 0.0000000000
58813  29.858  -40.365  24.024 0.0000000000
60018  29.592  -40.468  22.701 0.0000000000
58834  29.152  -41.170  22.771 0.0000000000
44164  27.137  -54.368  24.306 0.0000000000
67322  34.980  -34.353  22.480 0.0000000000
46634  22.455  -52.079  22.620 0.0000000000
46680  22.669  -50.940  22.047 0.0000000000
46702  23.531  -50.355  21.334 0.0000000000
46679  23.319  -50.955  21.680 0.0000000000
45448  23.260  -52.015  21.668 0.0000000000
63620  37.125  -38.152  20.086 0.0000000000
63619  37.548  -38.581  19.629 0.0000000000
61294  40.901  -39.512  16.830 0.0000000000
62471  41.543  -38.721  17.000 0.0000000000
63638  42.250  -37.895  17.985 0.0000000000
61284  42.076  -39.541  18.151 0.0000000000
87889  48.936  -16.846  7.520 0.0000000000
87879  48.946  -16.671  8.689 0.0000000000
89035  49.216  -16.368  6.963 0.0000000000
83158  51.524  -21.562  6.702 0.0000000000
84339  52.016  -21.684  6.736 0.0000000000
32674  11.377  -63.190  35.496 0.0000000000
85476  43.497  -19.826  11.664 0.0000000000
84308  43.472  -20.619  10.888 0.0000000000
84296  43.019  -20.504  11.397 0.0000000000
79327  41.035  -24.178  11.242 0.0000000000
78169  43.185  -25.324  11.110 0.0000000000
79335  41.881  -25.211  10.805 0.0000000000
77111  39.357  -26.343  13.648 0.0000000000
73704  43.684  -29.757  10.886 0.0000000000
54017  35.581  -46.329  20.194 0.0000000000
85463  43.702  -19.443  12.552 0.0000000000
85475  44.455  -19.571  11.449 0.0000000000
44086  21.041  -53.767  26.389 0.0000000000
44085  21.612  -54.214  26.346 0.0000000000
39072  14.032  -58.448  30.041 0.0000000000
37696  13.904  -58.768  31.245 0.0000000000
37709  13.248  -58.573  30.564 0.0000000000
42780  11.813  -53.771  31.827 0.0000000000
39023  9.860  -57.791  33.014 0.0000000000
40328  10.020  -57.288  32.543 0.0000000000
37679  10.341  -58.611  32.510 0.0000000000
36375  10.170  -59.491  33.003 0.0000000000
36320  7.960  -58.997  35.871 0.0000000000
58850  33.683  -40.436  20.986 0.0000000000
57633  34.364  -41.217  20.698 0.0000000000
57648  34.054  -41.526  19.732 0.0000000000
58895  33.195  -41.063  19.054 0.0000000000
56413  30.376  -44.046  20.973 0.0000000000
56412  30.752  -43.908  20.781 0.0000000000
55243  30.811  -44.474  21.106 0.0000000000
55222  31.286  -45.243  21.216 0.0000000000
55223  30.827  -45.146  21.216 0.0000000000
50398  27.810  -48.525  19.182 0.0000000000
51621  28.140  -47.716  19.601 0.0000000000
49129  28.685  -49.160  19.330 0.0000000000
80584  45.409  -23.787  10.993 0.0000000000
80583  46.439  -23.999  10.606 0.0000000000
81868  46.261  -24.187  10.976 0.0000000000
71145  34.782  -31.433  17.624 0.0000000000
72362  35.063  -30.514  18.027 0.0000000000
72392  35.234  -31.026  16.790 0.0000000000
71166  35.453  -31.265  16.077 0.0000000000
66126  36.226  -35.943  18.171 0.0000000000
66138  35.419  -35.795  18.109 0.0000000000
69876  39.556  -33.331  18.564 0.0000000000
69902  38.842  -33.374  17.888 0.0000000000
69901  39.696  -33.480  17.598 0.0000000000
69920  40.223  -33.811  16.935 0.0000000000
94727  53.989  -11.056  2.941 0.0000000000
94749  54.009  -11.547  2.748 0.0000000000
93613  54.005  -11.942  2.574 0.0000000000
49076  21.920  -49.197  23.133 0.0000000000
50344  21.920  -48.466  23.718 0.0000000000
49091  22.496  -49.061  22.556 0.0000000000
83141  49.168  -22.281  7.617 0.0000000000
81909  49.582  -22.988  8.286 0.0000000000
60101  38.268  -40.020  18.077 0.0000000000
61296  37.715  -39.311  16.754 0.0000000000
58929  38.726  -41.252  16.207 0.0000000000
60115  38.415  -40.311  15.951 0.0000000000
60113  40.282  -40.334  16.583 0.0000000000
58928  39.742  -41.254  16.514 0.0000000000
86694  47.405  -18.417  10.362 0.0000000000
86722  47.943  -18.577  7.707 0.0000000000
85539  48.733  -18.951  6.850 0.0000000000
84340  50.023  -21.246  6.907 0.0000000000
84265  42.648  -20.040  14.318 0.0000000000
84277  41.971  -20.654  13.600 0.0000000000
81827  40.851  -22.387  14.524 0.0000000000
81856  40.844  -22.631  12.746 0.0000000000
71241  40.104  -31.621  11.462 0.0000000000
72472  40.169  -30.508  11.131 0.0000000000
72457  40.938  -31.128  11.237 0.0000000000
72456  41.809  -31.053  11.422 0.0000000000
71239  42.502  -31.697  12.152 0.0000000000
69964  41.940  -33.243  13.206 0.0000000000
69963  42.765  -32.409  13.079 0.0000000000
69946  42.660  -32.829  13.961 0.0000000000
69932  42.655  -32.944  14.886 0.0000000000
85450  43.410  -19.379  13.825 0.0000000000
41664  16.443  -55.660  27.548 0.0000000000
41663  17.211  -56.108  27.375 0.0000000000
41635  17.408  -56.510  28.011 0.0000000000
41610  16.466  -56.610  28.741 0.0000000000
41636  16.303  -56.378  27.939 0.0000000000
40420  14.177  -56.001  28.494 0.0000000000
40419  14.967  -56.497  28.376 0.0000000000
40274  9.510  -56.333  35.147 0.0000000000
40289  9.684  -56.792  34.369 0.0000000000
58832  32.005  -39.628  23.200 0.0000000000
58831  32.910  -39.869  22.545 0.0000000000
58851  33.159  -39.930  21.600 0.0000000000
60015  32.329  -39.741  21.666 0.0000000000
60039  31.429  -39.430  21.056 0.0000000000
58875  28.935  -41.496  20.602 0.0000000000
57635  29.336  -42.365  20.116 0.0000000000
56436  28.787  -43.414  20.398 0.0000000000
46675  27.587  -52.641  21.504 0.0000000000
46697  28.385  -52.024  21.037 0.0000000000
69854  34.644  -32.227  19.826 0.0000000000
69879  34.264  -33.069  19.230 0.0000000000
66113  39.340  -34.962  19.533 0.0000000000
66112  39.907  -35.096  19.737 0.0000000000
67335  41.076  -34.713  20.413 0.0000000000
68586  40.419  -34.529  20.312 0.0000000000
68585  41.025  -34.269  20.605 0.0000000000
32655  6.425  -62.281  36.471 0.0000000000
77099  40.668  -25.862  15.527 0.0000000000
74854  39.563  -27.613  14.843 0.0000000000
74869  39.062  -28.280  13.764 0.0000000000
73662  37.780  -29.348  14.449 0.0000000000
72440  37.707  -30.281  13.755 0.0000000000
72459  38.267  -30.554  12.710 0.0000000000
44182  25.023  -54.236  23.062 0.0000000000
44167  23.908  -54.339  23.622 0.0000000000
45380  21.611  -53.203  23.964 0.0000000000
45360  21.252  -53.461  24.885 0.0000000000
47858  20.695  -50.340  24.076 0.0000000000
47846  18.914  -50.688  25.610 0.0000000000
46624  19.434  -51.352  25.378 0.0000000000
46609  19.687  -52.022  25.459 0.0000000000
46611  18.450  -51.811  25.824 0.0000000000
46591  17.231  -51.285  27.298 0.0000000000
45341  17.113  -52.088  27.070 0.0000000000
46592  16.779  -51.656  27.771 0.0000000000
45343  15.885  -52.617  27.613 0.0000000000
45320  16.222  -52.018  28.164 0.0000000000
57570  28.012  -42.654  23.344 0.0000000000
56372  27.687  -43.445  23.751 0.0000000000
52780  26.922  -46.498  21.982 0.0000000000
53985  26.796  -45.676  22.423 0.0000000000
50371  26.936  -47.845  20.572 0.0000000000
47903  25.026  -50.087  20.152 0.0000000000
49119  25.291  -49.543  20.023 0.0000000000
47916  25.507  -50.104  19.627 0.0000000000
46714  25.843  -50.962  19.908 0.0000000000
46713  26.725  -51.404  19.654 0.0000000000
46699  26.023  -52.168  19.735 0.0000000000
45426  24.813  -53.872  22.206 0.0000000000
45445  25.586  -53.886  21.250 0.0000000000
44181  26.033  -54.451  23.304 0.0000000000
64777  35.379  -36.698  22.307 0.0000000000
63602  35.739  -37.535  21.452 0.0000000000
63632  36.469  -37.674  18.901 0.0000000000
63622  35.414  -37.452  20.029 0.0000000000
64809  36.472  -36.792  18.516 0.0000000000
64823  36.840  -36.872  18.474 0.0000000000
62486  37.941  -37.979  15.976 0.0000000000
63650  38.110  -37.356  16.492 0.0000000000
64830  40.398  -37.068  16.553 0.0000000000
64831  39.594  -36.581  16.874 0.0000000000
64820  39.515  -36.027  17.765 0.0000000000
64807  40.096  -35.929  18.518 0.0000000000
64806  40.639  -36.065  18.326 0.0000000000
63629  42.880  -37.746  18.505 0.0000000000
64805  41.737  -36.204  18.400 0.0000000000
86702  48.800  -17.361  10.378 0.0000000000
91225  51.237  -14.030  6.566 0.0000000000
89043  50.145  -16.608  5.614 0.0000000000
90139  50.292  -15.527  5.774 0.0000000000
86729  50.135  -19.000  5.805 0.0000000000
85551  50.874  -19.036  5.462 0.0000000000
85550  51.653  -19.462  5.186 0.0000000000
86742  52.063  -18.692  4.594 0.0000000000
84317  45.162  -20.726  9.491 0.0000000000
83134  45.294  -21.446  9.078 0.0000000000
81883  44.299  -22.342  9.925 0.0000000000
80598  43.891  -22.700  10.347 0.0000000000
83104  41.891  -20.871  12.164 0.0000000000
83117  42.292  -21.034  11.601 0.0000000000
80572  43.126  -23.853  11.198 0.0000000000
77129  44.719  -26.238  11.119 0.0000000000
77128  45.021  -26.275  11.105 0.0000000000
77146  45.233  -26.611  10.885 0.0000000000
80544  40.745  -23.114  15.139 0.0000000000
79314  39.635  -24.762  12.858 0.0000000000
80561  39.729  -24.248  13.359 0.0000000000
79329  39.891  -24.727  12.377 0.0000000000
79328  40.331  -24.640  11.906 0.0000000000
78170  40.206  -25.139  11.805 0.0000000000
74902  40.091  -28.466  11.333 0.0000000000
74900  42.072  -28.529  10.603 0.0000000000
76043  41.568  -27.531  10.974 0.0000000000
77148  43.071  -26.658  10.671 0.0000000000
55317  35.271  -44.029  17.654 0.0000000000
54015  37.165  -46.378  20.222 0.0000000000
54039  37.343  -45.859  19.568 0.0000000000
85472  46.789  -18.713  11.266 0.0000000000
86683  46.205  -18.764  11.510 0.0000000000
85501  45.379  -20.089  9.738 0.0000000000
84316  45.785  -20.372  9.292 0.0000000000
42934  24.189  -54.650  25.242 0.0000000000
42902  24.198  -55.190  25.959 0.0000000000
40372  16.502  -57.316  30.515 0.0000000000
44026  13.043  -52.830  31.355 0.0000000000
44025  13.701  -52.351  31.176 0.0000000000
44037  13.651  -52.810  30.042 0.0000000000
42810  13.385  -53.495  30.097 0.0000000000
42830  13.513  -54.027  29.441 0.0000000000
42811  13.103  -53.963  30.287 0.0000000000
41586  11.961  -54.680  30.754 0.0000000000
41585  12.324  -55.259  30.115 0.0000000000
41557  11.817  -56.054  30.516 0.0000000000
39036  10.592  -57.741  31.864 0.0000000000
39056  11.311  -57.879  30.895 0.0000000000
39055  11.778  -57.281  30.353 0.0000000000
37711  11.757  -58.801  30.673 0.0000000000
35103  12.248  -60.595  32.866 0.0000000000
33869  11.402  -61.460  33.541 0.0000000000
33870  10.674  -61.610  33.716 0.0000000000
33854  10.556  -62.038  34.128 0.0000000000
33871  10.275  -61.697  33.888 0.0000000000
36337  8.948  -58.871  34.390 0.0000000000
35045  7.672  -60.603  36.096 0.0000000000
35027  7.630  -59.784  37.006 0.0000000000
35007  7.357  -59.390  37.473 0.0000000000
33808  7.012  -60.678  37.398 0.0000000000
33826  6.957  -61.213  36.721 0.0000000000
33809  6.602  -61.176  36.706 0.0000000000
58908  37.064  -41.549  18.383 0.0000000000
57678  34.795  -42.927  18.035 0.0000000000
57680  33.295  -42.601  17.780 0.0000000000
56460  33.822  -43.742  18.042 0.0000000000
55299  33.548  -44.263  18.442 0.0000000000
55278  33.907  -44.766  18.691 0.0000000000
55300  33.127  -44.176  18.724 0.0000000000
58897  31.418  -40.998  19.302 0.0000000000
56410  31.986  -43.690  20.250 0.0000000000
56432  31.996  -43.550  19.662 0.0000000000
55260  33.021  -44.612  20.092 0.0000000000
55240  32.686  -45.480  20.930 0.0000000000
56389  27.209  -43.353  22.029 0.0000000000
57612  27.603  -42.886  21.632 0.0000000000
56415  27.432  -43.512  21.255 0.0000000000
52822  28.589  -46.262  20.068 0.0000000000
52821  29.380  -46.322  20.395 0.0000000000
47900  30.212  -50.777  20.843 0.0000000000
47912  29.637  -50.151  20.294 0.0000000000
49087  31.584  -49.568  21.288 0.0000000000
51572  31.129  -47.697  21.767 0.0000000000
81897  46.035  -22.924  8.983 0.0000000000
80619  46.337  -23.133  8.708 0.0000000000
80606  46.363  -23.528  9.203 0.0000000000
73630  36.792  -29.260  16.220 0.0000000000
72390  36.393  -29.759  16.055 0.0000000000
71187  36.331  -31.029  14.964 0.0000000000
71209  36.794  -31.713  14.290 0.0000000000
71228  37.303  -31.957  13.686 0.0000000000
69948  37.334  -32.895  14.058 0.0000000000
64779  34.489  -35.834  20.783 0.0000000000
66114  34.407  -35.293  20.325 0.0000000000
67369  34.618  -34.739  18.558 0.0000000000
68659  34.549  -33.894  17.973 0.0000000000
68628  37.283  -34.576  18.456 0.0000000000
67366  36.851  -34.666  18.345 0.0000000000
68643  36.997  -34.332  18.075 0.0000000000
68675  35.457  -33.767  16.259 0.0000000000
68691  35.788  -33.581  15.708 0.0000000000
68688  38.598  -34.611  15.469 0.0000000000
68702  38.931  -34.614  14.523 0.0000000000
68701  39.859  -34.633  14.309 0.0000000000
68718  40.256  -34.199  13.385 0.0000000000
69918  41.713  -33.363  16.138 0.0000000000
55314  38.144  -44.006  17.943 0.0000000000
55313  38.524  -43.837  18.185 0.0000000000
56456  40.535  -42.789  19.261 0.0000000000
57658  39.914  -42.762  18.336 0.0000000000
57657  40.451  -42.303  18.668 0.0000000000
58906  40.986  -41.351  18.443 0.0000000000
58890  41.260  -41.749  19.050 0.0000000000
60053  42.476  -40.899  19.780 0.0000000000
60072  43.001  -40.071  19.398 0.0000000000
93628  54.801  -11.673  1.882 0.0000000000
94762  55.179  -11.141  2.025 0.0000000000
93627  55.334  -11.892  1.433 0.0000000000
92462  55.641  -12.795  1.445 0.0000000000
90157  52.489  -15.391  3.884 0.0000000000
91241  52.325  -14.237  3.753 0.0000000000
92410  52.566  -13.500  3.662 0.0000000000
91263  52.955  -14.152  3.433 0.0000000000
91262  53.686  -14.318  2.930 0.0000000000
92425  54.651  -13.846  2.362 0.0000000000
83142  48.090  -21.869  7.583 0.0000000000
80617  47.893  -23.583  8.502 0.0000000000
60103  37.100  -40.736  17.079 0.0000000000
60116  37.671  -40.292  16.555 0.0000000000
60117  37.203  -40.739  16.767 0.0000000000
85511  46.901  -19.476  8.917 0.0000000000
85524  47.561  -19.687  7.894 0.0000000000
31445  8.535  -63.513  36.450 0.0000000000
83091  41.810  -21.222  14.305 0.0000000000
83079  41.904  -21.511  15.048 0.0000000000
72458  38.812  -30.301  12.071 0.0000000000
72473  39.298  -30.476  11.439 0.0000000000
71251  39.472  -31.127  11.422 0.0000000000
69965  41.265  -33.549  12.868 0.0000000000
68717  41.280  -33.954  13.481 0.0000000000
44115  17.000  -53.233  26.718 0.0000000000
44090  17.226  -54.112  26.953 0.0000000000
42875  16.414  -54.553  27.262 0.0000000000
41638  13.982  -54.924  28.804 0.0000000000
40260  9.448  -55.940  36.072 0.0000000000
59997  31.208  -40.008  23.191 0.0000000000
60040  30.395  -39.937  21.584 0.0000000000
60041  29.504  -40.389  22.050 0.0000000000
58852  29.008  -41.181  21.556 0.0000000000
58876  28.420  -41.710  21.141 0.0000000000
45424  27.035  -53.762  22.942 0.0000000000
45401  27.543  -53.884  23.661 0.0000000000
68607  34.765  -33.363  21.062 0.0000000000
66097  42.098  -35.311  20.210 0.0000000000
66098  40.971  -35.098  20.189 0.0000000000
73661  38.376  -28.418  14.893 0.0000000000
45427  23.674  -53.465  22.275 0.0000000000
45402  23.318  -54.106  22.895 0.0000000000
45403  22.634  -53.049  23.135 0.0000000000
45404  21.941  -52.620  23.468 0.0000000000
46621  21.556  -52.202  23.666 0.0000000000
47826  19.459  -49.470  25.758 0.0000000000
47827  19.118  -49.879  26.013 0.0000000000
51573  26.605  -47.283  22.614 0.0000000000
49106  24.049  -49.024  21.379 0.0000000000
47905  23.647  -49.862  21.103 0.0000000000
46701  24.035  -50.714  21.102 0.0000000000
46677  25.051  -52.930  20.299 0.0000000000
45447  23.580  -52.729  21.639 0.0000000000
62454  36.687  -38.163  18.545 0.0000000000
62500  39.717  -38.213  15.724 0.0000000000
63662  39.386  -37.481  15.931 0.0000000000
63649  40.753  -37.808  16.208 0.0000000000
64829  41.040  -37.398  16.692 0.0000000000
64818  41.486  -37.048  17.326 0.0000000000
64817  41.984  -37.438  17.730 0.0000000000
63618  43.423  -37.866  19.137 0.0000000000
87880  48.084  -17.525  8.543 0.0000000000
89020  49.469  -15.967  8.848 0.0000000000
90132  50.024  -15.107  6.789 0.0000000000
87909  49.973  -17.503  5.604 0.0000000000
85535  52.699  -20.434  5.468 0.0000000000
85489  44.407  -20.010  10.606 0.0000000000
84318  44.503  -20.809  9.792 0.0000000000
84307  43.959  -20.579  10.353 0.0000000000
81855  41.388  -22.376  12.127 0.0000000000
80587  42.027  -22.576  11.561 0.0000000000
78133  39.962  -25.214  15.101 0.0000000000
79293  39.737  -24.509  14.491 0.0000000000
78149  39.489  -25.488  13.130 0.0000000000
74899  43.151  -28.636  10.445 0.0000000000
54057  34.771  -45.192  18.605 0.0000000000
54056  35.714  -45.272  18.761 0.0000000000
54040  36.144  -45.814  19.498 0.0000000000
54016  36.552  -46.352  20.165 0.0000000000
85436  44.949  -18.546  13.912 0.0000000000
85474  45.677  -19.034  11.471 0.0000000000
44110  22.606  -54.372  25.365 0.0000000000
42903  23.103  -54.776  25.844 0.0000000000
42904  22.177  -54.421  25.982 0.0000000000
42871  21.917  -55.010  26.729 0.0000000000
40374  15.179  -57.396  29.481 0.0000000000
39070  15.962  -57.601  30.608 0.0000000000
39071  15.239  -57.904  30.243 0.0000000000
39053  14.903  -58.319  31.237 0.0000000000
36409  13.226  -58.972  31.335 0.0000000000
42791  12.641  -53.658  31.025 0.0000000000
42792  12.268  -54.004  31.296 0.0000000000
42813  12.111  -54.343  30.991 0.0000000000
40308  10.339  -56.228  33.104 0.0000000000
37678  10.860  -58.573  32.026 0.0000000000
35105  10.670  -59.910  32.587 0.0000000000
35090  11.635  -60.924  33.174 0.0000000000
35076  9.710  -60.343  33.678 0.0000000000
57647  34.663  -42.120  19.586 0.0000000000
57679  34.108  -42.573  17.810 0.0000000000
57663  32.562  -42.337  18.231 0.0000000000
57634  30.044  -42.737  19.692 0.0000000000
56447  31.260  -42.893  19.383 0.0000000000
56434  30.740  -43.423  19.758 0.0000000000
56411  31.463  -43.787  20.551 0.0000000000
55220  32.415  -45.491  21.507 0.0000000000
55221  31.866  -45.342  21.166 0.0000000000
54022  27.458  -45.482  20.746 0.0000000000
55264  27.685  -44.909  20.663 0.0000000000
52823  27.778  -46.312  20.198 0.0000000000
50386  28.725  -47.769  19.695 0.0000000000
50385  29.411  -48.385  19.838 0.0000000000
47886  30.692  -51.120  21.673 0.0000000000
46672  30.898  -51.279  22.084 0.0000000000
80582  47.325  -23.907  10.721 0.0000000000
72373  35.725  -29.988  17.673 0.0000000000
72391  35.880  -30.051  16.467 0.0000000000
64811  34.471  -36.341  19.053 0.0000000000
66128  34.441  -35.482  19.312 0.0000000000
64825  34.882  -36.286  18.413 0.0000000000
67368  35.068  -35.121  17.928 0.0000000000
68642  38.327  -33.722  18.204 0.0000000000
68655  38.120  -33.949  17.332 0.0000000000
68673  37.267  -34.270  16.426 0.0000000000
68672  38.281  -34.455  16.500 0.0000000000
68686  40.526  -34.381  15.259 0.0000000000
68670  40.216  -33.939  16.061 0.0000000000
55275  39.255  -44.476  19.438 0.0000000000
55293  39.208  -43.934  18.879 0.0000000000
56444  40.058  -43.946  19.950 0.0000000000
56443  40.884  -43.228  19.880 0.0000000000
94748  54.443  -11.252  2.498 0.0000000000
90158  51.514  -15.352  4.686 0.0000000000
90178  55.350  -15.486  3.063 0.0000000000
90177  56.505  -15.719  3.146 0.0000000000
46654  22.179  -51.028  22.586 0.0000000000
49077  21.244  -49.223  23.659 0.0000000000
49089  24.227  -48.552  22.411 0.0000000000
49090  23.314  -48.994  22.108 0.0000000000
47888  22.565  -50.082  21.966 0.0000000000
83151  50.712  -21.850  7.264 0.0000000000
81908  50.546  -22.915  8.682 0.0000000000
62462  37.650  -38.782  17.931 0.0000000000
62474  37.805  -38.674  16.240 0.0000000000
62487  38.021  -38.589  15.785 0.0000000000
61308  38.173  -39.714  15.986 0.0000000000
60133  38.453  -39.693  15.747 0.0000000000
61324  39.036  -38.853  15.497 0.0000000000
61306  40.166  -39.415  16.264 0.0000000000
60100  40.859  -40.364  17.351 0.0000000000
86703  48.099  -17.992  9.737 0.0000000000
87869  48.127  -17.767  9.109 0.0000000000
87898  48.686  -17.386  7.168 0.0000000000
85522  49.101  -20.165  6.821 0.0000000000
84356  49.876  -20.744  6.701 0.0000000000
84286  42.120  -20.554  12.491 0.0000000000
83105  41.635  -21.276  12.562 0.0000000000
83092  41.461  -21.451  13.713 0.0000000000
74903  39.520  -28.495  11.697 0.0000000000
72470  42.122  -30.244  11.104 0.0000000000
71225  43.459  -31.698  12.792 0.0000000000
69962  43.275  -32.163  13.407 0.0000000000
71207  43.688  -32.067  13.962 0.0000000000
52820  35.251  -46.877  20.792 0.0000000000
52797  34.726  -47.093  21.364 0.0000000000
45340  19.963  -53.641  26.466 0.0000000000
44087  20.398  -53.997  26.706 0.0000000000
44068  18.970  -55.173  27.727 0.0000000000
42873  18.172  -55.428  27.192 0.0000000000
40397  15.605  -56.972  29.007 0.0000000000
41611  15.677  -56.501  28.354 0.0000000000
39085  13.873  -57.502  29.206 0.0000000000
40375  13.107  -57.465  29.464 0.0000000000
42771  10.063  -55.089  33.580 0.0000000000
41524  10.181  -55.948  33.477 0.0000000000
37630  8.966  -58.024  34.510 0.0000000000
37616  8.746  -57.622  35.286 0.0000000000
38974  9.106  -56.776  35.729 0.0000000000
60037  33.092  -40.250  20.207 0.0000000000
60056  32.907  -40.518  19.539 0.0000000000
60057  32.387  -40.274  19.909 0.0000000000
60058  31.521  -40.159  19.998 0.0000000000
58898  30.406  -40.888  19.564 0.0000000000
60080  29.979  -40.609  19.939 0.0000000000
57652  29.956  -41.836  19.696 0.0000000000
55244  30.287  -44.636  20.857 0.0000000000
47914  27.905  -51.059  19.447 0.0000000000
47901  28.888  -51.328  20.459 0.0000000000
46696  29.350  -51.734  21.284 0.0000000000
81853  46.101  -24.398  11.282 0.0000000000
67350  39.132  -34.811  19.361 0.0000000000
68606  38.879  -34.580  19.156 0.0000000000
66099  40.464  -34.965  20.234 0.0000000000
68626  39.357  -33.696  19.095 0.0000000000
69852  39.844  -33.437  19.125 0.0000000000
94719  53.094  -11.849  3.609 0.0000000000
87906  53.522  -18.399  4.355 0.0000000000
32654  6.943  -62.617  36.597 0.0000000000
79281  41.210  -24.257  15.737 0.0000000000
76014  39.261  -27.160  14.233 0.0000000000
74883  38.719  -28.760  12.923 0.0000000000
73691  38.598  -29.420  12.612 0.0000000000
71243  38.440  -31.717  12.569 0.0000000000
44165  26.062  -54.633  24.052 0.0000000000
44141  25.096  -54.689  24.605 0.0000000000
44168  22.889  -54.031  23.516 0.0000000000
44143  22.703  -54.070  24.516 0.0000000000
44112  21.145  -53.393  25.962 0.0000000000
45338  20.764  -53.249  26.006 0.0000000000
46636  21.292  -51.344  23.450 0.0000000000
46622  20.949  -51.832  24.252 0.0000000000
45382  20.314  -52.788  25.185 0.0000000000
45362  20.068  -52.773  25.615 0.0000000000
45363  19.377  -53.123  25.979 0.0000000000
45365  17.414  -52.672  26.566 0.0000000000
46612  17.628  -51.693  26.513 0.0000000000
45366  16.896  -52.660  26.826 0.0000000000
44116  16.620  -52.924  26.898 0.0000000000
57569  28.548  -41.773  23.515 0.0000000000
56388  27.657  -43.138  22.879 0.0000000000
55224  26.797  -44.601  22.351 0.0000000000
53999  27.026  -45.506  21.551 0.0000000000
49131  27.581  -48.831  19.147 0.0000000000
50372  25.932  -47.828  20.740 0.0000000000
49105  24.896  -49.005  20.557 0.0000000000
49104  25.409  -48.386  20.521 0.0000000000
50388  26.569  -48.323  19.790 0.0000000000
49117  27.207  -49.376  19.248 0.0000000000
46698  27.332  -51.980  20.423 0.0000000000
45444  26.784  -53.480  21.866 0.0000000000
66085  34.740  -35.138  22.397 0.0000000000
66101  34.874  -35.951  22.365 0.0000000000
64778  34.776  -36.524  21.185 0.0000000000
64794  34.719  -36.892  19.940 0.0000000000
64810  35.304  -36.865  18.719 0.0000000000
63630  37.264  -38.455  18.347 0.0000000000
63641  36.874  -37.478  17.857 0.0000000000
64841  38.874  -36.951  16.492 0.0000000000
64832  38.555  -36.633  16.974 0.0000000000
64822  37.343  -36.441  18.106 0.0000000000
66135  38.381  -35.814  18.238 0.0000000000
66136  37.790  -35.835  18.429 0.0000000000
66123  39.611  -35.719  18.774 0.0000000000
66122  40.606  -35.937  18.946 0.0000000000
66110  41.532  -35.619  19.132 0.0000000000
91233  50.611  -14.926  5.616 0.0000000000
90138  51.000  -15.438  5.288 0.0000000000
89065  51.344  -15.994  4.887 0.0000000000
89041  51.538  -16.854  4.861 0.0000000000
87929  52.310  -17.767  4.624 0.0000000000
87910  49.495  -17.669  6.055 0.0000000000
86744  50.421  -18.269  5.404 0.0000000000
86758  52.704  -18.373  4.494 0.0000000000
84329  46.067  -20.714  8.718 0.0000000000
83145  45.755  -21.214  8.702 0.0000000000
81898  45.473  -22.377  8.984 0.0000000000
81899  44.759  -21.932  9.436 0.0000000000
83116  42.796  -20.898  11.260 0.0000000000
83128  42.667  -21.476  11.104 0.0000000000
81885  42.869  -21.789  10.733 0.0000000000
81870  43.115  -22.489  10.648 0.0000000000
81854  45.659  -24.225  11.266 0.0000000000
80570  45.526  -24.443  11.453 0.0000000000
79323  45.957  -25.215  11.647 0.0000000000
78166  46.141  -25.951  11.487 0.0000000000
78167  45.189  -25.932  11.227 0.0000000000
81828  40.297  -23.001  14.022 0.0000000000
80546  39.468  -23.966  13.961 0.0000000000
80560  40.040  -23.552  13.482 0.0000000000
77151  39.972  -26.314  11.541 0.0000000000
78184  40.037  -25.688  11.624 0.0000000000
78183  40.480  -25.429  11.407 0.0000000000
78182  41.501  -25.722  10.910 0.0000000000
78181  42.493  -25.691  10.754 0.0000000000
76040  44.834  -27.677  10.461 0.0000000000
56478  35.815  -43.340  17.527 0.0000000000
56477  36.798  -43.101  17.201 0.0000000000
55315  37.126  -43.999  17.735 0.0000000000
55295  37.554  -44.794  18.661 0.0000000000
55276  38.359  -44.919  19.211 0.0000000000
85486  46.802  -18.783  10.819 0.0000000000
85487  46.230  -19.296  10.650 0.0000000000
42870  23.236  -55.235  26.705 0.0000000000
44065  20.855  -54.268  27.042 0.0000000000
45299  15.663  -51.376  28.862 0.0000000000
44050  14.866  -52.845  28.954 0.0000000000
44036  14.440  -52.323  29.741 0.0000000000
44070  14.609  -53.532  28.595 0.0000000000
41612  13.541  -54.638  29.160 0.0000000000
41639  13.588  -55.082  29.016 0.0000000000
41584  12.733  -54.603  30.061 0.0000000000
41613  13.136  -54.946  29.382 0.0000000000
40348  11.730  -56.597  30.427 0.0000000000
37710  12.533  -58.655  30.568 0.0000000000
36423  12.221  -59.051  30.651 0.0000000000
36410  12.592  -59.216  31.152 0.0000000000
36411  11.779  -59.382  31.258 0.0000000000
32685  11.281  -62.816  34.757 0.0000000000
32675  10.623  -63.025  34.975 0.0000000000
35077  9.417  -60.682  34.085 0.0000000000
33855  9.920  -61.664  34.158 0.0000000000
33839  10.182  -62.262  34.634 0.0000000000
36308  7.764  -58.675  37.088 0.0000000000
33807  7.363  -60.678  36.784 0.0000000000
60093  37.235  -40.937  17.697 0.0000000000
58919  36.897  -41.559  17.492 0.0000000000
56480  34.250  -43.263  17.794 0.0000000000
56459  34.331  -43.740  17.929 0.0000000000
54058  34.266  -44.956  18.660 0.0000000000
54042  34.049  -45.339  19.318 0.0000000000
58896  32.244  -41.326  18.820 0.0000000000
57649  32.130  -42.020  18.607 0.0000000000
56462  32.255  -43.069  18.665 0.0000000000
56446  31.841  -43.053  19.195 0.0000000000
56445  32.156  -43.715  19.022 0.0000000000
55280  32.751  -44.172  19.137 0.0000000000
54043  33.565  -44.955  19.763 0.0000000000
53996  33.394  -46.045  21.311 0.0000000000
58835  28.447  -41.698  22.474 0.0000000000
57611  27.994  -42.303  21.377 0.0000000000
55263  28.134  -44.368  20.567 0.0000000000
49115  29.356  -49.506  19.768 0.0000000000
50384  30.339  -48.455  20.425 0.0000000000
47899  30.892  -50.097  21.240 0.0000000000
51604  29.861  -47.736  20.293 0.0000000000
51589  30.467  -47.541  20.900 0.0000000000
52799  30.047  -46.566  20.959 0.0000000000
53997  30.530  -46.091  21.189 0.0000000000
52779  31.210  -47.018  22.309 0.0000000000
81912  46.332  -22.459  8.382 0.0000000000
80605  47.306  -23.828  9.244 0.0000000000
81852  46.973  -24.272  11.472 0.0000000000
74831  37.554  -28.461  16.598 0.0000000000
73663  37.342  -29.606  14.672 0.0000000000
72412  36.525  -30.046  15.560 0.0000000000
72431  37.114  -30.231  14.503 0.0000000000
69966  38.298  -32.714  12.873 0.0000000000
67338  34.605  -34.608  21.761 0.0000000000
67352  34.472  -34.364  20.722 0.0000000000
68629  34.280  -33.763  19.807 0.0000000000
69904  34.334  -33.215  18.387 0.0000000000
67360  36.342  -35.321  18.247 0.0000000000
67367  36.116  -34.948  18.028 0.0000000000
67378  35.416  -34.649  17.505 0.0000000000
68658  34.808  -34.072  16.961 0.0000000000
69921  34.911  -33.050  16.369 0.0000000000
71189  35.240  -32.308  15.810 0.0000000000
69934  35.704  -32.835  15.159 0.0000000000
69949  36.472  -32.919  14.561 0.0000000000
68704  37.030  -33.812  14.553 0.0000000000
68720  37.983  -33.289  13.551 0.0000000000
68699  41.632  -33.886  14.381 0.0000000000
68685  41.320  -33.935  15.216 0.0000000000
69933  42.136  -33.584  15.160 0.0000000000
56496  37.513  -42.633  16.963 0.0000000000
57675  38.071  -42.686  16.953 0.0000000000
56474  39.655  -43.021  18.162 0.0000000000
57673  39.753  -42.296  17.659 0.0000000000
57690  39.722  -41.841  16.938 0.0000000000
58917  40.545  -41.347  17.631 0.0000000000
60090  40.989  -40.671  18.045 0.0000000000
60089  41.674  -40.452  18.524 0.0000000000
56442  41.486  -43.219  20.160 0.0000000000
57642  42.021  -42.830  19.960 0.0000000000
58889  42.108  -41.575  19.657 0.0000000000
61274  42.412  -39.893  18.695 0.0000000000
61273  42.829  -39.497  19.154 0.0000000000
62439  43.345  -38.745  19.390 0.0000000000
93583  52.227  -12.945  4.495 0.0000000000
93586  52.578  -12.530  4.018 0.0000000000
93597  53.209  -12.232  3.369 0.0000000000
90180  53.309  -14.956  3.411 0.0000000000
93596  53.647  -12.508  2.811 0.0000000000
92446  54.174  -12.712  2.370 0.0000000000
92445  54.835  -13.323  1.945 0.0000000000
91280  55.447  -14.259  2.163 0.0000000000
39069  16.229  -57.482  30.737 0.0000000000
40417  16.829  -56.443  27.707 0.0000000000
40434  17.083  -56.404  27.597 0.0000000000
40435  16.824  -56.197  27.542 0.0000000000
41614  12.681  -55.278  29.624 0.0000000000
42793  11.811  -54.415  31.295 0.0000000000
42845  17.920  -55.996  27.268 0.0000000000
44140  26.166  -54.950  24.747 0.0000000000
46625  18.889  -51.363  25.545 0.0000000000
46655  21.766  -51.166  23.104 0.0000000000
46715  25.229  -50.634  19.780 0.0000000000
49102  30.667  -49.496  20.712 0.0000000000
49107  23.553  -49.454  21.527 0.0000000000
49114  29.948  -49.116  20.254 0.0000000000
49130  28.046  -49.049  18.961 0.0000000000
50397  28.459  -48.446  19.381 0.0000000000
51590  29.779  -47.080  20.499 0.0000000000
51606  28.326  -47.103  19.896 0.0000000000
51622  27.799  -48.032  19.442 0.0000000000
55245  27.548  -43.841  20.834 0.0000000000
55277  37.838  -45.280  19.285 0.0000000000
56458  39.156  -43.738  18.571 0.0000000000
56475  38.911  -43.388  18.016 0.0000000000
56495  37.820  -42.659  16.938 0.0000000000
57587  28.479  -41.720  22.792 0.0000000000
57589  27.480  -42.795  22.003 0.0000000000
57641  42.595  -42.345  20.241 0.0000000000
57664  32.069  -42.532  18.738 0.0000000000
58833  29.688  -40.489  23.091 0.0000000000
58868  42.622  -41.114  19.951 0.0000000000
58873  31.059  -40.617  19.676 0.0000000000
58874  30.851  -40.419  19.852 0.0000000000
58910  32.405  -41.800  18.509 0.0000000000
58918  40.119  -41.636  17.053 0.0000000000
60017  30.264  -40.098  22.820 0.0000000000
60077  32.636  -40.829  19.118 0.0000000000
60078  32.233  -40.681  19.352 0.0000000000
60081  29.818  -40.572  20.232 0.0000000000
60099  41.343  -40.078  17.964 0.0000000000
60132  38.859  -39.627  15.536 0.0000000000
61259  43.364  -39.561  19.646 0.0000000000
61283  42.542  -39.216  18.689 0.0000000000
61307  39.519  -39.227  15.765 0.0000000000
61325  38.378  -39.120  15.630 0.0000000000
61326  38.094  -38.896  15.728 0.0000000000
62452  42.833  -38.590  18.962 0.0000000000
62455  36.556  -37.965  18.614 0.0000000000
62461  42.098  -38.723  17.639 0.0000000000
62463  36.602  -38.005  18.352 0.0000000000
62484  40.096  -38.516  15.967 0.0000000000
62485  39.531  -38.615  15.712 0.0000000000
62501  39.304  -38.282  15.602 0.0000000000
62503  38.253  -38.692  15.645 0.0000000000
63642  36.784  -37.195  18.298 0.0000000000
63648  41.376  -37.873  16.748 0.0000000000
63661  39.942  -37.717  15.874 0.0000000000
63663  38.730  -37.457  16.004 0.0000000000
63676  39.588  -37.995  15.671 0.0000000000
63677  39.314  -37.861  15.663 0.0000000000
63678  38.995  -37.687  15.704 0.0000000000
64840  39.474  -37.104  16.329 0.0000000000
66086  34.546  -34.959  22.021 0.0000000000
66127  35.536  -36.260  18.283 0.0000000000
67323  34.672  -34.762  22.207 0.0000000000
67336  40.125  -34.793  20.173 0.0000000000
67351  34.793  -33.845  20.870 0.0000000000
67359  37.029  -34.983  18.581 0.0000000000
67377  35.963  -34.707  17.536 0.0000000000
68608  34.483  -33.556  20.500 0.0000000000
68625  40.021  -33.552  19.383 0.0000000000
68716  41.801  -33.679  13.813 0.0000000000
69877  38.929  -33.386  18.311 0.0000000000
69975  42.576  -32.187  12.546 0.0000000000
73629  37.459  -28.717  15.809 0.0000000000
73646  38.308  -28.239  15.200 0.0000000000
78179  45.317  -26.290  11.094 0.0000000000
81872  41.827  -22.144  11.649 0.0000000000
84266  42.278  -20.848  14.654 0.0000000000
84287  41.721  -20.780  12.959 0.0000000000
86671  46.142  -18.560  11.808 0.0000000000
86682  46.591  -18.656  11.587 0.0000000000
93587  52.332  -12.968  4.260 0.0000000000
94728  53.668  -11.487  3.215 0.0000000000
94763  54.819  -11.323  2.140 0.0000000000
95825  53.804  -10.977  3.464 0.0000000000
