#!ascii label  , from subject 3350 vox2ras=TkReg
574
89657  22.237  -16.262  -37.256 0.0000000000
98578  30.296  -8.677  -38.813 0.0000000000
109269  25.590  1.413  -37.648 0.0000000000
104730  20.997  -2.082  -39.598 0.0000000000
84941  23.852  -20.188  -35.487 0.0000000000
88464  27.512  -17.277  -36.408 0.0000000000
94166  25.327  -12.410  -40.148 0.0000000000
99631  22.742  -7.624  -41.051 0.0000000000
103552  27.771  -3.483  -37.740 0.0000000000
108171  33.145  0.462  -35.656 0.0000000000
114337  24.611  6.653  -38.402 0.0000000000
87309  23.314  -18.160  -36.815 0.0000000000
86094  25.553  -18.824  -36.034 0.0000000000
89654  24.512  -16.950  -38.308 0.0000000000
98562  21.417  -9.153  -39.190 0.0000000000
100592  20.367  -6.726  -38.311 0.0000000000
104717  23.810  -0.711  -39.924 0.0000000000
104727  24.617  -2.739  -39.513 0.0000000000
105850  27.475  -1.445  -37.577 0.0000000000
105827  30.134  -1.464  -35.779 0.0000000000
108159  29.044  1.409  -35.440 0.0000000000
115386  22.333  7.508  -38.731 0.0000000000
113369  21.987  5.162  -38.594 0.0000000000
117283  23.432  8.975  -39.470 0.0000000000
96377  27.390  -10.484  -39.755 0.0000000000
94152  27.790  -13.057  -38.780 0.0000000000
96357  30.728  -10.765  -38.449 0.0000000000
110317  23.713  1.763  -39.002 0.0000000000
100585  32.766  -6.513  -38.636 0.0000000000
92998  21.685  -13.509  -37.743 0.0000000000
91840  24.191  -14.621  -39.188 0.0000000000
95289  22.817  -11.619  -39.264 0.0000000000
96399  24.395  -10.465  -40.887 0.0000000000
98582  26.024  -7.972  -40.445 0.0000000000
102592  21.745  -4.569  -40.595 0.0000000000
101602  25.540  -5.583  -39.697 0.0000000000
100589  29.177  -6.273  -37.572 0.0000000000
102532  32.250  -4.761  -37.023 0.0000000000
112380  22.752  4.271  -39.502 0.0000000000
112357  25.490  4.593  -37.523 0.0000000000
148841  26.873  10.006  -37.465 0.0000000000
115347  28.416  7.303  -36.314 0.0000000000
112329  28.834  4.622  -35.270 0.0000000000
111330  31.983  3.721  -35.707 0.0000000000
91838  26.699  -14.744  -38.643 0.0000000000
90713  21.257  -15.410  -36.345 0.0000000000
89635  21.826  -16.445  -36.453 0.0000000000
88490  22.721  -17.205  -36.825 0.0000000000
88488  24.267  -17.582  -37.728 0.0000000000
89655  23.708  -16.873  -38.043 0.0000000000
108207  25.333  0.339  -38.305 0.0000000000
105852  25.641  -1.207  -38.329 0.0000000000
108191  26.663  0.476  -36.779 0.0000000000
108190  27.987  0.143  -36.377 0.0000000000
108175  27.386  0.976  -36.038 0.0000000000
117284  21.605  9.551  -39.314 0.0000000000
116332  22.124  8.696  -39.668 0.0000000000
117301  22.438  10.130  -40.573 0.0000000000
97473  28.670  -9.434  -39.117 0.0000000000
96359  29.229  -11.107  -38.876 0.0000000000
97472  29.920  -9.602  -39.074 0.0000000000
110318  22.570  1.003  -39.610 0.0000000000
110319  21.543  2.202  -38.859 0.0000000000
84942  23.021  -19.992  -35.387 0.0000000000
83781  23.276  -20.907  -35.336 0.0000000000
83779  25.192  -21.040  -34.925 0.0000000000
84939  25.998  -20.357  -35.239 0.0000000000
88465  26.565  -17.527  -36.759 0.0000000000
87276  27.253  -18.367  -35.470 0.0000000000
94154  21.787  -12.823  -38.266 0.0000000000
95271  21.638  -11.633  -38.076 0.0000000000
98583  22.300  -8.777  -40.459 0.0000000000
97499  22.901  -9.619  -40.599 0.0000000000
98604  23.636  -8.635  -41.174 0.0000000000
97496  25.267  -9.417  -40.835 0.0000000000
99629  24.737  -7.509  -40.564 0.0000000000
102554  20.291  -4.418  -38.431 0.0000000000
103603  21.377  -3.521  -40.311 0.0000000000
103568  26.117  -3.573  -38.933 0.0000000000
102573  24.874  -4.663  -39.744 0.0000000000
102571  26.236  -4.734  -38.672 0.0000000000
101600  26.909  -5.620  -38.660 0.0000000000
101582  28.368  -5.251  -37.684 0.0000000000
101558  30.533  -5.524  -37.169 0.0000000000
102535  29.377  -4.411  -37.127 0.0000000000
106991  31.471  -0.667  -35.407 0.0000000000
104675  32.585  -2.530  -36.070 0.0000000000
114347  24.024  6.356  -38.983 0.0000000000
113368  22.617  5.211  -39.443 0.0000000000
113366  24.469  5.445  -38.786 0.0000000000
111360  24.793  4.103  -38.917 0.0000000000
113358  25.206  5.462  -38.173 0.0000000000
114299  27.974  6.149  -35.638 0.0000000000
113325  30.324  5.466  -35.584 0.0000000000
112327  30.623  4.509  -35.397 0.0000000000
93023  24.508  -13.417  -39.861 0.0000000000
90743  25.243  -15.324  -39.000 0.0000000000
91850  26.264  -14.105  -39.399 0.0000000000
93008  29.276  -13.090  -38.211 0.0000000000
92996  29.008  -14.274  -37.989 0.0000000000
86084  22.407  -19.116  -35.862 0.0000000000
86083  23.440  -19.483  -36.014 0.0000000000
86081  25.318  -19.568  -35.730 0.0000000000
87292  24.473  -18.533  -36.787 0.0000000000
87306  25.354  -18.055  -37.130 0.0000000000
88486  26.147  -17.343  -37.654 0.0000000000
98535  20.493  -8.612  -37.324 0.0000000000
98585  21.093  -8.158  -39.233 0.0000000000
99612  21.288  -7.572  -39.495 0.0000000000
104729  22.736  -1.292  -40.274 0.0000000000
104737  23.080  -2.928  -40.164 0.0000000000
104716  24.249  -1.807  -39.343 0.0000000000
104701  25.960  -2.091  -38.192 0.0000000000
104700  27.124  -2.444  -38.065 0.0000000000
104698  29.229  -2.445  -36.670 0.0000000000
105848  29.126  -1.506  -36.534 0.0000000000
106993  29.360  -0.697  -35.728 0.0000000000
108157  30.396  0.861  -34.814 0.0000000000
113346  22.038  4.875  -36.088 0.0000000000
114338  21.919  6.337  -38.060 0.0000000000
115385  22.669  7.382  -39.297 0.0000000000
116311  24.427  7.724  -38.329 0.0000000000
95285  26.245  -11.544  -40.006 0.0000000000
94181  26.863  -12.920  -39.462 0.0000000000
94163  27.703  -12.008  -39.533 0.0000000000
94150  29.313  -12.308  -38.440 0.0000000000
107040  20.817  -0.715  -38.942 0.0000000000
148658  22.445  0.119  -40.289 0.0000000000
109288  24.034  0.867  -39.062 0.0000000000
109270  24.822  1.857  -38.045 0.0000000000
84921  26.587  -20.020  -35.228 0.0000000000
99585  31.451  -7.510  -38.254 0.0000000000
98558  31.838  -8.580  -38.522 0.0000000000
90731  22.028  -15.325  -37.472 0.0000000000
90746  22.649  -15.304  -38.091 0.0000000000
92997  22.304  -13.857  -38.144 0.0000000000
93025  23.071  -13.458  -39.225 0.0000000000
94168  23.600  -12.445  -40.073 0.0000000000
96360  22.204  -10.634  -38.957 0.0000000000
95288  23.367  -11.236  -39.912 0.0000000000
95286  25.413  -11.569  -40.567 0.0000000000
96378  26.254  -10.492  -40.262 0.0000000000
97475  26.664  -9.584  -40.109 0.0000000000
98580  27.624  -8.526  -39.050 0.0000000000
101605  20.982  -5.930  -39.550 0.0000000000
100628  22.313  -6.500  -41.000 0.0000000000
102606  23.167  -4.074  -40.562 0.0000000000
101618  23.342  -5.460  -40.987 0.0000000000
100626  23.921  -6.456  -40.754 0.0000000000
100605  26.147  -6.491  -39.577 0.0000000000
99606  27.768  -7.381  -38.686 0.0000000000
98561  29.230  -7.484  -38.421 0.0000000000
100587  31.122  -6.684  -37.761 0.0000000000
102550  31.893  -5.650  -37.535 0.0000000000
104696  31.356  -3.100  -36.261 0.0000000000
111375  23.653  2.945  -39.551 0.0000000000
111347  24.755  2.958  -38.574 0.0000000000
110298  25.869  2.553  -37.370 0.0000000000
148830  25.721  9.427  -37.740 0.0000000000
116309  26.258  8.205  -37.237 0.0000000000
117241  27.501  8.565  -37.043 0.0000000000
115349  26.570  7.244  -36.974 0.0000000000
113345  26.408  5.604  -36.778 0.0000000000
111316  26.839  4.167  -35.980 0.0000000000
110281  26.864  2.657  -36.141 0.0000000000
110266  28.804  2.924  -35.147 0.0000000000
110264  30.697  2.810  -34.709 0.0000000000
110262  32.491  2.070  -35.528 0.0000000000
89670  24.806  -16.129  -38.496 0.0000000000
89669  25.648  -16.304  -38.470 0.0000000000
89652  27.437  -16.278  -37.606 0.0000000000
93011  27.108  -14.203  -38.713 0.0000000000
91825  27.690  -15.099  -38.169 0.0000000000
90712  21.676  -15.735  -36.952 0.0000000000
89636  21.364  -16.069  -35.854 0.0000000000
89656  22.981  -16.656  -37.616 0.0000000000
109286  25.473  0.863  -38.125 0.0000000000
108192  25.876  0.320  -37.683 0.0000000000
108176  26.749  1.165  -36.396 0.0000000000
116333  21.855  9.455  -40.421 0.0000000000
83780  24.192  -20.990  -35.113 0.0000000000
84940  24.822  -20.309  -35.442 0.0000000000
88441  27.096  -17.763  -35.992 0.0000000000
88463  28.144  -17.179  -36.001 0.0000000000
94137  21.169  -12.319  -37.343 0.0000000000
95255  21.099  -11.284  -37.403 0.0000000000
99610  22.522  -8.194  -40.695 0.0000000000
98605  22.856  -8.793  -41.061 0.0000000000
98603  24.595  -8.527  -41.018 0.0000000000
99630  23.773  -7.544  -40.971 0.0000000000
103586  20.499  -3.445  -39.168 0.0000000000
103585  20.920  -2.916  -39.811 0.0000000000
103567  27.120  -3.585  -38.380 0.0000000000
102553  26.830  -4.267  -38.570 0.0000000000
103566  27.635  -3.977  -38.102 0.0000000000
102570  27.014  -4.936  -38.464 0.0000000000
102551  27.960  -4.324  -37.825 0.0000000000
102536  28.603  -4.307  -37.565 0.0000000000
106979  31.716  0.109  -35.227 0.0000000000
106990  32.570  -0.543  -35.411 0.0000000000
113367  23.640  5.448  -39.377 0.0000000000
114346  24.780  6.077  -38.510 0.0000000000
114336  25.298  6.384  -37.891 0.0000000000
114297  29.871  6.470  -35.849 0.0000000000
114296  30.558  6.123  -35.835 0.0000000000
113344  30.925  5.764  -35.894 0.0000000000
93022  25.275  -13.226  -39.922 0.0000000000
93035  25.879  -13.711  -39.753 0.0000000000
92994  30.422  -13.405  -37.966 0.0000000000
92995  29.561  -13.980  -38.064 0.0000000000
87293  22.623  -18.194  -36.379 0.0000000000
87277  22.121  -18.192  -35.842 0.0000000000
86097  23.160  -18.810  -36.485 0.0000000000
86111  23.514  -18.604  -36.648 0.0000000000
86096  23.903  -18.937  -36.639 0.0000000000
86110  23.697  -18.477  -36.775 0.0000000000
87307  24.730  -18.102  -37.254 0.0000000000
88487  25.237  -17.511  -37.794 0.0000000000
88466  25.824  -17.729  -37.171 0.0000000000
88509  25.828  -17.071  -38.263 0.0000000000
100575  20.119  -6.992  -37.479 0.0000000000
99575  20.582  -7.877  -37.962 0.0000000000
99590  20.675  -7.663  -38.929 0.0000000000
100609  20.770  -6.720  -39.209 0.0000000000
105868  24.554  -1.211  -39.274 0.0000000000
105851  26.419  -1.393  -37.895 0.0000000000
104702  25.440  -1.740  -38.506 0.0000000000
105849  28.388  -1.533  -36.916 0.0000000000
108174  28.702  0.667  -35.668 0.0000000000
106994  28.740  -0.329  -35.850 0.0000000000
108173  29.797  0.317  -35.393 0.0000000000
108172  30.264  0.260  -35.333 0.0000000000
108158  29.528  1.195  -35.194 0.0000000000
115373  22.401  7.608  -37.539 0.0000000000
114318  22.441  6.044  -36.834 0.0000000000
116331  23.128  8.257  -39.290 0.0000000000
115384  23.485  7.241  -39.138 0.0000000000
148832  24.260  8.396  -38.534 0.0000000000
95284  27.086  -11.397  -39.652 0.0000000000
95283  27.992  -11.416  -39.347 0.0000000000
96358  29.815  -10.712  -38.867 0.0000000000
95269  28.844  -11.569  -38.873 0.0000000000
95268  29.650  -11.613  -38.549 0.0000000000
94149  30.099  -12.387  -38.121 0.0000000000
107032  19.967  -0.754  -38.118 0.0000000000
107039  20.962  -0.070  -39.477 0.0000000000
107049  21.615  -0.593  -39.960 0.0000000000
148660  21.748  0.249  -39.853 0.0000000000
86080  26.457  -19.219  -35.328 0.0000000000
86058  27.309  -19.778  -34.835 0.0000000000
100586  31.936  -6.720  -38.231 0.0000000000
91811  21.271  -14.275  -36.373 0.0000000000
91828  21.634  -14.310  -37.191 0.0000000000
91827  22.178  -14.466  -37.832 0.0000000000
94153  22.272  -12.320  -38.780 0.0000000000
93013  22.647  -13.485  -38.731 0.0000000000
94169  22.939  -12.861  -39.347 0.0000000000
97435  21.224  -10.010  -38.217 0.0000000000
96361  21.625  -10.675  -38.434 0.0000000000
97454  22.127  -9.970  -39.303 0.0000000000
97498  23.593  -9.648  -41.072 0.0000000000
96380  23.209  -10.621  -39.983 0.0000000000
96400  23.607  -10.615  -40.476 0.0000000000
95301  24.496  -11.485  -40.653 0.0000000000
95300  24.909  -11.017  -40.839 0.0000000000
96379  25.847  -11.045  -40.560 0.0000000000
96398  25.285  -10.458  -40.793 0.0000000000
98602  25.648  -8.496  -40.623 0.0000000000
98601  26.184  -9.024  -40.310 0.0000000000
98581  26.537  -8.506  -39.956 0.0000000000
102575  20.901  -4.777  -39.772 0.0000000000
102574  21.552  -5.197  -40.246 0.0000000000
101604  21.437  -5.807  -40.102 0.0000000000
101620  21.876  -5.691  -40.652 0.0000000000
103584  23.527  -3.075  -40.081 0.0000000000
104750  23.100  -3.374  -40.334 0.0000000000
103583  24.120  -3.605  -39.930 0.0000000000
102589  24.189  -4.691  -40.278 0.0000000000
101603  24.797  -5.567  -40.144 0.0000000000
101635  23.912  -5.936  -40.783 0.0000000000
100607  24.661  -6.471  -40.323 0.0000000000
100606  25.405  -6.437  -39.969 0.0000000000
100590  28.261  -6.237  -38.034 0.0000000000
100604  26.811  -6.534  -38.881 0.0000000000
99589  28.228  -6.846  -38.416 0.0000000000
99605  28.625  -7.383  -38.495 0.0000000000
99588  28.878  -6.859  -38.249 0.0000000000
99587  29.677  -7.016  -38.200 0.0000000000
100588  30.178  -6.608  -37.711 0.0000000000
102533  31.462  -5.026  -36.923 0.0000000000
101557  31.218  -5.849  -37.499 0.0000000000
102549  32.557  -5.012  -37.664 0.0000000000
104678  29.907  -2.077  -36.225 0.0000000000
104697  30.316  -2.926  -36.329 0.0000000000
104677  30.750  -2.254  -36.022 0.0000000000
112370  21.412  4.309  -38.906 0.0000000000
112381  21.931  3.966  -39.552 0.0000000000
112382  21.623  3.405  -39.461 0.0000000000
111377  21.999  3.080  -39.733 0.0000000000
111376  22.984  3.328  -39.638 0.0000000000
111361  24.160  3.499  -39.205 0.0000000000
111346  25.184  3.557  -38.219 0.0000000000
110299  25.045  2.458  -38.017 0.0000000000
111333  25.904  3.594  -37.164 0.0000000000
148850  26.075  10.882  -38.007 0.0000000000
116310  24.757  8.212  -37.748 0.0000000000
117261  27.101  8.998  -37.270 0.0000000000
116287  28.773  8.448  -36.949 0.0000000000
116288  27.748  8.115  -36.766 0.0000000000
116289  27.025  7.848  -36.883 0.0000000000
115348  27.383  7.283  -36.545 0.0000000000
114335  26.185  6.417  -37.252 0.0000000000
114317  26.855  6.443  -36.416 0.0000000000
113327  28.385  5.444  -35.445 0.0000000000
112331  27.168  4.675  -35.833 0.0000000000
112330  27.900  4.597  -35.420 0.0000000000
111331  27.027  3.207  -35.957 0.0000000000
111315  27.376  3.707  -35.717 0.0000000000
110267  28.075  2.915  -35.631 0.0000000000
111314  28.381  3.757  -35.360 0.0000000000
111311  31.127  3.658  -35.269 0.0000000000
111312  30.237  3.818  -34.616 0.0000000000
110263  31.896  2.680  -35.332 0.0000000000
110279  32.459  3.158  -35.835 0.0000000000
90745  23.398  -15.288  -38.517 0.0000000000
90744  24.252  -15.286  -38.904 0.0000000000
91839  25.859  -14.930  -38.763 0.0000000000
90742  26.174  -15.622  -38.540 0.0000000000
89653  26.575  -16.650  -38.057 0.0000000000
90730  26.982  -15.730  -38.205 0.0000000000
93010  27.412  -13.646  -38.731 0.0000000000
90727  29.004  -15.237  -37.600 0.0000000000
91824  28.493  -14.711  -38.092 0.0000000000
90728  28.450  -15.670  -37.550 0.0000000000
87308  23.987  -18.208  -37.086 0.0000000000
88489  23.512  -17.465  -37.375 0.0000000000
107030  24.287  -0.158  -39.187 0.0000000000
107029  25.162  -0.375  -38.589 0.0000000000
107013  25.806  -0.498  -37.993 0.0000000000
107012  26.653  -0.524  -37.497 0.0000000000
107011  27.742  -0.530  -37.082 0.0000000000
109255  28.657  1.673  -35.511 0.0000000000
116313  22.279  8.684  -38.660 0.0000000000
116347  22.393  9.401  -40.269 0.0000000000
116346  22.888  9.025  -39.752 0.0000000000
96376  28.577  -10.527  -39.131 0.0000000000
96375  29.255  -10.067  -39.105 0.0000000000
97453  30.341  -10.291  -38.832 0.0000000000
148680  21.198  1.421  -38.348 0.0000000000
110335  22.563  2.436  -39.636 0.0000000000
86085  21.748  -19.370  -35.292 0.0000000000
84944  21.652  -19.914  -34.939 0.0000000000
84943  22.255  -19.922  -35.201 0.0000000000
83782  22.607  -20.634  -35.220 0.0000000000
83763  24.587  -21.844  -34.844 0.0000000000
83762  25.574  -21.784  -34.537 0.0000000000
83778  26.055  -21.103  -34.751 0.0000000000
87290  25.810  -18.157  -36.467 0.0000000000
86093  26.003  -18.528  -35.808 0.0000000000
87289  26.477  -18.177  -35.864 0.0000000000
92983  21.086  -13.208  -36.816 0.0000000000
95270  22.100  -11.384  -38.701 0.0000000000
97476  22.281  -9.624  -39.926 0.0000000000
97497  24.450  -9.545  -41.117 0.0000000000
103604  20.812  -3.754  -40.017 0.0000000000
102593  21.141  -4.150  -40.272 0.0000000000
103569  25.521  -3.125  -39.242 0.0000000000
103582  25.290  -3.679  -39.478 0.0000000000
102572  25.579  -4.767  -39.211 0.0000000000
101601  26.180  -5.639  -39.118 0.0000000000
101583  27.619  -5.495  -38.279 0.0000000000
101581  29.147  -5.534  -37.411 0.0000000000
100574  29.489  -5.796  -37.356 0.0000000000
102534  30.266  -4.713  -36.759 0.0000000000
103549  30.874  -3.969  -36.395 0.0000000000
105826  31.090  -1.506  -35.686 0.0000000000
104676  31.716  -2.347  -36.055 0.0000000000
105825  32.145  -1.695  -35.492 0.0000000000
105824  33.440  -1.923  -35.750 0.0000000000
114348  23.048  6.372  -39.603 0.0000000000
112369  23.480  4.515  -39.454 0.0000000000
111362  23.355  3.923  -39.481 0.0000000000
112368  24.309  4.633  -39.146 0.0000000000
112367  24.900  4.640  -38.456 0.0000000000
114315  28.310  6.667  -35.912 0.0000000000
114298  28.806  6.297  -35.715 0.0000000000
113326  29.335  5.483  -35.522 0.0000000000
112328  29.763  4.610  -35.207 0.0000000000
113324  31.011  5.142  -35.706 0.0000000000
91852  24.505  -14.271  -39.435 0.0000000000
90755  24.640  -14.880  -39.240 0.0000000000
90754  24.985  -14.743  -39.385 0.0000000000
91851  25.533  -14.298  -39.471 0.0000000000
93009  28.480  -13.678  -38.388 0.0000000000
86082  24.343  -19.601  -35.961 0.0000000000
86095  24.766  -19.030  -36.351 0.0000000000
87291  25.100  -18.458  -36.680 0.0000000000
89634  26.655  -17.177  -37.477 0.0000000000
97456  21.066  -9.387  -38.309 0.0000000000
98545  20.829  -8.829  -37.994 0.0000000000
98563  20.996  -8.713  -38.813 0.0000000000
99611  21.984  -7.647  -40.326 0.0000000000
105887  21.844  -1.382  -40.197 0.0000000000
104739  21.562  -2.367  -40.181 0.0000000000
104738  22.454  -2.145  -40.321 0.0000000000
104728  23.364  -2.077  -39.775 0.0000000000
105867  25.117  -1.148  -38.885 0.0000000000
104715  25.363  -2.313  -39.041 0.0000000000
104714  26.501  -2.814  -38.566 0.0000000000
104713  26.991  -2.992  -38.284 0.0000000000
103553  27.243  -3.127  -38.115 0.0000000000
103551  28.825  -3.467  -37.189 0.0000000000
104699  28.144  -2.462  -37.376 0.0000000000
104679  29.476  -1.858  -36.446 0.0000000000
105828  29.557  -1.447  -36.215 0.0000000000
107010  28.673  -0.708  -36.399 0.0000000000
107009  29.222  -1.089  -36.290 0.0000000000
106992  30.429  -0.438  -35.484 0.0000000000
106980  30.967  0.186  -35.261 0.0000000000
108156  31.287  0.877  -34.732 0.0000000000
114349  22.435  6.338  -38.985 0.0000000000
115371  24.275  7.198  -38.697 0.0000000000
115370  24.700  7.230  -37.925 0.0000000000
94165  26.059  -12.338  -39.913 0.0000000000
94182  26.487  -12.931  -39.601 0.0000000000
94164  27.097  -12.567  -39.421 0.0000000000
94151  28.315  -12.457  -38.896 0.0000000000
93007  29.774  -12.797  -38.162 0.0000000000
105879  20.724  -1.531  -38.973 0.0000000000
105878  21.339  -1.233  -39.559 0.0000000000
105886  22.275  -0.736  -40.295 0.0000000000
105877  22.880  -0.426  -40.308 0.0000000000
148657  21.704  0.804  -39.654 0.0000000000
148656  22.622  0.243  -40.194 0.0000000000
108208  24.637  0.359  -38.627 0.0000000000
109287  24.671  1.213  -38.345 0.0000000000
98559  30.859  -8.158  -38.440 0.0000000000
98577  31.097  -8.844  -38.710 0.0000000000
90732  21.527  -15.037  -36.896 0.0000000000
89673  22.525  -15.991  -37.847 0.0000000000
91842  22.855  -14.430  -38.284 0.0000000000
91841  23.559  -14.327  -38.894 0.0000000000
93014  22.038  -13.445  -38.283 0.0000000000
93012  23.236  -13.718  -39.081 0.0000000000
93024  23.645  -13.626  -39.465 0.0000000000
94167  24.534  -12.419  -40.359 0.0000000000
96341  21.185  -10.606  -37.809 0.0000000000
96381  22.716  -10.551  -39.621 0.0000000000
95302  23.868  -11.671  -40.413 0.0000000000
94184  24.203  -11.958  -40.557 0.0000000000
95287  24.960  -12.041  -40.622 0.0000000000
96397  25.682  -9.968  -40.637 0.0000000000
97474  27.573  -9.519  -39.550 0.0000000000
98579  28.999  -8.335  -38.662 0.0000000000
100593  19.990  -6.308  -37.679 0.0000000000
100608  21.352  -6.709  -39.895 0.0000000000
100629  21.768  -6.594  -40.584 0.0000000000
99632  22.074  -7.129  -40.922 0.0000000000
103602  22.174  -3.395  -40.631 0.0000000000
103621  22.711  -3.746  -40.561 0.0000000000
102591  22.769  -4.403  -40.794 0.0000000000
103600  23.837  -4.131  -40.354 0.0000000000
102590  23.582  -4.555  -40.686 0.0000000000
101619  22.509  -5.499  -41.015 0.0000000000
100627  23.150  -6.442  -41.062 0.0000000000
99609  25.201  -7.170  -40.086 0.0000000000
99608  25.970  -7.392  -40.022 0.0000000000
99607  26.697  -7.523  -39.246 0.0000000000
98560  29.944  -7.826  -38.479 0.0000000000
99586  30.545  -7.317  -38.125 0.0000000000
100572  30.602  -6.141  -37.483 0.0000000000
101580  31.721  -6.195  -37.804 0.0000000000
101579  32.337  -5.951  -38.090 0.0000000000
103550  29.780  -3.691  -36.619 0.0000000000
103548  32.011  -4.043  -36.442 0.0000000000
113374  21.956  4.696  -39.284 0.0000000000
110334  23.286  2.360  -39.567 0.0000000000
110333  23.890  2.597  -39.301 0.0000000000
110316  24.399  2.337  -38.610 0.0000000000
117300  23.569  9.964  -39.656 0.0000000000
118196  23.742  9.169  -39.190 0.0000000000
148835  24.911  10.303  -38.526 0.0000000000
148837  24.305  9.180  -38.529 0.0000000000
115369  25.595  7.278  -37.417 0.0000000000
113357  25.797  5.574  -37.450 0.0000000000
112356  25.958  4.968  -36.889 0.0000000000
113329  26.929  5.500  -36.089 0.0000000000
112344  26.619  4.685  -36.452 0.0000000000
112345  26.110  4.292  -36.869 0.0000000000
111332  26.593  3.647  -36.347 0.0000000000
110282  26.307  2.944  -36.726 0.0000000000
110297  26.436  2.294  -36.664 0.0000000000
109257  26.865  1.756  -36.219 0.0000000000
109256  27.773  1.961  -35.707 0.0000000000
109245  29.099  1.986  -35.066 0.0000000000
111313  29.240  3.833  -34.718 0.0000000000
110265  29.662  2.862  -34.704 0.0000000000
109244  30.029  1.882  -34.675 0.0000000000
109243  31.031  1.815  -34.640 0.0000000000
109242  31.946  1.606  -35.213 0.0000000000
109241  32.820  1.450  -35.542 0.0000000000
111329  32.446  3.596  -36.380 0.0000000000
110278  33.007  2.413  -36.378 0.0000000000
109254  33.409  1.278  -36.079 0.0000000000
89672  23.128  -16.117  -38.241 0.0000000000
89671  23.947  -16.158  -38.500 0.0000000000
88510  25.222  -16.876  -38.392 0.0000000000
89633  27.232  -17.009  -37.270 0.0000000000
93034  26.384  -13.540  -39.552 0.0000000000
93021  26.818  -13.963  -39.121 0.0000000000
91836  27.981  -14.133  -38.409 0.0000000000
91837  27.561  -14.439  -38.448 0.0000000000
91826  27.215  -15.266  -38.154 0.0000000000
90729  27.592  -15.640  -37.807 0.0000000000
89632  28.282  -16.599  -36.787 0.0000000000
97470  31.257  -9.206  -38.714 0.0000000000
97452  30.844  -10.043  -38.641 0.0000000000
89651  27.957  -16.072  -37.482 0.0000000000
91853  23.977  -14.225  -39.265 0.0000000000
91861  26.142  -13.875  -39.625 0.0000000000
91862  25.965  -14.044  -39.646 0.0000000000
93020  26.898  -13.326  -39.348 0.0000000000
93033  26.664  -13.184  -39.497 0.0000000000
94183  25.894  -13.036  -39.822 0.0000000000
94185  23.998  -12.173  -40.490 0.0000000000
96401  22.969  -10.180  -40.100 0.0000000000
97455  21.501  -9.761  -38.850 0.0000000000
97471  30.850  -9.325  -38.830 0.0000000000
97477  21.740  -9.447  -39.404 0.0000000000
97495  25.946  -9.496  -40.498 0.0000000000
98576  31.463  -9.060  -38.683 0.0000000000
98584  21.619  -8.639  -39.613 0.0000000000
99628  25.562  -7.708  -40.419 0.0000000000
100573  29.929  -6.000  -37.304 0.0000000000
100591  27.599  -6.356  -38.508 0.0000000000
100643  23.722  -6.086  -40.801 0.0000000000
100644  23.489  -6.035  -40.839 0.0000000000
101559  29.676  -5.307  -37.151 0.0000000000
101560  29.053  -4.962  -37.409 0.0000000000
101585  20.079  -5.902  -38.074 0.0000000000
101617  24.053  -5.599  -40.709 0.0000000000
101636  23.698  -5.808  -40.824 0.0000000000
102552  27.523  -4.545  -38.211 0.0000000000
102607  22.920  -3.990  -40.574 0.0000000000
103565  32.656  -4.328  -37.031 0.0000000000
103581  25.802  -4.179  -39.079 0.0000000000
103601  23.460  -3.671  -40.359 0.0000000000
103620  23.033  -3.677  -40.455 0.0000000000
104726  25.226  -2.956  -39.359 0.0000000000
104751  22.736  -3.219  -40.373 0.0000000000
106981  30.504  0.227  -35.314 0.0000000000
107041  20.349  -0.961  -38.499 0.0000000000
108155  32.268  0.662  -35.243 0.0000000000
108189  28.438  -0.137  -36.020 0.0000000000
109246  28.489  2.284  -35.452 0.0000000000
109268  26.327  1.592  -36.827 0.0000000000
110280  27.435  2.882  -35.854 0.0000000000
110336  21.935  2.321  -39.543 0.0000000000
111345  32.710  3.529  -37.242 0.0000000000
112326  31.370  4.457  -35.795 0.0000000000
113328  27.548  5.433  -35.578 0.0000000000
113373  22.274  4.565  -39.448 0.0000000000
114300  27.293  6.111  -35.781 0.0000000000
114313  30.897  6.525  -36.511 0.0000000000
114316  27.697  6.680  -36.082 0.0000000000
115335  29.072  6.912  -35.962 0.0000000000
115336  28.659  6.822  -35.939 0.0000000000
116308  27.147  8.350  -37.046 0.0000000000
116329  24.375  8.061  -38.385 0.0000000000
116330  24.060  7.922  -38.914 0.0000000000
116348  22.058  9.735  -40.556 0.0000000000
117282  23.807  8.637  -39.017 0.0000000000
117285  21.465  9.714  -40.233 0.0000000000
117302  21.857  10.069  -40.660 0.0000000000
