#!ascii label  , from subject 3350 vox2ras=TkReg
624
78716  23.729  -25.251  -32.603 0.1428571492
77626  23.426  -26.123  -32.439 0.1428571492
79947  22.875  -24.549  -33.685 0.1428571492
78715  24.780  -25.557  -32.007 0.1428571492
79946  23.814  -24.550  -33.169 0.2857142985
78736  22.424  -25.049  -33.371 0.1428571492
79922  24.490  -24.817  -32.571 0.1428571492
81260  24.176  -23.288  -34.187 0.5714285970
79945  24.891  -24.312  -33.072 0.1428571492
82513  25.804  -23.130  -33.946 0.2857142985
81241  26.313  -23.591  -33.446 0.2857142985
82533  27.115  -22.303  -34.253 0.1428571492
82512  26.737  -23.050  -33.949 0.2857142985
84919  27.892  -20.465  -34.479 0.2857142985
84920  26.893  -20.463  -34.858 0.1428571492
83777  26.654  -21.061  -34.649 0.2857142985
87274  28.840  -18.375  -34.848 0.2857142985
86078  28.500  -18.956  -34.693 0.2857142985
89612  28.543  -17.008  -35.959 0.2857142985
88440  27.790  -17.713  -35.694 0.2857142985
90710  29.468  -15.639  -37.029 0.2857142985
92995  29.561  -13.980  -38.064 0.8571428657
91823  29.506  -14.763  -37.486 0.4285714328
89631  29.307  -16.245  -36.361 0.2857142985
94136  30.938  -12.614  -37.812 0.7142857313
92994  30.422  -13.405  -37.966 0.7142857313
92996  29.008  -14.274  -37.989 0.7142857313
96340  32.062  -11.270  -37.644 0.8571428657
95253  31.663  -11.694  -37.656 0.5714285970
95267  30.613  -11.617  -38.056 0.8571428657
93007  29.774  -12.797  -38.162 0.7142857313
93008  29.276  -13.090  -38.211 0.7142857313
97449  33.733  -9.253  -38.196 0.4285714328
96356  31.591  -10.693  -37.972 0.7142857313
95266  31.127  -11.177  -38.009 0.8571428657
99627  34.484  -7.056  -40.981 0.2857142985
99603  34.378  -7.138  -39.701 0.5714285970
97450  32.717  -9.413  -38.298 0.8571428657
98556  34.043  -8.372  -38.430 0.7142857313
96355  32.509  -10.279  -37.954 0.8571428657
100641  34.114  -6.191  -41.428 0.1428571492
99639  34.437  -6.507  -41.876 0.1428571492
100624  34.066  -6.341  -40.508 0.4285714328
98557  33.043  -8.424  -38.494 0.5714285970
102588  33.584  -4.940  -41.062 0.1428571492
102625  33.243  -5.714  -42.772 0.1428571492
100642  33.773  -5.705  -41.171 0.1428571492
100625  33.717  -5.795  -40.162 0.4285714328
98558  31.838  -8.580  -38.522 0.8571428657
102587  34.170  -4.369  -40.585 0.1428571492
102604  34.407  -4.680  -41.724 0.1428571492
101616  33.508  -5.226  -40.597 0.1428571492
101578  33.014  -5.476  -38.835 0.4285714328
100603  33.422  -6.215  -39.366 0.5714285970
100585  32.766  -6.513  -38.636 0.7142857313
98559  30.859  -8.158  -38.440 0.8571428657
102568  34.215  -4.164  -39.927 0.1428571492
103579  34.427  -3.837  -39.224 0.1428571492
102569  33.611  -4.687  -39.720 0.1428571492
102548  33.331  -4.724  -38.468 0.5714285970
99584  32.435  -7.517  -38.444 0.8571428657
100586  31.936  -6.720  -38.231 0.8571428657
103562  34.944  -3.228  -38.595 0.1428571492
104711  34.815  -2.882  -37.844 0.2857142985
103580  33.861  -4.223  -38.619 0.1428571492
103564  33.454  -4.004  -37.552 0.8571428657
102550  31.893  -5.650  -37.535 0.8571428657
105847  34.063  -2.027  -36.488 0.1428571492
105846  34.710  -1.461  -36.998 0.1428571492
104712  34.145  -3.200  -37.426 0.4285714328
104695  32.338  -3.078  -36.405 0.8571428657
103548  32.011  -4.043  -36.442 0.8571428657
102533  31.462  -5.026  -36.923 0.8571428657
101557  31.218  -5.849  -37.499 0.8571428657
102532  32.250  -4.761  -37.023 0.8571428657
103549  30.874  -3.969  -36.395 0.8571428657
105823  34.095  -1.309  -36.229 0.1428571492
106989  33.643  -0.556  -35.864 0.2857142985
105824  33.440  -1.923  -35.750 0.5714285970
105825  32.145  -1.695  -35.492 0.8571428657
104675  32.585  -2.530  -36.070 0.8571428657
104676  31.716  -2.347  -36.055 0.8571428657
104696  31.356  -3.100  -36.261 0.8571428657
104677  30.750  -2.254  -36.022 0.8571428657
108171  33.145  0.462  -35.656 0.2857142985
106979  31.716  0.109  -35.227 0.7142857313
106990  32.570  -0.543  -35.411 0.5714285970
106991  31.471  -0.667  -35.407 0.8571428657
105827  30.134  -1.464  -35.779 0.8571428657
105828  29.557  -1.447  -36.215 0.8571428657
104697  30.316  -2.926  -36.329 0.8571428657
106980  30.967  0.186  -35.261 0.8571428657
108172  30.264  0.260  -35.333 0.8571428657
106994  28.740  -0.329  -35.850 0.7142857313
107009  29.222  -1.089  -36.290 0.7142857313
108157  30.396  0.861  -34.814 0.8571428657
108158  29.528  1.195  -35.194 0.8571428657
106993  29.360  -0.697  -35.728 0.8571428657
108159  29.044  1.409  -35.440 0.8571428657
109245  29.099  1.986  -35.066 0.8571428657
108174  28.702  0.667  -35.668 0.7142857313
111312  30.237  3.818  -34.616 0.7142857313
110265  29.662  2.862  -34.704 0.8571428657
111313  29.240  3.833  -34.718 0.8571428657
111314  28.381  3.757  -35.360 0.8571428657
113327  28.385  5.444  -35.445 0.7142857313
108173  29.797  0.317  -35.393 0.8571428657
110266  28.804  2.924  -35.147 0.8571428657
114344  31.569  6.350  -38.413 0.1428571492
112328  29.763  4.610  -35.207 0.8571428657
112329  28.834  4.622  -35.270 0.7142857313
113326  29.335  5.483  -35.522 0.7142857313
114345  30.931  6.971  -38.675 0.1428571492
114297  29.871  6.470  -35.849 0.5714285970
115346  29.516  7.401  -36.408 0.5714285970
115347  28.416  7.303  -36.314 0.5714285970
116285  30.369  7.881  -36.986 0.1428571492
115403  30.390  7.625  -40.030 0.1428571492
116287  28.773  8.448  -36.949 0.5714285970
117307  30.202  8.788  -39.830 0.1428571492
117308  29.855  9.337  -40.207 0.1428571492
116306  29.573  8.895  -37.663 0.1428571492
117317  29.520  9.176  -41.557 0.1428571492
117299  29.777  9.633  -39.174 0.1428571492
119093  29.301  10.789  -41.610 0.1428571492
118210  29.230  10.456  -39.394 0.1428571492
77606  23.254  -26.896  -32.129 0.1428571492
79944  25.859  -24.123  -32.899 0.2857142985
81242  25.331  -23.584  -33.480 0.2857142985
83760  27.403  -21.354  -34.455 0.2857142985
89632  28.282  -16.599  -36.787 0.2857142985
91822  30.401  -14.360  -37.492 0.4285714328
90727  29.004  -15.237  -37.600 0.5714285970
96338  33.127  -10.869  -37.691 0.2857142985
98555  34.658  -8.536  -38.804 0.1428571492
97452  30.844  -10.043  -38.641 0.8571428657
99583  33.599  -7.290  -38.801 0.7142857313
103599  34.696  -3.685  -40.114 0.1428571492
102549  32.557  -5.012  -37.664 0.8571428657
101580  31.721  -6.195  -37.804 0.8571428657
108156  31.287  0.877  -34.732 0.8571428657
110264  30.697  2.810  -34.709 0.8571428657
112327  30.623  4.509  -35.397 0.8571428657
113325  30.324  5.466  -35.584 0.7142857313
114314  30.140  6.950  -36.373 0.2857142985
116305  30.308  8.157  -37.495 0.1428571492
116345  30.334  8.329  -39.492 0.1428571492
77607  22.613  -27.111  -32.222 0.1428571492
81259  24.827  -23.274  -33.835 0.4285714328
82534  26.130  -22.453  -34.255 0.2857142985
82514  25.245  -23.147  -33.852 0.4285714328
84918  29.029  -20.324  -34.339 0.2857142985
86079  27.597  -18.997  -34.863 0.2857142985
86058  27.309  -19.778  -34.835 0.2857142985
87275  28.134  -18.364  -35.202 0.2857142985
102605  33.991  -5.713  -42.031 0.1428571492
103619  34.778  -3.841  -40.904 0.1428571492
104693  34.512  -2.502  -37.043 0.2857142985
104692  35.236  -2.185  -37.498 0.1428571492
103547  32.830  -3.694  -36.752 0.8571428657
100587  31.122  -6.684  -37.761 0.8571428657
99586  30.545  -7.317  -38.125 1.0000000000
106988  34.352  -0.440  -36.602 0.1428571492
108170  33.803  0.456  -36.365 0.1428571492
109241  32.820  1.450  -35.542 0.2857142985
105848  29.126  -1.506  -36.534 0.8571428657
109242  31.946  1.606  -35.213 0.5714285970
111311  31.127  3.658  -35.269 0.5714285970
114296  30.558  6.123  -35.835 0.4285714328
113343  31.467  5.318  -36.366 0.2857142985
114312  31.569  5.924  -36.785 0.2857142985
114334  31.026  6.839  -37.692 0.1428571492
115368  30.671  7.469  -37.177 0.1428571492
115383  30.614  7.591  -38.071 0.1428571492
117259  28.975  9.486  -37.709 0.2857142985
115395  30.545  7.631  -39.052 0.1428571492
117280  29.395  9.867  -38.313 0.1428571492
118195  28.938  10.538  -38.636 0.1428571492
116356  30.144  8.360  -40.259 0.1428571492
118218  29.261  10.495  -40.854 0.1428571492
119094  28.764  11.439  -41.325 0.1428571492
110262  32.491  2.070  -35.528 0.4285714328
110279  32.459  3.158  -35.835 0.4285714328
111330  31.983  3.721  -35.707 0.4285714328
112343  31.928  4.364  -36.351 0.4285714328
113324  31.011  5.142  -35.706 0.5714285970
113344  30.925  5.764  -35.894 0.5714285970
78735  23.186  -24.987  -33.119 0.1428571492
78717  22.767  -25.545  -32.862 0.1428571492
77627  22.318  -26.477  -32.563 0.1428571492
81244  23.514  -23.902  -33.913 0.4285714328
81243  24.417  -23.817  -33.614 0.5714285970
86057  28.207  -19.661  -34.558 0.2857142985
99582  34.433  -7.839  -38.902 0.5714285970
99604  33.869  -6.731  -39.372 0.5714285970
101599  33.433  -5.414  -39.739 0.1428571492
103563  34.343  -3.627  -38.177 0.5714285970
101579  32.337  -5.951  -38.090 0.8571428657
104694  33.444  -2.881  -36.655 0.8571428657
105826  31.090  -1.506  -35.686 0.8571428657
104678  29.907  -2.077  -36.225 0.8571428657
106992  30.429  -0.438  -35.484 0.8571428657
109243  31.031  1.815  -34.640 0.8571428657
109244  30.029  1.882  -34.675 0.8571428657
115404  30.122  7.724  -40.818 0.1428571492
116307  28.855  9.084  -37.466 0.4285714328
116327  30.350  8.585  -38.460 0.1428571492
116357  29.825  8.399  -41.052 0.1428571492
116328  29.966  9.252  -38.203 0.1428571492
83759  28.545  -21.258  -34.155 0.1428571492
110263  31.896  2.680  -35.332 0.5714285970
82535  25.018  -22.648  -34.201 0.4285714328
87276  27.253  -18.367  -35.470 0.5714285970
117281  28.801  9.943  -37.793 0.1428571492
86093  26.003  -18.528  -35.808 0.5714285970
86094  25.553  -18.824  -36.034 0.5714285970
86082  24.343  -19.601  -35.961 0.2857142985
88465  26.565  -17.527  -36.759 0.5714285970
87290  25.810  -18.157  -36.467 0.5714285970
84941  23.852  -20.188  -35.487 0.4285714328
86083  23.440  -19.483  -36.014 0.2857142985
87292  24.473  -18.533  -36.787 0.4285714328
89634  26.655  -17.177  -37.477 0.5714285970
88466  25.824  -17.729  -37.171 0.5714285970
88487  25.237  -17.511  -37.794 0.4285714328
89652  27.437  -16.278  -37.606 0.5714285970
88486  26.147  -17.343  -37.654 0.4285714328
90729  27.592  -15.640  -37.807 0.7142857313
90730  26.982  -15.730  -38.205 0.4285714328
91825  27.690  -15.099  -38.169 0.4285714328
87291  25.100  -18.458  -36.680 0.4285714328
86110  23.697  -18.477  -36.775 0.2857142985
86111  23.514  -18.604  -36.648 0.2857142985
88509  25.828  -17.071  -38.263 0.4285714328
90728  28.450  -15.670  -37.550 0.7142857313
91836  27.981  -14.133  -38.409 0.7142857313
93021  26.818  -13.963  -39.121 0.4285714328
94152  27.790  -13.057  -38.780 0.7142857313
94181  26.863  -12.920  -39.462 0.5714285970
94164  27.097  -12.567  -39.421 0.7142857313
93009  28.480  -13.678  -38.388 0.5714285970
93010  27.412  -13.646  -38.731 0.7142857313
95269  28.844  -11.569  -38.873 0.7142857313
95283  27.992  -11.416  -39.347 0.7142857313
96376  28.577  -10.527  -39.131 0.7142857313
96377  27.390  -10.484  -39.755 0.7142857313
95284  27.086  -11.397  -39.652 0.4285714328
97474  27.573  -9.519  -39.550 0.4285714328
94149  30.099  -12.387  -38.121 0.5714285970
94150  29.313  -12.308  -38.440 0.5714285970
95268  29.650  -11.613  -38.549 0.5714285970
96359  29.229  -11.107  -38.876 0.5714285970
96375  29.255  -10.067  -39.105 0.7142857313
97473  28.670  -9.434  -39.117 0.7142857313
98579  28.999  -8.335  -38.662 0.7142857313
98580  27.624  -8.526  -39.050 0.5714285970
99606  27.768  -7.381  -38.686 0.5714285970
97451  31.632  -9.583  -38.498 0.7142857313
97472  29.920  -9.602  -39.074 0.5714285970
97453  30.341  -10.291  -38.832 0.5714285970
98560  29.944  -7.826  -38.479 0.8571428657
97475  26.664  -9.584  -40.109 0.4285714328
98561  29.230  -7.484  -38.421 0.7142857313
99605  28.625  -7.383  -38.495 0.7142857313
99588  28.878  -6.859  -38.249 0.7142857313
99589  28.228  -6.846  -38.416 0.7142857313
97470  31.257  -9.206  -38.714 0.5714285970
99587  29.677  -7.016  -38.200 0.8571428657
100589  29.177  -6.273  -37.572 0.7142857313
100590  28.261  -6.237  -38.034 0.5714285970
102570  27.014  -4.936  -38.464 0.2857142985
99585  31.451  -7.510  -38.254 0.7142857313
100588  30.178  -6.608  -37.711 0.7142857313
103552  27.771  -3.483  -37.740 0.7142857313
100574  29.489  -5.796  -37.356 0.8571428657
101581  29.147  -5.534  -37.411 0.8571428657
103550  29.780  -3.691  -36.619 0.8571428657
102551  27.960  -4.324  -37.825 0.5714285970
102536  28.603  -4.307  -37.565 0.8571428657
103551  28.825  -3.467  -37.189 0.8571428657
103553  27.243  -3.127  -38.115 0.7142857313
101558  30.533  -5.524  -37.169 0.8571428657
102535  29.377  -4.411  -37.127 0.8571428657
104699  28.144  -2.462  -37.376 0.8571428657
104698  29.229  -2.445  -36.670 0.8571428657
104679  29.476  -1.858  -36.446 0.8571428657
105849  28.388  -1.533  -36.916 0.7142857313
109255  28.657  1.673  -35.511 0.7142857313
108175  27.386  0.976  -36.038 0.7142857313
109256  27.773  1.961  -35.707 0.5714285970
108176  26.749  1.165  -36.396 0.7142857313
109257  26.865  1.756  -36.219 0.7142857313
110267  28.075  2.915  -35.631 0.7142857313
111315  27.376  3.707  -35.717 0.8571428657
111316  26.839  4.167  -35.980 0.7142857313
110282  26.307  2.944  -36.726 0.7142857313
112356  25.958  4.968  -36.889 0.7142857313
113357  25.797  5.574  -37.450 0.7142857313
112357  25.490  4.593  -37.523 0.5714285970
112331  27.168  4.675  -35.833 0.7142857313
113345  26.408  5.604  -36.778 0.7142857313
113358  25.206  5.462  -38.173 0.5714285970
114335  26.185  6.417  -37.252 0.4285714328
114336  25.298  6.384  -37.891 0.5714285970
113329  26.929  5.500  -36.089 0.5714285970
113366  24.469  5.445  -38.786 0.5714285970
115349  26.570  7.244  -36.974 0.5714285970
114337  24.611  6.653  -38.402 0.5714285970
114346  24.780  6.077  -38.510 0.4285714328
113367  23.640  5.448  -39.377 0.5714285970
115371  24.275  7.198  -38.697 0.5714285970
114347  24.024  6.356  -38.983 0.5714285970
115369  25.595  7.278  -37.417 0.5714285970
114348  23.048  6.372  -39.603 0.4285714328
112380  22.752  4.271  -39.502 0.4285714328
115384  23.485  7.241  -39.138 0.5714285970
115386  22.333  7.508  -38.731 0.4285714328
115385  22.669  7.382  -39.297 0.2857142985
114338  21.919  6.337  -38.060 0.2857142985
86081  25.318  -19.568  -35.730 0.5714285970
84940  24.822  -20.309  -35.442 0.5714285970
88464  27.512  -17.277  -36.408 0.2857142985
88441  27.096  -17.763  -35.992 0.4285714328
88463  28.144  -17.179  -36.001 0.2857142985
87307  24.730  -18.102  -37.254 0.4285714328
89653  26.575  -16.650  -38.057 0.5714285970
87308  23.987  -18.208  -37.086 0.2857142985
88488  24.267  -17.582  -37.728 0.2857142985
91838  26.699  -14.744  -38.643 0.5714285970
92993  31.625  -13.396  -37.631 0.2857142985
93035  25.879  -13.711  -39.753 0.2857142985
100572  30.602  -6.141  -37.483 0.8571428657
101582  28.368  -5.251  -37.684 0.7142857313
108190  27.987  0.143  -36.377 0.7142857313
112345  26.110  4.292  -36.869 0.7142857313
112367  24.900  4.640  -38.456 0.5714285970
113368  22.617  5.211  -39.443 0.2857142985
114299  27.974  6.149  -35.638 0.5714285970
114317  26.855  6.443  -36.416 0.5714285970
114315  28.310  6.667  -35.912 0.5714285970
115348  27.383  7.283  -36.545 0.5714285970
115370  24.700  7.230  -37.925 0.5714285970
116311  24.427  7.724  -38.329 0.2857142985
89669  25.648  -16.304  -38.470 0.4285714328
96357  30.728  -10.765  -38.449 0.7142857313
98577  31.097  -8.844  -38.710 0.7142857313
102534  30.266  -4.713  -36.759 0.7142857313
112330  27.900  4.597  -35.420 0.8571428657
91824  28.493  -14.711  -38.092 0.5714285970
105850  27.475  -1.445  -37.577 0.7142857313
87289  26.477  -18.177  -35.864 0.5714285970
86080  26.457  -19.219  -35.328 0.4285714328
86095  24.766  -19.030  -36.351 0.5714285970
86096  23.903  -18.937  -36.639 0.4285714328
87306  25.354  -18.055  -37.130 0.4285714328
83780  24.192  -20.990  -35.113 0.5714285970
89633  27.232  -17.009  -37.270 0.5714285970
89654  24.512  -16.950  -38.308 0.4285714328
91826  27.215  -15.266  -38.154 0.5714285970
91837  27.561  -14.439  -38.448 0.5714285970
93011  27.108  -14.203  -38.713 0.7142857313
93034  26.384  -13.540  -39.552 0.4285714328
91850  26.264  -14.105  -39.399 0.4285714328
94151  28.315  -12.457  -38.896 0.7142857313
94182  26.487  -12.931  -39.601 0.2857142985
94163  27.703  -12.008  -39.533 0.7142857313
96358  29.815  -10.712  -38.867 0.5714285970
98578  30.296  -8.677  -38.813 0.5714285970
99607  26.697  -7.523  -39.246 0.2857142985
101583  27.619  -5.495  -38.279 0.5714285970
101600  26.909  -5.620  -38.660 0.2857142985
110281  26.864  2.657  -36.141 0.7142857313
111331  27.027  3.207  -35.957 0.7142857313
112344  26.619  4.685  -36.452 0.8571428657
114349  22.435  6.338  -38.985 0.4285714328
89670  24.806  -16.129  -38.496 0.4285714328
81245  22.538  -23.787  -34.108 0.4285714328
87273  29.586  -18.223  -34.825 0.1428571492
88439  28.747  -17.661  -35.473 0.1428571492
88438  29.820  -17.555  -35.380 0.1428571492
91810  29.897  -15.167  -36.957 0.1428571492
91809  30.416  -14.962  -37.018 0.1428571492
89610  30.037  -16.750  -35.723 0.1428571492
90708  31.230  -15.352  -36.524 0.1428571492
89630  30.201  -16.104  -36.242 0.1428571492
91808  31.051  -14.842  -37.141 0.1428571492
94134  32.608  -12.432  -37.679 0.2857142985
95251  33.113  -11.445  -37.667 0.1428571492
107010  28.673  -0.708  -36.399 0.5714285970
119955  28.693  12.353  -43.453 0.1428571492
119951  28.597  12.409  -42.097 0.1428571492
148858  28.388  10.935  -38.937 0.1428571492
108191  26.663  0.476  -36.779 0.4285714328
109269  25.590  1.413  -37.648 0.4285714328
148848  25.364  11.072  -39.082 0.2857142985
148830  25.721  9.427  -37.740 0.2857142985
116309  26.258  8.205  -37.237 0.2857142985
109288  24.034  0.867  -39.062 0.1428571492
110298  25.869  2.553  -37.370 0.5714285970
111332  26.593  3.647  -36.347 0.5714285970
118196  23.742  9.169  -39.190 0.2857142985
116289  27.025  7.848  -36.883 0.4285714328
110316  24.399  2.337  -38.610 0.4285714328
111346  25.184  3.557  -38.219 0.5714285970
148837  24.305  9.180  -38.529 0.2857142985
111375  23.653  2.945  -39.551 0.4285714328
111361  24.160  3.499  -39.205 0.2857142985
116331  23.128  8.257  -39.290 0.1428571492
148832  24.260  8.396  -38.534 0.1428571492
117283  23.432  8.975  -39.470 0.1428571492
111376  22.984  3.328  -39.638 0.1428571492
112369  23.480  4.515  -39.454 0.4285714328
116332  22.124  8.696  -39.668 0.1428571492
116347  22.393  9.401  -40.269 0.1428571492
117301  22.438  10.130  -40.573 0.1428571492
114318  22.441  6.044  -36.834 0.1428571492
116333  21.855  9.455  -40.421 0.1428571492
116313  22.279  8.684  -38.660 0.1428571492
117284  21.605  9.551  -39.314 0.1428571492
116312  22.666  8.867  -37.851 0.1428571492
81261  23.256  -23.179  -34.372 0.4285714328
82537  22.998  -22.378  -34.687 0.2857142985
89629  31.070  -16.082  -36.230 0.1428571492
91821  31.451  -14.298  -37.346 0.1428571492
107012  26.653  -0.524  -37.497 0.2857142985
114298  28.806  6.297  -35.715 0.4285714328
117261  27.101  8.998  -37.270 0.2857142985
117300  23.569  9.964  -39.656 0.2857142985
148850  26.075  10.882  -38.007 0.2857142985
117311  22.168  10.681  -41.051 0.2857142985
82538  22.274  -22.163  -34.371 0.2857142985
82532  28.145  -22.188  -34.208 0.1428571492
86056  28.963  -19.523  -34.536 0.1428571492
86077  29.305  -18.937  -34.563 0.1428571492
95252  32.575  -11.692  -37.619 0.1428571492
110317  23.713  1.763  -39.002 0.2857142985
111360  24.793  4.103  -38.917 0.5714285970
116288  27.748  8.115  -36.766 0.4285714328
148845  24.807  10.981  -39.083 0.2857142985
148831  25.407  10.908  -38.817 0.2857142985
148841  26.873  10.006  -37.465 0.2857142985
148857  27.584  11.757  -39.332 0.1428571492
148865  27.274  12.002  -39.372 0.1428571492
118219  28.200  11.712  -39.778 0.1428571492
118198  21.405  10.306  -39.827 0.2857142985
117310  22.949  10.987  -40.653 0.2857142985
148849  28.419  10.562  -38.096 0.1428571492
95265  33.785  -11.394  -37.999 0.2857142985
117240  27.880  8.786  -37.019 0.4285714328
148852  25.876  11.324  -39.307 0.2857142985
148840  27.375  10.608  -37.814 0.2857142985
94135  31.777  -12.615  -37.681 0.4285714328
117241  27.501  8.565  -37.043 0.2857142985
117260  28.144  9.585  -37.450 0.2857142985
108192  25.876  0.320  -37.683 0.4285714328
110297  26.436  2.294  -36.664 0.5714285970
107011  27.742  -0.530  -37.082 0.5714285970
111333  25.904  3.594  -37.164 0.5714285970
116310  24.757  8.212  -37.748 0.2857142985
90709  30.347  -15.477  -36.559 0.1428571492
88437  30.831  -17.498  -35.397 0.1428571492
90726  31.641  -14.949  -36.791 0.1428571492
148835  24.911  10.303  -38.526 0.2857142985
109270  24.822  1.857  -38.045 0.2857142985
110299  25.045  2.458  -38.017 0.4285714328
116346  22.888  9.025  -39.752 0.1428571492
111347  24.755  2.958  -38.574 0.4285714328
110333  23.890  2.597  -39.301 0.2857142985
111362  23.355  3.923  -39.481 0.4285714328
81262  22.422  -22.914  -34.266 0.2857142985
90725  32.375  -14.816  -36.701 0.1428571492
105851  26.419  -1.393  -37.895 0.2857142985
148863  27.306  11.505  -38.732 0.2857142985
119095  27.940  12.191  -40.779 0.1428571492
148866  23.235  12.596  -39.852 0.1428571492
117309  24.325  11.611  -39.796 0.1428571492
148844  24.522  13.009  -39.177 0.1428571492
117263  23.345  10.006  -37.619 0.1428571492
148864  24.084  12.717  -38.881 0.1428571492
118220  23.063  12.001  -40.219 0.1428571492
148838  23.588  12.522  -39.740 0.1428571492
118182  22.338  10.865  -38.395 0.1428571492
148853  22.898  11.798  -39.162 0.1428571492
148843  23.736  11.613  -37.694 0.1428571492
148859  25.365  12.812  -38.792 0.1428571492
119086  21.933  11.013  -40.152 0.1428571492
119052  25.431  11.268  -36.500 0.1428571492
148855  25.245  12.409  -37.535 0.1428571492
100604  26.811  -6.534  -38.881 0.2857142985
117262  24.271  10.721  -37.156 0.1428571492
90711  28.928  -16.120  -37.027 0.2857142985
148846  23.664  12.896  -39.728 0.1428571492
148856  24.284  12.494  -39.199 0.1428571492
83779  25.192  -21.040  -34.925 0.4285714328
83778  26.055  -21.103  -34.751 0.2857142985
84939  25.998  -20.357  -35.239 0.2857142985
84938  26.412  -20.756  -34.884 0.1428571492
84921  26.587  -20.020  -35.228 0.2857142985
83763  24.587  -21.844  -34.844 0.2857142985
112368  24.309  4.633  -39.146 0.4285714328
86059  26.845  -19.897  -35.137 0.1428571492
83761  26.488  -21.666  -34.445 0.1428571492
83762  25.574  -21.784  -34.537 0.2857142985
83764  23.582  -21.776  -35.116 0.2857142985
90742  26.174  -15.622  -38.540 0.2857142985
91839  25.859  -14.930  -38.763 0.2857142985
91851  25.533  -14.298  -39.471 0.2857142985
95285  26.245  -11.544  -40.006 0.1428571492
96379  25.847  -11.045  -40.560 0.1428571492
96378  26.254  -10.492  -40.262 0.2857142985
98581  26.537  -8.506  -39.956 0.1428571492
101601  26.180  -5.639  -39.118 0.1428571492
102571  26.236  -4.734  -38.672 0.1428571492
103567  27.120  -3.585  -38.380 0.1428571492
102553  26.830  -4.267  -38.570 0.1428571492
104713  26.991  -2.992  -38.284 0.1428571492
104714  26.501  -2.814  -38.566 0.1428571492
107029  25.162  -0.375  -38.589 0.1428571492
109286  25.473  0.863  -38.125 0.1428571492
108208  24.637  0.359  -38.627 0.1428571492
108207  25.333  0.339  -38.305 0.1428571492
112370  21.412  4.309  -38.906 0.1428571492
113369  21.987  5.162  -38.594 0.1428571492
104700  27.124  -2.444  -38.065 0.2857142985
104701  25.960  -2.091  -38.192 0.1428571492
109287  24.671  1.213  -38.345 0.1428571492
81246  21.586  -23.335  -34.021 0.2857142985
88510  25.222  -16.876  -38.392 0.2857142985
90743  25.243  -15.324  -39.000 0.2857142985
98582  26.024  -7.972  -40.445 0.1428571492
99608  25.970  -7.392  -40.022 0.1428571492
101602  25.540  -5.583  -39.697 0.1428571492
102572  25.579  -4.767  -39.211 0.1428571492
103582  25.290  -3.679  -39.478 0.1428571492
107030  24.287  -0.158  -39.187 0.1428571492
113374  21.956  4.696  -39.284 0.1428571492
82536  23.933  -22.552  -34.634 0.2857142985
103566  27.635  -3.977  -38.102 0.1428571492
112381  21.931  3.966  -39.552 0.1428571492
107013  25.806  -0.498  -37.993 0.1428571492
83765  22.584  -21.501  -35.005 0.2857142985
90754  24.985  -14.743  -39.385 0.1428571492
103568  26.117  -3.573  -38.933 0.1428571492
102573  24.874  -4.663  -39.744 0.1428571492
82500  20.593  -22.409  -32.839 0.1428571492
81263  21.890  -22.569  -34.095 0.1428571492
83781  23.276  -20.907  -35.336 0.1428571492
96354  33.603  -10.256  -37.883 0.1428571492
95282  34.797  -10.456  -38.788 0.1428571492
110278  33.007  2.413  -36.378 0.1428571492
79948  21.708  -24.489  -33.689 0.1428571492
83766  21.812  -21.449  -34.199 0.1428571492
111329  32.446  3.596  -36.380 0.1428571492
86097  23.160  -18.810  -36.485 0.1428571492
109254  33.409  1.278  -36.079 0.1428571492
96374  34.863  -9.871  -38.937 0.1428571492
79949  21.029  -23.942  -33.758 0.1428571492
82516  20.836  -22.351  -33.380 0.1428571492
84942  23.021  -19.992  -35.387 0.1428571492
78734  23.543  -24.884  -32.911 0.1428571492
89651  27.957  -16.072  -37.482 0.5714285970
91861  26.142  -13.875  -39.625 0.4285714328
91862  25.965  -14.044  -39.646 0.4285714328
93020  26.898  -13.326  -39.348 0.4285714328
93033  26.664  -13.184  -39.497 0.4285714328
94183  25.894  -13.036  -39.822 0.2857142985
95254  31.204  -12.140  -37.659 0.5714285970
95264  34.487  -10.900  -38.423 0.1428571492
96339  32.493  -11.031  -37.658 0.8571428657
96353  34.423  -9.996  -38.325 0.1428571492
97448  34.533  -9.189  -38.496 0.1428571492
97469  34.996  -9.115  -39.122 0.1428571492
97471  30.850  -9.325  -38.830 0.5714285970
98576  31.463  -9.060  -38.683 0.5714285970
100573  29.929  -6.000  -37.304 0.8571428657
100591  27.599  -6.356  -38.508 0.5714285970
100602  33.932  -6.398  -39.782 0.5714285970
101559  29.676  -5.307  -37.151 0.8571428657
101560  29.053  -4.962  -37.409 0.8571428657
101634  33.639  -5.523  -41.451 0.1428571492
102552  27.523  -4.545  -38.211 0.2857142985
103565  32.656  -4.328  -37.031 0.8571428657
103578  35.310  -3.134  -39.385 0.1428571492
103581  25.802  -4.179  -39.079 0.1428571492
106981  30.504  0.227  -35.314 0.8571428657
108155  32.268  0.662  -35.243 0.8571428657
108189  28.438  -0.137  -36.020 0.7142857313
109246  28.489  2.284  -35.452 0.5714285970
109268  26.327  1.592  -36.827 0.7142857313
110280  27.435  2.882  -35.854 0.7142857313
111345  32.710  3.529  -37.242 0.1428571492
112326  31.370  4.457  -35.795 0.5714285970
113328  27.548  5.433  -35.578 0.7142857313
113373  22.274  4.565  -39.448 0.4285714328
114300  27.293  6.111  -35.781 0.5714285970
114313  30.897  6.525  -36.511 0.4285714328
114316  27.697  6.680  -36.082 0.5714285970
114333  31.632  6.176  -37.393 0.1428571492
114359  29.849  7.342  -41.144 0.1428571492
115335  29.072  6.912  -35.962 0.4285714328
115336  28.659  6.822  -35.939 0.5714285970
115345  30.300  7.451  -36.663 0.1428571492
115413  29.760  7.723  -41.349 0.1428571492
116286  29.879  8.142  -36.914 0.1428571492
116308  27.147  8.350  -37.046 0.2857142985
116329  24.375  8.061  -38.385 0.2857142985
116330  24.060  7.922  -38.914 0.1428571492
116348  22.058  9.735  -40.556 0.1428571492
117279  30.054  9.344  -38.677 0.1428571492
117282  23.807  8.637  -39.017 0.1428571492
117285  21.465  9.714  -40.233 0.1428571492
117298  30.299  9.093  -39.316 0.1428571492
117302  21.857  10.069  -40.660 0.1428571492
118211  22.226  11.750  -40.282 0.1428571492
118212  21.676  10.745  -40.626 0.2857142985
118221  22.328  11.326  -40.887 0.1428571492
119076  21.710  10.740  -40.047 0.1428571492
119101  29.415  10.942  -42.209 0.1428571492
119950  28.955  12.832  -42.044 0.1428571492
119954  28.903  12.799  -42.482 0.1428571492
148839  23.804  12.740  -39.628 0.1428571492
148847  23.444  12.742  -39.824 0.1428571492
148854  24.238  12.842  -39.385 0.1428571492
148860  26.761  11.833  -39.425 0.1428571492
