#!ascii label  , from subject 3322 vox2ras=TkReg
1129
76166  -18.989  -17.334  -1.117 0.5555555820
76167  -20.012  -17.781  -1.208 0.6666666865
77249  -20.249  -16.200  -1.953 0.7777777910
77250  -21.089  -16.328  -1.520 0.7777777910
78329  -20.941  -15.109  -2.478 0.8888888955
78318  -23.577  -15.325  -0.981 0.8888888955
76165  -18.181  -17.354  -0.328 0.5555555820
77229  -18.444  -16.389  -0.660 0.5555555820
77248  -19.522  -16.060  -1.763 0.6666666865
77260  -19.691  -15.691  -2.116 0.8888888955
77251  -22.088  -16.381  -0.845 0.8888888955
79363  -22.059  -14.737  -1.857 0.8888888955
79364  -22.880  -14.335  -1.634 1.0000000000
79365  -24.071  -14.403  -1.185 0.8888888955
80493  -24.546  -13.572  -1.290 1.0000000000
78312  -18.534  -15.439  -1.124 0.7777777910
79374  -19.516  -14.419  -2.670 1.0000000000
80504  -19.650  -13.323  -2.801 1.0000000000
79386  -19.972  -13.968  -3.316 1.0000000000
80516  -20.813  -12.966  -3.822 1.0000000000
80515  -20.202  -13.180  -3.357 1.0000000000
79389  -21.962  -13.359  -3.230 1.0000000000
80529  -20.910  -12.453  -3.992 1.0000000000
80517  -21.530  -12.749  -3.648 1.0000000000
81741  -22.870  -12.307  -3.186 1.0000000000
81729  -23.857  -12.146  -2.048 1.0000000000
81740  -21.912  -12.134  -3.598 1.0000000000
83833  -24.685  -11.529  -1.709 1.0000000000
83843  -23.618  -10.962  -2.589 1.0000000000
83844  -24.430  -10.710  -1.936 0.7777777910
82790  -18.510  -11.796  -2.499 0.8888888955
81737  -19.682  -12.397  -3.194 1.0000000000
81752  -21.257  -11.987  -3.963 1.0000000000
81750  -19.770  -12.073  -3.975 1.0000000000
82815  -20.681  -11.118  -4.222 1.0000000000
82817  -22.029  -10.789  -4.221 1.0000000000
83859  -22.518  -10.656  -3.629 1.0000000000
84969  -22.803  -9.990  -3.624 1.0000000000
84954  -23.867  -10.186  -2.657 1.0000000000
83845  -25.460  -10.313  -1.549 0.8888888955
84955  -24.589  -9.519  -2.186 1.0000000000
84956  -25.837  -9.314  -1.638 0.7777777910
83856  -18.521  -10.413  -2.730 0.5555555820
86102  -19.330  -8.622  -3.988 0.7777777910
84967  -19.126  -9.475  -3.517 0.8888888955
83871  -20.809  -10.301  -5.012 1.0000000000
82816  -21.406  -10.880  -4.409 1.0000000000
84981  -20.254  -9.434  -4.757 0.8888888955
83883  -21.282  -9.864  -5.205 1.0000000000
83885  -22.170  -9.668  -4.502 1.0000000000
84984  -23.345  -8.785  -3.820 1.0000000000
84971  -24.485  -8.743  -2.910 0.8888888955
86105  -23.871  -8.225  -3.393 1.0000000000
86106  -24.586  -7.994  -2.743 0.8888888955
87233  -25.967  -7.346  -1.822 0.7777777910
86093  -27.589  -8.403  -1.569 0.6666666865
87234  -27.144  -7.368  -1.690 0.6666666865
87228  -18.134  -7.417  -2.657 0.4444444478
86090  -18.768  -8.471  -3.505 0.7777777910
87229  -18.362  -7.537  -3.390 0.6666666865
87264  -19.667  -7.626  -4.924 0.7777777910
86117  -20.437  -8.437  -5.118 0.8888888955
86133  -21.118  -8.410  -5.402 0.8888888955
84996  -22.457  -9.027  -4.553 1.0000000000
87278  -21.599  -7.696  -5.387 1.0000000000
87279  -22.202  -7.817  -5.243 1.0000000000
86104  -23.303  -7.904  -3.692 1.0000000000
87247  -23.527  -7.187  -3.251 0.8888888955
87232  -25.065  -7.272  -2.304 0.7777777910
87235  -28.150  -7.630  -1.619 0.5555555820
88322  -26.625  -6.518  -1.768 0.7777777910
88305  -27.447  -6.473  -1.542 0.6666666865
88337  -18.240  -6.449  -3.829 0.6666666865
88317  -18.096  -6.878  -3.175 0.6666666865
88354  -19.593  -6.938  -4.946 0.7777777910
88353  -19.403  -6.394  -4.625 0.7777777910
87276  -20.434  -7.444  -5.421 0.8888888955
87277  -21.034  -7.497  -5.613 0.8888888955
88370  -20.837  -6.609  -5.765 1.0000000000
88371  -21.378  -6.796  -5.357 1.0000000000
88338  -22.889  -6.700  -4.114 1.0000000000
87246  -22.992  -7.306  -3.834 0.8888888955
88340  -24.154  -6.269  -3.065 0.8888888955
88320  -24.936  -6.350  -2.595 0.8888888955
88321  -25.819  -6.454  -2.264 0.7777777910
89444  -23.710  -5.201  -3.656 0.8888888955
89422  -24.739  -5.401  -2.774 0.7777777910
89423  -25.629  -5.479  -2.400 0.7777777910
89405  -27.130  -5.789  -1.480 0.7777777910
88306  -28.185  -6.371  -1.454 0.6666666865
88336  -18.148  -5.897  -3.382 0.6666666865
88316  -17.666  -6.288  -2.774 0.5555555820
89458  -18.988  -5.359  -4.368 0.7777777910
88368  -19.765  -5.926  -5.242 0.8888888955
89477  -20.681  -5.592  -5.883 0.8888888955
89478  -21.425  -5.660  -5.370 1.0000000000
89461  -23.222  -5.498  -4.131 1.0000000000
88357  -23.103  -6.202  -4.187 0.8888888955
90485  -25.377  -4.423  -2.601 0.7777777910
90486  -26.420  -4.541  -1.970 0.7777777910
90464  -27.730  -5.104  -1.562 0.6666666865
90465  -28.482  -5.166  -1.559 0.5555555820
89408  -29.288  -5.607  -1.549 0.5555555820
89443  -18.245  -5.324  -3.962 0.7777777910
90505  -18.416  -4.365  -3.798 0.6666666865
89475  -19.586  -5.329  -5.088 0.8888888955
90549  -20.531  -4.568  -5.912 1.0000000000
90551  -21.928  -4.633  -4.962 1.0000000000
90530  -23.871  -4.162  -3.883 0.8888888955
90506  -23.615  -4.694  -3.761 0.8888888955
91571  -24.040  -3.478  -3.453 0.8888888955
90484  -24.492  -4.679  -2.894 0.8888888955
91549  -26.224  -3.443  -2.372 0.7777777910
92603  -26.850  -2.430  -2.123 0.7777777910
91550  -27.115  -3.395  -1.723 0.7777777910
90488  -28.435  -4.357  -1.517 0.5555555820
92601  -25.101  -2.486  -2.732 0.7777777910
92604  -27.836  -2.411  -1.760 0.5555555820
91552  -29.259  -3.462  -1.720 0.5555555820
91543  -17.257  -3.372  -2.349 0.4444444478
91569  -18.274  -3.376  -3.725 0.5555555820
91606  -18.827  -3.492  -5.261 0.7777777910
91608  -20.337  -3.569  -5.769 1.0000000000
91607  -19.542  -3.524  -5.615 0.8888888955
92658  -21.598  -2.981  -5.319 1.0000000000
91593  -22.365  -3.617  -4.554 0.8888888955
92647  -22.649  -2.796  -4.037 0.8888888955
91594  -23.086  -3.606  -3.956 0.8888888955
91570  -23.649  -3.287  -3.607 0.8888888955
91572  -24.527  -3.392  -2.890 0.8888888955
92605  -28.930  -2.412  -1.695 0.5555555820
94781  -18.249  -0.483  -4.819 0.6666666865
93725  -18.450  -1.462  -5.061 0.6666666865
93727  -19.791  -1.599  -5.390 0.7777777910
92645  -21.679  -2.311  -5.177 0.8888888955
93714  -21.319  -1.690  -5.071 0.7777777910
93716  -22.279  -1.993  -3.983 0.7777777910
94755  -22.708  -1.157  -3.590 0.7777777910
92621  -23.913  -2.546  -3.370 0.8888888955
93694  -24.337  -1.466  -3.269 0.7777777910
93673  -24.955  -1.707  -3.001 0.7777777910
93674  -25.612  -1.520  -2.697 0.6666666865
94757  -24.310  -0.412  -3.037 0.6666666865
94736  -26.006  -0.491  -2.495 0.6666666865
93675  -26.469  -1.445  -2.303 0.5555555820
95789  -26.294  0.560  -2.071 0.6666666865
95790  -26.866  0.234  -1.974 0.5555555820
94738  -27.941  -0.635  -1.722 0.5555555820
93677  -28.454  -1.459  -1.814 0.4444444478
94723  -27.552  0.069  -1.750 0.5555555820
98025  -17.604  2.038  -3.613 0.3333333433
96932  -17.974  1.344  -3.952 0.3333333433
95833  -19.298  0.405  -5.142 0.5555555820
95832  -18.624  0.180  -5.033 0.6666666865
96945  -19.964  0.931  -5.150 0.5555555820
95835  -20.622  0.153  -4.965 0.7777777910
95826  -21.000  -0.164  -4.680 0.7777777910
95806  -21.820  0.533  -3.656 0.6666666865
95828  -22.180  -0.548  -3.638 0.6666666865
95827  -21.588  -0.079  -3.892 0.6666666865
94756  -23.537  -0.722  -3.247 0.6666666865
95809  -24.609  0.438  -2.630 0.6666666865
96898  -26.247  1.625  -2.029 0.6666666865
95779  -27.039  0.684  -1.720 0.5555555820
96885  -27.582  1.510  -1.461 0.5555555820
96884  -26.793  1.593  -1.660 0.6666666865
98047  -18.658  2.273  -4.173 0.4444444478
98012  -17.690  2.404  -3.270 0.4444444478
96933  -18.493  1.474  -4.423 0.4444444478
98027  -19.277  2.615  -3.889 0.5555555820
96934  -19.305  1.608  -4.708 0.5555555820
96935  -20.369  1.366  -4.798 0.6666666865
96936  -21.308  0.871  -4.672 0.6666666865
96913  -21.695  1.310  -3.497 0.6666666865
95808  -23.620  0.361  -2.787 0.6666666865
96916  -24.980  1.540  -2.657 0.6666666865
98013  -26.129  2.461  -2.485 0.6666666865
98015  -27.495  2.742  -1.918 0.5555555820
97996  -27.298  2.183  -1.616 0.6666666865
99120  -19.119  3.071  -3.963 0.4444444478
96912  -20.770  1.749  -4.017 0.6666666865
96914  -22.827  1.417  -2.848 0.6666666865
78315  -20.720  -15.746  -2.062 0.8888888955
78327  -19.264  -15.286  -2.109 1.0000000000
79375  -20.381  -14.535  -2.880 1.0000000000
79376  -21.150  -14.285  -2.810 1.0000000000
80492  -23.525  -13.393  -1.860 1.0000000000
88339  -23.529  -6.218  -3.806 0.8888888955
89442  -18.015  -5.272  -3.273 0.5555555820
92618  -17.481  -2.402  -2.932 0.5555555820
90527  -18.702  -4.390  -4.520 0.7777777910
91610  -21.761  -3.697  -5.184 1.0000000000
91548  -25.330  -3.380  -2.682 0.8888888955
92596  -16.852  -2.402  -2.262 0.2222222239
93676  -27.409  -1.460  -1.899 0.6666666865
94774  -21.864  -1.162  -3.811 0.7777777910
98029  -21.063  2.578  -3.258 0.6666666865
88315  -17.530  -5.690  -2.449 0.4444444478
99064  -28.979  2.960  -1.597 0.5555555820
97998  -29.053  2.151  -1.607 0.5555555820
99096  -18.737  2.826  -3.882 0.3333333433
99063  -28.454  3.188  -1.610 0.5555555820
73924  -18.956  -19.028  -0.584 0.5555555820
75102  -20.412  -18.513  -0.359 0.5555555820
76168  -20.978  -17.756  -0.740 0.5555555820
76169  -21.897  -17.668  -0.365 0.5555555820
77253  -24.239  -16.473  -0.680 0.7777777910
75087  -17.967  -18.767  0.120 0.5555555820
76192  -21.499  -17.147  -1.137 0.6666666865
77252  -23.101  -16.105  -0.662 0.8888888955
78319  -24.768  -15.445  -0.770 0.7777777910
78320  -25.793  -15.471  -1.191 0.7777777910
80494  -25.573  -13.667  -1.083 0.8888888955
76147  -17.700  -17.386  0.417 0.4444444478
78299  -18.174  -15.486  -0.273 0.5555555820
81716  -24.947  -12.810  -1.335 1.0000000000
79361  -18.079  -14.108  -0.721 0.2222222239
79362  -18.350  -14.431  -1.372 0.6666666865
82782  -26.110  -12.018  -1.147 0.8888888955
83835  -26.285  -11.113  -1.260 0.6666666865
83846  -26.575  -10.221  -1.454 0.7777777910
83847  -27.614  -10.276  -1.407 0.6666666865
81726  -18.443  -12.578  -1.939 0.5555555820
82789  -18.193  -11.503  -1.822 0.4444444478
84958  -28.152  -9.423  -1.432 0.5555555820
86095  -29.497  -8.528  -2.140 0.5555555820
84943  -18.042  -9.499  -1.497 0.2222222239
87236  -29.136  -7.662  -1.676 0.5555555820
87213  -17.793  -7.312  -1.847 0.4444444478
88308  -29.690  -6.216  -1.700 0.5555555820
89398  -16.847  -5.321  -1.419 0.3333333433
89425  -30.110  -5.462  -1.879 0.5555555820
90490  -30.402  -4.555  -2.527 0.4444444478
91542  -16.705  -3.402  -1.539 0.3333333433
92606  -30.001  -2.423  -2.090 0.5555555820
93678  -29.527  -1.412  -2.013 0.4444444478
96896  -17.485  1.171  -3.011 0.3333333433
95805  -17.471  0.503  -3.154 0.3333333433
94770  -17.423  -0.279  -3.467 0.4444444478
94739  -28.989  -0.479  -1.893 0.4444444478
96887  -29.457  1.367  -1.726 0.4444444478
99085  -29.808  3.314  -2.168 0.2222222239
99076  -18.427  2.724  -3.228 0.3333333433
98028  -20.028  2.572  -3.423 0.6666666865
98030  -22.111  2.557  -2.970 0.6666666865
96915  -23.962  1.522  -2.600 0.6666666865
98032  -24.368  2.689  -2.716 0.6666666865
99103  -25.985  3.507  -2.902 0.6666666865
99081  -26.653  3.055  -2.612 0.6666666865
99082  -27.310  3.175  -2.418 0.6666666865
99106  -28.185  4.033  -2.152 0.4444444478
75101  -19.390  -18.403  -0.665 0.5555555820
76189  -19.294  -16.666  -1.484 0.6666666865
76190  -19.767  -16.924  -1.641 0.7777777910
76191  -20.624  -17.121  -1.570 0.7777777910
78314  -20.354  -15.814  -2.143 0.8888888955
78330  -21.573  -14.753  -2.353 1.0000000000
78316  -21.553  -15.479  -1.760 0.8888888955
78317  -22.499  -15.345  -1.230 0.8888888955
75100  -18.472  -18.393  -0.490 0.5555555820
75099  -17.864  -18.087  -0.024 0.4444444478
77247  -18.925  -16.269  -1.324 0.6666666865
78313  -18.946  -15.635  -1.628 0.8888888955
78328  -20.100  -15.468  -2.379 0.8888888955
79377  -21.988  -13.950  -2.500 1.0000000000
79378  -22.811  -13.650  -2.373 1.0000000000
79366  -25.192  -14.499  -0.920 1.0000000000
81714  -23.654  -12.911  -1.934 1.0000000000
79350  -18.341  -14.738  -0.668 0.5555555820
78326  -18.610  -15.107  -1.790 0.8888888955
80491  -18.402  -13.577  -1.719 0.8888888955
80503  -18.906  -13.502  -2.337 0.8888888955
79373  -18.715  -14.434  -2.110 1.0000000000
81727  -19.101  -12.539  -2.511 1.0000000000
79387  -20.648  -13.757  -3.255 1.0000000000
79388  -21.371  -13.583  -3.323 1.0000000000
80506  -23.009  -13.063  -2.665 1.0000000000
81738  -20.199  -12.591  -3.755 1.0000000000
81751  -20.475  -12.136  -4.127 1.0000000000
81728  -23.513  -12.638  -2.325 1.0000000000
81717  -25.883  -12.860  -1.080 0.8888888955
82792  -23.535  -11.827  -2.660 1.0000000000
82805  -22.300  -11.410  -3.602 1.0000000000
81753  -21.753  -11.412  -3.931 1.0000000000
82806  -23.032  -11.274  -3.219 1.0000000000
83834  -25.355  -11.280  -1.499 0.8888888955
82803  -18.628  -11.186  -3.019 1.0000000000
82802  -18.289  -11.095  -2.505 0.5555555820
82791  -19.134  -11.800  -2.825 1.0000000000
82814  -19.945  -11.295  -4.125 1.0000000000
82804  -19.410  -11.352  -3.430 0.8888888955
82829  -21.731  -10.470  -4.657 1.0000000000
83873  -22.221  -10.099  -4.013 1.0000000000
84970  -23.691  -9.443  -3.355 1.0000000000
84957  -27.028  -9.311  -1.466 0.6666666865
83842  -18.186  -10.446  -2.069 0.5555555820
84952  -18.468  -9.437  -2.408 0.6666666865
84966  -18.784  -9.780  -2.983 0.6666666865
83857  -18.970  -10.441  -3.268 0.7777777910
87245  -19.443  -8.114  -4.387 0.8888888955
84968  -19.609  -9.517  -4.222 0.8888888955
86103  -19.742  -8.640  -4.572 0.8888888955
83858  -19.558  -10.405  -3.797 0.8888888955
83870  -20.076  -10.382  -4.448 1.0000000000
84982  -20.869  -9.221  -5.211 0.8888888955
84994  -21.513  -9.202  -5.232 1.0000000000
86119  -22.934  -8.357  -4.222 1.0000000000
86091  -25.106  -8.316  -1.954 0.7777777910
86092  -26.421  -8.319  -1.600 0.7777777910
86094  -28.654  -8.515  -1.616 0.5555555820
86078  -18.059  -8.401  -2.018 0.3333333433
86089  -18.370  -8.407  -2.866 0.4444444478
84953  -18.709  -9.116  -3.055 0.6666666865
87244  -19.119  -7.535  -4.079 0.7777777910
86132  -20.747  -7.952  -5.423 0.8888888955
86135  -22.444  -8.413  -4.951 1.0000000000
87265  -21.873  -7.098  -4.823 1.0000000000
89424  -26.403  -5.659  -1.892 0.7777777910
87219  -28.599  -6.964  -1.525 0.5555555820
88369  -19.996  -6.515  -5.436 0.8888888955
88355  -21.778  -6.130  -4.801 1.0000000000
90463  -26.988  -5.091  -1.568 0.7777777910
89476  -20.014  -5.423  -5.681 0.8888888955
89479  -21.808  -5.261  -4.917 1.0000000000
90529  -23.250  -4.490  -4.035 0.8888888955
90508  -24.748  -4.048  -2.891 0.7777777910
90487  -27.466  -4.317  -1.550 0.6666666865
90489  -29.466  -4.662  -1.675 0.5555555820
90504  -17.810  -4.334  -3.247 0.5555555820
91592  -18.518  -3.426  -4.592 0.6666666865
90548  -19.807  -4.492  -5.684 0.8888888955
90528  -22.603  -4.333  -4.392 1.0000000000
90507  -24.161  -4.365  -3.424 0.8888888955
91551  -28.184  -3.383  -1.531 0.6666666865
92622  -24.456  -2.510  -3.065 0.8888888955
91568  -17.640  -3.381  -3.132 0.5555555820
92655  -19.237  -2.536  -5.582 0.7777777910
92654  -18.609  -2.483  -5.240 0.7777777910
92646  -22.163  -2.696  -4.833 0.8888888955
92657  -20.983  -2.632  -5.427 0.7777777910
93712  -17.511  -0.974  -3.731 0.5555555820
93713  -18.081  -1.357  -4.173 0.5555555820
94783  -19.539  -0.599  -5.393 0.6666666865
93726  -18.941  -1.522  -5.623 0.7777777910
92619  -18.009  -2.414  -3.606 0.7777777910
93691  -17.668  -1.666  -3.472 0.6666666865
94772  -20.935  -1.024  -4.899 0.7777777910
93728  -20.590  -1.706  -5.183 0.7777777910
93693  -23.510  -1.769  -3.505 0.7777777910
94735  -25.148  -0.646  -3.046 0.6666666865
95788  -25.450  0.459  -2.434 0.6666666865
94737  -26.936  -0.375  -1.976 0.5555555820
95781  -28.979  0.534  -1.641 0.4444444478
94740  -29.954  -0.475  -2.173 0.4444444478
96886  -28.531  1.453  -1.501 0.5555555820
95824  -18.137  0.544  -4.554 0.4444444478
95825  -18.761  0.880  -4.866 0.5555555820
96946  -20.627  0.718  -5.089 0.6666666865
96947  -20.992  0.462  -4.993 0.7777777910
96897  -25.747  1.538  -2.448 0.6666666865
96910  -19.284  2.133  -4.229 0.5555555820
96911  -19.790  1.877  -4.037 0.6666666865
98033  -25.367  2.578  -2.693 0.6666666865
89417  -17.476  -5.127  -2.071 0.4444444478
88299  -17.512  -6.541  -1.639 0.4444444478
88298  -17.402  -5.873  -1.887 0.4444444478
98016  -29.987  2.228  -2.176 0.3333333433
100108  -29.289  4.339  -2.285 0.3333333433
76194  -24.873  -17.366  -1.051 0.6666666865
80495  -26.558  -13.762  -1.148 0.7777777910
75086  -17.681  -18.329  0.773 0.3333333433
77228  -17.764  -16.441  0.032 0.4444444478
83836  -27.243  -11.072  -1.308 0.6666666865
86066  -17.650  -8.371  -1.000 0.1111111119
90478  -17.112  -4.348  -1.745 0.3333333433
94753  -16.880  -0.572  -2.528 0.3333333433
99104  -26.897  3.811  -2.673 0.6666666865
100124  -28.031  4.479  -2.466 0.4444444478
72783  -22.712  -21.398  -2.590 0.4444444478
70501  -23.314  -22.309  -3.413 0.2222222239
72745  -20.414  -20.298  0.144 0.4444444478
72746  -21.513  -20.898  -0.008 0.4444444478
73927  -22.417  -19.939  -0.318 0.4444444478
73949  -23.333  -20.236  -1.215 0.4444444478
73950  -23.551  -20.335  -2.167 0.4444444478
72811  -23.781  -20.555  -4.206 0.2222222239
75104  -22.764  -18.647  -0.434 0.4444444478
75127  -23.437  -19.243  -1.023 0.4444444478
72812  -24.409  -20.313  -4.768 0.1111111119
72825  -25.025  -20.216  -5.442 0.1111111119
75105  -23.736  -18.369  -0.986 0.4444444478
73975  -24.861  -19.154  -3.336 0.3333333433
75148  -24.723  -19.174  -2.576 0.3333333433
73987  -24.957  -18.752  -3.814 0.3333333433
74006  -24.758  -19.637  -5.359 0.2222222239
75106  -24.375  -17.820  -0.928 0.4444444478
75129  -24.823  -18.297  -1.689 0.3333333433
76170  -22.800  -17.391  -0.526 0.5555555820
76171  -23.770  -17.484  -0.636 0.4444444478
77270  -25.990  -16.887  -3.924 0.2222222239
76226  -26.246  -17.191  -5.141 0.1111111119
77301  -26.586  -16.763  -6.206 0.1111111119
76204  -26.071  -17.620  -2.769 0.3333333433
77271  -26.116  -16.947  -3.548 0.3333333433
77255  -25.859  -16.090  -1.653 0.4444444478
78321  -26.429  -15.226  -1.624 0.5555555820
79368  -26.859  -14.604  -1.727 0.6666666865
78339  -27.755  -15.317  -3.894 0.4444444478
79391  -29.050  -14.744  -4.011 0.3333333433
80508  -28.482  -13.612  -2.664 0.5555555820
81719  -27.676  -12.736  -1.433 0.5555555820
80509  -29.216  -13.070  -2.840 0.5555555820
80520  -28.823  -14.092  -3.526 0.4444444478
81742  -29.490  -12.437  -2.943 0.3333333433
82795  -29.150  -11.542  -2.351 0.4444444478
83849  -29.348  -10.506  -2.472 0.5555555820
84959  -29.147  -9.523  -1.798 0.4444444478
98031  -23.237  2.654  -2.775 0.5555555820
99102  -24.894  3.697  -2.982 0.5555555820
100122  -26.390  4.620  -2.999 0.5555555820
72758  -22.336  -21.209  -0.759 0.4444444478
71648  -22.972  -21.774  -3.491 0.2222222239
73997  -24.423  -19.473  -4.791 0.2222222239
75176  -25.337  -18.364  -4.916 0.2222222239
76236  -25.720  -18.060  -5.261 0.1111111119
77272  -26.646  -16.290  -3.597 0.4444444478
77283  -26.810  -16.203  -4.177 0.3333333433
77264  -26.506  -16.425  -2.980 0.4444444478
79379  -27.422  -14.656  -2.388 0.6666666865
79380  -27.909  -14.593  -2.977 0.4444444478
87237  -30.028  -7.381  -2.582 0.4444444478
99101  -23.689  3.921  -3.185 0.5555555820
78348  -28.015  -15.784  -4.938 0.2222222239
71589  -21.142  -21.921  0.052 0.4444444478
71602  -21.799  -22.067  -0.656 0.4444444478
70464  -21.669  -22.857  -1.620 0.4444444478
70483  -22.762  -22.847  -2.572 0.2222222239
70467  -23.478  -22.493  -2.320 0.2222222239
71616  -24.186  -21.755  -2.044 0.1111111119
73916  -19.276  -19.826  0.079 0.4444444478
72734  -20.696  -21.129  0.278 0.4444444478
71649  -23.867  -21.395  -3.764 0.1111111119
72813  -25.341  -20.720  -4.582 0.1111111119
71635  -24.309  -21.781  -3.075 0.1111111119
72814  -26.483  -20.412  -4.953 0.1111111119
74008  -26.212  -19.440  -5.589 0.1111111119
74021  -27.832  -19.534  -6.090 0.1111111119
77302  -27.406  -16.687  -6.569 0.1111111119
78369  -27.032  -16.154  -6.386 0.1111111119
78360  -28.229  -15.661  -6.001 0.2222222239
80521  -29.493  -13.552  -3.801 0.1111111119
78349  -28.881  -15.488  -4.921 0.2222222239
80522  -30.115  -12.972  -4.135 0.2222222239
81743  -29.955  -12.366  -3.666 0.2222222239
82807  -29.598  -11.442  -3.125 0.3333333433
84960  -29.720  -9.514  -2.633 0.4444444478
86096  -30.015  -8.591  -2.962 0.3333333433
87249  -30.122  -8.028  -3.338 0.3333333433
87220  -29.417  -6.886  -1.711 0.4444444478
93690  -17.140  -1.237  -2.879 0.4444444478
91553  -30.170  -3.543  -2.348 0.4444444478
94758  -30.405  -0.214  -2.656 0.3333333433
99098  -20.399  3.575  -2.985 0.4444444478
100123  -27.353  4.669  -2.602 0.5555555820
99099  -21.425  3.713  -2.995 0.5555555820
99100  -22.563  3.616  -3.204 0.5555555820
100121  -25.460  4.512  -3.402 0.5555555820
99078  -22.019  4.295  -2.962 0.5555555820
73925  -19.692  -19.411  -0.203 0.4444444478
73926  -20.999  -19.580  -0.038 0.4444444478
77231  -23.466  -16.851  -0.478 0.5555555820
76172  -24.295  -17.257  -0.702 0.5555555820
77254  -25.382  -16.515  -1.311 0.6666666865
79367  -26.154  -14.554  -1.139 0.6666666865
82784  -27.861  -11.868  -1.419 0.5555555820
83837  -27.998  -11.098  -1.514 0.5555555820
83848  -28.606  -10.581  -1.768 0.4444444478
88323  -30.175  -6.282  -2.278 0.4444444478
95792  -30.232  0.457  -2.176 0.3333333433
75103  -21.578  -18.547  0.088 0.4444444478
77262  -25.553  -16.978  -1.913 0.3333333433
73948  -22.833  -20.720  -0.871 0.4444444478
72797  -22.802  -21.358  -3.204 0.4444444478
71634  -22.465  -21.956  -3.034 0.3333333433
72760  -23.344  -20.983  -2.043 0.4444444478
71614  -22.326  -22.035  -2.322 0.4444444478
70500  -22.685  -22.376  -3.126 0.3333333433
70502  -23.972  -21.976  -3.437 0.1111111119
73928  -23.245  -19.556  -0.496 0.4444444478
72784  -23.215  -20.875  -2.801 0.4444444478
73973  -23.795  -20.145  -2.896 0.4444444478
75128  -23.984  -19.443  -1.886 0.4444444478
72798  -23.432  -20.914  -3.496 0.2222222239
73974  -24.131  -19.520  -3.274 0.4444444478
71662  -24.533  -21.113  -4.358 0.1111111119
73996  -23.858  -19.873  -4.497 0.2222222239
72826  -25.811  -20.146  -5.425 0.1111111119
72801  -26.368  -20.481  -3.996 0.1111111119
75163  -25.644  -17.963  -3.514 0.3333333433
75130  -25.354  -17.908  -2.103 0.3333333433
75161  -24.832  -18.829  -4.503 0.2222222239
75187  -25.653  -18.734  -5.512 0.2222222239
77282  -26.363  -16.697  -4.568 0.2222222239
77292  -26.418  -16.818  -5.488 0.1111111119
76237  -26.136  -17.615  -5.711 0.1111111119
78358  -26.811  -16.350  -5.739 0.1111111119
75198  -27.278  -18.202  -6.347 0.1111111119
77263  -26.012  -16.594  -2.311 0.3333333433
78332  -26.726  -15.592  -2.590 0.4444444478
78333  -27.403  -15.190  -3.095 0.4444444478
78340  -28.459  -15.290  -4.199 0.3333333433
78338  -27.140  -15.832  -3.671 0.4444444478
78347  -27.164  -16.177  -4.771 0.3333333433
79396  -29.615  -14.721  -4.784 0.1111111119
79390  -28.428  -14.623  -3.507 0.4444444478
81718  -26.904  -12.889  -0.911 0.5555555820
80507  -27.840  -14.131  -2.445 0.5555555820
71613  -22.156  -22.064  -1.528 0.4444444478
75188  -26.800  -18.621  -5.977 0.1111111119
99079  -22.827  4.366  -3.149 0.5555555820
78359  -27.376  -15.939  -5.912 0.2222222239
70456  -21.206  -22.924  -0.585 0.4444444478
69293  -21.889  -23.193  -2.474 0.4444444478
69295  -22.267  -23.470  -2.310 0.2222222239
70482  -22.217  -22.733  -2.555 0.4444444478
72733  -19.915  -20.816  0.310 0.4444444478
72732  -19.147  -20.346  0.385 0.4444444478
71651  -25.156  -21.370  -4.188 0.1111111119
72799  -24.728  -21.210  -3.238 0.1111111119
72828  -26.873  -20.095  -5.233 0.1111111119
64346  -20.747  -27.825  3.988 0.1111111119
66722  -18.319  -25.150  1.461 0.3333333433
64392  -19.847  -27.426  0.976 0.2222222239
64366  -20.280  -27.435  2.907 0.2222222239
64367  -21.325  -27.172  3.462 0.1111111119
70396  -17.815  -22.893  2.076 0.3333333433
67957  -18.088  -24.548  1.916 0.3333333433
66751  -19.550  -25.617  0.490 0.3333333433
65596  -19.939  -26.171  0.384 0.3333333433
64393  -20.433  -26.981  0.871 0.2222222239
65597  -20.208  -25.713  0.629 0.2222222239
65570  -20.618  -26.588  1.692 0.2222222239
65555  -20.866  -26.722  2.540 0.1111111119
71563  -17.108  -20.989  1.766 0.2222222239
71564  -17.602  -21.494  1.659 0.2222222239
71551  -17.363  -21.947  2.091 0.2222222239
69225  -18.399  -23.576  1.959 0.3333333433
67971  -18.986  -24.562  1.362 0.3333333433
65580  -20.406  -26.006  1.259 0.1111111119
72729  -17.398  -20.010  1.549 0.2222222239
72716  -17.913  -20.774  1.272 0.3333333433
71586  -18.875  -20.814  0.702 0.3333333433
71566  -19.724  -21.756  1.170 0.3333333433
70411  -18.382  -22.440  1.723 0.3333333433
70435  -19.740  -22.866  1.172 0.3333333433
69249  -20.393  -23.764  0.193 0.3333333433
70436  -20.272  -22.785  0.654 0.3333333433
67991  -20.765  -24.339  -0.019 0.3333333433
69265  -20.796  -23.754  -0.609 0.3333333433
66754  -21.112  -24.963  0.570 0.1111111119
67992  -21.484  -24.414  0.203 0.2222222239
73900  -17.332  -19.328  1.607 0.2222222239
73913  -17.439  -19.716  1.249 0.2222222239
73914  -17.723  -19.381  0.799 0.3333333433
71587  -19.421  -21.152  0.668 0.3333333433
71567  -20.143  -22.116  0.994 0.3333333433
70437  -20.775  -22.547  0.156 0.3333333433
70455  -20.739  -23.213  -0.036 0.3333333433
68010  -21.347  -24.243  -0.759 0.3333333433
68011  -21.727  -24.201  -0.495 0.1111111119
75068  -17.340  -18.375  1.480 0.3333333433
73901  -17.472  -18.840  1.175 0.3333333433
73915  -18.656  -19.452  0.050 0.3333333433
71588  -20.332  -21.760  0.594 0.3333333433
69279  -21.776  -23.377  -2.127 0.3333333433
83861  -29.740  -10.440  -3.362 0.2222222239
84972  -30.091  -9.490  -3.553 0.2222222239
83862  -30.187  -10.365  -4.223 0.2222222239
89426  -30.528  -5.478  -2.801 0.3333333433
64403  -19.466  -27.091  0.731 0.3333333433
64384  -20.266  -27.139  1.760 0.2222222239
65571  -21.269  -25.957  2.118 0.1111111119
72715  -17.436  -20.614  1.571 0.3333333433
67972  -19.456  -24.033  1.025 0.3333333433
67990  -19.773  -24.592  0.505 0.3333333433
66752  -20.154  -25.297  0.354 0.3333333433
66753  -20.731  -25.054  0.339 0.3333333433
71565  -18.715  -21.345  1.238 0.3333333433
72731  -18.359  -20.314  0.792 0.3333333433
69266  -21.538  -23.572  -1.147 0.3333333433
63166  -20.053  -28.626  4.393 0.1111111119
67956  -17.440  -24.501  2.371 0.3333333433
66721  -17.702  -25.789  1.856 0.3333333433
65578  -18.441  -26.815  1.539 0.3333333433
64391  -19.027  -27.513  1.348 0.3333333433
64383  -19.472  -27.543  2.033 0.3333333433
63167  -21.291  -28.572  4.642 0.1111111119
64347  -21.869  -27.813  4.256 0.1111111119
69207  -17.509  -23.628  2.080 0.3333333433
71550  -16.916  -21.496  2.278 0.2222222239
65556  -21.845  -26.420  3.060 0.1111111119
72714  -17.149  -20.340  2.011 0.2222222239
66723  -21.752  -24.810  2.103 0.1111111119
69250  -21.864  -23.912  0.796 0.1111111119
69251  -22.325  -24.019  0.182 0.1111111119
67993  -22.001  -24.203  -0.294 0.1111111119
69280  -21.965  -23.801  -1.994 0.1111111119
76134  -17.261  -17.768  1.823 0.1111111119
86107  -30.174  -8.600  -3.855 0.2222222239
90509  -30.792  -4.563  -3.532 0.2222222239
89446  -30.799  -5.582  -3.768 0.2222222239
80490  -18.138  -13.505  -1.024 0.5555555820
77209  -17.464  -16.554  0.836 0.3333333433
87250  -30.359  -7.588  -4.019 0.2222222239
63185  -19.999  -28.116  3.477 0.1111111119
66734  -18.406  -26.273  1.275 0.3333333433
66735  -18.690  -25.718  0.900 0.3333333433
65579  -18.862  -26.714  0.925 0.3333333433
70410  -17.633  -22.272  1.934 0.3333333433
70395  -17.165  -22.636  2.174 0.2222222239
69206  -16.874  -23.570  2.454 0.2222222239
65595  -19.433  -26.422  0.541 0.3333333433
64404  -19.979  -26.952  0.354 0.3333333433
64405  -20.183  -26.493  0.564 0.2222222239
66736  -20.791  -25.343  0.863 0.1111111119
70412  -19.351  -22.298  1.499 0.3333333433
69226  -19.209  -23.341  1.451 0.3333333433
69248  -19.766  -23.568  0.761 0.3333333433
67973  -21.859  -24.179  1.274 0.1111111119
75067  -17.147  -18.587  2.060 0.2222222239
69267  -22.079  -23.620  -0.859 0.1111111119
63165  -19.237  -29.184  4.187 0.1111111119
64365  -19.656  -28.043  2.778 0.2222222239
66720  -17.316  -25.076  2.636 0.2222222239
65569  -17.940  -26.960  1.887 0.3333333433
63208  -18.723  -27.996  1.876 0.3333333433
64382  -18.974  -28.049  1.884 0.3333333433
84973  -30.020  -9.409  -4.569 0.1111111119
83874  -30.293  -10.257  -5.247 0.1111111119
83886  -30.674  -10.126  -6.227 0.1111111119
86121  -30.105  -8.274  -5.748 0.1111111119
86136  -30.409  -8.445  -6.603 0.1111111119
88341  -30.788  -6.568  -3.984 0.1111111119
87280  -30.257  -7.704  -6.240 0.1111111119
88358  -30.660  -6.804  -5.001 0.1111111119
88372  -30.379  -6.963  -5.984 0.1111111119
92623  -30.582  -2.476  -3.077 0.2222222239
89462  -30.757  -5.780  -4.792 0.1111111119
89480  -30.446  -6.047  -5.761 0.1111111119
93717  -30.977  -1.410  -3.725 0.1111111119
93695  -30.360  -1.256  -2.734 0.2222222239
95810  -30.661  0.564  -2.879 0.1111111119
94785  -30.878  -0.382  -4.377 0.1111111119
96900  -30.427  1.426  -2.378 0.1111111119
100118  -20.739  4.290  -2.828 0.4444444478
98034  -30.854  2.560  -3.692 0.1111111119
101146  -28.408  5.311  -2.849 0.3333333433
101133  -28.944  4.838  -2.441 0.2222222239
100109  -30.090  4.401  -2.650 0.1111111119
99107  -30.821  3.601  -4.178 0.1111111119
100120  -24.515  4.768  -3.437 0.4444444478
100119  -23.727  4.860  -3.038 0.4444444478
101143  -25.059  5.219  -4.113 0.4444444478
101144  -25.952  5.452  -4.011 0.4444444478
102206  -26.857  6.142  -3.814 0.4444444478
101145  -26.982  5.648  -2.961 0.2222222239
102207  -27.821  6.248  -3.678 0.2222222239
102208  -28.972  6.445  -3.700 0.2222222239
102209  -29.588  6.133  -3.790 0.2222222239
101158  -29.920  5.827  -3.859 0.2222222239
104396  -25.829  7.702  -8.715 0.1111111119
104356  -27.716  8.412  -6.872 0.1111111119
101186  -31.164  5.807  -5.789 0.1111111119
100104  -21.079  4.865  -2.718 0.4444444478
100105  -22.215  4.865  -2.544 0.4444444478
100106  -23.097  4.885  -2.662 0.3333333433
101142  -24.473  5.676  -3.900 0.4444444478
101156  -25.177  5.467  -5.008 0.4444444478
101171  -24.605  5.767  -5.586 0.3333333433
102231  -26.074  6.299  -5.514 0.3333333433
103276  -26.626  6.909  -5.317 0.1111111119
103277  -27.454  7.150  -4.836 0.1111111119
103291  -28.288  7.950  -5.753 0.1111111119
102216  -29.242  6.820  -4.234 0.2222222239
103278  -28.648  7.105  -4.485 0.1111111119
101130  -21.656  5.661  -2.275 0.2222222239
101132  -23.312  5.637  -2.842 0.3333333433
102204  -24.038  6.091  -3.748 0.3333333433
101155  -24.681  5.760  -4.699 0.3333333433
101184  -24.498  5.909  -6.186 0.2222222239
101172  -25.140  5.648  -5.949 0.2222222239
103289  -26.153  7.015  -5.932 0.2222222239
103309  -26.528  7.614  -6.256 0.1111111119
102244  -24.297  6.674  -6.710 0.1111111119
102245  -25.107  6.226  -6.504 0.1111111119
103307  -25.142  7.097  -6.934 0.1111111119
104340  -27.335  7.988  -6.300 0.1111111119
103306  -24.607  6.983  -7.270 0.1111111119
104353  -25.324  7.430  -7.415 0.1111111119
104355  -26.637  8.100  -6.828 0.1111111119
101131  -22.599  5.569  -2.324 0.3333333433
102199  -22.917  6.435  -2.341 0.3333333433
102200  -23.723  6.436  -3.390 0.3333333433
102213  -24.398  6.435  -5.160 0.2222222239
102229  -23.927  6.289  -6.053 0.2222222239
102228  -23.744  6.856  -6.616 0.1111111119
103326  -24.023  7.298  -7.645 0.1111111119
104374  -25.558  7.487  -7.893 0.1111111119
104412  -24.026  8.400  -8.961 0.1111111119
103260  -22.313  7.335  -1.154 0.1111111119
103264  -23.074  7.238  -1.864 0.1111111119
103265  -23.983  7.076  -2.718 0.2222222239
102201  -24.046  6.757  -3.754 0.3333333433
103270  -24.334  7.344  -3.700 0.2222222239
102205  -24.227  6.505  -4.175 0.3333333433
103275  -24.304  7.296  -4.738 0.2222222239
104338  -24.463  8.163  -5.530 0.1111111119
104352  -24.301  8.677  -6.087 0.1111111119
104351  -23.961  8.082  -6.588 0.1111111119
104350  -22.906  8.113  -7.118 0.1111111119
102243  -23.557  6.957  -7.117 0.1111111119
103325  -22.977  6.986  -7.726 0.1111111119
103340  -22.696  7.736  -8.421 0.1111111119
103343  -25.018  7.380  -8.340 0.1111111119
104414  -26.307  8.551  -9.115 0.1111111119
104397  -26.662  8.318  -8.514 0.1111111119
104314  -22.648  8.054  -0.794 0.1111111119
104321  -23.862  7.922  -1.776 0.1111111119
104329  -25.225  9.076  -3.074 0.1111111119
105316  -24.619  9.051  -3.894 0.1111111119
104332  -24.519  8.288  -4.274 0.2222222239
105320  -24.495  9.330  -4.696 0.1111111119
106249  -24.520  10.336  -5.524 0.1111111119
105341  -24.055  9.173  -6.377 0.1111111119
106261  -23.829  10.259  -6.635 0.1111111119
105339  -22.753  8.786  -7.393 0.1111111119
104316  -24.364  8.689  -1.043 0.1111111119
104311  -23.688  8.901  -0.602 0.1111111119
105311  -25.421  9.546  -2.936 0.1111111119
106224  -25.417  10.194  -2.751 0.1111111119
106236  -25.189  9.827  -3.803 0.1111111119
106235  -24.918  10.383  -4.172 0.1111111119
107131  -24.261  11.282  -5.569 0.1111111119
105302  -24.592  9.758  -1.561 0.1111111119
105294  -24.249  9.578  -0.435 0.1111111119
106223  -25.098  10.737  -2.143 0.1111111119
86108  -29.905  -8.435  -4.858 0.1111111119
84985  -30.086  -9.217  -5.776 0.1111111119
84997  -30.690  -9.335  -6.954 0.1111111119
90531  -30.795  -4.645  -4.529 0.1111111119
91596  -30.852  -3.609  -4.399 0.1111111119
95829  -30.637  0.599  -3.860 0.1111111119
101147  -29.517  5.622  -3.334 0.2222222239
101135  -30.089  5.151  -2.992 0.1111111119
100125  -30.454  4.618  -3.569 0.1111111119
103279  -29.320  6.882  -4.614 0.2222222239
103290  -27.014  7.583  -5.750 0.1111111119
103311  -29.699  8.107  -6.359 0.1111111119
104375  -26.331  7.833  -7.880 0.1111111119
103269  -24.586  7.573  -3.017 0.2222222239
83910  -31.762  -9.950  -7.844 0.1111111119
83898  -31.125  -10.109  -7.218 0.1111111119
91573  -30.652  -3.671  -3.449 0.2222222239
96917  -30.812  1.528  -3.242 0.1111111119
101141  -23.905  5.560  -3.441 0.4444444478
101157  -25.713  5.771  -5.193 0.4444444478
101173  -25.620  5.930  -5.702 0.2222222239
104315  -23.535  8.220  -0.867 0.1111111119
104305  -22.521  8.805  0.069 0.1111111119
105310  -24.955  9.730  -2.346 0.1111111119
82851  -31.773  -10.651  -7.414 0.1111111119
82818  -30.656  -11.277  -4.812 0.1111111119
82831  -30.681  -11.031  -5.796 0.1111111119
82843  -31.243  -10.834  -6.573 0.1111111119
85031  -32.982  -9.736  -8.923 0.1111111119
83912  -33.152  -10.429  -8.412 0.1111111119
86144  -31.334  -8.440  -7.674 0.1111111119
87291  -30.458  -7.779  -7.154 0.1111111119
91612  -30.398  -3.753  -5.480 0.1111111119
90553  -30.444  -4.975  -5.574 0.1111111119
92670  -30.104  -2.183  -6.074 0.1111111119
94793  -30.484  -0.335  -5.501 0.1111111119
95836  -30.785  0.618  -4.900 0.1111111119
99121  -31.174  3.699  -5.281 0.1111111119
98049  -31.270  2.579  -4.865 0.1111111119
100103  -20.336  5.271  -2.789 0.4444444478
100156  -31.391  4.435  -6.781 0.1111111119
102246  -30.999  6.353  -6.601 0.1111111119
102198  -22.244  6.094  -2.164 0.2222222239
103329  -29.590  8.144  -7.782 0.1111111119
102193  -21.948  6.570  -1.735 0.1111111119
104377  -28.204  8.494  -7.882 0.1111111119
104398  -27.492  8.745  -8.673 0.1111111119
103259  -21.709  7.089  -1.080 0.1111111119
103254  -20.715  7.512  -0.275 0.1111111119
104309  -22.080  8.375  -0.306 0.1111111119
104304  -21.922  8.814  0.382 0.1111111119
105388  -25.848  9.382  -9.439 0.1111111119
104294  -21.676  9.003  0.997 0.1111111119
105272  -22.394  9.052  1.099 0.1111111119
106274  -23.364  10.675  -7.838 0.1111111119
105367  -22.585  9.592  -8.744 0.1111111119
105384  -22.383  9.559  -9.548 0.1111111119
105404  -22.920  9.870  -10.446 0.1111111119
105283  -23.246  9.009  0.303 0.1111111119
107099  -24.631  11.569  -3.734 0.1111111119
107111  -23.970  12.083  -5.243 0.1111111119
99086  -30.759  3.565  -2.982 0.1111111119
94775  -30.658  -0.355  -3.370 0.2222222239
99080  -23.373  4.492  -3.087 0.4444444478
87267  -30.237  -7.630  -5.298 0.1111111119
88387  -29.907  -7.209  -6.757 0.1111111119
92648  -30.954  -2.541  -4.128 0.1111111119
93729  -30.980  -1.448  -4.865 0.1111111119
96938  -30.794  1.580  -4.324 0.1111111119
98050  -31.402  2.971  -5.592 0.1111111119
102214  -26.518  6.373  -4.667 0.2222222239
102215  -27.271  6.652  -4.149 0.2222222239
103271  -27.885  6.958  -4.069 0.1111111119
102218  -30.634  6.069  -4.659 0.2222222239
101174  -31.062  5.524  -5.000 0.1111111119
104376  -27.183  8.350  -7.782 0.1111111119
103356  -25.092  7.451  -9.039 0.1111111119
103310  -28.729  8.249  -7.063 0.1111111119
102247  -31.271  5.679  -6.961 0.1111111119
101175  -31.329  5.189  -5.683 0.1111111119
103293  -30.183  6.945  -5.395 0.2222222239
103292  -29.597  7.258  -5.225 0.2222222239
103288  -25.558  6.794  -6.379 0.2222222239
103308  -25.903  7.479  -6.540 0.1111111119
103327  -24.944  7.265  -7.603 0.1111111119
103266  -24.114  6.789  -3.505 0.3333333433
103287  -24.050  7.029  -5.642 0.2222222239
103286  -23.725  7.044  -6.316 0.1111111119
103305  -23.237  7.251  -6.983 0.1111111119
104395  -23.705  7.651  -8.343 0.1111111119
103355  -24.732  7.779  -9.100 0.1111111119
104411  -22.880  8.729  -9.222 0.1111111119
104413  -25.253  8.260  -9.268 0.1111111119
102188  -20.894  7.282  -0.497 0.1111111119
102194  -22.541  6.896  -1.786 0.1111111119
103255  -21.318  7.704  -0.510 0.1111111119
105329  -24.348  9.260  -5.715 0.1111111119
105340  -23.232  8.990  -6.809 0.1111111119
103304  -22.788  7.560  -7.566 0.1111111119
104410  -22.563  9.049  -9.350 0.1111111119
104371  -22.702  8.375  -7.946 0.1111111119
104320  -23.083  7.722  -1.280 0.1111111119
103256  -22.094  7.812  -0.615 0.1111111119
104327  -24.462  7.895  -2.528 0.1111111119
104328  -24.811  8.454  -3.192 0.1111111119
104322  -24.540  8.813  -2.166 0.1111111119
105321  -24.948  9.557  -4.081 0.1111111119
106262  -24.405  9.762  -6.172 0.1111111119
106248  -24.051  10.846  -5.928 0.1111111119
105368  -23.294  10.122  -8.412 0.1111111119
105352  -22.818  8.997  -7.944 0.1111111119
104310  -22.981  8.700  -0.393 0.1111111119
105293  -23.499  9.084  -0.278 0.1111111119
106229  -25.109  10.810  -3.143 0.1111111119
107112  -24.575  11.430  -4.809 0.1111111119
85005  -31.555  -9.370  -7.822 0.1111111119
100135  -30.828  4.597  -4.596 0.1111111119
103312  -30.417  7.264  -5.928 0.1111111119
103330  -30.473  7.446  -7.107 0.1111111119
107150  -23.172  11.444  -6.890 0.1111111119
107089  -24.706  11.736  -2.723 0.1111111119
86170  -32.405  -9.220  -9.002 0.1111111119
105282  -22.520  8.862  0.484 0.1111111119
92660  -30.524  -2.541  -5.235 0.1111111119
93740  -30.385  -1.452  -5.824 0.1111111119
100148  -31.428  4.574  -5.993 0.1111111119
102257  -30.944  6.715  -7.746 0.1111111119
102189  -21.304  6.677  -0.832 0.1111111119
104378  -28.891  8.470  -8.179 0.1111111119
106286  -22.910  10.793  -8.575 0.1111111119
108055  -23.784  12.863  -5.032 0.1111111119
108087  -23.173  12.045  -6.315 0.1111111119
64381  -17.848  -27.694  2.170 0.2222222239
82779  -17.965  -11.627  -0.933 0.2222222239
83832  -18.272  -10.620  -1.132 0.2222222239
81713  -18.272  -12.873  -1.282 0.3333333433
81725  -18.059  -12.235  -1.365 0.4444444478
99097  -19.268  3.612  -3.566 0.2222222239
101128  -19.850  5.212  -2.346 0.1111111119
101129  -20.503  5.463  -2.543 0.1111111119
94754  -17.067  -0.175  -2.909 0.2222222239
93669  -16.606  -1.649  -2.160 0.1111111119
93689  -16.738  -1.024  -2.264 0.1111111119
98011  -17.214  1.925  -2.832 0.1111111119
99060  -17.985  2.481  -2.660 0.1111111119
99077  -18.963  3.723  -2.842 0.1111111119
101124  -20.463  5.465  -1.741 0.1111111119
78298  -17.680  -15.514  0.427 0.2222222239
80483  -17.854  -13.472  -0.356 0.2222222239
87200  -17.473  -7.095  -1.157 0.1111111119
88285  -17.313  -6.586  -1.220 0.3333333433
100117  -20.164  4.702  -2.839 0.3333333433
101139  -20.071  5.230  -2.809 0.1111111119
81712  -17.859  -12.590  -0.734 0.2222222239
100116  -19.768  4.513  -2.724 0.1111111119
99061  -18.529  2.628  -2.566 0.1111111119
99062  -19.277  3.311  -2.157 0.1111111119
100102  -19.531  4.423  -2.203 0.1111111119
78370  -27.511  -15.667  -6.917 0.1111111119
63207  -18.327  -28.165  2.011 0.1111111119
63198  -18.617  -28.604  2.278 0.1111111119
65552  -16.345  -26.637  3.463 0.1111111119
66703  -16.874  -25.604  3.007 0.1111111119
66704  -17.375  -26.207  2.610 0.1111111119
67955  -16.795  -24.472  2.827 0.1111111119
78278  -17.649  -15.635  1.215 0.1111111119
83820  -17.878  -10.901  -0.366 0.1111111119
90457  -16.364  -4.465  -1.065 0.2222222239
91523  -16.109  -3.403  -0.693 0.2222222239
65553  -16.999  -26.710  2.775 0.1111111119
64380  -17.537  -28.017  2.699 0.1111111119
63197  -17.903  -28.663  2.345 0.1111111119
66702  -15.954  -25.532  3.928 0.1111111119
67943  -16.271  -24.492  3.559 0.1111111119
69205  -16.537  -23.536  3.300 0.1111111119
70394  -16.830  -22.565  2.968 0.1111111119
79326  -17.937  -14.537  0.795 0.1111111119
83799  -17.680  -11.227  0.103 0.1111111119
92569  -15.345  -2.619  0.246 0.2222222239
92579  -15.654  -2.386  -0.343 0.1111111119
63184  -19.193  -28.609  3.306 0.1111111119
63196  -17.280  -28.733  2.901 0.1111111119
92595  -16.367  -2.288  -1.328 0.2222222239
79349  -17.901  -14.466  -0.061 0.1111111119
89386  -16.580  -5.411  -0.796 0.2222222239
72696  -16.668  -20.492  2.766 0.1111111119
73876  -17.191  -19.553  2.384 0.1111111119
77199  -17.546  -16.900  1.696 0.1111111119
65554  -17.626  -26.773  2.438 0.1111111119
81707  -17.748  -12.647  0.111 0.1111111119
64364  -17.451  -27.357  2.718 0.1111111119
64363  -16.895  -27.678  3.132 0.1111111119
78264  -18.364  -15.903  1.859 0.1111111119
90448  -16.104  -4.235  -0.180 0.1111111119
70383  -16.231  -22.634  3.817 0.1111111119
92578  -15.059  -2.041  0.199 0.1111111119
93652  -15.353  -1.428  -0.091 0.1111111119
95786  -16.913  0.369  -2.137 0.1111111119
94731  -16.740  -0.419  -1.921 0.1111111119
96878  -17.092  0.822  -1.891 0.1111111119
62048  -18.129  -29.237  2.619 0.1111111119
63199  -19.185  -28.252  2.356 0.1111111119
64390  -18.425  -27.566  1.789 0.3333333433
65581  -21.074  -25.389  1.503 0.1111111119
66737  -21.461  -24.979  1.016 0.1111111119
67989  -19.257  -25.166  0.769 0.3333333433
68009  -20.933  -24.134  -0.898 0.3333333433
69227  -21.884  -23.787  1.094 0.1111111119
69281  -22.459  -23.447  -1.909 0.1111111119
69294  -22.081  -23.363  -2.458 0.4444444478
70413  -19.913  -22.334  1.201 0.3333333433
70465  -21.893  -22.558  -2.185 0.4444444478
70481  -21.766  -22.997  -2.326 0.4444444478
70484  -23.779  -22.444  -2.933 0.2222222239
71650  -24.668  -21.564  -3.855 0.1111111119
71661  -24.115  -20.856  -4.327 0.1111111119
71663  -24.936  -21.305  -4.310 0.1111111119
72730  -17.598  -20.161  1.122 0.2222222239
72744  -19.686  -20.099  0.198 0.4444444478
72759  -22.818  -21.313  -1.577 0.4444444478
72815  -27.115  -20.218  -5.061 0.1111111119
72827  -26.534  -19.964  -5.375 0.1111111119
73985  -23.610  -19.969  -3.846 0.2222222239
73986  -24.280  -19.331  -4.059 0.2222222239
74007  -25.365  -19.601  -5.582 0.1111111119
75147  -24.138  -19.561  -2.667 0.4444444478
75149  -25.263  -18.222  -2.928 0.3333333433
75150  -25.823  -18.164  -2.950 0.3333333433
75162  -25.335  -18.121  -4.073 0.3333333433
75175  -24.910  -18.996  -5.189 0.2222222239
75186  -25.117  -19.247  -5.467 0.2222222239
75189  -27.424  -19.104  -6.028 0.1111111119
75199  -27.820  -18.812  -6.335 0.1111111119
76193  -22.028  -17.123  -0.681 0.6666666865
76195  -25.277  -17.419  -1.714 0.3333333433
76203  -25.628  -17.465  -2.258 0.3333333433
76214  -25.811  -17.440  -3.936 0.2222222239
76215  -26.042  -17.699  -3.358 0.3333333433
76225  -25.844  -17.558  -4.741 0.1111111119
76249  -26.892  -17.579  -6.328 0.1111111119
77230  -22.843  -16.657  -0.545 0.5555555820
77232  -24.007  -17.039  -0.381 0.5555555820
77261  -19.886  -15.889  -2.111 0.8888888955
77281  -25.930  -17.063  -4.169 0.2222222239
78331  -26.209  -15.803  -1.839 0.4444444478
78346  -26.660  -16.509  -5.185 0.3333333433
80496  -27.583  -13.768  -1.693 0.5555555820
80497  -28.125  -13.239  -1.794 0.5555555820
80505  -22.479  -13.332  -2.900 1.0000000000
80518  -22.244  -12.817  -3.280 1.0000000000
80519  -22.674  -12.905  -3.036 1.0000000000
80530  -21.116  -12.587  -3.911 1.0000000000
81715  -24.018  -12.760  -1.694 1.0000000000
81730  -28.379  -12.651  -1.790 0.5555555820
81731  -28.953  -12.521  -2.329 0.3333333433
81739  -21.555  -12.301  -3.736 1.0000000000
82780  -24.471  -12.127  -1.732 1.0000000000
82781  -25.270  -12.101  -1.499 0.8888888955
82783  -27.044  -11.938  -1.114 0.5555555820
82793  -24.071  -11.536  -2.109 1.0000000000
82794  -28.580  -11.722  -1.754 0.4444444478
82830  -21.927  -10.231  -4.475 1.0000000000
83860  -23.241  -10.420  -3.223 1.0000000000
83872  -21.432  -10.345  -4.955 1.0000000000
83884  -21.747  -9.899  -4.899 1.0000000000
83911  -32.349  -10.299  -8.102 0.1111111119
83920  -33.416  -10.020  -8.800 0.1111111119
84983  -22.861  -9.401  -4.121 1.0000000000
84995  -22.091  -9.162  -4.995 1.0000000000
85006  -31.822  -9.154  -8.454 0.1111111119
85020  -31.780  -9.640  -8.060 0.1111111119
85021  -32.207  -9.549  -8.474 0.1111111119
85022  -32.695  -10.024  -8.526 0.1111111119
85030  -32.606  -9.421  -8.957 0.1111111119
86118  -20.803  -8.699  -5.240 0.8888888955
86120  -23.318  -8.347  -3.768 1.0000000000
86134  -21.902  -8.471  -5.370 1.0000000000
86145  -31.638  -8.915  -8.277 0.1111111119
86171  -32.708  -9.213  -9.258 0.1111111119
87199  -17.169  -6.602  -1.020 0.3333333433
87218  -27.878  -6.957  -1.538 0.6666666865
87221  -29.907  -6.715  -1.960 0.4444444478
87238  -30.510  -7.014  -3.374 0.1111111119
87248  -24.265  -7.227  -2.768 0.7777777910
87263  -19.401  -7.144  -4.673 0.7777777910
87266  -22.522  -7.470  -4.529 1.0000000000
88307  -28.943  -6.298  -1.469 0.5555555820
88324  -30.491  -6.389  -3.108 0.1111111119
88356  -22.517  -6.348  -4.407 1.0000000000
89406  -27.897  -5.784  -1.486 0.6666666865
89407  -28.581  -5.748  -1.471 0.5555555820
89418  -17.690  -5.209  -2.713 0.4444444478
89445  -24.133  -5.339  -3.316 0.8888888955
89459  -21.773  -5.568  -4.876 1.0000000000
89460  -22.388  -5.281  -4.593 1.0000000000
90466  -28.925  -5.290  -1.544 0.5555555820
90479  -17.445  -4.310  -2.596 0.5555555820
90510  -30.972  -4.216  -3.738 0.2222222239
90532  -31.125  -4.216  -3.982 0.2222222239
90547  -19.185  -4.446  -5.149 0.7777777910
90550  -21.254  -4.640  -5.573 1.0000000000
91574  -30.822  -4.077  -3.594 0.2222222239
91595  -23.713  -3.815  -3.931 0.8888888955
91597  -31.025  -3.953  -3.788 0.2222222239
91609  -21.081  -3.677  -5.562 1.0000000000
92602  -25.932  -2.446  -2.469 0.7777777910
92620  -23.282  -2.706  -3.578 0.8888888955
92644  -18.330  -2.415  -4.445 0.7777777910
92656  -20.081  -2.586  -5.583 0.7777777910
93692  -22.918  -2.075  -3.739 0.7777777910
93715  -21.830  -1.797  -4.622 0.7777777910
94716  -15.654  -0.797  -0.417 0.1111111119
94722  -27.107  0.146  -1.919 0.5555555820
94724  -28.301  0.003  -1.627 0.5555555820
94732  -16.898  -0.046  -2.458 0.2222222239
94771  -17.693  -0.328  -4.230 0.5555555820
94773  -21.269  -1.047  -4.340 0.7777777910
94782  -18.805  -0.560  -5.306 0.6666666865
94784  -20.394  -0.660  -5.126 0.7777777910
95778  -26.518  1.085  -1.848 0.6666666865
95780  -27.986  0.670  -1.481 0.5555555820
95782  -29.756  0.712  -1.792 0.3333333433
95787  -17.159  0.470  -2.678 0.1111111119
95791  -29.656  0.132  -1.873 0.4444444478
95807  -22.511  0.150  -3.391 0.6666666865
95823  -17.717  0.524  -3.794 0.4444444478
95834  -20.073  0.178  -5.083 0.6666666865
96888  -30.082  1.120  -1.908 0.4444444478
96895  -17.232  0.958  -2.390 0.1111111119
96899  -29.940  1.629  -2.016 0.4444444478
96909  -17.637  1.293  -3.348 0.3333333433
96937  -21.529  0.677  -3.893 0.6666666865
97997  -28.128  2.498  -1.450 0.6666666865
97999  -29.604  1.984  -1.884 0.5555555820
98010  -17.294  1.412  -2.572 0.1111111119
98014  -26.811  2.422  -2.114 0.5555555820
98017  -30.577  2.452  -2.690 0.3333333433
98026  -18.112  2.463  -3.775 0.3333333433
98046  -17.940  1.830  -4.063 0.3333333433
98048  -19.026  2.436  -4.226 0.5555555820
98061  -30.884  2.416  -5.849 0.1111111119
99065  -29.532  2.544  -1.810 0.5555555820
99075  -17.656  2.402  -2.804 0.1111111119
99083  -27.944  3.399  -1.837 0.5555555820
99084  -28.762  3.795  -1.751 0.5555555820
99105  -27.647  3.908  -2.434 0.4444444478
99119  -18.852  2.685  -4.091 0.3333333433
99135  -31.250  4.150  -5.695 0.1111111119
100107  -28.606  4.471  -2.326 0.2222222239
100147  -31.172  4.623  -5.361 0.1111111119
101134  -29.440  5.029  -2.638 0.1111111119
101140  -20.197  5.393  -2.896 0.1111111119
101148  -30.111  5.371  -3.572 0.2222222239
101159  -30.450  5.512  -4.210 0.1111111119
101185  -24.758  5.991  -6.367 0.1111111119
101187  -31.356  5.325  -6.434 0.1111111119
102217  -29.875  6.466  -4.433 0.2222222239
102230  -25.605  6.255  -6.022 0.2222222239
102232  -30.065  6.772  -5.105 0.2222222239
102233  -30.608  6.440  -5.340 0.1111111119
102255  -23.516  6.987  -7.416 0.1111111119
102256  -23.805  6.930  -7.219 0.1111111119
103272  -28.344  6.793  -3.888 0.2222222239
103324  -22.697  7.648  -8.149 0.1111111119
103328  -28.867  8.372  -7.717 0.1111111119
103341  -22.782  7.393  -8.234 0.1111111119
103342  -24.440  7.648  -8.560 0.1111111119
104323  -25.041  9.113  -2.725 0.1111111119
104337  -24.204  7.503  -6.106 0.1111111119
104339  -26.916  7.789  -6.302 0.1111111119
104354  -25.745  7.707  -7.223 0.1111111119
104372  -22.916  7.219  -8.180 0.1111111119
104373  -23.200  7.210  -8.144 0.1111111119
104393  -22.657  8.466  -8.777 0.1111111119
104394  -22.956  7.716  -8.570 0.1111111119
105317  -25.165  9.350  -3.491 0.1111111119
105353  -23.182  9.519  -7.687 0.1111111119
105366  -21.990  10.078  -9.023 0.1111111119
105385  -22.625  9.420  -9.834 0.1111111119
106230  -25.401  10.024  -3.406 0.1111111119
106273  -23.141  11.230  -8.130 0.1111111119
106287  -23.271  10.528  -8.323 0.1111111119
107130  -23.642  11.518  -6.015 0.1111111119
