#!ascii label  , from subject 3322 vox2ras=TkReg
498
74009  -27.279  -19.654  -5.510 0.0000000000
80495  -26.558  -13.762  -1.148 0.0000000000
96898  -26.247  1.625  -2.029 0.0000000000
91551  -28.184  -3.383  -1.531 0.0000000000
84972  -30.091  -9.490  -3.553 0.0000000000
78392  -30.562  -15.229  -8.869 0.0000000000
98032  -24.368  2.689  -2.716 0.0000000000
88308  -29.690  -6.216  -1.700 0.0000000000
86092  -26.421  -8.319  -1.600 0.0000000000
77283  -26.810  -16.203  -4.177 0.0000000000
79396  -29.615  -14.721  -4.784 0.0000000000
77315  -28.892  -16.603  -7.096 0.0000000000
69293  -21.889  -23.193  -2.474 0.0000000000
73987  -24.957  -18.752  -3.814 0.0000000000
103275  -24.304  7.296  -4.738 0.0000000000
101171  -24.605  5.767  -5.586 0.0000000000
102206  -26.857  6.142  -3.814 0.0000000000
101133  -28.944  4.838  -2.441 0.0000000000
98016  -29.987  2.228  -2.176 0.0000000000
93676  -27.409  -1.460  -1.899 0.0000000000
93717  -30.977  -1.410  -3.725 0.0000000000
91596  -30.852  -3.609  -4.399 0.0000000000
88372  -30.379  -6.963  -5.984 0.0000000000
83898  -31.125  -10.109  -7.218 0.0000000000
82795  -29.150  -11.542  -2.351 0.0000000000
81765  -31.260  -12.461  -5.678 0.0000000000
87233  -25.967  -7.346  -1.822 0.0000000000
86106  -24.586  -7.994  -2.743 0.0000000000
76237  -26.136  -17.615  -5.711 0.0000000000
78369  -27.032  -16.154  -6.386 0.0000000000
76251  -28.609  -18.370  -6.591 0.0000000000
65571  -21.269  -25.957  2.118 0.0000000000
67973  -21.859  -24.179  1.274 0.0000000000
69251  -22.325  -24.019  0.182 0.0000000000
77262  -25.553  -16.978  -1.913 0.0000000000
75106  -24.375  -17.820  -0.928 0.0000000000
101157  -25.713  5.771  -5.193 0.0000000000
98013  -26.129  2.461  -2.485 0.0000000000
99104  -26.897  3.811  -2.673 0.0000000000
98015  -27.495  2.742  -1.918 0.0000000000
99085  -29.808  3.314  -2.168 0.0000000000
96885  -27.582  1.510  -1.461 0.0000000000
92604  -27.836  -2.411  -1.760 0.0000000000
94740  -29.954  -0.475  -2.173 0.0000000000
92606  -30.001  -2.423  -2.090 0.0000000000
92648  -30.954  -2.541  -4.128 0.0000000000
91553  -30.170  -3.543  -2.348 0.0000000000
87237  -30.028  -7.381  -2.582 0.0000000000
88341  -30.788  -6.568  -3.984 0.0000000000
86108  -29.905  -8.435  -4.858 0.0000000000
86136  -30.409  -8.445  -6.603 0.0000000000
83886  -30.674  -10.126  -6.227 0.0000000000
82782  -26.110  -12.018  -1.147 0.0000000000
83836  -27.243  -11.072  -1.308 0.0000000000
81719  -27.676  -12.736  -1.433 0.0000000000
79412  -30.233  -14.832  -6.516 0.0000000000
80532  -30.578  -13.624  -4.664 0.0000000000
79414  -31.954  -14.098  -6.971 0.0000000000
81772  -32.368  -12.375  -6.844 0.0000000000
80566  -32.604  -13.603  -8.426 0.0000000000
70466  -23.117  -22.823  -1.765 0.0000000000
71634  -22.465  -21.956  -3.034 0.0000000000
70501  -23.314  -22.309  -3.413 0.0000000000
71649  -23.867  -21.395  -3.764 0.0000000000
90486  -26.420  -4.541  -1.970 0.0000000000
90465  -28.482  -5.166  -1.559 0.0000000000
89405  -27.130  -5.789  -1.480 0.0000000000
87235  -28.150  -7.630  -1.619 0.0000000000
86094  -28.654  -8.515  -1.616 0.0000000000
78333  -27.403  -15.190  -3.095 0.0000000000
79390  -28.428  -14.623  -3.507 0.0000000000
78348  -28.015  -15.784  -4.938 0.0000000000
78371  -28.458  -15.274  -6.955 0.0000000000
78382  -30.137  -15.891  -6.918 0.0000000000
69268  -22.590  -23.095  -1.334 0.0000000000
79367  -26.154  -14.554  -1.139 0.0000000000
77264  -26.506  -16.425  -2.980 0.0000000000
77270  -25.990  -16.887  -3.924 0.0000000000
75187  -25.653  -18.734  -5.512 0.0000000000
104352  -24.301  8.677  -6.087 0.0000000000
102205  -24.227  6.505  -4.175 0.0000000000
102213  -24.398  6.435  -5.160 0.0000000000
103288  -25.558  6.794  -6.379 0.0000000000
103276  -26.626  6.909  -5.317 0.0000000000
103271  -27.885  6.958  -4.069 0.0000000000
100122  -26.390  4.620  -2.999 0.0000000000
101145  -26.982  5.648  -2.961 0.0000000000
102209  -29.588  6.133  -3.790 0.0000000000
100125  -30.454  4.618  -3.569 0.0000000000
99107  -30.821  3.601  -4.178 0.0000000000
96938  -30.794  1.580  -4.324 0.0000000000
95790  -26.866  0.234  -1.974 0.0000000000
95781  -28.979  0.534  -1.641 0.0000000000
95810  -30.661  0.564  -2.879 0.0000000000
95836  -30.785  0.618  -4.900 0.0000000000
93740  -30.385  -1.452  -5.824 0.0000000000
90552  -29.913  -4.281  -6.266 0.0000000000
89426  -30.528  -5.478  -2.801 0.0000000000
89462  -30.757  -5.780  -4.792 0.0000000000
84956  -25.837  -9.314  -1.638 0.0000000000
83847  -27.614  -10.276  -1.407 0.0000000000
83849  -29.348  -10.506  -2.472 0.0000000000
80521  -29.493  -13.552  -3.801 0.0000000000
81743  -29.955  -12.366  -3.666 0.0000000000
82818  -30.656  -11.277  -4.812 0.0000000000
82843  -31.243  -10.834  -6.573 0.0000000000
82852  -32.498  -11.028  -7.703 0.0000000000
73974  -24.131  -19.520  -3.274 0.0000000000
72812  -24.409  -20.313  -4.768 0.0000000000
72814  -26.483  -20.412  -4.953 0.0000000000
75188  -26.800  -18.621  -5.977 0.0000000000
75198  -27.278  -18.202  -6.347 0.0000000000
74021  -27.832  -19.534  -6.090 0.0000000000
75190  -28.608  -19.390  -6.046 0.0000000000
73999  -27.919  -19.810  -5.395 0.0000000000
65572  -22.211  -25.535  2.821 0.0000000000
66723  -21.752  -24.810  2.103 0.0000000000
96897  -25.747  1.538  -2.448 0.0000000000
97996  -27.298  2.183  -1.616 0.0000000000
96884  -26.793  1.593  -1.660 0.0000000000
91550  -27.115  -3.395  -1.723 0.0000000000
92603  -26.850  -2.430  -2.123 0.0000000000
92605  -28.930  -2.412  -1.695 0.0000000000
91552  -29.259  -3.462  -1.720 0.0000000000
86096  -30.015  -8.591  -2.962 0.0000000000
87249  -30.122  -8.028  -3.338 0.0000000000
86107  -30.174  -8.600  -3.855 0.0000000000
84973  -30.020  -9.409  -4.569 0.0000000000
81717  -25.883  -12.860  -1.080 0.0000000000
81718  -26.904  -12.889  -0.911 0.0000000000
78383  -30.703  -15.544  -7.688 0.0000000000
79413  -31.113  -14.687  -6.860 0.0000000000
80564  -30.764  -14.208  -8.829 0.0000000000
80555  -31.998  -14.020  -8.161 0.0000000000
78402  -32.007  -14.596  -8.482 0.0000000000
79431  -32.997  -14.092  -8.686 0.0000000000
77327  -32.493  -15.667  -8.400 0.0000000000
70467  -23.478  -22.493  -2.320 0.0000000000
89423  -25.629  -5.479  -2.400 0.0000000000
90463  -26.988  -5.091  -1.568 0.0000000000
89424  -26.403  -5.659  -1.892 0.0000000000
87234  -27.144  -7.368  -1.690 0.0000000000
86093  -27.589  -8.403  -1.569 0.0000000000
78338  -27.140  -15.832  -3.671 0.0000000000
78339  -27.755  -15.317  -3.894 0.0000000000
78347  -27.164  -16.177  -4.771 0.0000000000
77314  -27.932  -16.261  -7.145 0.0000000000
78370  -27.511  -15.667  -6.917 0.0000000000
78381  -29.119  -15.788  -7.359 0.0000000000
77316  -29.926  -16.841  -7.312 0.0000000000
77317  -30.791  -16.587  -7.390 0.0000000000
65570  -20.618  -26.588  1.692 0.0000000000
70457  -22.665  -23.357  -0.007 0.0000000000
70458  -23.062  -22.686  -0.592 0.0000000000
78321  -26.429  -15.226  -1.624 0.0000000000
75130  -25.354  -17.908  -2.103 0.0000000000
76204  -26.071  -17.620  -2.769 0.0000000000
75163  -25.644  -17.963  -3.514 0.0000000000
75176  -25.337  -18.364  -4.916 0.0000000000
75161  -24.832  -18.829  -4.503 0.0000000000
104338  -24.463  8.163  -5.530 0.0000000000
104351  -23.961  8.082  -6.588 0.0000000000
103287  -24.050  7.029  -5.642 0.0000000000
101155  -24.681  5.760  -4.699 0.0000000000
102229  -23.927  6.289  -6.053 0.0000000000
101184  -24.498  5.909  -6.186 0.0000000000
102245  -25.107  6.226  -6.504 0.0000000000
101172  -25.140  5.648  -5.949 0.0000000000
101144  -25.952  5.452  -4.011 0.0000000000
102231  -26.074  6.299  -5.514 0.0000000000
102214  -26.518  6.373  -4.667 0.0000000000
103277  -27.454  7.150  -4.836 0.0000000000
102215  -27.271  6.652  -4.149 0.0000000000
99103  -25.985  3.507  -2.902 0.0000000000
100124  -28.031  4.479  -2.466 0.0000000000
100123  -27.353  4.669  -2.602 0.0000000000
101146  -28.408  5.311  -2.849 0.0000000000
102208  -28.972  6.445  -3.700 0.0000000000
101147  -29.517  5.622  -3.334 0.0000000000
101158  -29.920  5.827  -3.859 0.0000000000
101135  -30.089  5.151  -2.992 0.0000000000
99086  -30.759  3.565  -2.982 0.0000000000
98034  -30.854  2.560  -3.692 0.0000000000
93675  -26.469  -1.445  -2.303 0.0000000000
93674  -25.612  -1.520  -2.697 0.0000000000
94737  -26.936  -0.375  -1.976 0.0000000000
94723  -27.552  0.069  -1.750 0.0000000000
94738  -27.941  -0.635  -1.722 0.0000000000
93695  -30.360  -1.256  -2.734 0.0000000000
94758  -30.405  -0.214  -2.656 0.0000000000
94775  -30.658  -0.355  -3.370 0.0000000000
95829  -30.637  0.599  -3.860 0.0000000000
94785  -30.878  -0.382  -4.377 0.0000000000
94793  -30.484  -0.335  -5.501 0.0000000000
93729  -30.980  -1.448  -4.865 0.0000000000
92660  -30.524  -2.541  -5.235 0.0000000000
91612  -30.398  -3.753  -5.480 0.0000000000
91611  -29.886  -3.390  -6.233 0.0000000000
89408  -29.288  -5.607  -1.549 0.0000000000
90489  -29.466  -4.662  -1.675 0.0000000000
89425  -30.110  -5.462  -1.879 0.0000000000
88358  -30.660  -6.804  -5.001 0.0000000000
89480  -30.446  -6.047  -5.761 0.0000000000
84997  -30.690  -9.335  -6.954 0.0000000000
83910  -31.762  -9.950  -7.844 0.0000000000
84955  -24.589  -9.519  -2.186 0.0000000000
83837  -27.998  -11.098  -1.514 0.0000000000
83848  -28.606  -10.581  -1.768 0.0000000000
79391  -29.050  -14.744  -4.011 0.0000000000
80520  -28.823  -14.092  -3.526 0.0000000000
81764  -30.892  -12.831  -5.120 0.0000000000
80522  -30.115  -12.972  -4.135 0.0000000000
81754  -30.528  -12.365  -4.418 0.0000000000
82808  -30.029  -11.368  -3.968 0.0000000000
82819  -30.942  -11.710  -5.489 0.0000000000
82831  -30.681  -11.031  -5.796 0.0000000000
82832  -31.204  -11.678  -6.156 0.0000000000
81778  -32.890  -12.383  -7.454 0.0000000000
82845  -32.566  -11.725  -7.363 0.0000000000
82853  -33.138  -11.401  -7.796 0.0000000000
71651  -25.156  -21.370  -4.188 0.0000000000
71662  -24.533  -21.113  -4.358 0.0000000000
72813  -25.341  -20.720  -4.582 0.0000000000
72825  -25.025  -20.216  -5.442 0.0000000000
72801  -26.368  -20.481  -3.996 0.0000000000
88321  -25.819  -6.454  -2.264 0.0000000000
87232  -25.065  -7.272  -2.304 0.0000000000
86091  -25.106  -8.316  -1.954 0.0000000000
77292  -26.418  -16.818  -5.488 0.0000000000
78358  -26.811  -16.350  -5.739 0.0000000000
77301  -26.586  -16.763  -6.206 0.0000000000
77302  -27.406  -16.687  -6.569 0.0000000000
77303  -28.411  -17.226  -6.647 0.0000000000
77304  -29.698  -18.050  -6.933 0.0000000000
76252  -29.186  -18.823  -6.432 0.0000000000
75191  -29.117  -19.117  -5.950 0.0000000000
68011  -21.727  -24.201  -0.495 0.0000000000
69250  -21.864  -23.912  0.796 0.0000000000
69228  -22.271  -23.639  1.153 0.0000000000
77254  -25.382  -16.515  -1.311 0.0000000000
76194  -24.873  -17.366  -1.051 0.0000000000
75129  -24.823  -18.297  -1.689 0.0000000000
103270  -24.334  7.344  -3.700 0.0000000000
101156  -25.177  5.467  -5.008 0.0000000000
101143  -25.059  5.219  -4.113 0.0000000000
99081  -26.653  3.055  -2.612 0.0000000000
99082  -27.310  3.175  -2.418 0.0000000000
99106  -28.185  4.033  -2.152 0.0000000000
100108  -29.289  4.339  -2.285 0.0000000000
99063  -28.454  3.188  -1.610 0.0000000000
99064  -28.979  2.960  -1.597 0.0000000000
97998  -29.053  2.151  -1.607 0.0000000000
93677  -28.454  -1.459  -1.814 0.0000000000
93678  -29.527  -1.412  -2.013 0.0000000000
92623  -30.582  -2.476  -3.077 0.0000000000
91573  -30.652  -3.671  -3.449 0.0000000000
87220  -29.417  -6.886  -1.711 0.0000000000
88323  -30.175  -6.282  -2.278 0.0000000000
87250  -30.359  -7.588  -4.019 0.0000000000
87267  -30.237  -7.630  -5.298 0.0000000000
87280  -30.257  -7.704  -6.240 0.0000000000
86121  -30.105  -8.274  -5.748 0.0000000000
84985  -30.086  -9.217  -5.776 0.0000000000
83845  -25.460  -10.313  -1.549 0.0000000000
83835  -26.285  -11.113  -1.260 0.0000000000
82784  -27.861  -11.868  -1.419 0.0000000000
79404  -29.912  -14.824  -5.795 0.0000000000
79397  -30.274  -14.435  -4.990 0.0000000000
79405  -30.623  -14.388  -5.719 0.0000000000
80540  -31.188  -13.553  -5.875 0.0000000000
80541  -31.528  -12.950  -6.073 0.0000000000
81771  -31.676  -12.392  -6.357 0.0000000000
79415  -32.359  -13.586  -7.134 0.0000000000
80556  -32.505  -13.283  -7.796 0.0000000000
81786  -33.003  -12.837  -8.129 0.0000000000
80557  -34.099  -12.548  -8.244 0.0000000000
80568  -34.213  -13.051  -9.384 0.0000000000
69295  -22.267  -23.470  -2.310 0.0000000000
70482  -22.217  -22.733  -2.555 0.0000000000
70483  -22.762  -22.847  -2.572 0.0000000000
70500  -22.685  -22.376  -3.126 0.0000000000
71648  -22.972  -21.774  -3.491 0.0000000000
72798  -23.432  -20.914  -3.496 0.0000000000
70502  -23.972  -21.976  -3.437 0.0000000000
72799  -24.728  -21.210  -3.238 0.0000000000
90487  -27.466  -4.317  -1.550 0.0000000000
90488  -28.435  -4.357  -1.517 0.0000000000
90464  -27.730  -5.104  -1.562 0.0000000000
88306  -28.185  -6.371  -1.454 0.0000000000
88322  -26.625  -6.518  -1.768 0.0000000000
88305  -27.447  -6.473  -1.542 0.0000000000
87219  -28.599  -6.964  -1.525 0.0000000000
87236  -29.136  -7.662  -1.676 0.0000000000
86095  -29.497  -8.528  -2.140 0.0000000000
84960  -29.720  -9.514  -2.633 0.0000000000
79379  -27.422  -14.656  -2.388 0.0000000000
80507  -27.840  -14.131  -2.445 0.0000000000
79380  -27.909  -14.593  -2.977 0.0000000000
78340  -28.459  -15.290  -4.199 0.0000000000
78349  -28.881  -15.488  -4.921 0.0000000000
78359  -27.376  -15.939  -5.912 0.0000000000
78360  -28.229  -15.661  -6.001 0.0000000000
78361  -29.134  -15.264  -5.950 0.0000000000
78372  -29.505  -15.130  -6.816 0.0000000000
78373  -30.185  -15.021  -7.185 0.0000000000
77326  -31.899  -15.784  -8.231 0.0000000000
77293  -30.190  -18.483  -6.633 0.0000000000
64384  -20.266  -27.139  1.760 0.0000000000
69279  -21.776  -23.377  -2.127 0.0000000000
67993  -22.001  -24.203  -0.294 0.0000000000
69267  -22.079  -23.620  -0.859 0.0000000000
69280  -21.965  -23.801  -1.994 0.0000000000
79368  -26.859  -14.604  -1.727 0.0000000000
78332  -26.726  -15.592  -2.590 0.0000000000
77272  -26.646  -16.290  -3.597 0.0000000000
77263  -26.012  -16.594  -2.311 0.0000000000
77271  -26.116  -16.947  -3.548 0.0000000000
77282  -26.363  -16.697  -4.568 0.0000000000
76226  -26.246  -17.191  -5.141 0.0000000000
76236  -25.720  -18.060  -5.261 0.0000000000
74008  -26.212  -19.440  -5.589 0.0000000000
105320  -24.495  9.330  -4.696 0.0000000000
102201  -24.046  6.757  -3.754 0.0000000000
102228  -23.744  6.856  -6.616 0.0000000000
101173  -25.620  5.930  -5.702 0.0000000000
103289  -26.153  7.015  -5.932 0.0000000000
103309  -26.528  7.614  -6.256 0.0000000000
103290  -27.014  7.583  -5.750 0.0000000000
103291  -28.288  7.950  -5.753 0.0000000000
103278  -28.648  7.105  -4.485 0.0000000000
100121  -25.460  4.512  -3.402 0.0000000000
102207  -27.821  6.248  -3.678 0.0000000000
102216  -29.242  6.820  -4.234 0.0000000000
103279  -29.320  6.882  -4.614 0.0000000000
102218  -30.634  6.069  -4.659 0.0000000000
100135  -30.828  4.597  -4.596 0.0000000000
100109  -30.090  4.401  -2.650 0.0000000000
94736  -26.006  -0.491  -2.495 0.0000000000
95789  -26.294  0.560  -2.071 0.0000000000
95779  -27.039  0.684  -1.720 0.0000000000
96886  -28.531  1.453  -1.501 0.0000000000
96887  -29.457  1.367  -1.726 0.0000000000
94739  -28.989  -0.479  -1.893 0.0000000000
95792  -30.232  0.457  -2.176 0.0000000000
96900  -30.427  1.426  -2.378 0.0000000000
96917  -30.812  1.528  -3.242 0.0000000000
92670  -30.104  -2.183  -6.074 0.0000000000
91620  -29.389  -3.540  -6.916 0.0000000000
90490  -30.402  -4.555  -2.527 0.0000000000
90509  -30.792  -4.563  -3.532 0.0000000000
89446  -30.799  -5.582  -3.768 0.0000000000
90531  -30.795  -4.645  -4.529 0.0000000000
90553  -30.444  -4.975  -5.574 0.0000000000
87291  -30.458  -7.779  -7.154 0.0000000000
84971  -24.485  -8.743  -2.910 0.0000000000
83846  -26.575  -10.221  -1.454 0.0000000000
84957  -27.028  -9.311  -1.466 0.0000000000
84958  -28.152  -9.423  -1.432 0.0000000000
84959  -29.147  -9.523  -1.798 0.0000000000
80508  -28.482  -13.612  -2.664 0.0000000000
80509  -29.216  -13.070  -2.840 0.0000000000
81742  -29.490  -12.437  -2.943 0.0000000000
80531  -30.108  -14.169  -4.448 0.0000000000
82807  -29.598  -11.442  -3.125 0.0000000000
83861  -29.740  -10.440  -3.362 0.0000000000
83862  -30.187  -10.365  -4.223 0.0000000000
83874  -30.293  -10.257  -5.247 0.0000000000
82844  -31.884  -11.535  -6.922 0.0000000000
82851  -31.773  -10.651  -7.414 0.0000000000
75148  -24.723  -19.174  -2.576 0.0000000000
73975  -24.861  -19.154  -3.336 0.0000000000
72811  -23.781  -20.555  -4.206 0.0000000000
73996  -23.858  -19.873  -4.497 0.0000000000
73997  -24.423  -19.473  -4.791 0.0000000000
74006  -24.758  -19.637  -5.359 0.0000000000
72826  -25.811  -20.146  -5.425 0.0000000000
72828  -26.873  -20.095  -5.233 0.0000000000
67974  -22.554  -24.082  1.721 0.0000000000
69227  -21.884  -23.787  1.094 0.0000000000
69281  -22.459  -23.447  -1.909 0.0000000000
69294  -22.081  -23.363  -2.458 0.0000000000
70481  -21.766  -22.997  -2.326 0.0000000000
70484  -23.779  -22.444  -2.933 0.0000000000
71650  -24.668  -21.564  -3.855 0.0000000000
71661  -24.115  -20.856  -4.327 0.0000000000
71663  -24.936  -21.305  -4.310 0.0000000000
72815  -27.115  -20.218  -5.061 0.0000000000
72827  -26.534  -19.964  -5.375 0.0000000000
73985  -23.610  -19.969  -3.846 0.0000000000
73986  -24.280  -19.331  -4.059 0.0000000000
74007  -25.365  -19.601  -5.582 0.0000000000
74010  -28.180  -19.983  -5.960 0.0000000000
74022  -28.240  -19.412  -6.175 0.0000000000
75149  -25.263  -18.222  -2.928 0.0000000000
75150  -25.823  -18.164  -2.950 0.0000000000
75162  -25.335  -18.121  -4.073 0.0000000000
75175  -24.910  -18.996  -5.189 0.0000000000
75186  -25.117  -19.247  -5.467 0.0000000000
75189  -27.424  -19.104  -6.028 0.0000000000
75199  -27.820  -18.812  -6.335 0.0000000000
75200  -28.606  -19.064  -6.366 0.0000000000
75201  -28.917  -19.141  -6.216 0.0000000000
76195  -25.277  -17.419  -1.714 0.0000000000
76203  -25.628  -17.465  -2.258 0.0000000000
76214  -25.811  -17.440  -3.936 0.0000000000
76215  -26.042  -17.699  -3.358 0.0000000000
76225  -25.844  -17.558  -4.741 0.0000000000
76249  -26.892  -17.579  -6.328 0.0000000000
76250  -27.698  -17.817  -6.566 0.0000000000
77281  -25.930  -17.063  -4.169 0.0000000000
78331  -26.209  -15.803  -1.839 0.0000000000
78346  -26.660  -16.509  -5.185 0.0000000000
78380  -28.239  -15.770  -7.319 0.0000000000
78384  -31.318  -15.467  -8.187 0.0000000000
78391  -30.286  -15.086  -9.060 0.0000000000
78393  -31.574  -15.310  -8.778 0.0000000000
78394  -32.488  -14.976  -8.582 0.0000000000
78395  -33.653  -14.663  -8.680 0.0000000000
78399  -30.542  -15.019  -9.269 0.0000000000
78400  -30.969  -15.129  -9.454 0.0000000000
78401  -31.631  -14.887  -9.234 0.0000000000
79421  -30.922  -14.734  -8.286 0.0000000000
79422  -31.618  -14.365  -7.725 0.0000000000
79423  -32.100  -13.865  -7.561 0.0000000000
79429  -30.410  -14.809  -9.155 0.0000000000
79430  -30.367  -14.631  -8.883 0.0000000000
79432  -33.906  -13.697  -9.172 0.0000000000
79433  -34.364  -13.456  -9.040 0.0000000000
79437  -30.714  -14.702  -9.363 0.0000000000
79438  -31.168  -14.543  -9.464 0.0000000000
79439  -31.541  -14.452  -9.015 0.0000000000
79440  -32.092  -14.234  -8.357 0.0000000000
80496  -27.583  -13.768  -1.693 0.0000000000
80497  -28.125  -13.239  -1.794 0.0000000000
80546  -31.655  -14.014  -6.492 0.0000000000
80547  -31.958  -13.301  -6.552 0.0000000000
80548  -32.634  -13.028  -7.031 0.0000000000
80554  -31.279  -14.250  -8.407 0.0000000000
80558  -34.405  -12.886  -8.701 0.0000000000
80563  -30.453  -14.403  -9.060 0.0000000000
80565  -31.461  -14.187  -8.574 0.0000000000
80567  -33.597  -13.130  -9.229 0.0000000000
80573  -30.585  -14.549  -9.201 0.0000000000
80574  -30.845  -14.206  -9.165 0.0000000000
80575  -31.178  -14.139  -9.077 0.0000000000
80576  -31.579  -14.242  -8.438 0.0000000000
81730  -28.379  -12.651  -1.790 0.0000000000
81731  -28.953  -12.521  -2.329 0.0000000000
81755  -30.993  -12.111  -5.021 0.0000000000
81779  -33.373  -12.449  -7.658 0.0000000000
81780  -34.053  -12.253  -8.709 0.0000000000
81787  -33.486  -12.592  -8.811 0.0000000000
81788  -34.053  -12.479  -9.340 0.0000000000
82781  -25.270  -12.101  -1.499 0.0000000000
82783  -27.044  -11.938  -1.114 0.0000000000
82794  -28.580  -11.722  -1.754 0.0000000000
85020  -31.780  -9.640  -8.060 0.0000000000
85021  -32.207  -9.549  -8.474 0.0000000000
85022  -32.695  -10.024  -8.526 0.0000000000
87218  -27.878  -6.957  -1.538 0.0000000000
87221  -29.907  -6.715  -1.960 0.0000000000
87238  -30.510  -7.014  -3.374 0.0000000000
88307  -28.943  -6.298  -1.469 0.0000000000
88320  -24.936  -6.350  -2.595 0.0000000000
88324  -30.491  -6.389  -3.108 0.0000000000
89406  -27.897  -5.784  -1.486 0.0000000000
89407  -28.581  -5.748  -1.471 0.0000000000
90466  -28.925  -5.290  -1.544 0.0000000000
90510  -30.972  -4.216  -3.738 0.0000000000
90532  -31.125  -4.216  -3.982 0.0000000000
91574  -30.822  -4.077  -3.594 0.0000000000
91597  -31.025  -3.953  -3.788 0.0000000000
94722  -27.107  0.146  -1.919 0.0000000000
94724  -28.301  0.003  -1.627 0.0000000000
95778  -26.518  1.085  -1.848 0.0000000000
95780  -27.986  0.670  -1.481 0.0000000000
95782  -29.756  0.712  -1.792 0.0000000000
95791  -29.656  0.132  -1.873 0.0000000000
96888  -30.082  1.120  -1.908 0.0000000000
96899  -29.940  1.629  -2.016 0.0000000000
97997  -28.128  2.498  -1.450 0.0000000000
97999  -29.604  1.984  -1.884 0.0000000000
98014  -26.811  2.422  -2.114 0.0000000000
98017  -30.577  2.452  -2.690 0.0000000000
99065  -29.532  2.544  -1.810 0.0000000000
99083  -27.944  3.399  -1.837 0.0000000000
99084  -28.762  3.795  -1.751 0.0000000000
99105  -27.647  3.908  -2.434 0.0000000000
100107  -28.606  4.471  -2.326 0.0000000000
101134  -29.440  5.029  -2.638 0.0000000000
101148  -30.111  5.371  -3.572 0.0000000000
101185  -24.758  5.991  -6.367 0.0000000000
102217  -29.875  6.466  -4.433 0.0000000000
102230  -25.605  6.255  -6.022 0.0000000000
102232  -30.065  6.772  -5.105 0.0000000000
103266  -24.114  6.789  -3.505 0.0000000000
103272  -28.344  6.793  -3.888 0.0000000000
104337  -24.204  7.503  -6.106 0.0000000000
