#!ascii label  , from subject 3322 vox2ras=TkReg
1175
64384  -20.266  -27.139  1.760 0.4285714328
65580  -20.406  -26.006  1.259 0.2857142985
65570  -20.618  -26.588  1.692 0.4285714328
65571  -21.269  -25.957  2.118 0.4285714328
66723  -21.752  -24.810  2.103 0.4285714328
66754  -21.112  -24.963  0.570 0.2857142985
67973  -21.859  -24.179  1.274 0.4285714328
69228  -22.271  -23.639  1.153 0.4285714328
67993  -22.001  -24.203  -0.294 0.4285714328
70457  -22.665  -23.357  -0.007 0.4285714328
69280  -21.965  -23.801  -1.994 0.4285714328
70466  -23.117  -22.823  -1.765 0.4285714328
71634  -22.465  -21.956  -3.034 0.5714285970
70483  -22.762  -22.847  -2.572 0.5714285970
70467  -23.478  -22.493  -2.320 0.4285714328
71635  -24.309  -21.781  -3.075 0.2857142985
71648  -22.972  -21.774  -3.491 0.7142857313
70502  -23.972  -21.976  -3.437 0.7142857313
72813  -25.341  -20.720  -4.582 0.7142857313
72801  -26.368  -20.481  -3.996 0.4285714328
71649  -23.867  -21.395  -3.764 0.7142857313
71651  -25.156  -21.370  -4.188 0.5714285970
72828  -26.873  -20.095  -5.233 0.5714285970
72812  -24.409  -20.313  -4.768 0.5714285970
72826  -25.811  -20.146  -5.425 0.5714285970
74008  -26.212  -19.440  -5.589 0.5714285970
74009  -27.279  -19.654  -5.510 0.5714285970
74006  -24.758  -19.637  -5.359 0.5714285970
73999  -27.919  -19.810  -5.395 0.4285714328
75198  -27.278  -18.202  -6.347 0.5714285970
77303  -28.411  -17.226  -6.647 0.5714285970
76226  -26.246  -17.191  -5.141 0.7142857313
77302  -27.406  -16.687  -6.569 0.7142857313
77314  -27.932  -16.261  -7.145 0.7142857313
77315  -28.892  -16.603  -7.096 0.5714285970
76237  -26.136  -17.615  -5.711 0.5714285970
76204  -26.071  -17.620  -2.769 0.5714285970
78358  -26.811  -16.350  -5.739 0.8571428657
78381  -29.119  -15.788  -7.359 0.7142857313
77316  -29.926  -16.841  -7.312 0.5714285970
77283  -26.810  -16.203  -4.177 0.7142857313
77272  -26.646  -16.290  -3.597 0.5714285970
78372  -29.505  -15.130  -6.816 0.7142857313
78382  -30.137  -15.891  -6.918 0.5714285970
78359  -27.376  -15.939  -5.912 0.7142857313
78371  -28.458  -15.274  -6.955 0.7142857313
79412  -30.233  -14.832  -6.516 0.5714285970
78360  -28.229  -15.661  -6.001 0.7142857313
78383  -30.703  -15.544  -7.688 0.5714285970
78348  -28.015  -15.784  -4.938 0.5714285970
78349  -28.881  -15.488  -4.921 0.7142857313
79404  -29.912  -14.824  -5.795 0.7142857313
80540  -31.188  -13.553  -5.875 0.7142857313
79413  -31.113  -14.687  -6.860 0.7142857313
80521  -29.493  -13.552  -3.801 0.7142857313
79397  -30.274  -14.435  -4.990 0.7142857313
80532  -30.578  -13.624  -4.664 0.7142857313
81765  -31.260  -12.461  -5.678 0.7142857313
80541  -31.528  -12.950  -6.073 0.5714285970
80531  -30.108  -14.169  -4.448 0.7142857313
79390  -28.428  -14.623  -3.507 0.5714285970
82832  -31.204  -11.678  -6.156 0.5714285970
82843  -31.243  -10.834  -6.573 0.5714285970
80522  -30.115  -12.972  -4.135 0.8571428657
82831  -30.681  -11.031  -5.796 0.7142857313
82818  -30.656  -11.277  -4.812 0.7142857313
81743  -29.955  -12.366  -3.666 0.8571428657
82808  -30.029  -11.368  -3.968 0.7142857313
86107  -30.174  -8.600  -3.855 0.8571428657
83886  -30.674  -10.126  -6.227 0.5714285970
83862  -30.187  -10.365  -4.223 0.8571428657
84960  -29.720  -9.514  -2.633 0.8571428657
82807  -29.598  -11.442  -3.125 0.8571428657
83861  -29.740  -10.440  -3.362 0.8571428657
87237  -30.028  -7.381  -2.582 0.8571428657
88341  -30.788  -6.568  -3.984 0.8571428657
89426  -30.528  -5.478  -2.801 0.8571428657
84972  -30.091  -9.490  -3.553 0.8571428657
88323  -30.175  -6.282  -2.278 0.8571428657
89408  -29.288  -5.607  -1.549 1.0000000000
89425  -30.110  -5.462  -1.879 1.0000000000
90489  -29.466  -4.662  -1.675 1.0000000000
88308  -29.690  -6.216  -1.700 1.0000000000
91552  -29.259  -3.462  -1.720 1.0000000000
92604  -27.836  -2.411  -1.760 0.7142857313
90488  -28.435  -4.357  -1.517 1.0000000000
92605  -28.930  -2.412  -1.695 1.0000000000
96886  -28.531  1.453  -1.501 1.0000000000
95779  -27.039  0.684  -1.720 0.8571428657
98015  -27.495  2.742  -1.918 0.8571428657
97996  -27.298  2.183  -1.616 1.0000000000
101145  -26.982  5.648  -2.961 0.8571428657
100123  -27.353  4.669  -2.602 0.8571428657
100124  -28.031  4.479  -2.466 1.0000000000
102231  -26.074  6.299  -5.514 0.8571428657
102214  -26.518  6.373  -4.667 0.8571428657
101173  -25.620  5.930  -5.702 0.7142857313
101143  -25.059  5.219  -4.113 0.5714285970
101184  -24.498  5.909  -6.186 0.7142857313
102245  -25.107  6.226  -6.504 0.5714285970
102205  -24.227  6.505  -4.175 0.5714285970
101155  -24.681  5.760  -4.699 0.5714285970
103275  -24.304  7.296  -4.738 0.4285714328
104338  -24.463  8.163  -5.530 0.4285714328
104351  -23.961  8.082  -6.588 0.4285714328
104328  -24.811  8.454  -3.192 0.2857142985
103269  -24.586  7.573  -3.017 0.2857142985
104322  -24.540  8.813  -2.166 0.2857142985
66736  -20.791  -25.343  0.863 0.2857142985
75188  -26.800  -18.621  -5.977 0.5714285970
81754  -30.528  -12.365  -4.418 0.7142857313
82819  -30.942  -11.710  -5.489 0.7142857313
84973  -30.020  -9.409  -4.569 0.8571428657
86108  -29.905  -8.435  -4.858 0.8571428657
87250  -30.359  -7.588  -4.019 0.8571428657
93677  -28.454  -1.459  -1.814 0.8571428657
105294  -24.249  9.578  -0.435 0.1428571492
65597  -20.208  -25.713  0.629 0.2857142985
67991  -20.765  -24.339  -0.019 0.2857142985
67992  -21.484  -24.414  0.203 0.2857142985
69251  -22.325  -24.019  0.182 0.4285714328
70458  -23.062  -22.686  -0.592 0.4285714328
68010  -21.347  -24.243  -0.759 0.2857142985
69295  -22.267  -23.470  -2.310 0.4285714328
68011  -21.727  -24.201  -0.495 0.4285714328
69293  -21.889  -23.193  -2.474 0.5714285970
70500  -22.685  -22.376  -3.126 0.5714285970
72799  -24.728  -21.210  -3.238 0.4285714328
72784  -23.215  -20.875  -2.801 0.2857142985
72798  -23.432  -20.914  -3.496 0.7142857313
71662  -24.533  -21.113  -4.358 0.7142857313
72825  -25.025  -20.216  -5.442 0.4285714328
73997  -24.423  -19.473  -4.791 0.5714285970
75191  -29.117  -19.117  -5.950 0.4285714328
75161  -24.832  -18.829  -4.503 0.7142857313
75176  -25.337  -18.364  -4.916 0.7142857313
74021  -27.832  -19.534  -6.090 0.7142857313
76251  -28.609  -18.370  -6.591 0.5714285970
76252  -29.186  -18.823  -6.432 0.4285714328
78369  -27.032  -16.154  -6.386 0.7142857313
78370  -27.511  -15.667  -6.917 0.7142857313
77271  -26.116  -16.947  -3.548 0.5714285970
77282  -26.363  -16.697  -4.568 0.5714285970
80564  -30.764  -14.208  -8.829 0.5714285970
78338  -27.140  -15.832  -3.671 0.5714285970
79396  -29.615  -14.721  -4.784 0.7142857313
78361  -29.134  -15.264  -5.950 0.7142857313
79414  -31.954  -14.098  -6.971 0.5714285970
78340  -28.459  -15.290  -4.199 0.8571428657
90490  -30.402  -4.555  -2.527 1.0000000000
88306  -28.185  -6.371  -1.454 1.0000000000
93676  -27.409  -1.460  -1.899 0.7142857313
94738  -27.941  -0.635  -1.722 1.0000000000
94740  -29.954  -0.475  -2.173 1.0000000000
94723  -27.552  0.069  -1.750 0.7142857313
94739  -28.989  -0.479  -1.893 1.0000000000
94737  -26.936  -0.375  -1.976 0.7142857313
96885  -27.582  1.510  -1.461 0.8571428657
100122  -26.390  4.620  -2.999 0.8571428657
99106  -28.185  4.033  -2.152 1.0000000000
99063  -28.454  3.188  -1.610 1.0000000000
101157  -25.713  5.771  -5.193 0.7142857313
101156  -25.177  5.467  -5.008 0.5714285970
101171  -24.605  5.767  -5.586 0.7142857313
102229  -23.927  6.289  -6.053 0.7142857313
105316  -24.619  9.051  -3.894 0.2857142985
102228  -23.744  6.856  -6.616 0.4285714328
104352  -24.301  8.677  -6.087 0.4285714328
104329  -25.225  9.076  -3.074 0.2857142985
105320  -24.495  9.330  -4.696 0.4285714328
73974  -24.131  -19.520  -3.274 0.4285714328
73975  -24.861  -19.154  -3.336 0.4285714328
103287  -24.050  7.029  -5.642 0.7142857313
104332  -24.519  8.288  -4.274 0.2857142985
64405  -20.183  -26.493  0.564 0.2857142985
65572  -22.211  -25.535  2.821 0.4285714328
66753  -20.731  -25.054  0.339 0.2857142985
69250  -21.864  -23.912  0.796 0.4285714328
69266  -21.538  -23.572  -1.147 0.2857142985
69267  -22.079  -23.620  -0.859 0.4285714328
69268  -22.590  -23.095  -1.334 0.4285714328
69279  -21.776  -23.377  -2.127 0.4285714328
70482  -22.217  -22.733  -2.555 0.4285714328
72797  -22.802  -21.358  -3.204 0.2857142985
70501  -23.314  -22.309  -3.413 0.4285714328
72811  -23.781  -20.555  -4.206 0.5714285970
73996  -23.858  -19.873  -4.497 0.5714285970
75187  -25.653  -18.734  -5.512 0.5714285970
76236  -25.720  -18.060  -5.261 0.5714285970
75190  -28.608  -19.390  -6.046 0.4285714328
77301  -26.586  -16.763  -6.206 0.7142857313
77304  -29.698  -18.050  -6.933 0.5714285970
77270  -25.990  -16.887  -3.924 0.7142857313
77292  -26.418  -16.818  -5.488 0.7142857313
75163  -25.644  -17.963  -3.514 0.7142857313
78347  -27.164  -16.177  -4.771 0.5714285970
78373  -30.185  -15.021  -7.185 0.5714285970
79405  -30.623  -14.388  -5.719 0.7142857313
78339  -27.755  -15.317  -3.894 0.7142857313
79391  -29.050  -14.744  -4.011 0.8571428657
81764  -30.892  -12.831  -5.120 0.7142857313
80520  -28.823  -14.092  -3.526 0.8571428657
83874  -30.293  -10.257  -5.247 0.8571428657
86096  -30.015  -8.591  -2.962 0.8571428657
87249  -30.122  -8.028  -3.338 0.8571428657
83849  -29.348  -10.506  -2.472 0.8571428657
87220  -29.417  -6.886  -1.711 1.0000000000
91551  -28.184  -3.383  -1.531 1.0000000000
102206  -26.857  6.142  -3.814 0.8571428657
101144  -25.952  5.452  -4.011 0.8571428657
101172  -25.140  5.648  -5.949 0.7142857313
102213  -24.398  6.435  -5.160 0.5714285970
102201  -24.046  6.757  -3.754 0.4285714328
103270  -24.334  7.344  -3.700 0.4285714328
104321  -23.862  7.922  -1.776 0.2857142985
104316  -24.364  8.689  -1.043 0.2857142985
105293  -23.499  9.084  -0.278 0.1428571492
73973  -23.795  -20.145  -2.896 0.2857142985
107163  -23.039  11.426  -7.643 0.2857142985
108086  -22.645  12.482  -6.664 0.1428571492
106261  -23.829  10.259  -6.635 0.2857142985
106286  -22.910  10.793  -8.575 0.2857142985
108087  -23.173  12.045  -6.315 0.1428571492
108069  -23.230  12.765  -5.742 0.1428571492
106249  -24.520  10.336  -5.524 0.1428571492
106262  -24.405  9.762  -6.172 0.2857142985
107131  -24.261  11.282  -5.569 0.1428571492
105367  -22.585  9.592  -8.744 0.2857142985
105368  -23.294  10.122  -8.412 0.2857142985
104397  -26.662  8.318  -8.514 0.2857142985
103355  -24.732  7.779  -9.100 0.2857142985
108055  -23.784  12.863  -5.032 0.1428571492
105340  -23.232  8.990  -6.809 0.2857142985
104353  -25.324  7.430  -7.415 0.2857142985
104371  -22.702  8.375  -7.946 0.2857142985
103310  -28.729  8.249  -7.063 0.1428571492
104374  -25.558  7.487  -7.893 0.2857142985
104395  -23.705  7.651  -8.343 0.2857142985
103325  -22.977  6.986  -7.726 0.2857142985
105339  -22.753  8.786  -7.393 0.2857142985
102267  -31.332  6.297  -8.545 0.1428571492
103330  -30.473  7.446  -7.107 0.1428571492
104356  -27.716  8.412  -6.872 0.4285714328
103306  -24.607  6.983  -7.270 0.2857142985
101174  -31.062  5.524  -5.000 0.2857142985
103291  -28.288  7.950  -5.753 0.4285714328
103308  -25.903  7.479  -6.540 0.2857142985
103286  -23.725  7.044  -6.316 0.2857142985
99136  -31.324  3.736  -6.174 0.1428571492
103293  -30.183  6.945  -5.395 0.2857142985
103309  -26.528  7.614  -6.256 0.4285714328
102216  -29.242  6.820  -4.234 0.5714285970
103276  -26.626  6.909  -5.317 0.7142857313
98049  -31.270  2.579  -4.865 0.1428571492
99121  -31.174  3.699  -5.281 0.1428571492
103277  -27.454  7.150  -4.836 0.7142857313
103288  -25.558  6.794  -6.379 0.4285714328
101158  -29.920  5.827  -3.859 0.4285714328
95842  -30.525  0.719  -5.784 0.2857142985
96938  -30.794  1.580  -4.324 0.7142857313
102207  -27.821  6.248  -3.678 0.7142857313
99064  -28.979  2.960  -1.597 0.8571428657
99086  -30.759  3.565  -2.982 0.8571428657
101147  -29.517  5.622  -3.334 0.5714285970
94792  -29.917  -0.688  -6.257 0.2857142985
95841  -29.951  0.321  -6.451 0.2857142985
101135  -30.089  5.151  -2.992 0.7142857313
101133  -28.944  4.838  -2.441 0.8571428657
93739  -29.528  -1.496  -6.463 0.1428571492
96917  -30.812  1.528  -3.242 0.7142857313
92669  -29.523  -2.559  -6.488 0.1428571492
88321  -25.819  -6.454  -2.264 0.5714285970
90464  -27.730  -5.104  -1.562 0.8571428657
90487  -27.466  -4.317  -1.550 0.8571428657
90486  -26.420  -4.541  -1.970 0.4285714328
91550  -27.115  -3.395  -1.723 0.5714285970
95781  -28.979  0.534  -1.641 0.8571428657
93695  -30.360  -1.256  -2.734 0.8571428657
96887  -29.457  1.367  -1.726 0.8571428657
92659  -30.085  -2.876  -5.907 0.2857142985
94775  -30.658  -0.355  -3.370 0.8571428657
96900  -30.427  1.426  -2.378 0.8571428657
100108  -29.289  4.339  -2.285 0.8571428657
91620  -29.389  -3.540  -6.916 0.4285714328
93729  -30.980  -1.448  -4.865 0.7142857313
95829  -30.637  0.599  -3.860 0.7142857313
87232  -25.065  -7.272  -2.304 0.2857142985
89405  -27.130  -5.789  -1.480 0.5714285970
89424  -26.403  -5.659  -1.892 0.5714285970
90465  -28.482  -5.166  -1.559 0.8571428657
92606  -30.001  -2.423  -2.090 0.8571428657
93678  -29.527  -1.412  -2.013 0.8571428657
94758  -30.405  -0.214  -2.656 0.8571428657
91612  -30.398  -3.753  -5.480 0.4285714328
92648  -30.954  -2.541  -4.128 0.8571428657
93717  -30.977  -1.410  -3.725 0.8571428657
90552  -29.913  -4.281  -6.266 0.4285714328
82782  -26.110  -12.018  -1.147 0.7142857313
83845  -25.460  -10.313  -1.549 0.4285714328
81719  -27.676  -12.736  -1.433 0.7142857313
83848  -28.606  -10.581  -1.768 0.8571428657
84956  -25.837  -9.314  -1.638 0.5714285970
86091  -25.106  -8.316  -1.954 0.5714285970
86106  -24.586  -7.994  -2.743 0.4285714328
84958  -28.152  -9.423  -1.432 0.8571428657
86092  -26.421  -8.319  -1.600 0.5714285970
87233  -25.967  -7.346  -1.822 0.5714285970
86095  -29.497  -8.528  -2.140 0.8571428657
87235  -28.150  -7.630  -1.619 0.7142857313
87234  -27.144  -7.368  -1.690 0.5714285970
89462  -30.757  -5.780  -4.792 0.7142857313
89446  -30.799  -5.582  -3.768 0.7142857313
91573  -30.652  -3.671  -3.449 0.7142857313
92623  -30.582  -2.476  -3.077 0.8571428657
88387  -29.907  -7.209  -6.757 0.2857142985
89480  -30.446  -6.047  -5.761 0.4285714328
90553  -30.444  -4.975  -5.574 0.5714285970
78333  -27.403  -15.190  -3.095 0.4285714328
80495  -26.558  -13.762  -1.148 0.4285714328
82795  -29.150  -11.542  -2.351 0.7142857313
86094  -28.654  -8.515  -1.616 0.8571428657
87267  -30.237  -7.630  -5.298 0.7142857313
88372  -30.379  -6.963  -5.984 0.5714285970
88358  -30.660  -6.804  -5.001 0.5714285970
78332  -26.726  -15.592  -2.590 0.4285714328
79367  -26.154  -14.554  -1.139 0.5714285970
80507  -27.840  -14.131  -2.445 0.5714285970
81718  -26.904  -12.889  -0.911 0.5714285970
81742  -29.490  -12.437  -2.943 0.7142857313
86136  -30.409  -8.445  -6.603 0.4285714328
87291  -30.458  -7.779  -7.154 0.4285714328
87280  -30.257  -7.704  -6.240 0.4285714328
75130  -25.354  -17.908  -2.103 0.5714285970
77317  -30.791  -16.587  -7.390 0.4285714328
78392  -30.562  -15.229  -8.869 0.4285714328
82845  -32.566  -11.725  -7.363 0.4285714328
81771  -31.676  -12.392  -6.357 0.4285714328
82852  -32.498  -11.028  -7.703 0.4285714328
71604  -24.272  -21.612  -1.022 0.1428571492
80555  -31.998  -14.020  -8.161 0.4285714328
80556  -32.505  -13.283  -7.796 0.4285714328
81778  -32.890  -12.383  -7.454 0.4285714328
72785  -24.649  -21.264  -2.487 0.1428571492
72763  -25.580  -20.324  -2.225 0.1428571492
75164  -27.912  -19.364  -4.472 0.2857142985
76240  -32.190  -16.774  -5.953 0.2857142985
78374  -34.012  -15.792  -6.929 0.2857142985
77307  -32.467  -16.579  -7.202 0.2857142985
77293  -30.190  -18.483  -6.633 0.4285714328
78375  -34.429  -15.087  -7.456 0.2857142985
77319  -32.508  -16.198  -7.974 0.2857142985
77306  -31.574  -16.811  -7.054 0.2857142985
78386  -34.308  -14.591  -8.275 0.2857142985
79431  -32.997  -14.092  -8.686 0.4285714328
71617  -24.628  -21.361  -1.381 0.1428571492
72762  -25.062  -20.883  -1.695 0.1428571492
71616  -24.186  -21.755  -2.044 0.1428571492
73976  -26.465  -19.818  -2.759 0.2857142985
73988  -26.613  -19.941  -3.292 0.2857142985
76206  -29.429  -17.520  -3.280 0.2857142985
77285  -31.346  -16.735  -5.202 0.2857142985
77284  -30.503  -16.936  -4.860 0.2857142985
76227  -29.602  -18.017  -5.394 0.2857142985
77295  -31.585  -17.102  -6.258 0.2857142985
73951  -25.648  -20.220  -1.726 0.1428571492
75132  -28.658  -18.586  -1.437 0.2857142985
73952  -26.330  -19.849  -1.975 0.2857142985
75152  -28.545  -18.072  -2.914 0.2857142985
73977  -27.065  -19.397  -2.772 0.2857142985
72787  -25.937  -20.249  -2.991 0.2857142985
76205  -28.982  -17.961  -3.759 0.2857142985
67958  -22.215  -24.378  1.836 0.2857142985
70440  -23.983  -22.217  0.464 0.1428571492
71590  -24.542  -21.571  -0.149 0.1428571492
64367  -21.325  -27.172  3.462 0.2857142985
64346  -20.747  -27.825  3.988 0.2857142985
64366  -20.280  -27.435  2.907 0.2857142985
70415  -23.075  -23.161  1.158 0.2857142985
63185  -19.999  -28.116  3.477 0.2857142985
63166  -20.053  -28.626  4.393 0.1428571492
73953  -27.467  -19.201  -1.548 0.2857142985
76229  -32.202  -16.885  -5.483 0.2857142985
76228  -29.897  -17.417  -5.175 0.2857142985
77296  -32.321  -16.747  -6.391 0.2857142985
77326  -31.899  -15.784  -8.231 0.4285714328
77328  -33.219  -15.461  -8.488 0.2857142985
80550  -34.481  -13.462  -8.109 0.2857142985
83836  -27.243  -11.072  -1.308 0.7142857313
81786  -33.003  -12.837  -8.129 0.4285714328
82844  -31.884  -11.535  -6.922 0.4285714328
84985  -30.086  -9.217  -5.776 0.4285714328
86144  -31.334  -8.440  -7.674 0.2857142985
99082  -27.310  3.175  -2.418 0.7142857313
91596  -30.852  -3.609  -4.399 0.7142857313
97998  -29.053  2.151  -1.607 0.8571428657
90565  -29.865  -5.364  -6.342 0.2857142985
98016  -29.987  2.228  -2.176 0.8571428657
101146  -28.408  5.311  -2.849 0.8571428657
95836  -30.785  0.618  -4.900 0.5714285970
102243  -23.557  6.957  -7.117 0.2857142985
100135  -30.828  4.597  -4.596 0.4285714328
102218  -30.634  6.069  -4.659 0.4285714328
108056  -24.306  12.678  -4.370 0.1428571492
103311  -29.699  8.107  -6.359 0.1428571492
104410  -22.563  9.049  -9.350 0.2857142985
65556  -21.845  -26.420  3.060 0.1428571492
64393  -20.433  -26.981  0.871 0.2857142985
66724  -22.752  -24.958  2.541 0.1428571492
70439  -23.079  -22.797  0.566 0.1428571492
70438  -22.635  -23.323  0.731 0.2857142985
72736  -25.861  -20.724  -0.014 0.1428571492
73930  -26.728  -19.668  -0.821 0.1428571492
72802  -27.025  -20.284  -4.550 0.2857142985
75151  -27.856  -18.982  -3.436 0.2857142985
76217  -29.401  -17.831  -4.416 0.2857142985
77286  -32.215  -16.995  -4.805 0.2857142985
75178  -28.377  -19.275  -5.342 0.2857142985
76241  -32.721  -16.800  -5.657 0.2857142985
79368  -26.859  -14.604  -1.727 0.5714285970
76238  -29.757  -18.479  -6.167 0.2857142985
76239  -30.075  -18.109  -5.749 0.2857142985
81717  -25.883  -12.860  -1.080 0.2857142985
79417  -34.454  -14.131  -7.653 0.2857142985
80549  -33.982  -13.261  -7.534 0.2857142985
82784  -27.861  -11.868  -1.419 0.7142857313
84955  -24.589  -9.519  -2.186 0.4285714328
83846  -26.575  -10.221  -1.454 0.5714285970
80557  -34.099  -12.548  -8.244 0.4285714328
88340  -24.154  -6.269  -3.065 0.2857142985
81779  -33.373  -12.449  -7.658 0.2857142985
79415  -32.359  -13.586  -7.134 0.4285714328
84957  -27.028  -9.311  -1.466 0.7142857313
88320  -24.936  -6.350  -2.595 0.2857142985
82853  -33.138  -11.401  -7.796 0.1428571492
83910  -31.762  -9.950  -7.844 0.4285714328
83898  -31.125  -10.109  -7.218 0.4285714328
86170  -32.405  -9.220  -9.002 0.1428571492
89493  -29.811  -6.365  -6.497 0.2857142985
99085  -29.808  3.314  -2.168 0.8571428657
91619  -28.877  -3.263  -7.544 0.2857142985
92668  -28.838  -2.596  -7.082 0.1428571492
93740  -30.385  -1.452  -5.824 0.4285714328
93749  -29.024  -1.290  -7.161 0.1428571492
99107  -30.821  3.601  -4.178 0.5714285970
94803  -29.236  -0.457  -6.974 0.1428571492
96948  -30.782  1.572  -5.383 0.1428571492
98062  -31.266  3.015  -6.159 0.1428571492
107112  -24.575  11.430  -4.809 0.1428571492
100125  -30.454  4.618  -3.569 0.5714285970
98061  -30.884  2.416  -5.849 0.1428571492
100148  -31.428  4.574  -5.993 0.1428571492
104340  -27.335  7.988  -6.300 0.2857142985
101186  -31.164  5.807  -5.789 0.2857142985
102247  -31.271  5.679  -6.961 0.1428571492
102258  -31.357  5.918  -7.542 0.1428571492
102257  -30.944  6.715  -7.746 0.1428571492
104376  -27.183  8.350  -7.782 0.2857142985
104377  -28.204  8.494  -7.882 0.2857142985
104378  -28.891  8.470  -8.179 0.1428571492
103329  -29.590  8.144  -7.782 0.1428571492
66705  -22.997  -25.337  2.997 0.1428571492
70441  -24.950  -21.758  0.658 0.1428571492
77297  -33.279  -16.395  -6.026 0.2857142985
87290  -29.774  -7.385  -7.661 0.2857142985
103359  -31.152  7.079  -9.093 0.1428571492
104398  -27.492  8.745  -8.673 0.2857142985
64392  -19.847  -27.426  0.976 0.2857142985
65555  -20.866  -26.722  2.540 0.2857142985
67959  -22.625  -24.448  2.190 0.1428571492
67975  -22.974  -24.122  2.086 0.1428571492
71615  -23.566  -22.291  -1.901 0.1428571492
72800  -25.428  -21.107  -3.711 0.2857142985
72814  -26.483  -20.412  -4.953 0.4285714328
73998  -27.565  -19.934  -4.838 0.2857142985
80508  -28.482  -13.612  -2.664 0.5714285970
79380  -27.909  -14.593  -2.977 0.4285714328
80509  -29.216  -13.070  -2.840 0.7142857313
84959  -29.147  -9.523  -1.798 0.7142857313
90509  -30.792  -4.563  -3.532 0.7142857313
87236  -29.136  -7.662  -1.676 0.8571428657
87219  -28.599  -6.964  -1.525 0.8571428657
91553  -30.170  -3.543  -2.348 0.8571428657
102215  -27.271  6.652  -4.149 0.7142857313
103289  -26.153  7.015  -5.932 0.5714285970
102244  -24.297  6.674  -6.710 0.2857142985
103307  -25.142  7.097  -6.934 0.2857142985
104350  -22.906  8.113  -7.118 0.2857142985
86121  -30.105  -8.274  -5.748 0.4285714328
70459  -23.837  -21.947  -0.503 0.1428571492
73987  -24.957  -18.752  -3.814 0.5714285970
75179  -29.076  -18.462  -5.191 0.2857142985
78402  -32.007  -14.596  -8.482 0.4285714328
88305  -27.447  -6.473  -1.542 0.5714285970
95792  -30.232  0.457  -2.176 0.8571428657
105329  -24.348  9.260  -5.715 0.2857142985
103305  -23.237  7.251  -6.983 0.2857142985
105341  -24.055  9.173  -6.377 0.2857142985
106274  -23.364  10.675  -7.838 0.2857142985
107149  -22.576  11.771  -7.301 0.1428571492
107150  -23.172  11.444  -6.890 0.2857142985
107111  -23.970  12.083  -5.243 0.1428571492
106248  -24.051  10.846  -5.928 0.1428571492
105352  -22.818  8.997  -7.944 0.2857142985
104396  -25.829  7.702  -8.715 0.2857142985
104411  -22.880  8.729  -9.222 0.2857142985
103343  -25.018  7.380  -8.340 0.2857142985
103327  -24.944  7.265  -7.603 0.2857142985
104375  -26.331  7.833  -7.880 0.2857142985
104355  -26.637  8.100  -6.828 0.2857142985
103304  -22.788  7.560  -7.566 0.2857142985
103340  -22.696  7.736  -8.421 0.2857142985
103326  -24.023  7.298  -7.645 0.2857142985
102266  -30.970  6.844  -8.287 0.1428571492
103312  -30.417  7.264  -5.928 0.1428571492
103345  -30.662  7.489  -8.344 0.1428571492
101175  -31.329  5.189  -5.683 0.1428571492
103271  -27.885  6.958  -4.069 0.5714285970
103278  -28.648  7.105  -4.485 0.4285714328
103290  -27.014  7.583  -5.750 0.5714285970
99147  -31.130  3.545  -7.087 0.1428571492
98050  -31.402  2.971  -5.592 0.1428571492
103292  -29.597  7.258  -5.225 0.2857142985
102246  -30.999  6.353  -6.601 0.2857142985
103279  -29.320  6.882  -4.614 0.4285714328
102209  -29.588  6.133  -3.790 0.5714285970
102208  -28.972  6.445  -3.700 0.7142857313
98034  -30.854  2.560  -3.692 0.4285714328
100109  -30.090  4.401  -2.650 0.7142857313
94793  -30.484  -0.335  -5.501 0.5714285970
92670  -30.104  -2.183  -6.074 0.4285714328
95810  -30.661  0.564  -2.879 0.8571428657
88322  -26.625  -6.518  -1.768 0.5714285970
90463  -26.988  -5.091  -1.568 0.5714285970
89423  -25.629  -5.479  -2.400 0.4285714328
92660  -30.524  -2.541  -5.235 0.4285714328
91611  -29.886  -3.390  -6.233 0.5714285970
94785  -30.878  -0.382  -4.377 0.8571428657
83835  -26.285  -11.113  -1.260 0.4285714328
83837  -27.998  -11.098  -1.514 0.7142857313
83847  -27.614  -10.276  -1.407 0.7142857313
84971  -24.485  -8.743  -2.910 0.4285714328
86093  -27.589  -8.403  -1.569 0.7142857313
90531  -30.795  -4.645  -4.529 0.7142857313
79379  -27.422  -14.656  -2.388 0.5714285970
84997  -30.690  -9.335  -6.954 0.4285714328
77318  -31.597  -16.231  -7.749 0.2857142985
77327  -32.493  -15.667  -8.400 0.4285714328
81772  -32.368  -12.375  -6.844 0.4285714328
82851  -31.773  -10.651  -7.414 0.4285714328
80566  -32.604  -13.603  -8.426 0.4285714328
73989  -27.300  -19.902  -3.877 0.2857142985
75165  -28.589  -18.540  -4.212 0.2857142985
77308  -33.285  -16.174  -7.477 0.2857142985
77305  -30.734  -17.400  -7.040 0.2857142985
77294  -30.436  -17.758  -6.152 0.2857142985
80568  -34.213  -13.051  -9.384 0.4285714328
71591  -25.467  -21.131  0.104 0.1428571492
72747  -25.539  -20.691  -0.512 0.1428571492
77273  -30.598  -16.955  -4.333 0.2857142985
73929  -25.773  -20.045  -1.084 0.1428571492
75131  -27.890  -18.797  -2.394 0.2857142985
64347  -21.869  -27.813  4.256 0.1428571492
64368  -22.400  -27.026  3.896 0.1428571492
85005  -31.555  -9.370  -7.822 0.2857142985
107099  -24.631  11.569  -3.734 0.1428571492
66725  -23.294  -25.031  2.731 0.1428571492
106235  -24.918  10.383  -4.172 0.1428571492
99103  -25.985  3.507  -2.902 0.5714285970
96897  -25.747  1.538  -2.448 0.4285714328
98013  -26.129  2.461  -2.485 0.4285714328
99081  -26.653  3.055  -2.612 0.5714285970
96898  -26.247  1.625  -2.029 0.4285714328
99104  -26.897  3.811  -2.673 0.4285714328
93674  -25.612  -1.520  -2.697 0.4285714328
95790  -26.866  0.234  -1.974 0.4285714328
94736  -26.006  -0.491  -2.495 0.4285714328
95789  -26.294  0.560  -2.071 0.5714285970
96884  -26.793  1.593  -1.660 0.5714285970
92603  -26.850  -2.430  -2.123 0.5714285970
79406  -34.111  -15.331  -5.248 0.1428571492
79408  -34.499  -14.657  -6.860 0.1428571492
79416  -34.298  -14.036  -6.798 0.1428571492
71614  -22.326  -22.035  -2.322 0.2857142985
78341  -33.985  -15.934  -3.273 0.1428571492
78351  -34.391  -15.920  -4.543 0.1428571492
79381  -33.918  -14.893  -2.460 0.1428571492
79399  -33.859  -14.856  -4.738 0.1428571492
80510  -33.754  -13.887  -2.767 0.1428571492
71613  -22.156  -22.064  -1.528 0.2857142985
76230  -32.976  -17.363  -4.863 0.1428571492
76232  -34.146  -17.853  -4.413 0.1428571492
76242  -33.195  -16.935  -5.295 0.1428571492
78352  -34.507  -16.617  -4.166 0.1428571492
78322  -33.923  -15.857  -1.424 0.1428571492
77276  -34.314  -16.623  -3.375 0.1428571492
80451  -34.192  -13.769  1.302 0.1428571492
79351  -33.708  -14.807  -0.187 0.1428571492
80465  -33.884  -13.918  0.410 0.1428571492
70464  -21.669  -22.857  -1.620 0.2857142985
71602  -21.799  -22.067  -0.656 0.2857142985
75154  -30.487  -18.059  -2.010 0.1428571492
75155  -31.538  -18.444  -2.278 0.1428571492
76219  -31.442  -17.171  -3.210 0.1428571492
76207  -30.332  -17.349  -2.725 0.1428571492
76220  -32.497  -17.385  -4.033 0.1428571492
75170  -34.420  -18.465  -3.806 0.1428571492
75168  -33.297  -18.462  -4.194 0.1428571492
76196  -34.300  -17.574  -2.440 0.1428571492
75182  -34.264  -18.383  -4.249 0.1428571492
77233  -33.689  -16.390  -1.127 0.1428571492
78285  -33.650  -15.617  0.277 0.1428571492
79321  -34.058  -14.575  1.638 0.1428571492
70456  -21.206  -22.924  -0.585 0.2857142985
70455  -20.739  -23.213  -0.036 0.2857142985
75134  -30.659  -18.864  -1.391 0.1428571492
75167  -32.462  -18.261  -3.270 0.1428571492
75156  -33.979  -18.864  -3.415 0.1428571492
76173  -33.728  -17.422  -1.246 0.1428571492
77217  -33.563  -16.503  -0.327 0.1428571492
80431  -34.565  -13.662  2.180 0.1428571492
73954  -28.117  -19.087  -1.018 0.1428571492
75133  -29.794  -18.399  -1.334 0.1428571492
75108  -29.327  -18.805  -0.783 0.1428571492
73957  -31.365  -20.152  -1.818 0.1428571492
73956  -30.798  -19.858  -1.146 0.1428571492
72790  -33.010  -20.775  -2.353 0.1428571492
73958  -33.781  -20.062  -2.114 0.1428571492
73979  -32.659  -19.916  -2.822 0.1428571492
75136  -34.042  -18.766  -2.205 0.1428571492
77186  -33.707  -16.388  1.679 0.1428571492
75110  -33.810  -18.616  -0.614 0.1428571492
78252  -33.974  -15.637  2.165 0.1428571492
78251  -33.756  -15.842  1.728 0.1428571492
73918  -29.063  -19.915  0.054 0.1428571492
71618  -31.045  -21.673  -1.508 0.1428571492
72765  -30.745  -20.718  -0.851 0.1428571492
73933  -29.888  -19.683  -0.490 0.1428571492
72788  -31.553  -20.808  -2.170 0.1428571492
72766  -31.200  -20.766  -1.551 0.1428571492
73934  -30.338  -19.300  -0.936 0.1428571492
72767  -33.319  -20.782  -1.474 0.1428571492
71639  -32.814  -21.495  -2.139 0.1428571492
73935  -33.626  -19.748  -1.132 0.1428571492
73920  -33.512  -19.550  0.129 0.1428571492
77205  -33.513  -16.493  0.750 0.1428571492
70468  -30.668  -22.425  -1.040 0.1428571492
72751  -30.406  -20.823  -0.333 0.1428571492
72750  -30.002  -20.532  -0.031 0.1428571492
70487  -31.964  -22.750  -2.186 0.1428571492
71636  -31.140  -22.168  -2.036 0.1428571492
71620  -32.962  -21.644  -1.773 0.1428571492
71638  -32.388  -21.624  -2.331 0.1428571492
75092  -33.578  -18.524  0.697 0.1428571492
72752  -33.201  -20.601  -0.314 0.1428571492
71619  -31.284  -21.258  -1.970 0.1428571492
75135  -31.311  -19.407  -1.746 0.1428571492
72789  -32.217  -20.864  -2.435 0.1428571492
73980  -33.409  -19.415  -2.784 0.1428571492
77274  -30.957  -16.762  -4.249 0.1428571492
79301  -34.553  -14.816  2.600 0.1428571492
81639  -35.014  -12.791  2.362 0.1428571492
78272  -33.723  -15.577  1.298 0.1428571492
77256  -34.088  -16.601  -1.828 0.1428571492
69265  -20.796  -23.754  -0.609 0.2857142985
76119  -33.816  -17.109  1.967 0.1428571492
79302  -35.223  -14.422  2.850 0.1428571492
81640  -35.899  -12.754  2.489 0.1428571492
93675  -26.469  -1.445  -2.303 0.4285714328
81638  -34.585  -12.683  1.890 0.1428571492
79332  -34.118  -14.169  0.973 0.1428571492
81664  -34.214  -12.910  1.311 0.1428571492
80484  -33.729  -14.014  -0.640 0.1428571492
81692  -33.720  -12.980  0.654 0.1428571492
80533  -34.170  -13.641  -4.959 0.1428571492
100121  -25.460  4.512  -3.402 0.4285714328
104399  -28.494  8.847  -8.869 0.1428571492
104415  -26.875  8.772  -8.859 0.1428571492
78363  -34.222  -15.767  -5.706 0.1428571492
75153  -29.524  -18.028  -2.314 0.1428571492
73932  -28.713  -19.247  -0.598 0.1428571492
73931  -27.725  -19.482  -0.616 0.1428571492
82854  -33.491  -11.254  -7.429 0.1428571492
77287  -34.101  -16.578  -5.169 0.1428571492
79407  -34.301  -14.634  -5.857 0.1428571492
78342  -34.460  -16.412  -3.832 0.1428571492
79392  -33.928  -14.885  -3.614 0.1428571492
78334  -34.171  -15.787  -2.144 0.1428571492
77265  -34.177  -16.689  -2.748 0.1428571492
80523  -33.916  -13.788  -3.861 0.1428571492
80498  -33.677  -13.978  -1.679 0.1428571492
75181  -33.878  -18.280  -4.462 0.1428571492
76231  -33.682  -17.344  -4.858 0.1428571492
76221  -34.467  -17.811  -4.054 0.1428571492
79369  -33.708  -14.994  -1.325 0.1428571492
78300  -33.639  -15.673  -0.688 0.1428571492
77266  -34.452  -17.044  -3.208 0.1428571492
73992  -33.674  -18.950  -3.651 0.1428571492
76197  -34.406  -17.955  -2.844 0.1428571492
73991  -33.210  -18.881  -3.040 0.1428571492
73990  -32.385  -19.117  -2.796 0.1428571492
73978  -31.837  -19.869  -2.449 0.1428571492
76155  -33.572  -17.510  0.105 0.1428571492
73917  -28.211  -19.903  -0.021 0.1428571492
73919  -29.549  -20.171  -0.030 0.1428571492
73955  -30.561  -20.006  -0.709 0.1428571492
72803  -32.569  -21.085  -2.334 0.1428571492
71610  -33.070  -21.685  -0.765 0.1428571492
72740  -33.317  -20.426  0.897 0.1428571492
71637  -31.551  -21.747  -2.286 0.1428571492
63198  -18.617  -28.604  2.278 0.1428571492
64365  -19.656  -28.043  2.778 0.1428571492
63207  -18.327  -28.165  2.011 0.1428571492
64382  -18.974  -28.049  1.884 0.1428571492
64383  -19.472  -27.543  2.033 0.1428571492
64391  -19.027  -27.513  1.348 0.1428571492
64403  -19.466  -27.091  0.731 0.1428571492
65596  -19.939  -26.171  0.384 0.1428571492
66751  -19.550  -25.617  0.490 0.1428571492
67990  -19.773  -24.592  0.505 0.1428571492
66752  -20.154  -25.297  0.354 0.1428571492
67971  -18.986  -24.562  1.362 0.1428571492
67972  -19.456  -24.033  1.025 0.1428571492
69249  -20.393  -23.764  0.193 0.1428571492
71567  -20.143  -22.116  0.994 0.1428571492
71588  -20.332  -21.760  0.594 0.1428571492
71589  -21.142  -21.921  0.052 0.1428571492
72746  -21.513  -20.898  -0.008 0.2857142985
72758  -22.336  -21.209  -0.759 0.1428571492
72783  -22.712  -21.398  -2.590 0.1428571492
73950  -23.551  -20.335  -2.167 0.2857142985
77254  -25.382  -16.515  -1.311 0.4285714328
77264  -26.506  -16.425  -2.980 0.4285714328
78321  -26.429  -15.226  -1.624 0.4285714328
91549  -26.224  -3.443  -2.372 0.2857142985
92601  -25.101  -2.486  -2.732 0.2857142985
96915  -23.962  1.522  -2.600 0.2857142985
98033  -25.367  2.578  -2.693 0.2857142985
98032  -24.368  2.689  -2.716 0.4285714328
73927  -22.417  -19.939  -0.318 0.2857142985
72760  -23.344  -20.983  -2.043 0.1428571492
70435  -19.740  -22.866  1.172 0.1428571492
72734  -20.696  -21.129  0.278 0.1428571492
72745  -20.414  -20.298  0.144 0.1428571492
73949  -23.333  -20.236  -1.215 0.2857142985
73928  -23.245  -19.556  -0.496 0.2857142985
75127  -23.437  -19.243  -1.023 0.2857142985
75128  -23.984  -19.443  -1.886 0.2857142985
75129  -24.823  -18.297  -1.689 0.4285714328
76194  -24.873  -17.366  -1.051 0.4285714328
77253  -24.239  -16.473  -0.680 0.2857142985
90485  -25.377  -4.423  -2.601 0.2857142985
91548  -25.330  -3.380  -2.682 0.2857142985
92622  -24.456  -2.510  -3.065 0.2857142985
95809  -24.609  0.438  -2.630 0.2857142985
95808  -23.620  0.361  -2.787 0.2857142985
96916  -24.980  1.540  -2.657 0.2857142985
90508  -24.748  -4.048  -2.891 0.2857142985
91572  -24.527  -3.392  -2.890 0.2857142985
90507  -24.161  -4.365  -3.424 0.2857142985
93673  -24.955  -1.707  -3.001 0.2857142985
94756  -23.537  -0.722  -3.247 0.2857142985
94735  -25.148  -0.646  -3.046 0.2857142985
95788  -25.450  0.459  -2.434 0.2857142985
92621  -23.913  -2.546  -3.370 0.2857142985
93693  -23.510  -1.769  -3.505 0.2857142985
93694  -24.337  -1.466  -3.269 0.2857142985
77262  -25.553  -16.978  -1.913 0.4285714328
77263  -26.012  -16.594  -2.311 0.4285714328
75148  -24.723  -19.174  -2.576 0.4285714328
64404  -19.979  -26.952  0.354 0.1428571492
94757  -24.310  -0.412  -3.037 0.2857142985
73948  -22.833  -20.720  -0.871 0.1428571492
70437  -20.775  -22.547  0.156 0.1428571492
70436  -20.272  -22.785  0.654 0.1428571492
65579  -18.862  -26.714  0.925 0.1428571492
65595  -19.433  -26.422  0.541 0.1428571492
69248  -19.766  -23.568  0.761 0.1428571492
69226  -19.209  -23.341  1.451 0.1428571492
73926  -20.999  -19.580  -0.038 0.2857142985
75106  -24.375  -17.820  -0.928 0.4285714328
94755  -22.708  -1.157  -3.590 0.2857142985
79366  -25.192  -14.499  -0.920 0.2857142985
78320  -25.793  -15.471  -1.191 0.2857142985
108131  -23.630  12.040  -9.902 0.1428571492
107188  -24.717  11.506  -9.553 0.1428571492
106317  -23.693  10.245  -10.592 0.1428571492
105387  -24.731  9.323  -9.733 0.1428571492
105388  -25.848  9.382  -9.439 0.1428571492
108149  -24.072  13.366  -10.151 0.1428571492
105386  -23.521  9.453  -9.880 0.1428571492
105383  -21.999  10.161  -9.339 0.1428571492
108115  -20.764  13.513  -8.698 0.1428571492
80494  -25.573  -13.667  -1.083 0.2857142985
81716  -24.947  -12.810  -1.335 0.2857142985
105389  -27.101  9.401  -9.211 0.1428571492
107189  -25.682  11.637  -9.252 0.1428571492
104414  -26.307  8.551  -9.115 0.1428571492
106300  -24.149  10.346  -10.202 0.1428571492
103356  -25.092  7.451  -9.039 0.1428571492
105384  -22.383  9.559  -9.548 0.1428571492
104413  -25.253  8.260  -9.268 0.1428571492
106314  -22.035  10.864  -10.195 0.1428571492
108130  -21.043  13.016  -9.358 0.1428571492
106298  -21.841  11.093  -9.618 0.1428571492
107177  -22.053  11.723  -8.671 0.1428571492
137247  -22.174  12.370  -7.702 0.1428571492
106285  -22.037  10.693  -9.076 0.1428571492
104412  -24.026  8.400  -8.961 0.1428571492
77255  -25.859  -16.090  -1.653 0.2857142985
107187  -23.905  11.401  -9.902 0.1428571492
108148  -23.318  12.772  -10.111 0.1428571492
105404  -22.920  9.870  -10.446 0.1428571492
106315  -22.648  10.603  -10.322 0.1428571492
109025  -22.854  13.835  -9.871 0.1428571492
105403  -22.292  10.012  -10.152 0.1428571492
106301  -25.237  10.465  -9.498 0.1428571492
91594  -23.086  -3.606  -3.956 0.1428571492
91571  -24.040  -3.478  -3.453 0.1428571492
91570  -23.649  -3.287  -3.607 0.1428571492
95828  -22.180  -0.548  -3.638 0.1428571492
96946  -20.627  0.718  -5.089 0.1428571492
96936  -21.308  0.871  -4.672 0.1428571492
90484  -24.492  -4.679  -2.894 0.1428571492
95827  -21.588  -0.079  -3.892 0.1428571492
96912  -20.770  1.749  -4.017 0.1428571492
98029  -21.063  2.578  -3.258 0.2857142985
84954  -23.867  -10.186  -2.657 0.1428571492
88339  -23.529  -6.218  -3.806 0.1428571492
90506  -23.615  -4.694  -3.761 0.1428571492
90564  -29.423  -4.711  -6.999 0.1428571492
92647  -22.649  -2.796  -4.037 0.1428571492
98031  -23.237  2.654  -2.775 0.1428571492
98030  -22.111  2.557  -2.970 0.1428571492
99101  -23.689  3.921  -3.185 0.2857142985
101132  -23.312  5.637  -2.842 0.2857142985
101131  -22.599  5.569  -2.324 0.2857142985
102200  -23.723  6.436  -3.390 0.2857142985
105321  -24.948  9.557  -4.081 0.1428571492
104315  -23.535  8.220  -0.867 0.1428571492
99102  -24.894  3.697  -2.982 0.2857142985
99100  -22.563  3.616  -3.204 0.2857142985
100119  -23.727  4.860  -3.038 0.2857142985
100106  -23.097  4.885  -2.662 0.2857142985
101142  -24.473  5.676  -3.900 0.2857142985
102204  -24.038  6.091  -3.748 0.2857142985
103265  -23.983  7.076  -2.718 0.1428571492
102199  -22.917  6.435  -2.341 0.2857142985
105311  -25.421  9.546  -2.936 0.1428571492
105302  -24.592  9.758  -1.561 0.1428571492
101130  -21.656  5.661  -2.275 0.1428571492
102198  -22.244  6.094  -2.164 0.2857142985
103264  -23.074  7.238  -1.864 0.1428571492
98027  -19.277  2.615  -3.889 0.2857142985
102193  -21.948  6.570  -1.735 0.1428571492
104309  -22.080  8.375  -0.306 0.1428571492
103260  -22.313  7.335  -1.154 0.1428571492
98011  -17.214  1.925  -2.832 0.1428571492
91641  -28.554  -4.677  -8.304 0.1428571492
87303  -30.785  -7.621  -8.243 0.1428571492
87247  -23.527  -7.187  -3.251 0.1428571492
89461  -23.222  -5.498  -4.131 0.1428571492
90587  -28.568  -5.741  -8.411 0.1428571492
90529  -23.250  -4.490  -4.035 0.1428571492
92646  -22.163  -2.696  -4.833 0.1428571492
92645  -21.679  -2.311  -5.177 0.1428571492
93716  -22.279  -1.993  -3.983 0.1428571492
95835  -20.622  0.153  -4.965 0.1428571492
95806  -21.820  0.533  -3.656 0.1428571492
96910  -19.284  2.133  -4.229 0.1428571492
96914  -22.827  1.417  -2.848 0.1428571492
98028  -20.028  2.572  -3.423 0.2857142985
99078  -22.019  4.295  -2.962 0.1428571492
99079  -22.827  4.366  -3.149 0.2857142985
100105  -22.215  4.865  -2.544 0.1428571492
99080  -23.373  4.492  -3.087 0.1428571492
103259  -21.709  7.089  -1.080 0.1428571492
102194  -22.541  6.896  -1.786 0.1428571492
104314  -22.648  8.054  -0.794 0.1428571492
88386  -29.427  -6.733  -7.327 0.1428571492
89502  -29.024  -6.273  -7.926 0.1428571492
89514  -28.670  -6.551  -8.594 0.1428571492
104327  -24.462  7.895  -2.528 0.1428571492
103266  -24.114  6.789  -3.505 0.2857142985
104320  -23.083  7.722  -1.280 0.1428571492
105310  -24.955  9.730  -2.346 0.1428571492
86105  -23.871  -8.225  -3.393 0.1428571492
89422  -24.739  -5.401  -2.774 0.1428571492
86158  -31.619  -8.063  -8.429 0.1428571492
90530  -23.871  -4.162  -3.883 0.1428571492
94774  -21.864  -1.162  -3.811 0.1428571492
91593  -22.365  -3.617  -4.554 0.1428571492
90528  -22.603  -4.333  -4.392 0.1428571492
95826  -21.000  -0.164  -4.680 0.1428571492
96947  -20.992  0.462  -4.993 0.1428571492
96935  -20.369  1.366  -4.798 0.1428571492
96913  -21.695  1.310  -3.497 0.1428571492
89444  -23.710  -5.201  -3.656 0.1428571492
96911  -19.790  1.877  -4.037 0.1428571492
88357  -23.103  -6.202  -4.187 0.1428571492
99099  -21.425  3.713  -2.995 0.2857142985
104310  -22.981  8.700  -0.393 0.1428571492
100120  -24.515  4.768  -3.437 0.2857142985
101141  -23.905  5.560  -3.441 0.2857142985
106224  -25.417  10.194  -2.751 0.1428571492
103256  -22.094  7.812  -0.615 0.1428571492
75102  -20.412  -18.513  -0.359 0.1428571492
75103  -21.578  -18.547  0.088 0.1428571492
75104  -22.764  -18.647  -0.434 0.1428571492
76167  -20.012  -17.781  -1.208 0.1428571492
76190  -19.767  -16.924  -1.641 0.1428571492
77249  -20.249  -16.200  -1.953 0.1428571492
76169  -21.897  -17.668  -0.365 0.1428571492
77250  -21.089  -16.328  -1.520 0.1428571492
76192  -21.499  -17.147  -1.137 0.1428571492
75105  -23.736  -18.369  -0.986 0.1428571492
78316  -21.553  -15.479  -1.760 0.1428571492
77252  -23.101  -16.105  -0.662 0.1428571492
76172  -24.295  -17.257  -0.702 0.1428571492
78315  -20.720  -15.746  -2.062 0.1428571492
79363  -22.059  -14.737  -1.857 0.1428571492
78318  -23.577  -15.325  -0.981 0.1428571492
79365  -24.071  -14.403  -1.185 0.1428571492
81729  -23.857  -12.146  -2.048 0.1428571492
83833  -24.685  -11.529  -1.709 0.1428571492
99098  -20.399  3.575  -2.985 0.1428571492
73925  -19.692  -19.411  -0.203 0.1428571492
75101  -19.390  -18.403  -0.665 0.1428571492
76168  -20.978  -17.756  -0.740 0.1428571492
83834  -25.355  -11.280  -1.499 0.1428571492
78319  -24.768  -15.445  -0.770 0.1428571492
76171  -23.770  -17.484  -0.636 0.1428571492
76189  -19.294  -16.666  -1.484 0.1428571492
76191  -20.624  -17.121  -1.570 0.1428571492
77251  -22.088  -16.381  -0.845 0.1428571492
76170  -22.800  -17.391  -0.526 0.1428571492
78317  -22.499  -15.345  -1.230 0.1428571492
78329  -20.941  -15.109  -2.478 0.1428571492
77231  -23.466  -16.851  -0.478 0.1428571492
78328  -20.100  -15.468  -2.379 0.1428571492
73924  -18.956  -19.028  -0.584 0.1428571492
65581  -21.074  -25.389  1.503 0.2857142985
66737  -21.461  -24.979  1.016 0.2857142985
67974  -22.554  -24.082  1.721 0.4285714328
67989  -19.257  -25.166  0.769 0.1428571492
68009  -20.933  -24.134  -0.898 0.2857142985
69227  -21.884  -23.787  1.094 0.4285714328
69229  -23.263  -23.647  1.764 0.1428571492
69281  -22.459  -23.447  -1.909 0.4285714328
69294  -22.081  -23.363  -2.458 0.5714285970
70413  -19.913  -22.334  1.201 0.1428571492
70414  -22.799  -23.413  1.219 0.2857142985
70465  -21.893  -22.558  -2.185 0.2857142985
70481  -21.766  -22.997  -2.326 0.5714285970
70484  -23.779  -22.444  -2.933 0.4285714328
71566  -19.724  -21.756  1.170 0.1428571492
71603  -23.625  -22.130  -1.316 0.1428571492
71605  -24.905  -21.169  -0.761 0.1428571492
71608  -30.295  -21.094  0.033 0.1428571492
71609  -30.515  -21.508  -0.458 0.1428571492
71650  -24.668  -21.564  -3.855 0.5714285970
71652  -32.502  -21.325  -2.340 0.1428571492
71653  -32.685  -21.455  -2.235 0.1428571492
71661  -24.115  -20.856  -4.327 0.7142857313
71663  -24.936  -21.305  -4.310 0.5714285970
72759  -22.818  -21.313  -1.577 0.2857142985
72761  -24.670  -21.339  -2.072 0.1428571492
72764  -30.364  -20.338  -0.436 0.1428571492
72786  -25.127  -20.724  -2.754 0.1428571492
72804  -32.767  -21.208  -2.247 0.1428571492
72815  -27.115  -20.218  -5.061 0.5714285970
72827  -26.534  -19.964  -5.375 0.5714285970
73985  -23.610  -19.969  -3.846 0.5714285970
73986  -24.280  -19.331  -4.059 0.5714285970
74007  -25.365  -19.601  -5.582 0.5714285970
74010  -28.180  -19.983  -5.960 0.4285714328
74022  -28.240  -19.412  -6.175 0.4285714328
75107  -28.869  -18.742  -0.809 0.1428571492
75109  -30.028  -18.927  -0.876 0.1428571492
75137  -34.311  -18.176  -2.642 0.1428571492
75147  -24.138  -19.561  -2.667 0.2857142985
75149  -25.263  -18.222  -2.928 0.5714285970
75150  -25.823  -18.164  -2.950 0.7142857313
75157  -34.254  -18.335  -3.071 0.1428571492
75162  -25.335  -18.121  -4.073 0.7142857313
75166  -29.036  -18.244  -4.475 0.2857142985
75169  -34.073  -18.897  -4.209 0.1428571492
75175  -24.910  -18.996  -5.189 0.5714285970
75177  -27.931  -19.628  -4.998 0.2857142985
75180  -33.495  -17.940  -4.552 0.1428571492
75186  -25.117  -19.247  -5.467 0.5714285970
75189  -27.424  -19.104  -6.028 0.7142857313
75199  -27.820  -18.812  -6.335 0.7142857313
75200  -28.606  -19.064  -6.366 0.4285714328
75201  -28.917  -19.141  -6.216 0.4285714328
76143  -33.825  -17.512  1.966 0.1428571492
76193  -22.028  -17.123  -0.681 0.1428571492
76195  -25.277  -17.419  -1.714 0.4285714328
76203  -25.628  -17.465  -2.258 0.4285714328
76208  -31.002  -17.493  -2.319 0.1428571492
76209  -34.403  -17.241  -2.908 0.1428571492
76210  -34.459  -17.697  -3.276 0.1428571492
76214  -25.811  -17.440  -3.936 0.7142857313
76215  -26.042  -17.699  -3.358 0.5714285970
76216  -29.035  -18.161  -4.178 0.2857142985
76218  -30.365  -17.291  -3.997 0.2857142985
76225  -25.844  -17.558  -4.741 0.7142857313
76249  -26.892  -17.579  -6.328 0.5714285970
76250  -27.698  -17.817  -6.566 0.5714285970
77187  -33.963  -16.650  2.309 0.1428571492
77230  -22.843  -16.657  -0.545 0.1428571492
77232  -24.007  -17.039  -0.381 0.1428571492
77275  -31.768  -16.739  -4.230 0.2857142985
77277  -34.501  -17.041  -3.783 0.1428571492
77281  -25.930  -17.063  -4.169 0.7142857313
77288  -34.385  -17.071  -4.475 0.1428571492
77320  -33.199  -16.009  -8.260 0.2857142985
78273  -33.898  -15.156  1.599 0.1428571492
78331  -26.209  -15.803  -1.839 0.4285714328
78346  -26.660  -16.509  -5.185 0.7142857313
78350  -34.297  -15.734  -4.818 0.1428571492
78362  -34.177  -15.709  -5.044 0.1428571492
78364  -34.430  -15.245  -6.566 0.1428571492
78380  -28.239  -15.770  -7.319 0.7142857313
78384  -31.318  -15.467  -8.187 0.4285714328
78385  -33.922  -15.586  -8.122 0.2857142985
78391  -30.286  -15.086  -9.060 0.4285714328
78393  -31.574  -15.310  -8.778 0.4285714328
78394  -32.488  -14.976  -8.582 0.4285714328
78395  -33.653  -14.663  -8.680 0.4285714328
78396  -34.135  -13.985  -8.756 0.2857142985
78399  -30.542  -15.019  -9.269 0.4285714328
78400  -30.969  -15.129  -9.454 0.4285714328
78401  -31.631  -14.887  -9.234 0.4285714328
79262  -34.581  -15.052  3.050 0.1428571492
79263  -34.832  -15.023  3.308 0.1428571492
79320  -33.854  -14.979  1.337 0.1428571492
79331  -33.792  -14.766  0.830 0.1428571492
79398  -34.099  -15.543  -4.879 0.1428571492
79421  -30.922  -14.734  -8.286 0.5714285970
79422  -31.618  -14.365  -7.725 0.5714285970
79423  -32.100  -13.865  -7.561 0.4285714328
79424  -34.414  -13.729  -8.456 0.2857142985
79429  -30.410  -14.809  -9.155 0.4285714328
79430  -30.367  -14.631  -8.883 0.5714285970
79432  -33.906  -13.697  -9.172 0.4285714328
79433  -34.364  -13.456  -9.040 0.4285714328
79437  -30.714  -14.702  -9.363 0.4285714328
79438  -31.168  -14.543  -9.464 0.5714285970
79439  -31.541  -14.452  -9.015 0.4285714328
79440  -32.092  -14.234  -8.357 0.4285714328
80466  -34.126  -13.845  0.874 0.1428571492
80496  -27.583  -13.768  -1.693 0.5714285970
80497  -28.125  -13.239  -1.794 0.5714285970
80546  -31.655  -14.014  -6.492 0.5714285970
80547  -31.958  -13.301  -6.552 0.4285714328
80548  -32.634  -13.028  -7.031 0.4285714328
80554  -31.279  -14.250  -8.407 0.5714285970
80558  -34.405  -12.886  -8.701 0.4285714328
80563  -30.453  -14.403  -9.060 0.5714285970
80565  -31.461  -14.187  -8.574 0.4285714328
80567  -33.597  -13.130  -9.229 0.4285714328
80573  -30.585  -14.549  -9.201 0.5714285970
80574  -30.845  -14.206  -9.165 0.5714285970
80575  -31.178  -14.139  -9.077 0.5714285970
80576  -31.579  -14.242  -8.438 0.4285714328
81663  -33.806  -12.557  1.063 0.1428571492
81693  -34.067  -13.496  0.896 0.1428571492
81730  -28.379  -12.651  -1.790 0.7142857313
81731  -28.953  -12.521  -2.329 0.7142857313
81755  -30.993  -12.111  -5.021 0.7142857313
81780  -34.053  -12.253  -8.709 0.4285714328
81787  -33.486  -12.592  -8.811 0.4285714328
81788  -34.053  -12.479  -9.340 0.4285714328
82780  -24.471  -12.127  -1.732 0.1428571492
82781  -25.270  -12.101  -1.499 0.4285714328
82783  -27.044  -11.938  -1.114 0.7142857313
82793  -24.071  -11.536  -2.109 0.1428571492
82794  -28.580  -11.722  -1.754 0.7142857313
85006  -31.822  -9.154  -8.454 0.1428571492
85020  -31.780  -9.640  -8.060 0.4285714328
85021  -32.207  -9.549  -8.474 0.4285714328
85022  -32.695  -10.024  -8.526 0.4285714328
85030  -32.606  -9.421  -8.957 0.1428571492
86120  -23.318  -8.347  -3.768 0.1428571492
86145  -31.638  -8.915  -8.277 0.1428571492
86171  -32.708  -9.213  -9.258 0.1428571492
87218  -27.878  -6.957  -1.538 0.7142857313
87221  -29.907  -6.715  -1.960 1.0000000000
87238  -30.510  -7.014  -3.374 0.8571428657
87248  -24.265  -7.227  -2.768 0.2857142985
88307  -28.943  -6.298  -1.469 1.0000000000
88324  -30.491  -6.389  -3.108 0.8571428657
88397  -28.934  -7.185  -8.046 0.1428571492
89406  -27.897  -5.784  -1.486 1.0000000000
89407  -28.581  -5.748  -1.471 1.0000000000
89445  -24.133  -5.339  -3.316 0.1428571492
89492  -29.356  -5.791  -7.101 0.1428571492
90466  -28.925  -5.290  -1.544 1.0000000000
90510  -30.972  -4.216  -3.738 0.7142857313
90532  -31.125  -4.216  -3.982 0.7142857313
90575  -29.248  -5.210  -7.917 0.1428571492
91574  -30.822  -4.077  -3.594 0.7142857313
91595  -23.713  -3.815  -3.931 0.1428571492
91597  -31.025  -3.953  -3.788 0.7142857313
91629  -29.188  -4.111  -7.775 0.1428571492
92602  -25.932  -2.446  -2.469 0.2857142985
92620  -23.282  -2.706  -3.578 0.2857142985
93692  -22.918  -2.075  -3.739 0.2857142985
93715  -21.830  -1.797  -4.622 0.1428571492
94722  -27.107  0.146  -1.919 0.7142857313
94724  -28.301  0.003  -1.627 1.0000000000
94773  -21.269  -1.047  -4.340 0.1428571492
95778  -26.518  1.085  -1.848 0.5714285970
95780  -27.986  0.670  -1.481 1.0000000000
95782  -29.756  0.712  -1.792 0.8571428657
95791  -29.656  0.132  -1.873 1.0000000000
95807  -22.511  0.150  -3.391 0.2857142985
95834  -20.073  0.178  -5.083 0.1428571492
96888  -30.082  1.120  -1.908 0.8571428657
96899  -29.940  1.629  -2.016 0.8571428657
96937  -21.529  0.677  -3.893 0.1428571492
97997  -28.128  2.498  -1.450 1.0000000000
97999  -29.604  1.984  -1.884 0.8571428657
98014  -26.811  2.422  -2.114 0.8571428657
98017  -30.577  2.452  -2.690 0.8571428657
98048  -19.026  2.436  -4.226 0.2857142985
99065  -29.532  2.544  -1.810 0.8571428657
99083  -27.944  3.399  -1.837 1.0000000000
99084  -28.762  3.795  -1.751 1.0000000000
99105  -27.647  3.908  -2.434 1.0000000000
99122  -31.353  3.349  -5.807 0.1428571492
99135  -31.250  4.150  -5.695 0.1428571492
100107  -28.606  4.471  -2.326 0.8571428657
100147  -31.172  4.623  -5.361 0.1428571492
101134  -29.440  5.029  -2.638 0.7142857313
101148  -30.111  5.371  -3.572 0.4285714328
101159  -30.450  5.512  -4.210 0.2857142985
101185  -24.758  5.991  -6.367 0.5714285970
101187  -31.356  5.325  -6.434 0.1428571492
102217  -29.875  6.466  -4.433 0.4285714328
102230  -25.605  6.255  -6.022 0.4285714328
102232  -30.065  6.772  -5.105 0.4285714328
102233  -30.608  6.440  -5.340 0.2857142985
102255  -23.516  6.987  -7.416 0.2857142985
102256  -23.805  6.930  -7.219 0.2857142985
103272  -28.344  6.793  -3.888 0.5714285970
103324  -22.697  7.648  -8.149 0.2857142985
103328  -28.867  8.372  -7.717 0.1428571492
103341  -22.782  7.393  -8.234 0.2857142985
103342  -24.440  7.648  -8.560 0.2857142985
103346  -31.039  6.931  -8.543 0.1428571492
104323  -25.041  9.113  -2.725 0.2857142985
104337  -24.204  7.503  -6.106 0.4285714328
104339  -26.916  7.789  -6.302 0.2857142985
104354  -25.745  7.707  -7.223 0.2857142985
104372  -22.916  7.219  -8.180 0.2857142985
104373  -23.200  7.210  -8.144 0.2857142985
104393  -22.657  8.466  -8.777 0.2857142985
104394  -22.956  7.716  -8.570 0.2857142985
105317  -25.165  9.350  -3.491 0.2857142985
105353  -23.182  9.519  -7.687 0.2857142985
105366  -21.990  10.078  -9.023 0.2857142985
105385  -22.625  9.420  -9.834 0.1428571492
105402  -21.986  10.263  -9.877 0.1428571492
105405  -23.570  9.962  -10.714 0.1428571492
106273  -23.141  11.230  -8.130 0.2857142985
106287  -23.271  10.528  -8.323 0.2857142985
106299  -23.635  10.667  -10.287 0.1428571492
106316  -23.305  10.329  -10.475 0.1428571492
107130  -23.642  11.518  -6.015 0.1428571492
107162  -22.589  11.694  -8.075 0.2857142985
107203  -23.238  11.348  -10.241 0.1428571492
108068  -22.786  12.962  -6.153 0.1428571492
108117  -22.015  12.202  -8.287 0.1428571492
108129  -20.697  13.510  -8.951 0.1428571492
