#!ascii label  , from subject 3322 vox2ras=TkReg
1015
54730  26.849  -32.968  56.369 0.0000000000
77996  41.443  -14.248  44.420 0.0000000000
67155  31.434  -23.134  49.766 0.0000000000
45373  10.562  -40.321  70.603 0.0000000000
50409  22.993  -34.637  62.585 0.0000000000
71799  32.651  -18.427  49.745 0.0000000000
48073  15.645  -38.204  65.154 0.0000000000
44192  14.769  -42.294  67.499 0.0000000000
48108  19.382  -38.826  62.311 0.0000000000
76830  46.551  -14.880  44.494 0.0000000000
59689  25.989  -27.684  60.345 0.0000000000
62285  27.986  -26.545  56.553 0.0000000000
57138  31.001  -30.912  58.949 0.0000000000
81320  43.998  -9.997  42.857 0.0000000000
81335  48.300  -10.803  41.834 0.0000000000
77975  37.734  -12.559  47.106 0.0000000000
74238  40.887  -17.268  47.146 0.0000000000
71839  36.432  -18.174  47.158 0.0000000000
68245  36.773  -22.867  49.718 0.0000000000
48133  28.292  -39.058  60.942 0.0000000000
42923  9.820  -43.146  73.281 0.0000000000
42889  6.956  -42.101  77.524 0.0000000000
42875  7.624  -41.708  81.288 0.0000000000
51475  24.154  -35.177  58.469 0.0000000000
46856  23.765  -40.429  61.429 0.0000000000
68176  28.196  -20.962  54.769 0.0000000000
67085  31.971  -23.740  55.246 0.0000000000
87058  50.391  -5.263  40.922 0.0000000000
76833  43.861  -14.760  44.004 0.0000000000
76797  43.504  -15.800  45.638 0.0000000000
58409  25.953  -30.163  58.541 0.0000000000
58407  27.356  -29.303  58.112 0.0000000000
55919  28.948  -31.830  57.437 0.0000000000
80210  41.000  -11.645  44.588 0.0000000000
81308  42.704  -9.846  44.730 0.0000000000
80222  42.662  -11.736  43.466 0.0000000000
79159  45.000  -12.755  42.617 0.0000000000
39514  6.536  -45.713  81.537 0.0000000000
75524  36.588  -15.441  47.033 0.0000000000
75506  34.799  -15.045  48.335 0.0000000000
68262  32.278  -21.406  49.339 0.0000000000
68271  34.836  -21.441  48.001 0.0000000000
66014  34.623  -24.150  50.209 0.0000000000
64809  34.712  -24.851  52.031 0.0000000000
45409  12.336  -40.901  68.947 0.0000000000
42981  14.537  -43.018  69.416 0.0000000000
42967  12.313  -42.437  70.996 0.0000000000
41821  11.822  -43.749  72.768 0.0000000000
44118  9.883  -41.562  71.632 0.0000000000
45290  7.619  -40.627  76.593 0.0000000000
42883  7.815  -41.679  79.679 0.0000000000
50442  23.222  -35.203  60.091 0.0000000000
48166  23.454  -38.587  59.206 0.0000000000
49361  21.615  -37.839  59.814 0.0000000000
45510  19.819  -41.221  64.201 0.0000000000
46775  21.858  -41.107  64.346 0.0000000000
62267  32.084  -27.172  56.981 0.0000000000
64729  30.986  -25.542  55.410 0.0000000000
72974  34.388  -16.425  50.997 0.0000000000
69386  32.783  -18.496  52.037 0.0000000000
69388  30.752  -19.229  51.545 0.0000000000
45480  17.599  -41.597  65.275 0.0000000000
44222  17.211  -42.759  66.556 0.0000000000
45482  15.341  -41.075  65.926 0.0000000000
46742  13.303  -39.406  67.341 0.0000000000
46717  11.786  -38.392  69.523 0.0000000000
50411  19.884  -36.120  61.259 0.0000000000
51412  18.586  -34.879  62.977 0.0000000000
48094  17.266  -38.456  63.572 0.0000000000
63483  27.726  -24.556  61.496 0.0000000000
64705  26.725  -24.122  58.585 0.0000000000
60979  27.546  -27.297  58.110 0.0000000000
60977  30.349  -28.398  56.836 0.0000000000
84789  46.983  -7.455  41.361 0.0000000000
81337  45.840  -10.430  41.962 0.0000000000
79172  47.501  -12.555  42.470 0.0000000000
77984  39.050  -13.235  45.771 0.0000000000
76776  41.130  -16.055  46.048 0.0000000000
76778  38.782  -15.160  45.875 0.0000000000
73003  39.125  -17.891  46.812 0.0000000000
69430  39.689  -20.407  47.670 0.0000000000
70636  34.251  -18.504  47.578 0.0000000000
69433  36.357  -20.933  47.474 0.0000000000
51472  27.798  -36.174  57.939 0.0000000000
52495  30.286  -34.625  59.061 0.0000000000
80182  39.627  -10.859  47.391 0.0000000000
46662  8.984  -39.030  72.695 0.0000000000
45319  8.189  -40.363  73.985 0.0000000000
42907  7.771  -42.439  74.994 0.0000000000
39572  7.982  -45.356  76.091 0.0000000000
40620  6.707  -44.583  78.443 0.0000000000
41720  6.974  -43.635  80.095 0.0000000000
41714  6.777  -43.436  81.737 0.0000000000
41703  7.121  -42.779  83.130 0.0000000000
52542  25.050  -34.247  57.196 0.0000000000
49372  25.915  -37.907  58.303 0.0000000000
48135  25.994  -39.657  60.471 0.0000000000
48123  21.539  -39.503  61.799 0.0000000000
68224  28.902  -21.884  52.113 0.0000000000
65929  26.707  -24.527  55.608 0.0000000000
64789  29.159  -24.467  53.263 0.0000000000
65991  31.186  -24.351  52.078 0.0000000000
54677  31.726  -32.552  59.997 0.0000000000
87069  51.973  -5.689  40.747 0.0000000000
84787  48.937  -7.219  40.690 0.0000000000
83633  51.138  -8.127  40.635 0.0000000000
76834  42.822  -14.832  44.247 0.0000000000
76817  43.662  -15.520  44.819 0.0000000000
76818  42.575  -15.533  44.758 0.0000000000
55933  25.654  -31.569  56.759 0.0000000000
57165  27.701  -31.077  57.014 0.0000000000
54718  27.931  -32.660  57.115 0.0000000000
79146  40.952  -12.377  44.399 0.0000000000
80223  41.983  -11.914  43.709 0.0000000000
79144  42.232  -13.085  43.802 0.0000000000
78019  42.778  -13.139  43.427 0.0000000000
39515  6.384  -45.695  82.097 0.0000000000
76741  35.003  -14.224  48.799 0.0000000000
75494  35.151  -14.552  50.427 0.0000000000
68247  31.759  -21.767  49.634 0.0000000000
67165  33.263  -22.510  48.722 0.0000000000
66015  33.472  -23.987  50.016 0.0000000000
64821  34.564  -24.846  51.091 0.0000000000
64823  32.930  -24.873  51.102 0.0000000000
45394  11.547  -40.698  69.756 0.0000000000
44152  12.636  -42.204  69.976 0.0000000000
44154  11.145  -40.958  70.175 0.0000000000
44136  10.884  -41.709  70.852 0.0000000000
44137  9.936  -40.737  71.047 0.0000000000
50428  22.461  -34.888  61.007 0.0000000000
50443  22.078  -35.874  59.594 0.0000000000
50429  21.156  -36.125  60.281 0.0000000000
45478  19.672  -41.737  65.137 0.0000000000
67018  27.877  -21.952  59.699 0.0000000000
63498  33.254  -26.313  57.513 0.0000000000
69387  31.733  -18.807  51.608 0.0000000000
70560  31.063  -17.690  52.515 0.0000000000
46780  16.220  -39.481  64.702 0.0000000000
45481  16.566  -41.398  65.469 0.0000000000
46781  15.289  -39.387  65.486 0.0000000000
48060  13.855  -37.951  66.783 0.0000000000
48049  13.208  -37.966  68.288 0.0000000000
46730  12.386  -39.375  68.350 0.0000000000
52467  19.561  -34.004  62.440 0.0000000000
49301  16.431  -36.885  64.585 0.0000000000
49300  16.751  -37.152  63.737 0.0000000000
48095  16.298  -38.078  64.301 0.0000000000
46779  17.087  -40.073  64.363 0.0000000000
62260  26.631  -25.756  60.175 0.0000000000
59688  26.408  -27.321  59.765 0.0000000000
58406  29.130  -29.849  57.352 0.0000000000
59714  29.758  -29.113  57.158 0.0000000000
58405  30.606  -30.228  57.594 0.0000000000
59712  32.325  -29.453  57.898 0.0000000000
58391  32.340  -30.436  58.507 0.0000000000
81314  42.940  -9.474  44.086 0.0000000000
82464  45.632  -8.773  41.800 0.0000000000
81338  44.430  -10.338  42.451 0.0000000000
78016  45.549  -13.774  43.103 0.0000000000
79158  46.029  -13.105  42.869 0.0000000000
78015  46.500  -13.876  43.276 0.0000000000
77985  38.223  -12.994  46.449 0.0000000000
76801  39.123  -14.325  45.452 0.0000000000
76802  38.135  -14.273  45.960 0.0000000000
74253  36.057  -16.331  47.101 0.0000000000
74251  38.164  -16.606  46.506 0.0000000000
71837  38.085  -18.369  46.742 0.0000000000
71823  39.748  -18.937  47.156 0.0000000000
70622  38.056  -19.792  47.109 0.0000000000
71811  33.262  -17.337  50.033 0.0000000000
72991  33.834  -17.184  48.791 0.0000000000
70612  32.950  -18.952  48.508 0.0000000000
68259  35.185  -22.287  48.350 0.0000000000
68270  35.842  -21.832  47.765 0.0000000000
68258  36.535  -22.563  48.875 0.0000000000
68256  38.661  -22.307  48.864 0.0000000000
49359  27.606  -37.922  59.191 0.0000000000
50438  29.175  -36.719  59.097 0.0000000000
79101  37.918  -11.578  48.632 0.0000000000
79113  39.078  -11.188  47.416 0.0000000000
79122  39.138  -12.160  46.113 0.0000000000
43032  16.032  -42.788  67.382 0.0000000000
43018  15.764  -42.966  68.051 0.0000000000
42922  10.485  -43.443  72.920 0.0000000000
41804  12.164  -44.509  73.941 0.0000000000
41805  10.751  -44.074  73.593 0.0000000000
41806  9.530  -43.569  74.030 0.0000000000
47932  9.174  -38.335  74.962 0.0000000000
46648  8.540  -39.301  73.656 0.0000000000
46638  8.385  -39.336  74.637 0.0000000000
44052  7.245  -41.401  76.620 0.0000000000
44061  7.404  -41.693  75.405 0.0000000000
41790  7.082  -42.968  75.697 0.0000000000
41766  7.461  -43.980  75.759 0.0000000000
40657  7.265  -44.309  76.326 0.0000000000
39564  7.204  -45.571  76.796 0.0000000000
41749  7.149  -43.176  77.284 0.0000000000
42879  7.720  -41.810  80.523 0.0000000000
41719  7.466  -42.734  79.895 0.0000000000
41716  7.451  -42.750  80.734 0.0000000000
41717  6.877  -43.590  80.950 0.0000000000
41713  7.220  -42.587  81.476 0.0000000000
51473  24.794  -34.580  59.759 0.0000000000
52528  24.873  -34.146  58.179 0.0000000000
51505  24.633  -35.308  57.573 0.0000000000
50489  25.432  -36.166  57.407 0.0000000000
49401  24.730  -36.588  57.544 0.0000000000
48152  23.024  -38.881  60.007 0.0000000000
48151  24.158  -39.165  59.865 0.0000000000
46855  24.771  -40.211  61.388 0.0000000000
49338  19.293  -37.427  62.040 0.0000000000
48124  20.542  -38.614  61.628 0.0000000000
48107  20.255  -39.167  62.320 0.0000000000
46774  22.629  -41.195  64.514 0.0000000000
75519  41.131  -16.444  46.490 0.0000000000
76753  42.175  -16.297  46.685 0.0000000000
75503  42.647  -16.678  47.417 0.0000000000
69350  28.537  -19.904  54.252 0.0000000000
69373  28.995  -20.128  52.975 0.0000000000
68190  28.352  -21.112  53.701 0.0000000000
63508  26.997  -25.507  57.252 0.0000000000
64717  26.940  -23.924  57.877 0.0000000000
63531  27.091  -25.660  55.984 0.0000000000
65909  31.315  -24.762  55.366 0.0000000000
64767  28.702  -24.934  53.944 0.0000000000
65948  31.027  -24.807  53.962 0.0000000000
65993  29.404  -23.760  52.530 0.0000000000
65947  31.834  -24.332  53.893 0.0000000000
65946  32.757  -24.339  54.282 0.0000000000
53510  30.869  -33.640  59.187 0.0000000000
85956  50.959  -5.918  40.728 0.0000000000
82462  47.174  -9.055  41.380 0.0000000000
84788  47.878  -7.287  40.951 0.0000000000
82461  48.139  -9.155  41.076 0.0000000000
82459  50.481  -9.397  40.807 0.0000000000
82457  52.605  -9.869  41.051 0.0000000000
49277  16.125  -36.986  65.365 0.0000000000
48074  15.204  -38.057  65.877 0.0000000000
76832  44.899  -14.953  44.063 0.0000000000
75547  46.153  -15.517  44.992 0.0000000000
76816  44.895  -15.789  44.765 0.0000000000
58380  25.579  -28.381  59.931 0.0000000000
59701  26.311  -28.284  59.250 0.0000000000
58408  26.470  -29.846  58.513 0.0000000000
57152  28.628  -30.671  57.290 0.0000000000
57151  30.165  -30.918  58.094 0.0000000000
80190  42.910  -9.861  46.047 0.0000000000
80201  42.274  -10.397  45.032 0.0000000000
80208  42.236  -11.065  43.917 0.0000000000
80221  43.514  -11.571  43.063 0.0000000000
80238  44.448  -11.432  42.538 0.0000000000
79160  43.997  -12.689  43.039 0.0000000000
78017  44.506  -13.755  43.122 0.0000000000
39523  6.632  -45.757  80.714 0.0000000000
77957  36.691  -12.618  48.764 0.0000000000
76780  36.987  -14.396  46.661 0.0000000000
76755  35.689  -14.060  47.799 0.0000000000
75525  35.516  -15.208  47.506 0.0000000000
73016  35.691  -17.249  47.175 0.0000000000
69425  32.089  -19.931  48.990 0.0000000000
69424  33.092  -20.063  48.479 0.0000000000
68261  32.727  -21.176  48.931 0.0000000000
67164  34.431  -22.857  48.660 0.0000000000
67151  35.848  -23.476  50.039 0.0000000000
66002  35.813  -24.331  50.695 0.0000000000
64808  35.828  -24.881  52.329 0.0000000000
46837  28.006  -39.818  61.864 0.0000000000
44194  13.309  -41.699  68.371 0.0000000000
43001  14.717  -42.885  68.789 0.0000000000
43003  13.366  -42.624  69.428 0.0000000000
42983  13.061  -42.704  69.972 0.0000000000
41850  13.175  -43.118  71.425 0.0000000000
42954  10.341  -42.465  71.953 0.0000000000
42941  9.303  -42.261  72.896 0.0000000000
46624  8.624  -39.105  75.645 0.0000000000
45281  8.140  -40.310  77.871 0.0000000000
44043  7.434  -41.284  77.825 0.0000000000
41736  7.128  -42.603  78.379 0.0000000000
44033  8.149  -41.313  79.224 0.0000000000
42882  8.279  -41.144  80.430 0.0000000000
44025  8.771  -40.468  81.945 0.0000000000
50457  23.803  -34.900  59.063 0.0000000000
50475  23.629  -36.695  58.189 0.0000000000
50458  23.069  -36.496  58.822 0.0000000000
49375  22.483  -37.889  59.158 0.0000000000
48153  22.246  -38.734  60.282 0.0000000000
46808  19.731  -40.209  63.468 0.0000000000
46807  20.510  -40.441  63.420 0.0000000000
45509  20.914  -41.185  64.565 0.0000000000
73001  41.256  -18.103  47.642 0.0000000000
68146  27.563  -21.234  57.113 0.0000000000
62274  29.935  -26.937  56.288 0.0000000000
63516  29.477  -26.062  55.527 0.0000000000
63505  31.827  -26.479  56.366 0.0000000000
64715  32.279  -25.489  56.208 0.0000000000
88126  48.716  -4.596  41.382 0.0000000000
40574  5.816  -44.345  82.643 0.0000000000
71796  35.095  -17.080  51.684 0.0000000000
70600  33.322  -18.131  50.974 0.0000000000
69413  32.767  -18.621  50.740 0.0000000000
69400  32.170  -19.299  51.147 0.0000000000
68234  31.160  -21.000  50.478 0.0000000000
68248  30.866  -22.118  50.070 0.0000000000
44242  18.411  -42.496  65.743 0.0000000000
44221  18.251  -43.011  66.451 0.0000000000
44243  17.438  -42.079  66.054 0.0000000000
44244  16.421  -42.048  66.070 0.0000000000
45447  14.617  -41.258  66.725 0.0000000000
46755  14.504  -39.777  65.939 0.0000000000
45483  14.308  -40.487  66.413 0.0000000000
45448  13.709  -40.748  67.308 0.0000000000
45424  12.788  -40.819  68.223 0.0000000000
46715  11.953  -40.213  68.529 0.0000000000
46696  11.232  -38.717  69.771 0.0000000000
51452  21.218  -34.953  60.876 0.0000000000
51431  20.697  -34.286  61.772 0.0000000000
51432  19.255  -34.797  61.634 0.0000000000
49339  18.697  -36.661  62.324 0.0000000000
51414  17.483  -35.443  64.092 0.0000000000
49322  17.499  -37.357  63.031 0.0000000000
48109  18.610  -38.811  62.753 0.0000000000
45531  18.866  -40.555  64.031 0.0000000000
45511  18.838  -41.256  64.441 0.0000000000
64677  27.885  -23.616  61.310 0.0000000000
65866  27.546  -23.051  59.875 0.0000000000
63494  26.887  -24.833  59.976 0.0000000000
63500  26.523  -24.909  58.899 0.0000000000
62276  27.379  -26.415  57.447 0.0000000000
59715  28.183  -28.606  57.554 0.0000000000
60978  28.990  -28.058  57.196 0.0000000000
60986  29.514  -27.635  56.683 0.0000000000
60976  31.795  -28.216  57.211 0.0000000000
60969  33.037  -28.455  58.442 0.0000000000
84790  46.258  -7.670  41.730 0.0000000000
82463  46.320  -8.956  41.522 0.0000000000
81336  47.186  -10.685  41.941 0.0000000000
80237  45.408  -11.712  42.389 0.0000000000
80236  46.706  -11.617  42.192 0.0000000000
77998  39.767  -13.437  45.140 0.0000000000
76820  40.524  -14.797  44.653 0.0000000000
76821  39.846  -14.502  45.011 0.0000000000
76777  39.874  -15.404  45.981 0.0000000000
74249  40.141  -16.591  46.841 0.0000000000
75523  37.510  -15.639  46.476 0.0000000000
74250  39.165  -16.780  46.531 0.0000000000
74239  39.938  -17.314  46.909 0.0000000000
71822  40.679  -18.908  47.666 0.0000000000
70611  40.787  -20.378  48.208 0.0000000000
74228  34.406  -15.614  50.210 0.0000000000
74255  34.391  -16.943  47.765 0.0000000000
71840  35.368  -18.063  47.207 0.0000000000
70625  33.983  -19.288  47.783 0.0000000000
70624  35.491  -19.823  47.248 0.0000000000
70623  36.780  -19.981  47.151 0.0000000000
69432  37.766  -21.080  47.783 0.0000000000
52527  27.364  -34.597  57.127 0.0000000000
52511  29.019  -34.680  57.911 0.0000000000
51471  28.427  -35.723  58.219 0.0000000000
50436  30.674  -36.297  59.985 0.0000000000
80193  40.262  -10.650  46.515 0.0000000000
79132  40.349  -12.365  44.808 0.0000000000
46675  10.501  -38.834  70.536 0.0000000000
47950  10.195  -37.509  72.242 0.0000000000
45374  9.781  -39.554  71.052 0.0000000000
45353  9.157  -40.168  71.778 0.0000000000
44119  9.218  -41.149  72.590 0.0000000000
42924  8.819  -42.549  73.681 0.0000000000
45303  7.974  -39.954  75.036 0.0000000000
44078  7.664  -41.632  74.734 0.0000000000
41807  8.528  -43.231  74.345 0.0000000000
41788  8.964  -44.240  74.531 0.0000000000
39580  8.640  -45.401  75.407 0.0000000000
39541  6.794  -45.710  78.752 0.0000000000
41737  6.926  -43.499  78.281 0.0000000000
41727  7.016  -43.613  79.209 0.0000000000
39531  6.773  -45.775  79.764 0.0000000000
40592  6.609  -44.640  80.361 0.0000000000
40584  6.450  -44.565  81.229 0.0000000000
40577  6.502  -44.475  82.119 0.0000000000
42867  7.836  -42.035  82.881 0.0000000000
41708  6.825  -43.115  82.504 0.0000000000
41709  6.548  -43.347  82.917 0.0000000000
54720  24.953  -31.876  57.498 0.0000000000
54708  25.099  -32.606  57.969 0.0000000000
52554  26.198  -33.825  56.559 0.0000000000
51488  26.646  -35.943  57.370 0.0000000000
49386  26.316  -37.092  58.023 0.0000000000
48163  26.555  -38.261  59.140 0.0000000000
49373  24.768  -38.159  58.044 0.0000000000
48164  25.516  -38.523  59.014 0.0000000000
48134  26.988  -39.036  60.732 0.0000000000
50430  20.560  -36.240  60.841 0.0000000000
48140  20.982  -38.475  61.097 0.0000000000
48122  22.134  -39.572  61.445 0.0000000000
46826  21.581  -40.359  62.721 0.0000000000
46825  22.500  -40.921  62.897 0.0000000000
46841  23.650  -40.800  62.166 0.0000000000
76798  42.513  -15.785  45.463 0.0000000000
70561  30.093  -18.809  52.678 0.0000000000
69389  29.669  -20.019  51.776 0.0000000000
68236  30.000  -22.103  50.715 0.0000000000
65880  26.915  -23.137  58.456 0.0000000000
67045  27.278  -22.434  57.169 0.0000000000
67086  27.471  -22.556  55.489 0.0000000000
63529  28.256  -25.740  55.138 0.0000000000
65950  27.501  -23.887  54.199 0.0000000000
67117  27.756  -22.910  53.314 0.0000000000
67116  28.289  -22.856  52.637 0.0000000000
67131  29.474  -22.895  51.637 0.0000000000
66005  31.271  -24.265  51.230 0.0000000000
64787  33.037  -24.978  52.797 0.0000000000
53524  29.487  -33.707  58.083 0.0000000000
54686  30.663  -32.816  58.866 0.0000000000
57122  31.338  -31.877  59.452 0.0000000000
55882  32.397  -31.847  60.800 0.0000000000
57120  32.496  -31.007  60.297 0.0000000000
87056  52.460  -4.890  41.453 0.0000000000
85959  48.250  -6.234  40.817 0.0000000000
85958  49.131  -6.256  40.584 0.0000000000
82460  49.272  -9.207  41.000 0.0000000000
83621  49.884  -8.196  40.604 0.0000000000
84785  50.836  -6.716  40.605 0.0000000000
84800  51.492  -7.377  40.586 0.0000000000
84799  52.427  -7.315  40.617 0.0000000000
78008  41.832  -13.936  44.183 0.0000000000
76835  42.206  -14.870  44.378 0.0000000000
55945  26.453  -32.309  56.402 0.0000000000
55932  27.162  -31.889  56.626 0.0000000000
54719  27.397  -32.830  56.658 0.0000000000
78009  41.005  -13.005  44.215 0.0000000000
79145  41.564  -12.485  44.098 0.0000000000
40578  6.261  -45.046  82.309 0.0000000000
67154  32.470  -23.249  49.063 0.0000000000
66016  32.439  -24.078  50.292 0.0000000000
64833  33.351  -24.611  50.573 0.0000000000
45395  11.102  -39.903  70.100 0.0000000000
51451  21.674  -35.106  60.857 0.0000000000
44219  20.335  -42.689  66.707 0.0000000000
44240  20.546  -42.068  66.056 0.0000000000
67002  28.520  -21.980  60.653 0.0000000000
46811  16.861  -39.228  64.064 0.0000000000
60961  26.413  -26.527  60.555 0.0000000000
57150  30.735  -30.666  58.335 0.0000000000
58392  31.290  -30.577  58.419 0.0000000000
58379  31.863  -30.879  59.062 0.0000000000
82438  43.749  -9.700  43.280 0.0000000000
82430  43.593  -9.388  43.612 0.0000000000
82437  44.160  -9.527  43.086 0.0000000000
82448  44.457  -9.684  42.579 0.0000000000
82447  44.947  -9.196  42.346 0.0000000000
76846  46.048  -14.425  43.654 0.0000000000
76845  46.784  -14.370  43.824 0.0000000000
38416  6.737  -46.978  79.035 0.0000000000
77986  37.526  -13.747  46.394 0.0000000000
73015  36.789  -17.353  46.960 0.0000000000
71838  37.395  -18.264  46.860 0.0000000000
71825  37.864  -18.907  46.587 0.0000000000
70633  37.040  -19.082  46.575 0.0000000000
71798  33.017  -18.110  50.084 0.0000000000
71812  33.155  -17.920  49.189 0.0000000000
71813  32.786  -18.317  49.547 0.0000000000
67162  36.276  -22.956  49.662 0.0000000000
48148  27.509  -38.502  59.796 0.0000000000
48147  28.713  -38.279  60.173 0.0000000000
80183  37.808  -11.815  47.854 0.0000000000
79114  37.938  -11.880  47.586 0.0000000000
79123  38.565  -12.016  46.850 0.0000000000
43033  15.344  -42.602  67.551 0.0000000000
41787  10.192  -44.378  74.631 0.0000000000
44044  7.100  -41.589  77.145 0.0000000000
42895  7.050  -42.362  76.465 0.0000000000
41767  6.955  -43.465  76.004 0.0000000000
42878  8.317  -41.147  81.167 0.0000000000
51474  24.540  -34.609  58.948 0.0000000000
51489  24.631  -34.795  57.723 0.0000000000
51490  24.362  -35.310  57.971 0.0000000000
50490  24.594  -35.878  57.554 0.0000000000
49402  24.340  -36.425  57.719 0.0000000000
48137  23.864  -39.877  60.592 0.0000000000
48125  19.838  -38.374  61.853 0.0000000000
75504  41.638  -16.784  46.887 0.0000000000
74237  42.011  -17.367  47.669 0.0000000000
68162  28.057  -21.018  55.888 0.0000000000
69331  28.329  -19.945  55.427 0.0000000000
63507  27.298  -26.102  56.985 0.0000000000
63518  27.336  -26.068  56.377 0.0000000000
65926  31.228  -24.222  55.038 0.0000000000
65927  30.629  -24.878  54.780 0.0000000000
67102  31.628  -24.071  54.556 0.0000000000
67101  32.298  -23.771  54.712 0.0000000000
88124  50.689  -4.408  41.279 0.0000000000
81349  47.682  -9.941  41.480 0.0000000000
81348  48.746  -10.037  41.396 0.0000000000
49258  16.077  -36.132  66.555 0.0000000000
49278  15.467  -37.148  65.825 0.0000000000
50358  16.695  -36.201  66.004 0.0000000000
76848  44.454  -14.488  43.535 0.0000000000
76796  44.512  -15.865  45.765 0.0000000000
58395  25.786  -29.781  59.149 0.0000000000
58394  26.109  -28.817  59.217 0.0000000000
57164  28.364  -31.345  57.197 0.0000000000
55918  29.609  -31.476  57.799 0.0000000000
80202  41.494  -10.779  45.379 0.0000000000
81322  42.789  -10.916  43.416 0.0000000000
79161  43.139  -12.523  43.296 0.0000000000
78006  43.502  -14.154  43.547 0.0000000000
78018  43.494  -13.523  43.274 0.0000000000
76849  43.926  -14.196  43.399 0.0000000000
77958  35.937  -13.311  48.251 0.0000000000
76756  35.316  -14.504  48.085 0.0000000000
74254  34.863  -16.259  47.708 0.0000000000
68246  31.974  -20.625  49.462 0.0000000000
67153  33.811  -23.470  49.184 0.0000000000
67152  34.911  -23.476  49.536 0.0000000000
66013  35.295  -23.847  50.136 0.0000000000
67141  36.462  -23.889  50.521 0.0000000000
65988  35.538  -24.773  51.526 0.0000000000
64785  35.294  -24.873  53.188 0.0000000000
79080  37.178  -12.265  49.221 0.0000000000
44170  13.437  -42.164  68.546 0.0000000000
44171  12.782  -41.979  69.139 0.0000000000
44153  12.094  -41.638  70.303 0.0000000000
42984  12.591  -42.424  70.421 0.0000000000
42966  13.075  -42.842  70.867 0.0000000000
42951  12.724  -42.931  71.429 0.0000000000
44117  10.537  -42.137  71.474 0.0000000000
42953  11.090  -42.695  71.543 0.0000000000
42940  10.083  -42.798  72.607 0.0000000000
42955  9.674  -42.120  72.260 0.0000000000
45270  8.338  -40.298  78.609 0.0000000000
44036  8.068  -41.007  78.679 0.0000000000
44035  8.431  -40.333  78.976 0.0000000000
50427  23.802  -34.624  61.367 0.0000000000
50441  24.268  -34.652  60.433 0.0000000000
50444  21.715  -36.833  59.553 0.0000000000
50460  21.921  -37.011  59.405 0.0000000000
49360  22.259  -38.402  59.749 0.0000000000
45530  19.414  -40.499  63.805 0.0000000000
46777  20.329  -40.781  63.915 0.0000000000
69300  28.070  -20.169  57.680 0.0000000000
60984  31.435  -27.504  56.860 0.0000000000
62273  31.187  -27.098  56.464 0.0000000000
64704  33.130  -25.744  56.909 0.0000000000
64714  33.212  -25.027  56.724 0.0000000000
70599  34.288  -17.691  51.568 0.0000000000
69399  33.103  -18.489  51.500 0.0000000000
69414  32.046  -19.206  50.132 0.0000000000
69401  31.297  -19.754  50.893 0.0000000000
69402  30.494  -20.366  50.927 0.0000000000
44245  15.757  -42.084  66.233 0.0000000000
48059  14.576  -38.399  66.252 0.0000000000
46756  13.858  -39.302  66.694 0.0000000000
45423  13.444  -41.373  67.950 0.0000000000
45449  12.785  -39.860  67.590 0.0000000000
46731  12.330  -38.624  68.934 0.0000000000
46716  11.811  -39.190  69.084 0.0000000000
46695  11.423  -39.794  69.560 0.0000000000
51411  21.165  -33.667  63.494 0.0000000000
52468  18.900  -34.484  62.437 0.0000000000
51433  18.699  -35.252  62.316 0.0000000000
50412  19.192  -36.045  62.151 0.0000000000
50413  18.654  -35.973  62.473 0.0000000000
50389  17.318  -36.225  63.453 0.0000000000
48110  17.937  -38.275  63.020 0.0000000000
48093  17.991  -39.137  63.198 0.0000000000
45512  17.881  -40.860  64.604 0.0000000000
45479  18.640  -41.725  65.176 0.0000000000
63493  27.424  -24.364  60.829 0.0000000000
63484  27.174  -25.002  60.776 0.0000000000
62268  26.475  -25.984  58.822 0.0000000000
62269  26.769  -25.615  58.194 0.0000000000
58393  26.683  -28.648  58.926 0.0000000000
59700  26.627  -27.995  58.746 0.0000000000
59699  32.978  -29.674  58.883 0.0000000000
81307  43.399  -9.492  45.252 0.0000000000
84777  45.937  -7.304  42.412 0.0000000000
83613  45.688  -7.901  42.015 0.0000000000
81351  45.807  -9.456  41.683 0.0000000000
81350  46.661  -9.773  41.613 0.0000000000
80219  44.760  -11.992  42.492 0.0000000000
79173  46.400  -12.508  42.503 0.0000000000
75520  40.452  -16.102  46.505 0.0000000000
75521  39.511  -15.847  46.486 0.0000000000
73013  38.619  -17.225  46.601 0.0000000000
73002  40.328  -18.113  47.111 0.0000000000
70621  39.237  -19.776  47.331 0.0000000000
70620  40.210  -19.868  47.737 0.0000000000
71826  33.846  -18.018  48.037 0.0000000000
74241  34.175  -16.605  48.321 0.0000000000
73005  33.985  -17.280  47.841 0.0000000000
73017  34.865  -17.301  47.528 0.0000000000
70635  34.862  -18.773  47.209 0.0000000000
69435  34.094  -20.686  47.842 0.0000000000
69434  35.087  -20.706  47.589 0.0000000000
51487  27.410  -35.638  57.492 0.0000000000
51486  28.043  -35.413  57.743 0.0000000000
49356  29.829  -37.245  60.190 0.0000000000
50437  29.883  -36.575  59.696 0.0000000000
79133  39.720  -12.352  45.416 0.0000000000
43029  19.110  -43.163  67.452 0.0000000000
43030  18.007  -43.473  67.168 0.0000000000
47960  10.603  -37.788  71.334 0.0000000000
47941  9.217  -38.006  73.691 0.0000000000
47940  10.072  -37.015  73.469 0.0000000000
47951  9.418  -37.977  72.723 0.0000000000
46661  9.404  -38.725  71.857 0.0000000000
45334  8.623  -40.478  73.243 0.0000000000
44098  8.732  -41.393  73.373 0.0000000000
46625  8.186  -39.872  76.111 0.0000000000
42925  8.129  -42.411  74.367 0.0000000000
41808  8.074  -42.906  74.707 0.0000000000
40656  7.800  -44.544  75.599 0.0000000000
39581  8.185  -45.085  75.475 0.0000000000
40638  6.891  -44.529  77.297 0.0000000000
39553  6.956  -45.598  77.747 0.0000000000
42886  7.705  -41.885  78.894 0.0000000000
41726  7.445  -42.707  79.059 0.0000000000
40604  6.705  -44.639  79.439 0.0000000000
42872  7.427  -41.535  82.102 0.0000000000
42868  7.395  -42.522  83.091 0.0000000000
41704  6.698  -42.607  83.342 0.0000000000
55920  25.029  -31.024  57.901 0.0000000000
53539  24.980  -33.351  58.528 0.0000000000
53554  25.061  -33.405  57.555 0.0000000000
53568  25.291  -33.503  56.755 0.0000000000
52556  25.415  -34.087  56.774 0.0000000000
52540  26.513  -34.373  56.706 0.0000000000
51503  26.228  -35.425  57.098 0.0000000000
49387  25.315  -37.208  57.594 0.0000000000
50473  25.990  -36.626  57.593 0.0000000000
49371  26.986  -37.475  58.757 0.0000000000
49374  23.586  -37.841  58.458 0.0000000000
49388  24.145  -37.078  57.806 0.0000000000
48150  25.211  -39.314  59.672 0.0000000000
48149  26.264  -38.849  59.844 0.0000000000
46853  26.819  -39.702  61.307 0.0000000000
50410  20.620  -35.432  60.839 0.0000000000
46806  21.291  -40.702  63.513 0.0000000000
46827  20.706  -40.114  62.737 0.0000000000
46804  23.352  -41.259  64.056 0.0000000000
46824  23.479  -41.046  62.956 0.0000000000
76799  41.474  -15.989  45.000 0.0000000000
70545  30.380  -17.668  53.343 0.0000000000
70546  29.279  -18.631  53.820 0.0000000000
69390  29.008  -21.099  52.172 0.0000000000
68223  29.368  -21.836  51.509 0.0000000000
69403  29.847  -21.081  50.896 0.0000000000
64692  26.789  -23.953  59.577 0.0000000000
65867  26.931  -23.352  59.206 0.0000000000
65893  26.537  -23.705  56.830 0.0000000000
65892  26.804  -23.320  57.432 0.0000000000
65910  26.905  -23.266  56.560 0.0000000000
67066  27.363  -22.643  56.246 0.0000000000
65928  26.985  -23.558  55.406 0.0000000000
63528  28.944  -25.535  54.990 0.0000000000
64790  28.673  -24.514  53.447 0.0000000000
64768  27.958  -24.701  54.030 0.0000000000
65971  27.984  -24.152  53.447 0.0000000000
65970  28.664  -23.817  52.862 0.0000000000
65968  31.069  -24.750  52.952 0.0000000000
65992  30.015  -23.820  52.039 0.0000000000
66006  30.505  -23.804  51.202 0.0000000000
65990  31.887  -24.869  51.909 0.0000000000
64811  32.626  -24.913  51.874 0.0000000000
64788  32.442  -24.905  52.417 0.0000000000
65965  33.872  -25.031  54.129 0.0000000000
52510  29.597  -34.583  58.559 0.0000000000
53509  31.423  -33.507  59.793 0.0000000000
54685  31.126  -32.730  59.531 0.0000000000
55891  31.021  -32.155  59.202 0.0000000000
55890  31.470  -32.115  59.752 0.0000000000
57104  32.200  -31.792  60.373 0.0000000000
87068  52.398  -5.626  41.001 0.0000000000
85968  52.898  -6.352  40.742 0.0000000000
84776  46.660  -7.000  42.126 0.0000000000
83622  48.598  -8.229  40.858 0.0000000000
85970  48.664  -6.057  40.646 0.0000000000
82470  51.352  -8.885  40.578 0.0000000000
82471  50.692  -8.558  40.606 0.0000000000
83634  50.607  -8.132  40.582 0.0000000000
84801  50.657  -7.607  40.587 0.0000000000
83632  51.940  -8.182  40.692 0.0000000000
57154  25.909  -30.404  57.711 0.0000000000
57166  26.653  -30.863  56.935 0.0000000000
55931  28.134  -31.873  57.108 0.0000000000
54706  28.591  -32.541  57.374 0.0000000000
79163  42.026  -12.496  43.773 0.0000000000
79162  42.432  -12.484  43.531 0.0000000000
78007  42.897  -13.950  43.749 0.0000000000
77939  35.898  -13.080  49.524 0.0000000000
76740  35.139  -13.862  49.657 0.0000000000
75495  34.608  -14.734  49.411 0.0000000000
67166  32.555  -22.040  49.182 0.0000000000
64832  34.079  -24.608  50.582 0.0000000000
64822  33.859  -24.804  51.220 0.0000000000
44172  12.087  -41.148  69.472 0.0000000000
44135  11.776  -42.019  70.866 0.0000000000
42968  11.641  -42.354  71.195 0.0000000000
44032  8.475  -40.394  79.740 0.0000000000
45477  20.728  -41.729  65.135 0.0000000000
62258  33.163  -27.075  58.259 0.0000000000
62266  32.978  -27.039  57.300 0.0000000000
69370  32.181  -18.027  52.526 0.0000000000
69371  31.251  -18.373  51.948 0.0000000000
45513  16.872  -40.662  64.914 0.0000000000
45514  16.009  -40.445  65.221 0.0000000000
49238  13.905  -36.953  67.614 0.0000000000
48048  13.391  -38.226  67.488 0.0000000000
46743  13.065  -38.868  68.042 0.0000000000
52456  18.415  -34.562  63.610 0.0000000000
50372  16.470  -36.186  65.216 0.0000000000
50371  16.866  -35.995  64.453 0.0000000000
46810  17.922  -39.803  64.024 0.0000000000
62250  27.058  -25.440  61.327 0.0000000000
60970  26.472  -26.844  59.345 0.0000000000
59713  31.161  -29.337  57.207 0.0000000000
58404  31.630  -30.118  57.840 0.0000000000
82429  44.049  -8.801  44.031 0.0000000000
83614  45.392  -8.346  42.249 0.0000000000
79174  45.703  -12.544  42.548 0.0000000000
79157  47.035  -13.252  42.960 0.0000000000
79156  48.253  -13.273  43.271 0.0000000000
78014  47.480  -13.994  43.617 0.0000000000
74252  37.188  -16.492  46.800 0.0000000000
73014  37.982  -17.557  46.771 0.0000000000
73004  38.469  -18.181  46.811 0.0000000000
71824  38.683  -18.864  46.795 0.0000000000
72990  33.541  -16.745  49.939 0.0000000000
68269  37.103  -21.942  47.908 0.0000000000
68268  37.785  -21.764  48.154 0.0000000000
68257  38.001  -22.376  48.644 0.0000000000
49370  27.968  -37.344  58.950 0.0000000000
50453  28.477  -36.658  58.775 0.0000000000
49369  28.686  -37.296  59.149 0.0000000000
49357  29.157  -37.447  59.870 0.0000000000
79100  38.830  -11.259  48.608 0.0000000000
80194  39.567  -10.992  46.737 0.0000000000
43031  16.935  -43.127  67.259 0.0000000000
43017  16.546  -43.359  67.929 0.0000000000
41822  10.959  -43.737  72.848 0.0000000000
41786  11.437  -44.472  74.942 0.0000000000
45305  7.430  -41.202  75.951 0.0000000000
45291  7.376  -41.230  76.294 0.0000000000
42908  7.294  -42.445  75.554 0.0000000000
41789  7.766  -43.538  75.132 0.0000000000
39573  7.214  -44.968  76.545 0.0000000000
41707  7.111  -42.496  81.852 0.0000000000
51504  25.120  -35.210  57.252 0.0000000000
48136  24.952  -40.149  60.317 0.0000000000
46854  25.833  -40.234  61.228 0.0000000000
49337  20.032  -37.573  61.536 0.0000000000
48106  20.902  -39.577  62.203 0.0000000000
45507  22.458  -40.867  65.166 0.0000000000
45506  23.333  -40.871  65.184 0.0000000000
70520  28.400  -18.912  54.887 0.0000000000
68208  28.384  -21.820  52.704 0.0000000000
63501  27.026  -25.092  58.131 0.0000000000
64706  27.017  -24.629  57.811 0.0000000000
64718  26.587  -24.409  57.044 0.0000000000
64730  26.640  -24.720  56.199 0.0000000000
64744  29.597  -25.291  54.595 0.0000000000
65949  30.186  -25.175  53.904 0.0000000000
65969  29.892  -24.539  53.093 0.0000000000
65967  32.191  -24.734  53.065 0.0000000000
51459  30.423  -35.537  59.568 0.0000000000
52494  31.111  -34.598  59.494 0.0000000000
52481  31.751  -34.458  60.188 0.0000000000
53501  32.075  -33.333  60.367 0.0000000000
87057  51.565  -5.306  41.055 0.0000000000
83623  47.535  -8.249  41.069 0.0000000000
82458  51.600  -9.829  40.828 0.0000000000
82469  52.263  -9.097  40.557 0.0000000000
49259  15.108  -36.997  66.658 0.0000000000
50357  17.202  -35.487  65.681 0.0000000000
76831  45.672  -14.881  44.134 0.0000000000
75558  45.975  -15.300  44.603 0.0000000000
75559  45.414  -15.332  44.457 0.0000000000
75548  45.657  -15.590  44.809 0.0000000000
57153  27.112  -30.229  57.517 0.0000000000
57139  31.000  -31.560  59.018 0.0000000000
80209  41.681  -11.340  44.358 0.0000000000
81315  42.476  -10.178  43.924 0.0000000000
81321  43.470  -10.174  43.148 0.0000000000
81339  43.844  -11.013  42.567 0.0000000000
80220  44.265  -12.008  42.713 0.0000000000
76847  45.185  -14.448  43.512 0.0000000000
38406  6.877  -46.928  80.167 0.0000000000
77976  37.066  -12.818  47.338 0.0000000000
77977  36.274  -13.784  47.397 0.0000000000
76781  36.124  -14.580  47.366 0.0000000000
77959  35.416  -13.919  48.375 0.0000000000
76782  35.633  -14.579  47.678 0.0000000000
70613  32.392  -18.811  49.204 0.0000000000
68260  33.925  -21.609  48.358 0.0000000000
67163  35.538  -22.968  49.137 0.0000000000
67150  36.777  -23.268  50.220 0.0000000000
66001  36.566  -24.258  50.984 0.0000000000
65987  36.693  -24.604  51.911 0.0000000000
66003  35.058  -24.744  50.860 0.0000000000
64807  36.316  -24.854  52.383 0.0000000000
65964  36.960  -24.808  52.706 0.0000000000
48120  29.201  -38.856  61.653 0.0000000000
48121  28.618  -39.262  61.701 0.0000000000
79102  37.427  -12.133  48.480 0.0000000000
44193  13.917  -42.141  67.911 0.0000000000
43019  14.878  -42.729  68.082 0.0000000000
43020  14.309  -42.654  68.377 0.0000000000
43002  13.815  -42.653  68.873 0.0000000000
42982  13.972  -42.873  69.868 0.0000000000
41837  12.111  -43.342  72.137 0.0000000000
42938  11.593  -43.250  72.051 0.0000000000
42939  10.885  -43.247  72.331 0.0000000000
46611  8.412  -39.748  77.178 0.0000000000
44051  7.383  -40.973  77.236 0.0000000000
41748  6.836  -42.452  77.960 0.0000000000
42888  7.261  -41.867  78.277 0.0000000000
50456  24.687  -34.517  59.781 0.0000000000
50474  24.024  -36.022  58.220 0.0000000000
50459  22.163  -36.911  59.279 0.0000000000
48138  22.714  -39.775  60.940 0.0000000000
46829  19.262  -39.531  62.924 0.0000000000
46828  19.943  -39.788  62.798 0.0000000000
46776  21.102  -40.821  64.143 0.0000000000
45508  21.705  -40.948  64.918 0.0000000000
69313  28.066  -20.048  56.580 0.0000000000
62284  28.871  -26.603  56.179 0.0000000000
63506  30.939  -26.569  55.753 0.0000000000
64716  31.603  -26.106  55.824 0.0000000000
63499  32.739  -26.458  56.773 0.0000000000
64728  31.695  -25.029  55.695 0.0000000000
65908  32.096  -24.382  55.766 0.0000000000
87059  49.306  -5.382  40.801 0.0000000000
40573  6.199  -44.444  82.610 0.0000000000
71797  33.661  -17.394  50.652 0.0000000000
70601  32.638  -18.533  50.169 0.0000000000
69415  31.594  -20.253  50.237 0.0000000000
44241  19.504  -42.408  65.817 0.0000000000
44220  19.308  -42.866  66.617 0.0000000000
44223  16.244  -42.582  66.651 0.0000000000
44224  15.287  -42.120  66.842 0.0000000000
44225  14.461  -41.743  67.235 0.0000000000
45410  11.733  -40.381  69.155 0.0000000000
51430  21.904  -34.669  61.680 0.0000000000
52466  20.358  -34.026  63.044 0.0000000000
49320  18.832  -38.212  62.257 0.0000000000
51413  18.009  -35.340  63.395 0.0000000000
50388  18.029  -36.342  62.664 0.0000000000
49321  18.328  -37.603  62.457 0.0000000000
46809  18.805  -39.817  63.437 0.0000000000
45532  18.377  -40.628  64.285 0.0000000000
65853  27.814  -22.831  60.783 0.0000000000
64691  27.391  -23.773  60.433 0.0000000000
62277  26.909  -25.697  57.745 0.0000000000
60987  28.541  -27.226  57.353 0.0000000000
62275  28.747  -26.906  56.795 0.0000000000
60985  30.706  -27.641  56.691 0.0000000000
62259  32.758  -27.654  57.532 0.0000000000
83626  45.640  -8.336  41.879 0.0000000000
83625  46.009  -8.319  41.658 0.0000000000
83624  46.679  -8.282  41.373 0.0000000000
77997  40.909  -13.825  44.544 0.0000000000
76819  41.593  -14.981  44.440 0.0000000000
76800  40.193  -15.357  45.169 0.0000000000
75505  40.859  -16.665  46.749 0.0000000000
76803  37.603  -14.355  46.218 0.0000000000
76779  37.872  -14.963  46.125 0.0000000000
75522  38.495  -15.826  46.311 0.0000000000
70619  41.118  -19.669  48.025 0.0000000000
74240  34.384  -15.732  48.865 0.0000000000
74229  34.032  -16.357  49.248 0.0000000000
70634  35.996  -18.990  47.049 0.0000000000
69431  38.984  -20.721  47.698 0.0000000000
69423  38.138  -21.742  48.268 0.0000000000
69422  38.925  -21.774  48.616 0.0000000000
69421  40.102  -20.928  48.403 0.0000000000
53553  27.244  -33.683  56.731 0.0000000000
53552  27.785  -33.332  57.108 0.0000000000
52526  28.100  -34.797  57.626 0.0000000000
51470  29.142  -35.166  58.422 0.0000000000
51461  28.854  -36.172  58.815 0.0000000000
51460  29.577  -35.731  58.762 0.0000000000
80192  41.201  -10.440  46.689 0.0000000000
80203  40.570  -11.026  45.460 0.0000000000
79121  39.799  -11.486  45.728 0.0000000000
43000  15.438  -43.215  68.649 0.0000000000
46676  10.003  -38.450  71.336 0.0000000000
45354  8.700  -40.051  72.717 0.0000000000
45320  7.693  -40.815  74.531 0.0000000000
45304  7.539  -40.764  75.452 0.0000000000
44077  8.022  -41.565  73.934 0.0000000000
40676  8.397  -44.830  74.989 0.0000000000
40675  9.586  -45.247  75.204 0.0000000000
38426  7.247  -46.651  78.097 0.0000000000
40572  6.490  -43.822  82.571 0.0000000000
42874  8.035  -40.762  81.961 0.0000000000
62249  27.729  -24.970  62.032 0.0000000000
57140  25.504  -30.459  58.654 0.0000000000
55946  25.839  -32.342  56.422 0.0000000000
54721  25.030  -32.565  56.903 0.0000000000
54732  25.578  -32.826  56.538 0.0000000000
53566  26.504  -33.530  56.523 0.0000000000
51502  26.900  -35.032  57.069 0.0000000000
50471  27.357  -36.414  57.889 0.0000000000
50488  26.201  -36.154  57.372 0.0000000000
50472  26.734  -36.453  57.629 0.0000000000
50455  27.026  -36.859  58.148 0.0000000000
48162  27.171  -38.099  59.183 0.0000000000
48165  24.430  -38.613  59.046 0.0000000000
46852  27.519  -39.429  61.204 0.0000000000
49349  21.083  -37.755  60.558 0.0000000000
49350  20.653  -37.258  61.096 0.0000000000
48139  21.691  -38.859  60.810 0.0000000000
46857  23.120  -40.471  61.595 0.0000000000
46805  22.162  -41.183  63.636 0.0000000000
46843  22.063  -40.212  62.405 0.0000000000
46842  22.571  -40.395  61.993 0.0000000000
46840  24.605  -40.434  62.293 0.0000000000
75550  42.016  -15.847  44.737 0.0000000000
75549  42.317  -15.900  44.992 0.0000000000
76775  42.382  -15.872  46.206 0.0000000000
76774  43.492  -16.042  46.387 0.0000000000
74236  42.896  -16.979  48.097 0.0000000000
70544  31.347  -16.881  53.233 0.0000000000
70574  30.660  -18.557  52.063 0.0000000000
70575  30.329  -19.155  52.043 0.0000000000
70562  29.324  -19.135  52.901 0.0000000000
68235  30.489  -21.469  50.556 0.0000000000
68249  30.460  -22.193  50.418 0.0000000000
67156  30.509  -23.080  50.399 0.0000000000
67003  27.997  -22.462  60.264 0.0000000000
65879  27.348  -22.737  59.210 0.0000000000
67030  27.361  -22.187  58.678 0.0000000000
67031  26.904  -22.497  57.971 0.0000000000
67044  27.172  -21.776  57.958 0.0000000000
68147  27.593  -22.096  56.690 0.0000000000
68163  27.820  -21.963  56.126 0.0000000000
68177  27.753  -21.840  55.150 0.0000000000
63517  28.172  -26.328  55.775 0.0000000000
63530  27.448  -25.775  55.561 0.0000000000
64746  27.261  -25.012  54.812 0.0000000000
64745  28.410  -25.303  54.507 0.0000000000
67103  27.533  -22.800  54.584 0.0000000000
68191  28.062  -21.980  54.169 0.0000000000
68209  28.064  -21.949  53.421 0.0000000000
67132  29.023  -22.834  52.208 0.0000000000
67142  29.929  -22.929  51.221 0.0000000000
66018  30.817  -23.833  50.723 0.0000000000
66017  31.372  -23.902  50.507 0.0000000000
66004  31.978  -24.804  51.009 0.0000000000
64810  33.536  -24.860  52.077 0.0000000000
65966  33.303  -24.944  53.824 0.0000000000
64786  34.088  -25.088  53.345 0.0000000000
53537  28.549  -33.574  57.488 0.0000000000
54696  29.274  -32.786  57.715 0.0000000000
53523  30.209  -33.701  58.650 0.0000000000
54695  29.949  -32.840  58.331 0.0000000000
55905  29.696  -32.174  57.920 0.0000000000
55904  30.416  -31.983  58.405 0.0000000000
53500  32.594  -33.211  61.161 0.0000000000
54676  32.268  -32.414  60.622 0.0000000000
55883  31.861  -31.982  60.290 0.0000000000
57121  31.863  -31.477  59.772 0.0000000000
58378  32.669  -30.462  59.765 0.0000000000
87061  47.803  -5.444  41.387 0.0000000000
87060  48.453  -5.461  40.915 0.0000000000
84786  49.930  -7.029  40.637 0.0000000000
85957  50.098  -6.110  40.765 0.0000000000
85969  51.856  -6.232  40.495 0.0000000000
44062  7.252  -41.718  76.031 0.0000000000
46778  19.825  -40.711  63.821 0.0000000000
46836  29.094  -39.427  62.170 0.0000000000
48003  11.933  -38.115  69.586 0.0000000000
49358  28.334  -37.907  59.437 0.0000000000
49376  21.921  -37.311  59.391 0.0000000000
49389  23.511  -37.061  58.201 0.0000000000
50454  27.733  -36.691  58.389 0.0000000000
51434  18.432  -35.566  62.782 0.0000000000
52454  19.801  -33.850  63.502 0.0000000000
52541  25.640  -34.603  56.781 0.0000000000
52555  25.814  -33.969  56.613 0.0000000000
53538  27.814  -33.984  57.258 0.0000000000
53567  25.919  -33.421  56.524 0.0000000000
54731  26.195  -32.895  56.409 0.0000000000
55934  25.490  -32.293  56.605 0.0000000000
55944  26.994  -32.478  56.469 0.0000000000
58366  32.826  -30.597  60.747 0.0000000000
59690  25.462  -28.317  60.391 0.0000000000
62286  27.537  -26.278  56.852 0.0000000000
63519  26.838  -25.323  56.419 0.0000000000
64747  26.904  -25.241  55.709 0.0000000000
64766  29.399  -24.903  53.674 0.0000000000
64783  37.023  -24.916  53.063 0.0000000000
64784  36.390  -24.976  52.928 0.0000000000
64791  28.292  -24.586  53.694 0.0000000000
64831  34.584  -24.622  50.683 0.0000000000
65911  26.578  -24.005  56.260 0.0000000000
65989  34.993  -24.925  51.354 0.0000000000
69372  29.510  -19.491  52.565 0.0000000000
71841  34.444  -17.891  47.482 0.0000000000
73018  34.392  -17.356  47.657 0.0000000000
75538  42.306  -15.879  45.226 0.0000000000
75539  42.125  -16.058  45.031 0.0000000000
75546  46.370  -15.416  45.110 0.0000000000
75557  46.352  -15.341  44.873 0.0000000000
76754  41.531  -16.370  46.527 0.0000000000
76815  45.849  -15.687  45.362 0.0000000000
77940  35.411  -13.637  48.938 0.0000000000
79115  37.518  -12.176  47.838 0.0000000000
80166  37.799  -11.728  48.090 0.0000000000
80167  37.713  -11.834  48.304 0.0000000000
80184  37.662  -11.926  48.023 0.0000000000
80239  43.972  -11.529  42.650 0.0000000000
85971  48.498  -5.892  40.731 0.0000000000
87070  48.755  -5.766  40.680 0.0000000000
87071  48.550  -5.663  40.772 0.0000000000
