#!ascii label  , from subject 3322 vox2ras=TkReg
495
79709  19.638  -12.595  -2.542 0.0000000000
87642  26.609  -5.433  -4.321 0.0000000000
97170  23.159  3.865  -5.798 0.0000000000
92988  17.856  -0.643  -4.545 0.0000000000
74892  21.305  -16.964  -0.963 0.0000000000
77431  24.549  -14.019  -1.794 0.0000000000
81896  23.364  -10.377  -5.750 0.0000000000
86616  20.169  -5.611  -6.208 0.0000000000
91973  24.986  -1.351  -6.337 0.0000000000
97180  27.102  3.868  -5.878 0.0000000000
100384  21.780  6.654  -8.240 0.0000000000
76196  19.893  -15.068  -2.332 0.0000000000
76179  22.539  -15.853  -1.567 0.0000000000
77461  22.474  -14.699  -3.496 0.0000000000
85409  19.311  -7.122  -4.275 0.0000000000
87646  18.012  -4.986  -3.647 0.0000000000
95026  19.987  1.374  -6.302 0.0000000000
93005  21.522  -0.568  -6.117 0.0000000000
95037  23.367  1.006  -6.561 0.0000000000
95019  26.161  1.486  -6.217 0.0000000000
97198  25.426  3.689  -7.511 0.0000000000
102278  20.927  8.289  -6.301 0.0000000000
100369  19.992  6.892  -6.484 0.0000000000
137194  20.943  8.060  -9.985 0.0000000000
84253  24.933  -8.300  -5.502 0.0000000000
81878  26.135  -11.196  -4.521 0.0000000000
84222  27.060  -8.506  -3.590 0.0000000000
97171  19.508  3.352  -6.047 0.0000000000
89698  27.847  -3.615  -3.994 0.0000000000
81867  18.865  -10.441  -2.590 0.0000000000
79731  21.474  -12.167  -4.337 0.0000000000
83096  20.153  -8.929  -4.148 0.0000000000
85425  22.250  -7.740  -5.845 0.0000000000
87664  24.425  -5.958  -6.266 0.0000000000
89765  18.962  -3.240  -5.791 0.0000000000
89761  22.093  -3.758  -6.513 0.0000000000
89739  25.787  -3.625  -5.354 0.0000000000
92985  27.382  -0.975  -5.103 0.0000000000
99350  19.719  5.854  -6.151 0.0000000000
99347  22.887  5.879  -6.524 0.0000000000
104113  22.708  9.649  -10.466 0.0000000000
103228  24.372  8.116  -8.685 0.0000000000
99362  24.688  5.225  -8.010 0.0000000000
100365  27.516  6.021  -8.244 0.0000000000
79728  24.145  -12.480  -4.578 0.0000000000
79697  18.889  -12.713  -1.471 0.0000000000
78612  19.045  -13.778  -1.514 0.0000000000
77450  19.889  -14.483  -2.365 0.0000000000
77448  21.072  -14.896  -2.994 0.0000000000
78636  20.776  -13.799  -3.564 0.0000000000
96093  21.866  2.550  -5.584 0.0000000000
95024  21.681  1.507  -5.712 0.0000000000
96092  22.888  2.424  -6.240 0.0000000000
96090  24.707  2.264  -7.078 0.0000000000
97184  24.069  3.369  -6.619 0.0000000000
137196  21.570  8.721  -8.199 0.0000000000
102295  20.952  7.990  -8.275 0.0000000000
104115  21.532  9.353  -9.495 0.0000000000
85405  26.582  -6.992  -4.972 0.0000000000
85388  26.334  -8.042  -4.462 0.0000000000
85387  26.872  -7.453  -4.151 0.0000000000
96081  18.913  2.442  -5.542 0.0000000000
97173  18.524  3.494  -4.805 0.0000000000
74893  19.410  -16.921  -0.909 0.0000000000
72468  19.833  -18.082  -0.670 0.0000000000
73663  21.217  -17.959  0.318 0.0000000000
73676  21.631  -17.310  -0.363 0.0000000000
77432  23.727  -14.943  -1.472 0.0000000000
76168  23.548  -15.646  -0.264 0.0000000000
83084  19.086  -9.680  -3.131 0.0000000000
84224  19.427  -8.747  -3.608 0.0000000000
86572  19.510  -6.069  -4.779 0.0000000000
85427  20.945  -7.359  -5.229 0.0000000000
86614  21.522  -6.355  -6.210 0.0000000000
86612  23.475  -6.689  -6.353 0.0000000000
87682  22.124  -5.759  -6.402 0.0000000000
90820  17.783  -2.594  -4.382 0.0000000000
91957  18.131  -1.693  -4.739 0.0000000000
91975  23.315  -1.442  -6.256 0.0000000000
90845  21.294  -2.680  -6.527 0.0000000000
90842  24.095  -2.299  -6.245 0.0000000000
89759  24.054  -3.145  -5.817 0.0000000000
90841  24.998  -2.408  -6.215 0.0000000000
90827  25.844  -2.500  -5.517 0.0000000000
91972  25.696  -1.392  -6.028 0.0000000000
96079  26.863  2.626  -5.770 0.0000000000
95009  26.856  1.615  -5.477 0.0000000000
100368  20.571  6.737  -6.800 0.0000000000
100350  20.183  6.300  -6.406 0.0000000000
100349  20.984  6.168  -6.607 0.0000000000
99349  20.619  5.556  -6.122 0.0000000000
100366  22.262  6.516  -7.297 0.0000000000
100381  24.370  6.749  -7.717 0.0000000000
100379  26.160  6.593  -8.263 0.0000000000
99371  26.443  5.657  -8.358 0.0000000000
80807  22.739  -10.984  -4.965 0.0000000000
79730  22.376  -12.299  -4.730 0.0000000000
80797  24.195  -11.477  -5.215 0.0000000000
81865  27.148  -10.883  -3.189 0.0000000000
79718  26.255  -12.194  -3.441 0.0000000000
74909  18.985  -16.005  -1.241 0.0000000000
74921  20.595  -16.270  -2.310 0.0000000000
74906  21.778  -16.507  -1.502 0.0000000000
76194  21.477  -15.596  -2.601 0.0000000000
76204  22.161  -15.285  -3.021 0.0000000000
77446  23.346  -14.766  -2.585 0.0000000000
85391  17.638  -6.771  -2.647 0.0000000000
86550  18.086  -5.910  -3.608 0.0000000000
87667  18.933  -4.964  -4.857 0.0000000000
94011  19.032  0.327  -6.058 0.0000000000
93007  19.772  -0.714  -6.232 0.0000000000
94009  20.711  0.431  -6.300 0.0000000000
93004  22.469  -0.484  -6.139 0.0000000000
94005  24.357  0.473  -6.451 0.0000000000
94004  25.250  0.474  -6.343 0.0000000000
95020  25.368  1.434  -6.492 0.0000000000
96089  25.605  2.308  -6.944 0.0000000000
97181  26.658  3.629  -6.665 0.0000000000
101335  19.228  8.039  -4.322 0.0000000000
101354  20.569  7.458  -6.553 0.0000000000
101369  20.929  7.161  -7.290 0.0000000000
101368  21.229  7.078  -8.425 0.0000000000
83104  24.513  -9.596  -5.912 0.0000000000
81888  24.883  -10.516  -5.475 0.0000000000
83092  25.667  -9.485  -4.602 0.0000000000
83081  26.705  -9.346  -3.591 0.0000000000
93983  17.270  0.354  -4.203 0.0000000000
95010  18.530  1.397  -5.565 0.0000000000
96095  19.978  2.464  -6.283 0.0000000000
97187  20.994  3.624  -6.153 0.0000000000
74890  22.698  -16.290  -0.387 0.0000000000
88668  27.529  -4.489  -3.835 0.0000000000
86548  27.695  -6.310  -3.651 0.0000000000
79710  18.936  -11.855  -2.057 0.0000000000
79722  20.595  -12.461  -3.519 0.0000000000
80789  20.306  -11.280  -3.612 0.0000000000
81891  21.017  -10.585  -4.379 0.0000000000
83107  21.882  -9.637  -5.260 0.0000000000
84242  19.771  -8.052  -4.222 0.0000000000
84257  21.677  -8.452  -5.500 0.0000000000
83123  22.926  -8.886  -6.378 0.0000000000
84255  23.855  -7.745  -6.327 0.0000000000
86594  24.564  -6.805  -6.219 0.0000000000
87662  25.564  -5.593  -5.326 0.0000000000
88689  18.338  -4.066  -4.240 0.0000000000
88730  20.022  -4.548  -6.331 0.0000000000
91979  19.618  -1.810  -6.446 0.0000000000
89762  21.080  -3.667  -6.397 0.0000000000
88728  21.680  -4.708  -6.550 0.0000000000
89742  23.924  -4.534  -5.962 0.0000000000
88708  24.958  -4.784  -5.566 0.0000000000
88688  26.332  -4.546  -4.928 0.0000000000
89721  26.498  -3.577  -4.939 0.0000000000
90817  27.310  -2.739  -4.423 0.0000000000
93991  26.580  0.637  -5.538 0.0000000000
98253  19.014  4.283  -6.174 0.0000000000
98267  21.235  4.640  -5.788 0.0000000000
98252  22.843  4.480  -5.706 0.0000000000
102333  21.507  8.072  -10.674 0.0000000000
137193  22.124  7.648  -10.316 0.0000000000
103238  23.196  8.349  -9.420 0.0000000000
137185  23.165  7.641  -8.722 0.0000000000
99375  23.318  6.675  -7.714 0.0000000000
99363  23.833  5.705  -7.404 0.0000000000
99327  23.575  4.447  -6.774 0.0000000000
98276  25.129  4.379  -7.680 0.0000000000
98274  26.595  4.486  -7.618 0.0000000000
99344  27.253  5.290  -6.885 0.0000000000
79721  21.332  -13.039  -3.978 0.0000000000
78634  22.991  -13.809  -4.001 0.0000000000
77459  24.104  -13.956  -3.571 0.0000000000
80787  25.486  -11.781  -4.816 0.0000000000
79707  25.130  -12.863  -3.505 0.0000000000
79696  19.436  -13.357  -1.927 0.0000000000
78611  19.464  -13.888  -1.915 0.0000000000
78623  19.854  -13.824  -2.443 0.0000000000
78622  20.358  -13.858  -2.955 0.0000000000
79708  20.320  -13.305  -2.957 0.0000000000
97185  23.284  3.224  -6.178 0.0000000000
97169  23.527  3.745  -6.374 0.0000000000
137197  21.511  8.710  -8.701 0.0000000000
86570  26.177  -6.438  -5.203 0.0000000000
86569  26.608  -6.351  -4.609 0.0000000000
73691  20.048  -17.234  -1.065 0.0000000000
73678  19.571  -17.417  -0.820 0.0000000000
73677  20.517  -17.653  -0.735 0.0000000000
73664  20.561  -18.181  -0.065 0.0000000000
77418  24.415  -14.836  -0.541 0.0000000000
84225  18.391  -8.440  -2.857 0.0000000000
86599  19.986  -5.954  -5.790 0.0000000000
86598  20.862  -6.745  -5.621 0.0000000000
86615  20.602  -5.987  -6.327 0.0000000000
87683  21.161  -5.461  -6.522 0.0000000000
91958  17.618  -1.576  -4.342 0.0000000000
91966  18.042  -1.345  -4.672 0.0000000000
91974  24.206  -1.411  -6.381 0.0000000000
90840  25.394  -1.920  -6.084 0.0000000000
97167  27.050  3.254  -5.722 0.0000000000
96078  27.256  2.667  -5.147 0.0000000000
100367  21.289  6.670  -7.388 0.0000000000
100348  21.791  6.213  -6.728 0.0000000000
101385  25.532  7.513  -8.214 0.0000000000
101384  26.586  7.407  -8.815 0.0000000000
81897  22.642  -10.404  -5.392 0.0000000000
80798  22.969  -11.636  -5.106 0.0000000000
80805  23.727  -10.797  -5.457 0.0000000000
80775  27.407  -11.040  -2.611 0.0000000000
76182  18.780  -15.218  -1.369 0.0000000000
76181  19.379  -15.595  -1.835 0.0000000000
74908  19.758  -16.650  -1.428 0.0000000000
74922  19.903  -15.890  -2.332 0.0000000000
76195  20.573  -15.334  -2.524 0.0000000000
77462  21.429  -14.490  -3.515 0.0000000000
76205  21.716  -15.067  -3.206 0.0000000000
77447  22.637  -15.144  -2.953 0.0000000000
87626  17.487  -5.136  -3.060 0.0000000000
87625  18.054  -5.319  -3.650 0.0000000000
87644  19.139  -5.303  -4.787 0.0000000000
87645  18.542  -5.175  -4.239 0.0000000000
94010  19.862  0.363  -6.332 0.0000000000
95038  23.125  1.128  -6.527 0.0000000000
94007  22.589  0.580  -6.196 0.0000000000
93003  23.393  -0.441  -6.274 0.0000000000
94006  23.454  0.540  -6.416 0.0000000000
95021  24.497  1.369  -6.701 0.0000000000
97183  25.031  3.213  -7.278 0.0000000000
97182  25.938  3.214  -7.331 0.0000000000
101344  20.804  8.315  -5.732 0.0000000000
101333  20.550  7.851  -5.127 0.0000000000
101345  20.272  8.066  -5.873 0.0000000000
102285  21.071  7.485  -7.074 0.0000000000
137192  21.003  7.319  -9.395 0.0000000000
84240  24.794  -8.921  -5.477 0.0000000000
83093  25.139  -9.645  -5.214 0.0000000000
84239  25.349  -8.633  -5.060 0.0000000000
84223  26.434  -8.526  -3.954 0.0000000000
81876  26.958  -9.840  -3.320 0.0000000000
93984  16.765  0.448  -3.663 0.0000000000
94998  17.506  1.223  -4.250 0.0000000000
93993  17.927  0.386  -4.697 0.0000000000
95011  17.891  1.379  -4.939 0.0000000000
96080  19.451  2.812  -5.814 0.0000000000
96096  19.539  2.098  -6.002 0.0000000000
97188  19.975  3.532  -6.344 0.0000000000
74891  22.032  -16.716  -0.749 0.0000000000
74905  22.428  -16.318  -1.055 0.0000000000
76153  23.582  -15.979  0.395 0.0000000000
80778  18.666  -11.106  -2.148 0.0000000000
80777  19.342  -11.362  -2.628 0.0000000000
81866  19.389  -10.742  -2.976 0.0000000000
83083  20.036  -9.695  -3.838 0.0000000000
81879  20.473  -10.394  -3.985 0.0000000000
83082  20.428  -9.956  -4.160 0.0000000000
81890  21.688  -10.428  -4.723 0.0000000000
83095  20.857  -9.716  -4.559 0.0000000000
85410  18.813  -7.078  -3.816 0.0000000000
85389  19.001  -7.739  -3.656 0.0000000000
85426  21.448  -7.553  -5.493 0.0000000000
84258  20.952  -8.021  -5.244 0.0000000000
84256  22.431  -8.781  -5.860 0.0000000000
84271  22.744  -8.296  -6.253 0.0000000000
84270  23.423  -8.311  -6.370 0.0000000000
85439  22.866  -7.731  -6.198 0.0000000000
87665  23.633  -5.917  -6.271 0.0000000000
86595  24.105  -6.657  -6.550 0.0000000000
86593  24.926  -6.573  -5.753 0.0000000000
87663  25.010  -5.727  -5.795 0.0000000000
89723  17.828  -3.296  -3.983 0.0000000000
89744  18.776  -3.355  -5.273 0.0000000000
88711  19.293  -4.057  -5.451 0.0000000000
89764  19.534  -3.647  -5.982 0.0000000000
93006  20.631  -0.637  -6.248 0.0000000000
91978  20.512  -1.688  -6.551 0.0000000000
90844  22.302  -2.651  -6.395 0.0000000000
89760  23.313  -3.844  -6.159 0.0000000000
89740  24.977  -3.568  -5.744 0.0000000000
89741  24.270  -4.148  -5.809 0.0000000000
88707  25.675  -4.605  -5.357 0.0000000000
91964  26.550  -1.563  -5.305 0.0000000000
91956  26.960  -2.155  -4.774 0.0000000000
91955  27.330  -1.692  -4.640 0.0000000000
91938  27.867  -1.735  -3.776 0.0000000000
92977  27.467  -0.497  -4.381 0.0000000000
94003  26.120  0.489  -6.164 0.0000000000
101355  20.010  7.391  -6.141 0.0000000000
100351  19.652  6.775  -5.741 0.0000000000
99330  18.930  5.770  -5.131 0.0000000000
98254  18.980  4.346  -4.938 0.0000000000
98268  19.999  4.803  -6.263 0.0000000000
99348  21.732  5.501  -6.178 0.0000000000
98266  22.083  4.671  -5.927 0.0000000000
99329  22.578  5.135  -6.061 0.0000000000
104114  22.054  9.315  -10.832 0.0000000000
103248  22.050  8.589  -10.755 0.0000000000
102332  22.119  7.940  -11.007 0.0000000000
103239  22.403  8.420  -10.437 0.0000000000
103237  24.899  9.108  -9.128 0.0000000000
104099  23.804  9.582  -9.760 0.0000000000
103229  23.531  8.146  -8.861 0.0000000000
137188  22.853  7.919  -9.191 0.0000000000
100383  22.692  6.697  -8.160 0.0000000000
100382  23.611  6.939  -7.956 0.0000000000
99373  24.603  6.099  -7.744 0.0000000000
99346  23.535  4.895  -7.158 0.0000000000
98277  24.167  4.785  -7.691 0.0000000000
99361  25.429  4.937  -8.144 0.0000000000
99370  27.161  5.692  -8.315 0.0000000000
98283  26.424  4.936  -8.074 0.0000000000
99360  26.909  5.147  -8.066 0.0000000000
99345  26.894  5.075  -7.508 0.0000000000
99359  27.412  5.631  -7.805 0.0000000000
79732  20.878  -11.648  -4.038 0.0000000000
79729  23.302  -12.383  -4.796 0.0000000000
78646  22.660  -13.047  -4.357 0.0000000000
78645  23.531  -13.097  -4.297 0.0000000000
78633  23.842  -13.669  -3.914 0.0000000000
78644  24.223  -13.137  -4.204 0.0000000000
81887  25.767  -10.578  -4.906 0.0000000000
80796  25.180  -11.161  -5.273 0.0000000000
79705  26.423  -12.294  -2.803 0.0000000000
79719  25.609  -12.285  -3.845 0.0000000000
79706  25.713  -12.654  -3.019 0.0000000000
78621  24.953  -13.297  -2.752 0.0000000000
77433  19.367  -14.552  -1.879 0.0000000000
77449  20.454  -14.444  -2.767 0.0000000000
77463  20.856  -14.449  -3.320 0.0000000000
95025  20.742  1.478  -6.161 0.0000000000
95023  22.646  1.493  -6.300 0.0000000000
95022  23.507  1.340  -6.579 0.0000000000
96091  23.817  2.330  -6.641 0.0000000000
137183  21.566  8.138  -6.904 0.0000000000
102284  21.259  7.786  -6.948 0.0000000000
137195  21.252  8.507  -8.329 0.0000000000
137198  21.308  8.541  -8.735 0.0000000000
85406  26.018  -7.583  -5.258 0.0000000000
85363  27.323  -7.944  -3.516 0.0000000000
96082  17.994  2.445  -5.043 0.0000000000
97172  18.910  3.509  -5.780 0.0000000000
74894  18.823  -16.768  -0.637 0.0000000000
73679  18.966  -17.633  -0.413 0.0000000000
73648  21.609  -18.403  0.727 0.0000000000
73647  22.156  -18.041  0.776 0.0000000000
73662  22.261  -17.457  0.320 0.0000000000
76192  23.106  -15.356  -1.869 0.0000000000
76169  22.934  -15.969  -0.916 0.0000000000
76178  23.278  -15.515  -1.172 0.0000000000
81881  19.267  -10.330  -3.035 0.0000000000
85408  20.302  -7.262  -4.861 0.0000000000
86571  20.157  -6.512  -5.279 0.0000000000
86597  21.859  -7.051  -5.725 0.0000000000
86613  22.614  -6.847  -5.826 0.0000000000
87681  22.976  -6.019  -6.102 0.0000000000
90819  18.288  -2.373  -4.857 0.0000000000
90829  18.605  -2.609  -5.691 0.0000000000
91976  22.386  -1.539  -6.266 0.0000000000
91977  21.436  -1.628  -6.369 0.0000000000
90843  23.249  -2.478  -6.177 0.0000000000
89758  24.559  -2.815  -5.952 0.0000000000
90828  25.381  -3.017  -5.712 0.0000000000
91963  27.113  -1.176  -5.201 0.0000000000
95008  27.234  2.128  -5.350 0.0000000000
137182  24.393  7.406  -7.983 0.0000000000
100380  25.269  6.604  -7.955 0.0000000000
100390  25.734  6.307  -8.209 0.0000000000
99372  25.504  5.755  -8.169 0.0000000000
100378  27.219  6.380  -8.683 0.0000000000
80799  22.145  -11.362  -4.732 0.0000000000
81877  26.562  -10.502  -3.821 0.0000000000
80786  26.266  -11.678  -4.040 0.0000000000
80776  26.790  -11.565  -3.132 0.0000000000
80766  26.717  -11.944  -2.545 0.0000000000
74907  20.806  -16.873  -1.556 0.0000000000
74920  21.334  -16.374  -2.141 0.0000000000
76180  21.950  -16.038  -2.119 0.0000000000
76193  22.474  -15.475  -2.409 0.0000000000
85390  18.212  -7.042  -3.327 0.0000000000
86551  17.673  -6.203  -3.058 0.0000000000
86573  18.742  -6.407  -4.016 0.0000000000
87685  19.835  -5.217  -6.154 0.0000000000
92987  18.321  -0.440  -5.125 0.0000000000
93008  18.922  -0.843  -5.804 0.0000000000
94008  21.596  0.489  -5.938 0.0000000000
93002  24.267  -0.441  -6.366 0.0000000000
93001  25.136  -0.464  -6.354 0.0000000000
96088  26.323  2.485  -6.406 0.0000000000
101370  20.344  7.105  -6.674 0.0000000000
83105  23.730  -9.788  -6.156 0.0000000000
81895  24.071  -10.411  -5.630 0.0000000000
81886  26.150  -10.007  -4.450 0.0000000000
84238  25.907  -8.578  -4.457 0.0000000000
83091  26.158  -9.411  -4.055 0.0000000000
93992  18.437  0.384  -5.385 0.0000000000
95027  19.233  1.346  -6.115 0.0000000000
96094  20.819  2.534  -6.224 0.0000000000
97186  22.113  3.674  -5.706 0.0000000000
73675  22.407  -16.902  -0.171 0.0000000000
86549  27.099  -6.306  -4.076 0.0000000000
87621  27.219  -5.403  -3.817 0.0000000000
79723  19.869  -11.791  -3.155 0.0000000000
81880  19.712  -10.479  -3.441 0.0000000000
80801  20.848  -11.020  -4.025 0.0000000000
80800  21.378  -11.205  -4.329 0.0000000000
81898  22.138  -10.310  -5.085 0.0000000000
84241  20.517  -8.487  -4.721 0.0000000000
83108  21.077  -8.917  -5.215 0.0000000000
83106  22.848  -9.667  -6.089 0.0000000000
83122  23.462  -9.148  -6.408 0.0000000000
84269  23.827  -8.791  -6.367 0.0000000000
84254  24.289  -8.424  -6.035 0.0000000000
85438  23.372  -7.424  -6.290 0.0000000000
85423  24.285  -7.380  -6.310 0.0000000000
85422  24.887  -7.487  -5.621 0.0000000000
85421  25.341  -7.030  -5.510 0.0000000000
86592  25.498  -6.484  -5.444 0.0000000000
87643  26.214  -5.499  -5.000 0.0000000000
88673  17.216  -4.105  -3.094 0.0000000000
88712  18.676  -4.337  -4.974 0.0000000000
88731  19.666  -4.564  -5.924 0.0000000000
87693  20.133  -5.029  -6.373 0.0000000000
91965  18.372  -1.509  -5.223 0.0000000000
91980  18.816  -2.109  -6.191 0.0000000000
90847  19.534  -2.829  -6.421 0.0000000000
90846  20.362  -2.720  -6.595 0.0000000000
89763  20.213  -3.655  -6.391 0.0000000000
88729  20.755  -4.542  -6.427 0.0000000000
87684  20.363  -5.213  -6.385 0.0000000000
88727  22.803  -5.013  -6.357 0.0000000000
88710  23.747  -5.069  -6.126 0.0000000000
88709  24.358  -5.067  -5.817 0.0000000000
88687  26.859  -4.500  -4.311 0.0000000000
89720  27.174  -3.599  -4.427 0.0000000000
90818  26.715  -2.678  -4.870 0.0000000000
90801  27.780  -2.687  -3.848 0.0000000000
93000  26.031  -0.512  -6.122 0.0000000000
103250  21.327  9.311  -10.509 0.0000000000
102334  21.260  8.624  -10.375 0.0000000000
103249  21.666  9.125  -10.686 0.0000000000
101406  21.197  8.230  -10.421 0.0000000000
137186  21.317  7.352  -10.194 0.0000000000
137191  21.902  6.955  -9.326 0.0000000000
104100  22.939  9.035  -9.941 0.0000000000
137187  22.574  7.628  -9.491 0.0000000000
99364  23.187  6.521  -7.244 0.0000000000
99374  23.843  6.506  -7.527 0.0000000000
99328  23.245  4.922  -6.318 0.0000000000
98251  23.381  4.262  -6.304 0.0000000000
98265  24.398  4.239  -6.938 0.0000000000
98264  25.023  3.876  -7.352 0.0000000000
98284  25.971  5.117  -8.184 0.0000000000
98275  25.983  4.480  -7.895 0.0000000000
97197  25.810  3.874  -7.663 0.0000000000
97196  26.262  3.863  -7.563 0.0000000000
98263  26.791  4.620  -6.993 0.0000000000
98262  27.184  4.448  -6.377 0.0000000000
100364  28.133  6.608  -7.997 0.0000000000
99358  27.825  5.873  -7.217 0.0000000000
99343  27.935  5.677  -6.503 0.0000000000
99326  27.671  5.056  -6.099 0.0000000000
78635  21.883  -13.770  -4.066 0.0000000000
78647  21.910  -12.905  -4.380 0.0000000000
77460  23.531  -14.238  -3.490 0.0000000000
77445  24.277  -14.104  -3.042 0.0000000000
80788  24.725  -12.158  -4.806 0.0000000000
79720  24.852  -12.615  -4.223 0.0000000000
78632  24.541  -13.462  -3.656 0.0000000000
85386  27.364  -6.865  -3.780 0.0000000000
85362  27.783  -7.397  -3.325 0.0000000000
73674  22.727  -16.535  0.039 0.0000000000
73690  20.304  -17.078  -1.156 0.0000000000
77419  23.675  -15.155  -0.828 0.0000000000
80790  19.656  -11.156  -3.237 0.0000000000
80806  23.278  -10.950  -5.307 0.0000000000
81889  22.309  -10.693  -4.929 0.0000000000
83094  21.500  -9.927  -4.822 0.0000000000
83121  24.015  -9.182  -6.301 0.0000000000
85407  25.350  -8.016  -5.400 0.0000000000
85424  23.849  -7.193  -6.553 0.0000000000
86596  22.263  -7.205  -5.782 0.0000000000
87666  19.442  -5.038  -5.303 0.0000000000
87694  19.924  -5.063  -6.301 0.0000000000
88690  17.877  -4.275  -3.610 0.0000000000
88742  19.994  -4.829  -6.360 0.0000000000
88743  19.817  -4.849  -6.229 0.0000000000
89722  18.282  -3.340  -4.631 0.0000000000
89743  19.182  -3.566  -5.597 0.0000000000
90848  18.932  -2.945  -6.200 0.0000000000
94021  23.180  0.874  -6.492 0.0000000000
94022  22.958  0.925  -6.446 0.0000000000
97168  23.749  3.708  -6.493 0.0000000000
98250  23.766  4.001  -6.542 0.0000000000
99381  25.909  6.061  -8.376 0.0000000000
99382  25.684  6.057  -8.291 0.0000000000
100391  25.526  6.193  -8.150 0.0000000000
102279  20.831  7.845  -6.501 0.0000000000
137189  21.600  8.479  -7.703 0.0000000000
