#!ascii label  , from subject 3322 vox2ras=TkReg
211
87642  26.609  -5.433  -4.321 0.0000000000
77431  24.549  -14.019  -1.794 0.0000000000
91973  24.986  -1.351  -6.337 0.0000000000
100384  21.780  6.654  -8.240 0.0000000000
76179  22.539  -15.853  -1.567 0.0000000000
95019  26.161  1.486  -6.217 0.0000000000
97198  25.426  3.689  -7.511 0.0000000000
84253  24.933  -8.300  -5.502 0.0000000000
81878  26.135  -11.196  -4.521 0.0000000000
84222  27.060  -8.506  -3.590 0.0000000000
89698  27.847  -3.615  -3.994 0.0000000000
86523  29.040  -6.470  -2.497 0.0000000000
89739  25.787  -3.625  -5.354 0.0000000000
92985  27.382  -0.975  -5.103 0.0000000000
99347  22.887  5.879  -6.524 0.0000000000
99362  24.688  5.225  -8.010 0.0000000000
79695  26.086  -12.706  -2.389 0.0000000000
96090  24.707  2.264  -7.078 0.0000000000
97184  24.069  3.369  -6.619 0.0000000000
85405  26.582  -6.992  -4.972 0.0000000000
85388  26.334  -8.042  -4.462 0.0000000000
85387  26.872  -7.453  -4.151 0.0000000000
77432  23.727  -14.943  -1.472 0.0000000000
90841  24.998  -2.408  -6.215 0.0000000000
90827  25.844  -2.500  -5.517 0.0000000000
91972  25.696  -1.392  -6.028 0.0000000000
96079  26.863  2.626  -5.770 0.0000000000
95009  26.856  1.615  -5.477 0.0000000000
100368  20.571  6.737  -6.800 0.0000000000
99349  20.619  5.556  -6.122 0.0000000000
100366  22.262  6.516  -7.297 0.0000000000
103237  24.899  9.108  -9.128 0.0000000000
102309  25.838  8.227  -8.987 0.0000000000
100381  24.370  6.749  -7.717 0.0000000000
100379  26.160  6.593  -8.263 0.0000000000
99371  26.443  5.657  -8.358 0.0000000000
81865  27.148  -10.883  -3.189 0.0000000000
79718  26.255  -12.194  -3.441 0.0000000000
74906  21.778  -16.507  -1.502 0.0000000000
94004  25.250  0.474  -6.343 0.0000000000
95020  25.368  1.434  -6.492 0.0000000000
96089  25.605  2.308  -6.944 0.0000000000
97181  26.658  3.629  -6.665 0.0000000000
81888  24.883  -10.516  -5.475 0.0000000000
83092  25.667  -9.485  -4.602 0.0000000000
83081  26.705  -9.346  -3.591 0.0000000000
83060  27.979  -9.286  -2.759 0.0000000000
88668  27.529  -4.489  -3.835 0.0000000000
86548  27.695  -6.310  -3.651 0.0000000000
88667  28.227  -4.510  -3.395 0.0000000000
87662  25.564  -5.593  -5.326 0.0000000000
88708  24.958  -4.784  -5.566 0.0000000000
88688  26.332  -4.546  -4.928 0.0000000000
89721  26.498  -3.577  -4.939 0.0000000000
90817  27.310  -2.739  -4.423 0.0000000000
92962  28.067  -1.091  -3.592 0.0000000000
93991  26.580  0.637  -5.538 0.0000000000
93981  27.430  0.680  -4.383 0.0000000000
98252  22.843  4.480  -5.706 0.0000000000
137185  23.165  7.641  -8.722 0.0000000000
99375  23.318  6.675  -7.714 0.0000000000
99363  23.833  5.705  -7.404 0.0000000000
99327  23.575  4.447  -6.774 0.0000000000
98276  25.129  4.379  -7.680 0.0000000000
98274  26.595  4.486  -7.618 0.0000000000
77459  24.104  -13.956  -3.571 0.0000000000
80787  25.486  -11.781  -4.816 0.0000000000
85362  27.783  -7.397  -3.325 0.0000000000
84203  28.320  -8.355  -2.717 0.0000000000
97169  23.527  3.745  -6.374 0.0000000000
86570  26.177  -6.438  -5.203 0.0000000000
86569  26.608  -6.351  -4.609 0.0000000000
73677  20.517  -17.653  -0.735 0.0000000000
73676  21.631  -17.310  -0.363 0.0000000000
90840  25.394  -1.920  -6.084 0.0000000000
97167  27.050  3.254  -5.722 0.0000000000
96078  27.256  2.667  -5.147 0.0000000000
100367  21.289  6.670  -7.388 0.0000000000
100348  21.791  6.213  -6.728 0.0000000000
101385  25.532  7.513  -8.214 0.0000000000
101384  26.586  7.407  -8.815 0.0000000000
80775  27.407  -11.040  -2.611 0.0000000000
77447  22.637  -15.144  -2.953 0.0000000000
94005  24.357  0.473  -6.451 0.0000000000
95021  24.497  1.369  -6.701 0.0000000000
97183  25.031  3.213  -7.278 0.0000000000
97182  25.938  3.214  -7.331 0.0000000000
101368  21.229  7.078  -8.425 0.0000000000
83093  25.139  -9.645  -5.214 0.0000000000
84239  25.349  -8.633  -5.060 0.0000000000
84223  26.434  -8.526  -3.954 0.0000000000
81876  26.958  -9.840  -3.320 0.0000000000
83080  27.296  -9.280  -3.201 0.0000000000
74891  22.032  -16.716  -0.749 0.0000000000
86593  24.926  -6.573  -5.753 0.0000000000
89740  24.977  -3.568  -5.744 0.0000000000
88707  25.675  -4.605  -5.357 0.0000000000
91964  26.550  -1.563  -5.305 0.0000000000
91956  26.960  -2.155  -4.774 0.0000000000
91955  27.330  -1.692  -4.640 0.0000000000
91938  27.867  -1.735  -3.776 0.0000000000
92977  27.467  -0.497  -4.381 0.0000000000
94003  26.120  0.489  -6.164 0.0000000000
94997  27.152  1.174  -4.843 0.0000000000
92976  27.691  0.157  -3.813 0.0000000000
99348  21.732  5.501  -6.178 0.0000000000
98267  21.235  4.640  -5.788 0.0000000000
98266  22.083  4.671  -5.927 0.0000000000
99329  22.578  5.135  -6.061 0.0000000000
104099  23.804  9.582  -9.760 0.0000000000
100382  23.611  6.939  -7.956 0.0000000000
99373  24.603  6.099  -7.744 0.0000000000
99346  23.535  4.895  -7.158 0.0000000000
98277  24.167  4.785  -7.691 0.0000000000
99361  25.429  4.937  -8.144 0.0000000000
99370  27.161  5.692  -8.315 0.0000000000
98283  26.424  4.936  -8.074 0.0000000000
99360  26.909  5.147  -8.066 0.0000000000
99345  26.894  5.075  -7.508 0.0000000000
78633  23.842  -13.669  -3.914 0.0000000000
81887  25.767  -10.578  -4.906 0.0000000000
80796  25.180  -11.161  -5.273 0.0000000000
79705  26.423  -12.294  -2.803 0.0000000000
79719  25.609  -12.285  -3.845 0.0000000000
79706  25.713  -12.654  -3.019 0.0000000000
78621  24.953  -13.297  -2.752 0.0000000000
86524  28.296  -6.416  -3.061 0.0000000000
95022  23.507  1.340  -6.579 0.0000000000
96091  23.817  2.330  -6.641 0.0000000000
85406  26.018  -7.583  -5.258 0.0000000000
85363  27.323  -7.944  -3.516 0.0000000000
76192  23.106  -15.356  -1.869 0.0000000000
76169  22.934  -15.969  -0.916 0.0000000000
76178  23.278  -15.515  -1.172 0.0000000000
77419  23.675  -15.155  -0.828 0.0000000000
90800  28.379  -2.677  -3.218 0.0000000000
89697  28.438  -3.611  -3.427 0.0000000000
89758  24.559  -2.815  -5.952 0.0000000000
90828  25.381  -3.017  -5.712 0.0000000000
91963  27.113  -1.176  -5.201 0.0000000000
95008  27.234  2.128  -5.350 0.0000000000
103228  24.372  8.116  -8.685 0.0000000000
137182  24.393  7.406  -7.983 0.0000000000
100380  25.269  6.604  -7.955 0.0000000000
100390  25.734  6.307  -8.209 0.0000000000
99372  25.504  5.755  -8.169 0.0000000000
100378  27.219  6.380  -8.683 0.0000000000
81877  26.562  -10.502  -3.821 0.0000000000
80786  26.266  -11.678  -4.040 0.0000000000
80776  26.790  -11.565  -3.132 0.0000000000
80766  26.717  -11.944  -2.545 0.0000000000
74892  21.305  -16.964  -0.963 0.0000000000
74920  21.334  -16.374  -2.141 0.0000000000
76193  22.474  -15.475  -2.409 0.0000000000
77446  23.346  -14.766  -2.585 0.0000000000
93002  24.267  -0.441  -6.366 0.0000000000
93001  25.136  -0.464  -6.354 0.0000000000
96088  26.323  2.485  -6.406 0.0000000000
101369  20.929  7.161  -7.290 0.0000000000
81886  26.150  -10.007  -4.450 0.0000000000
84238  25.907  -8.578  -4.457 0.0000000000
83091  26.158  -9.411  -4.055 0.0000000000
81864  27.385  -10.197  -2.855 0.0000000000
80774  27.817  -10.656  -2.375 0.0000000000
86549  27.099  -6.306  -4.076 0.0000000000
87621  27.219  -5.403  -3.817 0.0000000000
87620  27.897  -5.424  -3.367 0.0000000000
87597  28.581  -5.467  -2.821 0.0000000000
88651  28.835  -4.525  -2.773 0.0000000000
87596  29.452  -5.516  -2.181 0.0000000000
85421  25.341  -7.030  -5.510 0.0000000000
86592  25.498  -6.484  -5.444 0.0000000000
87643  26.214  -5.499  -5.000 0.0000000000
88687  26.859  -4.500  -4.311 0.0000000000
89720  27.174  -3.599  -4.427 0.0000000000
90818  26.715  -2.678  -4.870 0.0000000000
90801  27.780  -2.687  -3.848 0.0000000000
93000  26.031  -0.512  -6.122 0.0000000000
92986  26.754  -0.448  -5.359 0.0000000000
92978  26.912  0.074  -5.042 0.0000000000
97186  22.113  3.674  -5.706 0.0000000000
137191  21.902  6.955  -9.326 0.0000000000
137187  22.574  7.628  -9.491 0.0000000000
100383  22.692  6.697  -8.160 0.0000000000
99364  23.187  6.521  -7.244 0.0000000000
99374  23.843  6.506  -7.527 0.0000000000
99328  23.245  4.922  -6.318 0.0000000000
98251  23.381  4.262  -6.304 0.0000000000
98265  24.398  4.239  -6.938 0.0000000000
98264  25.023  3.876  -7.352 0.0000000000
98284  25.971  5.117  -8.184 0.0000000000
98275  25.983  4.480  -7.895 0.0000000000
97197  25.810  3.874  -7.663 0.0000000000
97196  26.262  3.863  -7.563 0.0000000000
98263  26.791  4.620  -6.993 0.0000000000
77445  24.277  -14.104  -3.042 0.0000000000
80788  24.725  -12.158  -4.806 0.0000000000
79720  24.852  -12.615  -4.223 0.0000000000
78632  24.541  -13.462  -3.656 0.0000000000
85386  27.364  -6.865  -3.780 0.0000000000
85361  28.689  -7.407  -2.677 0.0000000000
84204  27.640  -8.465  -3.173 0.0000000000
85407  25.350  -8.016  -5.400 0.0000000000
93982  26.985  0.619  -4.909 0.0000000000
97168  23.749  3.708  -6.493 0.0000000000
97170  23.159  3.865  -5.798 0.0000000000
97185  23.284  3.224  -6.178 0.0000000000
98250  23.766  4.001  -6.542 0.0000000000
99381  25.909  6.061  -8.376 0.0000000000
99382  25.684  6.057  -8.291 0.0000000000
100391  25.526  6.193  -8.150 0.0000000000
