#!ascii label  , from subject 3325 vox2ras=TkReg
802
74662  -24.628  -27.298  -3.789 0.4285714328
76972  -24.676  -25.298  -3.727 0.2857142985
75831  -24.919  -26.296  -3.993 0.4285714328
76973  -25.519  -25.541  -3.349 0.4285714328
76958  -25.626  -25.178  -2.901 0.4285714328
78039  -24.138  -24.308  -3.930 0.2857142985
78020  -24.940  -24.636  -3.162 0.4285714328
79130  -24.969  -23.997  -2.659 0.4285714328
80272  -24.278  -22.401  -3.700 0.4285714328
80263  -25.094  -22.804  -2.801 0.4285714328
81331  -24.475  -21.517  -3.911 0.4285714328
82432  -25.174  -20.609  -3.825 0.4285714328
82484  -25.163  -19.910  -5.316 0.5714285970
82456  -25.259  -20.289  -4.564 0.5714285970
83573  -25.662  -19.846  -3.542 0.2857142985
83593  -25.491  -19.340  -4.726 0.7142857313
84806  -25.953  -17.960  -4.585 0.7142857313
84783  -26.517  -17.993  -3.509 0.4285714328
84805  -25.654  -18.644  -4.623 0.7142857313
84782  -25.753  -18.726  -3.955 0.5714285970
87221  -26.832  -16.713  -4.306 0.5714285970
84829  -26.135  -17.966  -5.673 0.5714285970
87235  -26.752  -16.568  -4.666 0.5714285970
87249  -26.790  -16.397  -5.583 0.5714285970
87236  -27.321  -16.035  -4.898 0.5714285970
86064  -26.223  -17.084  -5.088 0.5714285970
88280  -27.921  -15.761  -4.312 0.4285714328
88294  -27.714  -15.057  -5.058 0.5714285970
88295  -28.515  -14.929  -4.468 0.5714285970
88305  -26.996  -15.711  -6.210 0.7142857313
89324  -27.848  -14.480  -5.699 0.7142857313
89325  -28.645  -14.158  -5.251 0.7142857313
87250  -27.249  -15.662  -5.512 0.5714285970
88318  -26.697  -15.675  -7.045 0.5714285970
89334  -27.636  -14.421  -6.371 0.8571428657
90429  -29.141  -13.715  -5.386 0.7142857313
90430  -29.637  -13.491  -4.970 0.5714285970
88319  -27.169  -14.961  -6.676 0.7142857313
88332  -26.988  -14.927  -7.470 0.5714285970
91522  -29.237  -12.751  -5.823 0.7142857313
91514  -29.986  -12.792  -4.981 0.5714285970
89335  -28.324  -14.107  -6.223 0.7142857313
90438  -28.981  -13.408  -5.860 0.7142857313
91532  -29.395  -11.793  -6.195 0.5714285970
90448  -28.151  -13.383  -7.033 0.7142857313
91524  -30.296  -11.906  -5.302 0.5714285970
91531  -28.944  -12.308  -6.508 0.7142857313
93669  -29.766  -10.626  -6.233 0.7142857313
92558  -29.700  -11.440  -6.085 0.7142857313
92569  -28.563  -11.356  -7.408 0.7142857313
92557  -29.249  -11.143  -6.706 0.7142857313
94783  -29.532  -9.602  -6.102 0.7142857313
91541  -27.664  -12.393  -8.184 0.5714285970
95861  -29.476  -8.441  -6.100 0.5714285970
93682  -28.690  -10.355  -7.334 0.8571428657
95870  -29.280  -8.034  -6.657 0.7142857313
95869  -28.903  -8.257  -7.108 0.7142857313
94793  -28.615  -9.306  -7.263 0.8571428657
97993  -28.313  -6.461  -7.005 0.8571428657
96933  -29.022  -7.087  -6.579 0.5714285970
96969  -28.338  -7.795  -7.617 0.8571428657
94811  -28.216  -9.100  -7.872 0.8571428657
95887  -28.405  -8.571  -7.635 0.8571428657
99004  -28.087  -5.676  -6.989 0.8571428657
100008  -28.058  -4.710  -7.051 0.8571428657
101008  -27.978  -3.702  -7.195 0.8571428657
96947  -28.172  -7.032  -7.429 0.8571428657
100006  -26.755  -4.341  -7.780 1.0000000000
100007  -27.465  -4.463  -7.550 1.0000000000
97992  -27.798  -6.398  -7.441 0.8571428657
101007  -27.424  -3.517  -7.803 1.0000000000
99002  -26.967  -5.042  -7.720 1.0000000000
102007  -27.155  -2.503  -8.519 1.0000000000
102994  -26.287  -1.761  -8.534 0.7142857313
101022  -27.278  -3.126  -8.354 1.0000000000
101021  -26.659  -3.413  -8.640 1.0000000000
104982  -25.186  0.032  -7.714 1.0000000000
104981  -24.590  0.425  -8.631 0.8571428657
106774  -24.045  2.186  -8.616 0.8571428657
105887  -24.373  1.188  -7.863 1.0000000000
108592  -23.274  4.587  -8.154 0.8571428657
107676  -23.474  3.620  -8.054 0.8571428657
106758  -23.688  3.173  -7.702 1.0000000000
109553  -23.421  5.804  -7.310 0.8571428657
110618  -22.668  6.991  -8.244 0.7142857313
109571  -21.782  5.945  -9.813 0.5714285970
111649  -22.334  7.604  -9.133 0.7142857313
111650  -22.571  7.937  -8.621 0.5714285970
111648  -21.208  7.599  -8.754 0.5714285970
110616  -21.342  6.693  -9.197 0.5714285970
111631  -20.952  7.735  -7.407 0.4285714328
113594  -21.470  9.596  -8.620 0.4285714328
112588  -20.877  9.082  -5.042 0.2857142985
111620  -20.739  8.289  -6.051 0.2857142985
113546  -20.394  9.316  -3.329 0.2857142985
90439  -29.431  -13.020  -5.561 0.5714285970
96934  -29.447  -7.422  -6.334 0.5714285970
93668  -29.106  -10.024  -6.685 0.7142857313
94782  -29.055  -9.017  -6.610 0.7142857313
98982  -28.544  -5.888  -6.652 0.8571428657
99989  -28.685  -5.086  -6.645 0.8571428657
104023  -25.938  -1.107  -8.640 0.8571428657
111585  -22.178  7.998  -2.045 0.1428571492
76994  -24.010  -25.510  -4.278 0.2857142985
79143  -24.498  -23.568  -3.327 0.2857142985
81321  -25.495  -21.745  -2.508 0.4285714328
80289  -23.876  -22.583  -4.409 0.2857142985
82455  -24.773  -20.987  -4.361 0.4285714328
82416  -24.895  -21.130  -3.232 0.4285714328
83619  -25.383  -19.293  -5.751 0.2857142985
84828  -25.677  -18.631  -5.286 0.7142857313
86085  -26.251  -17.131  -6.081 0.5714285970
88281  -28.650  -15.555  -3.755 0.4285714328
87265  -26.572  -16.469  -6.614 0.7142857313
92547  -30.208  -11.286  -5.634 0.5714285970
89346  -27.570  -14.169  -7.241 0.5714285970
90460  -27.883  -12.879  -7.681 0.8571428657
97974  -28.782  -6.507  -6.597 0.5714285970
96968  -27.702  -7.273  -7.930 1.0000000000
101989  -27.863  -2.951  -7.424 1.0000000000
99021  -26.464  -5.285  -8.142 1.0000000000
102006  -26.530  -2.587  -8.709 0.8571428657
104022  -25.317  -0.911  -8.798 0.7142857313
104006  -26.419  -0.873  -7.983 1.0000000000
104004  -25.124  -0.275  -8.533 0.7142857313
104983  -25.907  -0.431  -7.747 1.0000000000
104021  -24.557  -0.459  -9.045 0.7142857313
106759  -24.201  2.513  -7.379 1.0000000000
105873  -24.717  1.478  -6.903 1.0000000000
109572  -22.548  5.718  -9.068 0.7142857313
112626  -21.198  8.467  -8.284 0.7142857313
110617  -22.066  6.914  -9.458 0.5714285970
110637  -21.632  7.483  -9.331 0.7142857313
111668  -22.169  8.029  -9.301 0.7142857313
111630  -21.321  6.843  -7.932 0.4285714328
112600  -21.240  9.255  -6.152 0.2857142985
112611  -21.044  8.908  -7.338 0.4285714328
112644  -22.001  8.594  -9.173 0.4285714328
113578  -21.391  10.000  -6.979 0.4285714328
84850  -25.800  -18.682  -6.277 0.4285714328
84851  -25.866  -17.797  -6.585 0.4285714328
112643  -21.586  8.437  -8.904 0.7142857313
74682  -24.268  -26.763  -4.332 0.4285714328
75854  -24.179  -26.276  -4.318 0.2857142985
81320  -24.831  -21.606  -3.216 0.4285714328
81353  -24.281  -21.766  -4.845 0.4285714328
82483  -24.733  -20.721  -5.370 0.4285714328
88306  -27.234  -14.920  -5.822 0.7142857313
89326  -29.042  -14.229  -4.481 0.5714285970
89347  -27.965  -14.066  -6.739 0.5714285970
91523  -29.724  -12.312  -5.564 0.5714285970
90447  -27.757  -13.661  -7.426 0.7142857313
91542  -28.239  -12.309  -7.557 0.8571428657
92568  -27.890  -11.452  -8.126 0.8571428657
96949  -29.075  -7.620  -6.758 0.8571428657
95886  -27.939  -8.386  -8.188 0.8571428657
99003  -27.528  -5.479  -7.538 1.0000000000
102993  -25.525  -1.747  -9.085 0.8571428657
111667  -21.533  7.948  -9.266 0.5714285970
110596  -20.738  6.798  -7.031 0.4285714328
113608  -21.865  8.917  -8.846 0.4285714328
112587  -20.216  8.702  -3.975 0.2857142985
112580  -21.708  8.734  -2.502 0.1428571492
79161  -23.939  -23.220  -3.898 0.2857142985
104005  -25.690  -0.591  -8.257 1.0000000000
112658  -21.693  8.220  -9.231 0.5714285970
116173  -22.273  13.154  -7.948 0.2857142985
116949  -21.983  13.709  -7.388 0.1428571492
115342  -21.815  11.549  -8.562 0.2857142985
115317  -22.762  12.711  -8.019 0.2857142985
116152  -21.789  13.099  -7.530 0.1428571492
116950  -22.511  13.700  -6.818 0.1428571492
114445  -21.367  11.115  -6.465 0.1428571492
114459  -21.297  11.006  -7.752 0.2857142985
114476  -23.367  10.824  -7.781 0.2857142985
115343  -22.078  11.426  -8.721 0.2857142985
112603  -25.982  8.299  -5.095 0.2857142985
113565  -24.201  9.517  -6.442 0.2857142985
115302  -22.058  12.124  -5.410 0.1428571492
114474  -21.876  10.430  -9.231 0.2857142985
111633  -23.812  7.723  -6.675 0.2857142985
114475  -22.621  10.434  -8.529 0.2857142985
114487  -21.889  11.040  -9.086 0.2857142985
110589  -25.639  6.535  -5.285 0.1428571492
112613  -23.793  8.629  -6.696 0.2857142985
113580  -23.429  9.566  -7.089 0.2857142985
115301  -21.439  11.983  -6.132 0.1428571492
113579  -22.777  9.603  -7.920 0.2857142985
109546  -27.224  5.418  -5.569 0.1428571492
109545  -26.120  5.493  -5.345 0.1428571492
110588  -24.581  6.748  -5.758 0.4285714328
111632  -23.197  7.991  -7.631 0.2857142985
107644  -25.886  3.524  -5.360 0.2857142985
109543  -23.910  6.010  -6.119 0.4285714328
110597  -23.528  6.950  -6.977 0.2857142985
113609  -21.951  9.141  -8.971 0.2857142985
107645  -26.993  3.365  -5.238 0.1428571492
108566  -25.674  4.603  -5.432 0.2857142985
108576  -24.077  4.231  -6.271 0.5714285970
105854  -27.120  1.468  -5.505 0.1428571492
106740  -26.311  2.232  -5.472 0.1428571492
107660  -24.452  3.280  -6.321 0.4285714328
105855  -27.959  1.236  -5.493 0.2857142985
105875  -26.476  0.851  -5.868 0.7142857313
108575  -23.659  4.688  -7.017 0.7142857313
106760  -25.209  2.232  -6.174 0.8571428657
104950  -28.375  0.147  -5.950 0.2857142985
104949  -27.808  0.565  -5.889 0.2857142985
107690  -23.242  3.746  -8.883 0.5714285970
103972  -28.515  -0.490  -6.121 0.1428571492
103973  -29.097  -0.899  -5.889 0.1428571492
98025  -25.203  -6.061  -9.417 0.5714285970
100020  -25.946  -4.344  -8.835 0.8571428657
101020  -26.029  -3.478  -9.030 0.8571428657
104007  -26.784  -1.299  -7.885 0.8571428657
104965  -25.420  0.302  -7.007 0.8571428657
103989  -26.631  -0.599  -7.538 0.8571428657
102945  -30.059  -1.604  -5.145 0.4285714328
103991  -28.066  -0.740  -6.497 0.7142857313
104967  -27.461  0.075  -6.375 0.7142857313
98039  -25.340  -6.685  -9.810 0.2857142985
99020  -25.864  -5.290  -8.585 0.5714285970
99037  -25.484  -5.315  -9.087 0.5714285970
101006  -26.876  -3.705  -8.193 0.8571428657
102976  -27.184  -1.695  -8.080 0.8571428657
103990  -27.098  -0.795  -7.415 0.8571428657
102963  -28.726  -2.012  -6.221 0.4285714328
102961  -27.524  -1.646  -7.235 0.8571428657
102944  -29.622  -2.166  -5.902 0.4285714328
92583  -26.467  -11.521  -8.796 0.7142857313
93711  -26.252  -10.492  -9.057 0.4285714328
92584  -27.008  -11.569  -8.326 0.7142857313
94810  -27.712  -9.479  -8.247 0.8571428657
94830  -26.185  -9.280  -9.192 0.5714285970
97008  -26.073  -7.842  -9.164 0.5714285970
95923  -25.107  -8.299  -9.773 0.4285714328
95885  -27.132  -7.875  -8.333 0.8571428657
98026  -25.882  -6.329  -9.331 0.5714285970
98011  -26.870  -6.304  -8.591 0.7142857313
98027  -26.457  -6.615  -9.083 0.5714285970
100988  -28.708  -3.913  -6.510 0.7142857313
101969  -27.715  -2.373  -7.111 0.7142857313
100966  -30.356  -3.727  -5.364 0.2857142985
100989  -29.690  -3.706  -6.142 0.4285714328
101971  -29.302  -2.902  -6.440 0.5714285970
90459  -27.562  -13.440  -8.003 0.4285714328
91555  -26.793  -12.541  -8.722 0.4285714328
92596  -25.949  -11.460  -9.177 0.4285714328
94792  -28.246  -9.752  -7.721 0.7142857313
99991  -30.009  -4.149  -5.875 0.2857142985
99990  -29.396  -4.676  -6.090 0.5714285970
89361  -27.133  -14.353  -8.099 0.4285714328
90472  -26.289  -13.999  -9.234 0.5714285970
93681  -28.019  -10.485  -7.862 0.7142857313
97961  -29.768  -6.709  -5.875 0.4285714328
99971  -29.524  -5.436  -5.753 0.4285714328
99972  -30.072  -4.848  -5.449 0.4285714328
87279  -26.298  -16.588  -7.687 0.5714285970
90431  -30.124  -13.004  -4.661 0.4285714328
95852  -30.358  -8.613  -4.823 0.4285714328
96925  -30.365  -7.668  -5.150 0.4285714328
96924  -29.879  -7.555  -5.719 0.4285714328
83557  -25.806  -20.290  -2.767 0.1428571492
93656  -30.500  -10.761  -4.991 0.4285714328
94773  -30.283  -9.736  -4.821 0.4285714328
83574  -26.177  -18.947  -3.162 0.1428571492
84764  -26.921  -18.637  -2.689 0.1428571492
87223  -27.969  -16.354  -3.557 0.2857142985
90407  -30.751  -13.612  -3.324 0.2857142985
91507  -31.606  -12.316  -3.335 0.2857142985
90424  -31.082  -12.866  -3.634 0.2857142985
88296  -29.136  -14.846  -4.064 0.4285714328
92527  -31.228  -11.732  -3.746 0.2857142985
91506  -30.886  -12.343  -3.936 0.2857142985
90422  -29.898  -13.631  -4.314 0.2857142985
92542  -31.185  -11.271  -3.763 0.2857142985
92541  -30.774  -11.377  -4.265 0.4285714328
83558  -26.417  -19.709  -2.359 0.1428571492
84784  -27.470  -17.822  -2.935 0.2857142985
88261  -29.541  -15.922  -2.690 0.2857142985
88283  -30.130  -14.788  -3.104 0.2857142985
88282  -29.511  -15.141  -3.300 0.2857142985
89317  -30.090  -14.338  -3.489 0.2857142985
83559  -27.383  -19.136  -2.065 0.1428571492
84786  -28.909  -17.689  -2.450 0.2857142985
84765  -27.811  -18.433  -2.435 0.2857142985
86047  -28.760  -17.235  -2.800 0.2857142985
84785  -28.269  -17.745  -2.610 0.2857142985
87224  -28.896  -16.340  -2.995 0.2857142985
78009  -25.493  -24.632  -2.633 0.2857142985
82418  -26.048  -20.870  -2.250 0.1428571492
74663  -25.688  -27.025  -3.531 0.2857142985
74648  -25.361  -27.489  -2.882 0.2857142985
79131  -25.607  -23.696  -2.090 0.2857142985
74647  -24.336  -27.865  -2.869 0.2857142985
84766  -28.570  -18.263  -2.171 0.2857142985
87201  -29.448  -16.459  -2.656 0.2857142985
89305  -30.634  -14.218  -2.957 0.2857142985
91515  -30.434  -12.372  -4.778 0.4285714328
93643  -31.284  -10.662  -3.843 0.2857142985
93712  -26.815  -9.941  -9.223 0.7142857313
93642  -30.883  -10.247  -4.409 0.4285714328
96989  -26.647  -7.319  -8.833 0.5714285970
94772  -29.822  -9.170  -5.394 0.4285714328
98967  -29.436  -6.079  -5.844 0.4285714328
98968  -29.915  -5.935  -5.342 0.2857142985
101970  -28.376  -2.783  -6.853 0.7142857313
105888  -24.903  0.697  -7.089 0.8571428657
109588  -22.374  5.269  -9.405 0.5714285970
107659  -23.579  3.645  -7.143 0.7142857313
101946  -29.947  -3.088  -5.915 0.2857142985
105874  -25.481  0.926  -6.458 0.8571428657
112628  -22.459  8.808  -8.527 0.2857142985
108577  -24.905  4.116  -5.680 0.4285714328
114461  -23.877  10.483  -6.949 0.2857142985
75832  -26.022  -26.401  -3.649 0.1428571492
76959  -26.205  -25.350  -2.760 0.1428571492
80264  -25.830  -22.636  -1.951 0.1428571492
83542  -27.047  -19.808  -1.698 0.1428571492
83543  -28.068  -19.620  -1.512 0.1428571492
86045  -27.218  -17.054  -3.444 0.2857142985
86046  -28.094  -17.091  -3.044 0.2857142985
88263  -31.035  -15.068  -2.105 0.2857142985
90473  -26.649  -13.734  -8.894 0.5714285970
91564  -26.075  -12.516  -9.295 0.2857142985
94761  -31.533  -9.593  -3.973 0.2857142985
93697  -26.631  -11.005  -8.547 0.7142857313
93698  -27.160  -10.473  -8.523 0.5714285970
94845  -25.182  -9.090  -9.779 0.4285714328
98038  -24.695  -6.356  -9.852 0.2857142985
97007  -25.694  -7.414  -9.720 0.5714285970
94760  -30.901  -9.215  -4.435 0.2857142985
93655  -30.053  -10.214  -5.557 0.4285714328
95906  -26.456  -8.450  -8.656 0.7142857313
99036  -24.959  -5.327  -9.509 0.2857142985
96911  -30.796  -7.761  -4.579 0.1428571492
97947  -30.688  -6.949  -4.754 0.4285714328
97962  -30.194  -6.831  -5.303 0.4285714328
98953  -30.971  -6.176  -4.238 0.1428571492
101988  -27.609  -2.508  -7.929 0.8571428657
99953  -30.492  -5.467  -4.753 0.1428571492
103974  -30.174  -0.514  -4.750 0.2857142985
104951  -29.460  0.365  -5.425 0.1428571492
105856  -28.959  1.331  -5.689 0.1428571492
106741  -27.497  2.323  -5.336 0.1428571492
114446  -21.618  11.227  -5.496 0.1428571492
107661  -25.194  3.169  -5.735 0.5714285970
106742  -28.478  2.312  -5.449 0.1428571492
110587  -23.987  6.641  -6.341 0.2857142985
109544  -24.785  5.399  -5.473 0.2857142985
108567  -26.594  4.460  -5.297 0.1428571492
111622  -25.339  7.590  -5.378 0.2857142985
111623  -26.342  7.493  -5.165 0.1428571492
110590  -26.742  6.510  -5.462 0.1428571492
75817  -26.967  -25.979  -3.058 0.1428571492
81305  -26.777  -21.434  -1.516 0.1428571492
90408  -31.264  -13.346  -3.124 0.2857142985
109556  -27.778  5.659  -6.035 0.1428571492
111608  -26.409  8.011  -4.912 0.2857142985
74681  -23.888  -27.174  -4.280 0.2857142985
76974  -26.331  -25.929  -3.330 0.1428571492
82417  -25.192  -20.814  -3.015 0.1428571492
86044  -26.579  -17.068  -4.189 0.4285714328
87222  -27.237  -16.515  -4.181 0.2857142985
95851  -29.968  -8.296  -5.436 0.4285714328
100021  -26.121  -4.263  -8.133 0.8571428657
98012  -27.411  -6.350  -8.068 0.8571428657
99022  -27.119  -5.662  -8.111 0.8571428657
102995  -26.900  -1.936  -8.564 0.8571428657
112645  -22.306  8.263  -8.983 0.2857142985
113595  -22.097  9.452  -9.086 0.2857142985
98983  -29.093  -5.733  -6.279 0.4285714328
86106  -26.170  -17.148  -6.983 0.5714285970
92548  -30.532  -11.571  -5.057 0.4285714328
98010  -26.225  -6.022  -8.677 0.5714285970
104966  -26.231  -0.145  -7.062 0.8571428657
113596  -22.417  9.598  -8.640 0.2857142985
114473  -21.535  11.009  -8.818 0.2857142985
95907  -27.226  -8.727  -8.435 0.8571428657
115332  -22.234  12.265  -8.127 0.2857142985
116966  -21.871  13.959  -7.927 0.1428571492
116135  -21.659  13.044  -6.478 0.1428571492
115331  -21.566  12.056  -8.075 0.2857142985
115334  -23.199  11.171  -8.189 0.2857142985
115315  -21.363  12.116  -7.083 0.1428571492
114488  -22.210  10.934  -8.979 0.2857142985
111621  -24.443  7.895  -5.964 0.2857142985
110598  -24.107  7.181  -6.328 0.2857142985
114460  -23.140  10.205  -7.576 0.2857142985
112612  -23.169  8.915  -7.570 0.2857142985
109554  -23.795  5.103  -6.111 0.5714285970
109555  -24.330  4.690  -5.767 0.4285714328
109542  -23.699  6.347  -6.648 0.5714285970
107646  -28.013  3.306  -5.328 0.1428571492
106761  -25.821  1.517  -5.880 0.4285714328
106739  -25.644  2.777  -5.607 0.5714285970
105876  -27.362  0.786  -5.724 0.5714285970
104968  -28.006  -0.133  -6.333 0.5714285970
101036  -25.358  -3.526  -9.432 0.4285714328
103992  -28.474  -1.348  -6.320 0.4285714328
102962  -28.043  -1.825  -6.611 0.7142857313
91554  -26.374  -12.015  -9.104 0.5714285970
94831  -26.988  -9.406  -8.837 0.7142857313
94846  -25.579  -8.907  -9.542 0.4285714328
95925  -26.014  -8.530  -9.152 0.5714285970
96988  -26.336  -7.108  -9.475 0.5714285970
95924  -25.660  -8.288  -9.414 0.4285714328
95905  -24.858  -8.902  -9.891 0.2857142985
96967  -27.241  -7.016  -8.461 0.8571428657
100945  -30.635  -4.597  -4.789 0.2857142985
90423  -30.408  -13.381  -3.934 0.2857142985
89316  -29.606  -14.074  -4.006 0.2857142985
82402  -26.679  -20.352  -1.766 0.1428571492
83541  -26.653  -19.912  -1.863 0.1428571492
88262  -30.187  -15.392  -2.573 0.2857142985
86024  -29.419  -17.113  -2.569 0.2857142985
74664  -26.623  -26.943  -3.405 0.1428571492
98952  -30.411  -6.258  -4.839 0.2857142985
114434  -22.258  11.088  -4.925 0.1428571492
76960  -27.308  -25.309  -2.287 0.1428571492
113564  -21.842  10.646  -5.007 0.1428571492
106787  -23.152  2.545  -9.312 0.5714285970
105901  -23.661  1.773  -9.390 0.4285714328
106803  -22.659  1.952  -9.648 0.4285714328
105915  -23.634  1.190  -9.433 0.4285714328
106788  -23.921  2.071  -9.236 0.5714285970
106773  -23.592  2.948  -8.311 0.4285714328
102991  -24.154  -1.195  -9.275 0.4285714328
104997  -23.471  -0.115  -9.701 0.4285714328
104998  -23.803  0.400  -9.331 0.5714285970
105902  -24.144  1.402  -9.028 0.5714285970
102005  -25.833  -2.619  -9.017 0.5714285970
91491  -32.514  -12.221  -2.546 0.1428571492
92528  -31.721  -11.258  -3.373 0.1428571492
90388  -33.597  -13.129  -1.389 0.1428571492
91474  -33.325  -12.178  -1.856 0.1428571492
92497  -34.036  -11.622  -1.613 0.1428571492
89306  -31.549  -14.181  -2.446 0.1428571492
89307  -32.094  -14.135  -2.042 0.1428571492
90387  -32.847  -12.909  -1.953 0.1428571492
90389  -34.526  -13.156  -0.864 0.1428571492
91478  -37.008  -12.823  -1.720 0.1428571492
91476  -35.160  -12.287  -1.036 0.1428571492
91477  -36.119  -12.482  -1.232 0.1428571492
81382  -24.257  -21.411  -5.790 0.2857142985
87202  -29.938  -16.436  -2.407 0.1428571492
87203  -30.790  -16.368  -1.889 0.1428571492
89285  -32.685  -14.092  -1.398 0.1428571492
89284  -31.826  -14.742  -1.713 0.1428571492
89286  -33.846  -14.067  -0.749 0.1428571492
89287  -34.881  -14.102  -0.593 0.1428571492
90391  -36.426  -13.557  -1.070 0.1428571492
90392  -37.059  -13.851  -1.571 0.1428571492
80288  -23.784  -22.404  -5.134 0.2857142985
79179  -23.314  -22.825  -4.894 0.2857142985
84767  -29.440  -18.041  -2.041 0.1428571492
86026  -30.759  -17.177  -1.748 0.1428571492
87186  -31.446  -16.511  -1.549 0.1428571492
88240  -33.407  -15.260  -0.705 0.1428571492
88238  -31.584  -15.780  -1.620 0.1428571492
89266  -34.375  -14.954  -0.570 0.1428571492
89288  -35.832  -14.301  -0.689 0.1428571492
89267  -35.247  -14.993  -0.591 0.1428571492
91493  -37.679  -12.661  -2.431 0.1428571492
90410  -37.494  -13.610  -2.203 0.1428571492
84768  -30.165  -18.071  -1.652 0.1428571492
86015  -31.347  -17.344  -1.379 0.1428571492
86014  -30.628  -17.659  -1.555 0.1428571492
86003  -34.003  -16.995  -0.415 0.1428571492
87173  -33.798  -16.170  -0.539 0.1428571492
87187  -32.063  -16.538  -1.313 0.1428571492
88214  -34.158  -15.684  -0.520 0.1428571492
89289  -36.653  -14.765  -1.265 0.1428571492
89268  -35.994  -15.199  -0.829 0.1428571492
84753  -29.841  -18.881  -1.527 0.1428571492
83560  -28.146  -18.880  -1.997 0.1428571492
84755  -31.848  -18.463  -0.832 0.1428571492
84754  -30.806  -18.519  -1.226 0.1428571492
86016  -32.441  -17.526  -0.971 0.1428571492
87189  -34.938  -16.956  -0.562 0.1428571492
86018  -34.666  -17.712  -0.848 0.1428571492
87175  -35.158  -16.346  -0.696 0.1428571492
88217  -36.124  -15.892  -0.937 0.1428571492
87174  -34.488  -16.402  -0.509 0.1428571492
88215  -34.817  -15.679  -0.602 0.1428571492
83547  -32.343  -19.598  -0.779 0.1428571492
83546  -31.365  -19.378  -0.756 0.1428571492
84757  -34.024  -18.768  -1.165 0.1428571492
83548  -33.416  -19.867  -1.339 0.1428571492
87190  -35.425  -17.004  -1.025 0.1428571492
84756  -32.935  -18.652  -1.029 0.1428571492
86017  -33.509  -17.732  -0.810 0.1428571492
88239  -32.442  -15.495  -1.296 0.1428571492
91494  -38.276  -12.848  -2.820 0.1428571492
90390  -35.513  -13.255  -0.684 0.1428571492
92529  -32.250  -11.399  -2.830 0.1428571492
88241  -36.480  -15.806  -1.618 0.1428571492
88242  -37.013  -15.296  -1.999 0.1428571492
90411  -38.101  -13.460  -2.617 0.1428571492
102992  -24.826  -1.362  -9.217 0.4285714328
92501  -37.322  -12.121  -2.073 0.1428571492
92500  -36.749  -11.594  -1.854 0.1428571492
93627  -32.326  -10.576  -2.891 0.1428571492
93626  -31.929  -10.183  -3.467 0.1428571492
107689  -22.539  3.727  -9.520 0.4285714328
108612  -22.506  4.711  -9.191 0.4285714328
111624  -27.428  7.604  -5.267 0.1428571492
84752  -28.872  -18.888  -1.701 0.1428571492
95840  -31.375  -8.633  -4.044 0.1428571492
91490  -31.849  -12.804  -2.824 0.1428571492
91508  -32.026  -11.820  -3.050 0.1428571492
90409  -32.160  -13.417  -2.401 0.1428571492
91475  -34.254  -12.279  -1.360 0.1428571492
91492  -33.074  -11.682  -2.173 0.1428571492
92512  -34.218  -11.184  -1.663 0.1428571492
86025  -30.214  -17.304  -2.069 0.1428571492
88216  -35.517  -15.739  -0.741 0.1428571492
87188  -33.074  -16.527  -0.877 0.1428571492
86019  -35.317  -17.728  -1.701 0.1428571492
87176  -35.660  -16.299  -0.929 0.1428571492
87191  -35.888  -16.436  -1.441 0.1428571492
74645  -22.201  -27.995  -2.906 0.1428571492
74661  -23.554  -27.601  -3.663 0.1428571492
74660  -22.772  -27.699  -3.344 0.1428571492
75829  -22.631  -27.005  -3.992 0.1428571492
75853  -23.504  -26.440  -4.467 0.1428571492
76993  -23.145  -25.360  -4.520 0.1428571492
78038  -23.418  -24.423  -4.393 0.1428571492
79160  -23.558  -23.295  -4.457 0.1428571492
78019  -22.315  -24.294  -4.050 0.1428571492
79142  -22.461  -23.681  -4.436 0.1428571492
79159  -23.000  -23.509  -4.752 0.1428571492
80311  -22.299  -22.225  -5.045 0.1428571492
80312  -22.827  -22.180  -5.324 0.1428571492
81381  -23.546  -21.575  -5.760 0.1428571492
81395  -23.912  -21.035  -6.145 0.2857142985
81396  -24.039  -21.256  -6.092 0.1428571492
82500  -24.270  -20.543  -6.230 0.1428571492
83618  -24.822  -19.795  -6.027 0.1428571492
82499  -23.669  -20.527  -6.094 0.2857142985
83640  -25.350  -19.285  -6.697 0.2857142985
87289  -26.036  -15.788  -8.029 0.4285714328
88343  -26.637  -14.801  -7.921 0.4285714328
89374  -26.572  -14.499  -8.451 0.4285714328
103009  -24.884  -2.073  -9.483 0.2857142985
105913  -22.422  1.449  -10.044 0.2857142985
106786  -22.596  3.090  -9.828 0.4285714328
81352  -24.077  -21.904  -5.524 0.1428571492
83638  -23.928  -19.613  -6.429 0.2857142985
75852  -22.627  -26.006  -4.435 0.1428571492
79158  -22.385  -22.917  -4.777 0.1428571492
81380  -22.311  -21.409  -5.281 0.1428571492
82482  -22.958  -20.499  -5.571 0.1428571492
83639  -24.730  -19.355  -6.802 0.2857142985
83657  -25.211  -19.178  -7.167 0.2857142985
84870  -25.397  -18.355  -7.222 0.2857142985
84871  -25.782  -17.530  -7.265 0.4285714328
87278  -26.036  -16.925  -8.124 0.4285714328
88341  -25.577  -15.237  -8.364 0.2857142985
100034  -25.427  -4.398  -9.249 0.2857142985
101035  -24.754  -3.577  -9.945 0.2857142985
102022  -25.165  -2.701  -9.509 0.2857142985
102020  -23.890  -2.354  -9.869 0.2857142985
103008  -24.297  -1.893  -9.550 0.2857142985
104020  -23.726  -0.601  -9.409 0.2857142985
105011  -23.209  0.348  -10.140 0.2857142985
105024  -21.884  0.192  -11.028 0.2857142985
105914  -23.132  1.405  -9.794 0.2857142985
83656  -25.042  -18.956  -7.282 0.2857142985
102021  -24.425  -2.749  -9.846 0.2857142985
101047  -24.149  -3.614  -10.368 0.2857142985
103007  -23.641  -1.552  -9.766 0.2857142985
104047  -22.788  -0.577  -10.539 0.2857142985
104036  -23.351  -0.656  -10.066 0.2857142985
104046  -22.172  -0.621  -10.988 0.2857142985
102032  -23.442  -2.457  -10.255 0.2857142985
103029  -22.759  -1.920  -10.572 0.2857142985
103019  -23.108  -1.545  -10.421 0.2857142985
88331  -26.482  -15.467  -7.708 0.4285714328
75830  -23.373  -27.120  -4.199 0.1428571492
105012  -23.441  0.855  -9.680 0.2857142985
80313  -23.297  -22.359  -5.266 0.1428571492
79178  -22.917  -22.730  -5.033 0.1428571492
75828  -22.202  -26.078  -3.835 0.1428571492
76992  -22.619  -25.198  -4.158 0.1428571492
78037  -22.821  -24.435  -4.476 0.1428571492
87288  -25.595  -16.569  -8.306 0.4285714328
105927  -22.748  0.916  -10.428 0.2857142985
86124  -25.826  -17.337  -7.937 0.4285714328
103018  -22.515  -1.364  -10.639 0.2857142985
89381  -25.682  -14.162  -9.245 0.2857142985
89373  -26.077  -14.438  -8.994 0.2857142985
91565  -26.451  -13.025  -9.044 0.2857142985
115306  -26.743  11.833  -5.253 0.1428571492
114449  -26.322  10.573  -5.296 0.1428571492
114448  -25.210  10.502  -5.889 0.1428571492
113566  -24.846  9.516  -5.735 0.1428571492
113567  -25.908  9.329  -5.238 0.1428571492
114447  -24.592  10.145  -6.323 0.1428571492
115318  -23.429  11.823  -7.148 0.1428571492
116155  -23.812  13.306  -6.679 0.1428571492
90481  -25.898  -13.614  -9.344 0.2857142985
91563  -25.165  -12.564  -9.367 0.2857142985
113552  -26.574  8.876  -4.965 0.1428571492
113568  -27.087  9.428  -5.056 0.1428571492
112602  -25.118  8.584  -5.443 0.1428571492
112601  -24.479  8.826  -5.999 0.1428571492
115319  -24.195  11.134  -6.851 0.1428571492
115304  -24.490  11.548  -6.433 0.1428571492
115303  -23.973  11.838  -6.645 0.1428571492
116153  -22.488  13.546  -8.033 0.1428571492
88342  -26.149  -14.950  -8.119 0.2857142985
114462  -24.560  10.740  -6.550 0.1428571492
101046  -23.421  -3.497  -10.443 0.1428571492
102033  -23.894  -2.922  -10.249 0.1428571492
102990  -19.722  -1.249  -8.767 0.1428571492
104034  -20.262  -0.368  -9.328 0.1428571492
100033  -24.858  -4.435  -9.741 0.1428571492
104045  -21.621  -0.616  -10.528 0.1428571492
105009  -20.261  0.609  -9.018 0.1428571492
105900  -20.217  1.562  -8.564 0.2857142985
94829  -25.583  -9.673  -9.574 0.2857142985
94828  -24.843  -9.618  -9.922 0.1428571492
98037  -24.033  -6.266  -10.164 0.1428571492
99048  -24.387  -5.317  -9.997 0.1428571492
100054  -24.021  -4.808  -10.384 0.1428571492
101054  -23.128  -2.961  -10.383 0.1428571492
105925  -21.850  0.623  -10.626 0.1428571492
106801  -21.441  2.412  -9.385 0.1428571492
105911  -20.804  1.499  -9.385 0.1428571492
106800  -20.568  2.462  -8.940 0.2857142985
108628  -21.226  3.764  -9.233 0.2857142985
110595  -20.651  6.108  -7.386 0.2857142985
109552  -20.231  5.244  -6.757 0.2857142985
113563  -21.501  10.171  -5.449 0.1428571492
112569  -20.047  8.567  -2.425 0.1428571492
107704  -22.246  3.398  -9.895 0.2857142985
107702  -21.016  3.254  -9.089 0.2857142985
108610  -21.348  4.341  -9.216 0.2857142985
109587  -22.198  5.280  -9.743 0.2857142985
108591  -20.809  4.599  -8.645 0.2857142985
108574  -20.187  4.859  -7.361 0.2857142985
109569  -20.370  5.466  -7.875 0.2857142985
111647  -21.140  6.902  -8.704 0.2857142985
110574  -20.358  7.579  -5.334 0.1428571492
110584  -19.964  5.547  -5.694 0.2857142985
113547  -21.058  9.803  -4.041 0.1428571492
113538  -22.005  9.188  -3.495 0.1428571492
108573  -19.814  4.406  -6.805 0.1428571492
105899  -19.544  1.632  -7.810 0.2857142985
109541  -19.754  5.427  -6.025 0.2857142985
110586  -20.610  7.187  -6.194 0.1428571492
110573  -20.352  6.718  -5.276 0.2857142985
111595  -19.836  7.829  -4.670 0.1428571492
110562  -20.058  7.349  -4.766 0.1428571492
104003  -18.898  0.443  -7.522 0.2857142985
109529  -19.865  5.420  -4.674 0.1428571492
112562  -20.242  7.780  -1.623 0.1428571492
110552  -19.043  6.168  -3.247 0.1428571492
102939  -17.422  -0.721  -5.099 0.1428571492
97006  -24.962  -7.338  -9.976 0.1428571492
99047  -23.831  -5.372  -10.256 0.1428571492
101948  -30.632  -2.219  -4.505 0.1428571492
100043  -23.688  -4.585  -10.390 0.1428571492
101044  -22.250  -3.275  -10.242 0.1428571492
102031  -21.828  -2.580  -10.299 0.1428571492
103027  -21.968  -2.112  -10.499 0.1428571492
103005  -20.470  -1.388  -9.328 0.1428571492
105023  -21.499  0.264  -10.396 0.1428571492
104018  -19.131  -0.115  -7.760 0.1428571492
105912  -21.705  1.240  -10.030 0.1428571492
104995  -19.247  0.785  -7.674 0.2857142985
107687  -20.179  3.356  -8.624 0.1428571492
108609  -20.550  4.105  -8.644 0.2857142985
108589  -19.654  3.984  -7.403 0.1428571492
108590  -20.175  4.488  -7.985 0.1428571492
109516  -19.785  5.609  -3.867 0.1428571492
110561  -19.961  6.481  -4.267 0.1428571492
111593  -19.628  7.367  -3.520 0.1428571492
111607  -20.241  8.191  -4.882 0.1428571492
112561  -19.779  7.702  -2.293 0.1428571492
112568  -19.617  8.060  -2.907 0.1428571492
100967  -30.665  -3.079  -4.600 0.1428571492
101947  -30.238  -2.633  -5.260 0.1428571492
112578  -19.726  8.948  -3.135 0.1428571492
111605  -19.429  7.985  -3.950 0.1428571492
95922  -24.607  -7.868  -9.748 0.1428571492
108611  -22.057  4.564  -9.688 0.2857142985
106802  -22.266  2.501  -9.951 0.1428571492
101052  -22.498  -2.795  -10.388 0.1428571492
103017  -21.839  -1.657  -10.517 0.1428571492
100041  -22.425  -3.916  -10.131 0.1428571492
100042  -22.731  -4.490  -10.137 0.1428571492
103006  -21.177  -1.502  -9.903 0.1428571492
104035  -20.993  -0.504  -9.908 0.1428571492
104019  -19.629  -0.242  -8.631 0.1428571492
105010  -20.807  0.507  -9.858 0.1428571492
104996  -19.708  0.692  -8.230 0.1428571492
106785  -19.887  2.473  -8.358 0.2857142985
108627  -20.846  3.813  -8.986 0.2857142985
107688  -21.973  3.917  -9.578 0.2857142985
107703  -21.658  3.426  -9.572 0.2857142985
110615  -21.056  6.235  -8.364 0.2857142985
109551  -19.504  5.049  -6.146 0.1428571492
110585  -20.410  6.046  -6.154 0.2857142985
113531  -20.414  8.984  -2.444 0.1428571492
109586  -21.701  5.165  -9.690 0.2857142985
109570  -21.129  5.390  -8.824 0.2857142985
110572  -20.186  5.799  -5.189 0.2857142985
113548  -22.516  9.965  -4.651 0.1428571492
107686  -19.653  3.019  -8.227 0.1428571492
107675  -20.134  3.866  -8.245 0.2857142985
111584  -19.550  7.037  -2.702 0.1428571492
84827  -22.797  -18.911  -5.863 0.1428571492
84849  -24.173  -18.814  -6.733 0.1428571492
84868  -23.889  -18.234  -7.055 0.1428571492
86084  -22.229  -17.961  -5.865 0.1428571492
87264  -22.818  -16.910  -6.906 0.1428571492
87275  -22.719  -16.278  -7.106 0.1428571492
86105  -23.347  -17.570  -6.933 0.1428571492
88328  -22.962  -15.661  -7.429 0.1428571492
86122  -24.066  -17.545  -7.511 0.1428571492
84869  -24.650  -18.406  -7.250 0.1428571492
88329  -23.783  -15.699  -7.960 0.1428571492
88330  -24.418  -16.175  -8.204 0.1428571492
86133  -25.458  -17.180  -8.306 0.1428571492
88340  -24.711  -15.572  -8.405 0.1428571492
87287  -24.839  -16.677  -8.458 0.1428571492
88339  -23.973  -15.157  -8.412 0.1428571492
89380  -25.445  -13.961  -9.286 0.1428571492
92595  -25.261  -11.573  -9.438 0.1428571492
105886  -19.134  1.242  -7.552 0.1428571492
83616  -22.538  -19.545  -5.516 0.1428571492
109540  -19.525  5.254  -5.479 0.1428571492
93710  -25.398  -10.586  -9.503 0.1428571492
84848  -23.338  -18.567  -6.394 0.1428571492
86123  -25.013  -17.408  -7.916 0.1428571492
89372  -25.170  -14.438  -8.931 0.1428571492
84847  -22.625  -18.293  -5.980 0.1428571492
86104  -22.475  -17.558  -6.370 0.1428571492
86103  -21.917  -17.028  -6.271 0.1428571492
87276  -23.406  -16.633  -7.422 0.1428571492
87277  -24.252  -16.711  -7.956 0.1428571492
89360  -23.104  -15.148  -7.773 0.1428571492
88317  -22.373  -15.628  -6.953 0.1428571492
83615  -21.813  -19.382  -5.216 0.1428571492
75851  -22.436  -25.715  -4.109 0.1428571492
78008  -25.120  -24.432  -2.803 0.2857142985
78021  -25.369  -25.035  -2.982 0.4285714328
79177  -22.610  -22.526  -5.066 0.1428571492
82431  -24.817  -21.067  -3.561 0.4285714328
86004  -34.546  -17.045  -0.486 0.1428571492
86125  -26.086  -17.210  -7.535 0.4285714328
86132  -25.239  -17.098  -8.541 0.1428571492
89269  -36.353  -15.431  -1.105 0.1428571492
89309  -38.304  -13.889  -2.874 0.1428571492
90482  -26.281  -13.243  -9.191 0.2857142985
91473  -32.888  -12.436  -2.137 0.1428571492
92511  -33.641  -11.235  -1.911 0.1428571492
94847  -25.840  -8.762  -9.340 0.4285714328
95839  -30.922  -8.413  -4.392 0.1428571492
95860  -29.188  -8.438  -6.650 0.7142857313
96948  -28.625  -7.267  -6.992 0.8571428657
97975  -29.297  -6.577  -6.292 0.5714285970
99058  -24.005  -5.065  -10.351 0.1428571492
99059  -24.190  -4.982  -10.264 0.1428571492
100044  -24.330  -4.476  -10.257 0.1428571492
100053  -23.810  -4.932  -10.346 0.1428571492
100965  -30.060  -3.533  -5.872 0.2857142985
100990  -30.093  -3.775  -5.881 0.5714285970
101045  -22.791  -3.531  -10.377 0.1428571492
101053  -22.810  -2.960  -10.379 0.1428571492
102040  -22.231  -2.514  -10.436 0.1428571492
102041  -22.632  -2.418  -10.475 0.1428571492
102042  -23.027  -2.369  -10.484 0.2857142985
102940  -17.932  -0.600  -5.736 0.1428571492
102975  -26.753  -1.512  -8.268 0.8571428657
103028  -22.317  -1.983  -10.554 0.1428571492
105025  -22.506  0.220  -10.798 0.2857142985
105926  -22.177  0.792  -10.613 0.2857142985
110563  -20.019  7.761  -4.961 0.1428571492
110638  -22.034  7.660  -9.484 0.7142857313
110650  -21.688  7.783  -9.404 0.5714285970
110651  -21.894  7.854  -9.524 0.7142857313
111594  -19.746  7.559  -4.238 0.1428571492
111606  -19.693  8.146  -4.315 0.1428571492
111669  -22.359  7.959  -9.049 0.7142857313
111680  -21.732  8.001  -9.437 0.5714285970
111681  -22.008  8.015  -9.504 0.7142857313
112577  -19.615  8.283  -3.557 0.1428571492
112586  -19.642  8.305  -3.948 0.1428571492
112627  -22.044  8.946  -8.919 0.4285714328
112659  -21.884  8.184  -9.359 0.5714285970
113551  -26.267  8.720  -5.060 0.1428571492
114486  -21.789  11.228  -8.903 0.2857142985
115316  -22.439  12.966  -7.965 0.2857142985
115333  -22.659  11.516  -8.481 0.2857142985
115344  -22.178  11.189  -8.879 0.2857142985
116154  -23.037  13.552  -7.625 0.1428571492
116172  -22.029  12.946  -7.827 0.2857142985
116991  -21.898  13.589  -7.950 0.1428571492
116992  -22.124  13.722  -8.099 0.1428571492
