#!ascii label  , from subject 3325 vox2ras=TkReg
1253
66775  22.514  -28.274  70.475 0.0000000000
63911  35.519  -30.196  79.817 0.0000000000
85498  42.009  -13.858  53.213 0.0000000000
71656  33.745  -25.589  66.689 0.0000000000
66713  39.926  -29.703  73.949 0.0000000000
91532  52.934  -7.569  44.368 0.0000000000
79668  42.542  -17.648  54.868 0.0000000000
75841  36.276  -20.958  55.540 0.0000000000
60191  17.948  -33.358  68.758 0.0000000000
66688  29.699  -27.999  75.368 0.0000000000
62825  32.966  -30.767  72.552 0.0000000000
66825  27.347  -28.459  66.905 0.0000000000
90271  47.922  -9.302  49.041 0.0000000000
66653  25.316  -27.972  78.297 0.0000000000
63968  19.561  -29.906  75.700 0.0000000000
93681  46.981  -7.501  54.414 0.0000000000
57533  15.048  -34.874  73.877 0.0000000000
52671  11.757  -39.009  71.601 0.0000000000
75762  36.125  -21.421  61.526 0.0000000000
69233  36.299  -27.492  71.344 0.0000000000
61584  39.850  -32.667  69.097 0.0000000000
58835  36.556  -33.454  70.089 0.0000000000
79640  42.601  -17.867  56.933 0.0000000000
78466  39.313  -18.938  55.135 0.0000000000
77146  39.467  -19.488  57.781 0.0000000000
81916  46.693  -15.741  56.065 0.0000000000
65453  22.125  -29.602  67.137 0.0000000000
61611  20.104  -32.615  66.447 0.0000000000
65418  20.372  -30.147  69.065 0.0000000000
66735  26.126  -27.530  72.442 0.0000000000
65378  28.142  -28.272  70.506 0.0000000000
66810  25.264  -27.759  68.203 0.0000000000
65492  23.938  -29.382  64.971 0.0000000000
86683  41.822  -12.506  50.817 0.0000000000
86635  44.317  -13.146  55.017 0.0000000000
87783  43.508  -11.628  53.128 0.0000000000
88999  44.515  -10.464  51.227 0.0000000000
62767  18.564  -31.255  78.805 0.0000000000
62805  16.526  -31.758  75.168 0.0000000000
60089  16.131  -33.120  77.505 0.0000000000
53815  11.207  -37.748  77.230 0.0000000000
53848  12.755  -37.537  75.505 0.0000000000
52640  10.901  -39.154  73.363 0.0000000000
50056  9.102  -41.642  72.450 0.0000000000
48723  7.678  -41.819  74.577 0.0000000000
71603  36.065  -25.121  72.892 0.0000000000
68028  37.871  -28.652  73.069 0.0000000000
65393  38.653  -31.082  70.765 0.0000000000
64010  39.162  -31.757  71.683 0.0000000000
62871  32.187  -30.345  68.256 0.0000000000
60161  34.957  -32.294  70.995 0.0000000000
61624  33.854  -32.233  66.613 0.0000000000
60239  35.979  -32.812  66.482 0.0000000000
74351  34.121  -22.728  64.047 0.0000000000
74386  33.463  -22.815  60.395 0.0000000000
71707  32.586  -25.387  62.415 0.0000000000
91540  55.667  -7.856  41.541 0.0000000000
91542  53.776  -7.563  41.946 0.0000000000
81952  42.249  -16.117  53.053 0.0000000000
79701  39.475  -17.577  53.361 0.0000000000
84317  45.376  -14.934  55.306 0.0000000000
63936  32.840  -29.541  77.738 0.0000000000
62774  34.472  -31.315  76.798 0.0000000000
63990  31.541  -29.875  73.780 0.0000000000
64041  30.739  -29.534  69.605 0.0000000000
65490  29.587  -29.102  65.028 0.0000000000
93695  49.971  -6.617  51.550 0.0000000000
90261  50.705  -7.930  49.238 0.0000000000
90298  50.820  -8.319  46.599 0.0000000000
90322  50.790  -8.643  44.574 0.0000000000
66704  24.368  -27.524  74.466 0.0000000000
65347  20.799  -28.898  73.619 0.0000000000
65305  22.056  -28.575  76.656 0.0000000000
66677  26.981  -27.520  76.540 0.0000000000
91462  46.812  -8.765  51.469 0.0000000000
64002  18.470  -30.604  72.136 0.0000000000
60164  16.578  -33.668  71.274 0.0000000000
56344  15.169  -36.397  69.805 0.0000000000
56274  14.748  -36.066  76.018 0.0000000000
55105  13.986  -37.084  73.032 0.0000000000
47445  6.422  -43.321  74.748 0.0000000000
77091  39.596  -19.609  60.362 0.0000000000
74310  35.305  -22.942  67.478 0.0000000000
74265  35.702  -23.824  69.792 0.0000000000
70397  34.621  -26.822  68.833 0.0000000000
66789  37.123  -29.783  69.340 0.0000000000
65430  39.645  -31.887  68.757 0.0000000000
60255  39.471  -32.986  65.952 0.0000000000
60096  35.258  -33.485  75.855 0.0000000000
58736  37.277  -32.919  73.453 0.0000000000
60142  40.111  -34.144  72.408 0.0000000000
58832  38.497  -33.424  69.464 0.0000000000
60258  38.181  -32.985  65.746 0.0000000000
75799  36.493  -20.608  59.010 0.0000000000
74434  33.978  -23.396  55.729 0.0000000000
78415  42.289  -18.215  57.574 0.0000000000
78450  40.641  -18.777  56.616 0.0000000000
77145  40.282  -19.241  58.233 0.0000000000
79623  43.570  -17.578  57.527 0.0000000000
66813  22.086  -28.747  68.695 0.0000000000
65436  21.117  -29.593  68.233 0.0000000000
66776  21.638  -28.674  70.543 0.0000000000
66736  24.798  -27.710  72.418 0.0000000000
66772  26.018  -27.346  70.287 0.0000000000
66793  23.854  -28.034  69.385 0.0000000000
66829  23.385  -28.710  67.222 0.0000000000
85511  41.310  -13.545  52.226 0.0000000000
86657  43.549  -13.323  53.825 0.0000000000
87775  44.117  -12.515  54.687 0.0000000000
86658  43.206  -12.341  53.410 0.0000000000
86669  42.316  -11.996  52.192 0.0000000000
52572  10.176  -38.612  76.708 0.0000000000
52604  10.996  -38.501  75.351 0.0000000000
52605  10.281  -39.013  75.089 0.0000000000
51349  9.843  -40.215  73.254 0.0000000000
51350  9.310  -40.422  73.861 0.0000000000
50039  8.302  -41.744  73.698 0.0000000000
69202  37.662  -27.761  74.382 0.0000000000
68017  38.487  -28.717  73.795 0.0000000000
66732  38.874  -29.632  72.722 0.0000000000
65357  39.482  -30.567  73.295 0.0000000000
62732  37.041  -30.514  79.262 0.0000000000
62894  32.297  -30.474  65.980 0.0000000000
61610  33.430  -31.232  67.519 0.0000000000
61641  33.328  -31.700  65.653 0.0000000000
61640  34.079  -32.085  65.572 0.0000000000
72982  33.731  -23.550  64.871 0.0000000000
74364  33.420  -23.224  63.125 0.0000000000
91526  52.869  -7.752  45.518 0.0000000000
91525  53.909  -7.719  45.152 0.0000000000
91531  54.239  -7.602  43.999 0.0000000000
92658  54.817  -7.451  43.141 0.0000000000
91543  53.132  -7.771  42.454 0.0000000000
80795  42.905  -16.867  53.639 0.0000000000
81945  41.302  -17.019  52.827 0.0000000000
79685  41.748  -17.725  54.193 0.0000000000
77177  38.260  -19.385  55.207 0.0000000000
77194  37.769  -19.386  54.397 0.0000000000
77179  36.791  -20.571  53.765 0.0000000000
80769  44.769  -16.264  55.537 0.0000000000
81930  44.783  -15.602  55.141 0.0000000000
83157  44.600  -15.142  54.697 0.0000000000
60206  19.085  -33.149  67.522 0.0000000000
58845  17.305  -34.291  68.482 0.0000000000
65301  31.199  -28.202  76.209 0.0000000000
63966  31.840  -29.299  75.713 0.0000000000
65324  31.103  -29.098  74.378 0.0000000000
65396  28.186  -28.361  69.460 0.0000000000
65394  30.174  -28.579  70.066 0.0000000000
65433  28.719  -29.034  67.887 0.0000000000
64067  30.381  -29.619  67.247 0.0000000000
65471  29.085  -28.666  65.689 0.0000000000
66868  27.548  -28.417  64.941 0.0000000000
68072  36.409  -29.534  67.842 0.0000000000
91470  48.805  -8.154  50.317 0.0000000000
92598  50.868  -7.293  50.262 0.0000000000
90263  49.097  -8.490  49.458 0.0000000000
91518  49.459  -9.009  46.502 0.0000000000
89072  49.332  -9.082  45.333 0.0000000000
90310  50.782  -8.470  45.593 0.0000000000
66679  24.858  -27.890  76.197 0.0000000000
65304  22.980  -28.259  76.055 0.0000000000
65293  23.323  -28.362  77.198 0.0000000000
66665  26.044  -27.556  77.421 0.0000000000
66692  25.727  -27.567  75.457 0.0000000000
93688  48.418  -6.519  53.096 0.0000000000
93699  46.579  -7.876  52.717 0.0000000000
89019  44.990  -10.246  50.342 0.0000000000
63976  20.592  -29.656  74.657 0.0000000000
65349  19.428  -29.786  72.957 0.0000000000
63978  18.743  -30.324  74.800 0.0000000000
60122  15.709  -33.445  73.929 0.0000000000
61541  16.817  -32.940  73.197 0.0000000000
58782  15.645  -34.225  72.080 0.0000000000
57560  15.899  -35.133  71.366 0.0000000000
56316  15.324  -35.793  72.269 0.0000000000
56265  13.790  -35.666  77.103 0.0000000000
53897  12.291  -38.186  73.413 0.0000000000
53869  13.422  -37.354  73.324 0.0000000000
53924  12.838  -37.891  71.790 0.0000000000
53944  13.583  -37.792  70.321 0.0000000000
75711  35.921  -21.677  66.140 0.0000000000
70370  36.096  -25.826  72.475 0.0000000000
72892  36.044  -24.060  71.098 0.0000000000
71621  35.085  -25.376  71.609 0.0000000000
71629  34.666  -25.447  69.777 0.0000000000
70390  35.242  -27.442  70.403 0.0000000000
69247  35.815  -28.208  69.676 0.0000000000
69241  36.099  -27.892  70.353 0.0000000000
65412  39.372  -31.676  69.978 0.0000000000
65413  39.053  -31.359  69.501 0.0000000000
62868  39.838  -32.361  68.624 0.0000000000
62892  39.818  -32.464  67.125 0.0000000000
60232  39.898  -33.026  67.050 0.0000000000
62802  33.421  -31.858  74.107 0.0000000000
61507  34.691  -32.814  76.020 0.0000000000
61526  35.048  -31.608  74.141 0.0000000000
58816  35.692  -33.083  70.788 0.0000000000
58756  36.209  -33.394  72.158 0.0000000000
58773  36.722  -34.126  71.986 0.0000000000
60129  39.468  -33.240  73.031 0.0000000000
58791  37.872  -34.049  71.448 0.0000000000
58789  39.246  -33.705  70.877 0.0000000000
58834  37.230  -33.172  70.043 0.0000000000
60283  36.261  -32.529  64.322 0.0000000000
60259  37.185  -33.074  65.743 0.0000000000
75773  38.027  -20.509  61.363 0.0000000000
75798  37.596  -20.332  59.553 0.0000000000
75775  35.961  -21.052  60.660 0.0000000000
73044  32.885  -23.778  59.611 0.0000000000
74408  33.499  -23.081  57.618 0.0000000000
91556  55.394  -7.733  40.476 0.0000000000
79655  42.843  -17.803  55.908 0.0000000000
79669  41.463  -18.146  55.156 0.0000000000
78464  41.184  -18.367  56.027 0.0000000000
78451  39.791  -18.922  55.971 0.0000000000
77148  37.746  -19.775  56.515 0.0000000000
80736  45.816  -16.591  57.291 0.0000000000
79653  44.076  -17.284  56.372 0.0000000000
64069  20.758  -30.766  66.489 0.0000000000
62872  19.580  -31.558  67.869 0.0000000000
62850  18.975  -31.407  69.192 0.0000000000
66716  27.588  -27.804  73.748 0.0000000000
65344  29.346  -28.174  73.220 0.0000000000
66734  27.594  -27.778  72.542 0.0000000000
66771  27.296  -27.603  69.932 0.0000000000
66809  26.333  -28.058  68.093 0.0000000000
66870  25.592  -28.644  65.438 0.0000000000
66847  24.657  -28.448  66.493 0.0000000000
65473  23.048  -29.480  65.823 0.0000000000
89043  46.686  -10.014  48.023 0.0000000000
65272  24.548  -27.896  79.486 0.0000000000
88938  45.487  -11.453  55.869 0.0000000000
91444  45.421  -9.928  55.489 0.0000000000
91457  44.967  -9.299  53.575 0.0000000000
91464  45.217  -9.244  52.589 0.0000000000
89001  43.698  -10.747  52.218 0.0000000000
87816  43.255  -11.416  50.710 0.0000000000
62786  18.725  -30.384  77.269 0.0000000000
63979  17.760  -30.528  75.266 0.0000000000
62788  17.587  -31.506  77.253 0.0000000000
61521  15.976  -32.209  75.885 0.0000000000
58729  15.241  -34.113  75.579 0.0000000000
55050  13.266  -36.996  77.261 0.0000000000
53832  12.093  -38.074  76.435 0.0000000000
52639  11.494  -38.379  73.864 0.0000000000
52657  11.606  -38.741  72.755 0.0000000000
51379  10.247  -40.465  71.644 0.0000000000
69214  36.960  -27.381  73.146 0.0000000000
69223  37.012  -27.765  72.284 0.0000000000
68045  37.144  -28.804  71.350 0.0000000000
68038  37.641  -29.168  72.100 0.0000000000
65392  38.722  -31.476  71.179 0.0000000000
62846  39.394  -32.394  70.330 0.0000000000
62849  32.633  -30.328  70.429 0.0000000000
61565  34.463  -31.699  71.295 0.0000000000
62858  33.579  -31.453  69.760 0.0000000000
61585  34.688  -31.959  69.615 0.0000000000
60205  35.296  -32.637  68.003 0.0000000000
60218  36.069  -33.156  68.040 0.0000000000
60220  35.349  -32.729  66.948 0.0000000000
60285  35.139  -31.801  64.919 0.0000000000
74350  35.100  -21.632  63.406 0.0000000000
75763  35.389  -21.403  61.049 0.0000000000
74363  34.324  -22.355  62.618 0.0000000000
73031  32.799  -23.949  60.893 0.0000000000
92667  55.327  -7.571  42.391 0.0000000000
91541  54.682  -7.464  41.634 0.0000000000
83174  41.557  -15.484  52.905 0.0000000000
83175  40.564  -15.330  52.352 0.0000000000
81954  40.285  -16.223  52.788 0.0000000000
78482  39.035  -18.626  54.217 0.0000000000
78500  37.884  -19.108  52.818 0.0000000000
84306  47.337  -15.168  56.224 0.0000000000
86616  47.624  -13.809  56.484 0.0000000000
87760  46.738  -13.064  55.893 0.0000000000
85481  44.975  -14.507  55.010 0.0000000000
84328  43.423  -14.551  54.147 0.0000000000
62735  34.827  -29.659  78.999 0.0000000000
62748  35.814  -30.634  78.084 0.0000000000
62775  33.529  -30.833  76.997 0.0000000000
63964  32.988  -31.112  75.471 0.0000000000
63989  31.992  -30.622  73.120 0.0000000000
65360  30.346  -28.569  72.571 0.0000000000
64013  31.371  -28.810  71.856 0.0000000000
64012  32.016  -29.804  71.219 0.0000000000
64040  31.370  -30.082  68.998 0.0000000000
64066  31.374  -30.176  66.599 0.0000000000
64093  31.184  -30.440  64.814 0.0000000000
91478  52.052  -7.259  49.225 0.0000000000
91499  49.046  -9.220  47.687 0.0000000000
90279  50.883  -8.345  48.399 0.0000000000
90286  52.175  -8.078  48.155 0.0000000000
91517  52.054  -8.161  46.378 0.0000000000
91527  52.136  -8.074  45.779 0.0000000000
91533  52.012  -7.776  44.776 0.0000000000
91537  51.839  -8.044  43.301 0.0000000000
66737  23.632  -28.030  72.362 0.0000000000
66739  21.808  -28.468  72.079 0.0000000000
65345  22.439  -28.114  74.128 0.0000000000
65317  21.956  -28.505  75.549 0.0000000000
63958  20.445  -29.631  76.498 0.0000000000
65283  23.108  -28.250  78.718 0.0000000000
63950  20.535  -29.420  77.907 0.0000000000
62765  19.884  -30.430  79.252 0.0000000000
63894  35.047  -29.628  80.402 0.0000000000
63914  32.935  -29.446  79.531 0.0000000000
63938  31.573  -28.612  78.473 0.0000000000
65302  30.247  -28.090  76.854 0.0000000000
66662  29.136  -27.837  77.909 0.0000000000
66690  28.000  -27.271  75.671 0.0000000000
66702  26.673  -27.373  74.579 0.0000000000
66718  25.222  -27.397  73.461 0.0000000000
94776  49.668  -6.457  52.272 0.0000000000
92588  48.599  -7.157  51.340 0.0000000000
91471  47.927  -8.551  50.783 0.0000000000
90239  45.532  -9.416  51.790 0.0000000000
88997  46.387  -9.540  50.561 0.0000000000
89029  46.456  -9.904  48.961 0.0000000000
65380  20.232  -29.471  71.475 0.0000000000
64014  18.865  -30.587  70.407 0.0000000000
62852  17.902  -31.958  70.211 0.0000000000
62816  17.057  -31.512  73.295 0.0000000000
61553  16.990  -32.394  71.504 0.0000000000
60178  17.185  -33.168  69.653 0.0000000000
57571  16.654  -34.614  69.623 0.0000000000
56357  15.913  -36.022  69.249 0.0000000000
58716  14.848  -34.654  75.919 0.0000000000
57521  14.751  -35.159  74.652 0.0000000000
56291  13.972  -36.042  74.810 0.0000000000
56303  14.467  -36.000  73.132 0.0000000000
55124  14.572  -36.756  71.715 0.0000000000
47462  7.250  -42.663  74.585 0.0000000000
77106  40.430  -19.281  59.896 0.0000000000
75739  36.248  -20.898  64.157 0.0000000000
74340  35.078  -21.843  64.841 0.0000000000
74327  34.584  -23.182  66.058 0.0000000000
72952  34.231  -24.632  67.286 0.0000000000
74298  35.699  -23.523  68.350 0.0000000000
72934  34.665  -24.241  68.063 0.0000000000
71647  34.144  -25.684  67.899 0.0000000000
69249  34.670  -27.518  68.543 0.0000000000
68063  35.385  -28.504  68.690 0.0000000000
66807  37.332  -29.992  68.586 0.0000000000
68053  37.501  -29.768  70.467 0.0000000000
66787  38.559  -30.964  68.893 0.0000000000
65431  39.305  -31.470  68.147 0.0000000000
64065  39.819  -31.992  67.582 0.0000000000
61621  40.224  -32.600  65.752 0.0000000000
65341  40.096  -30.513  74.295 0.0000000000
61482  36.416  -31.737  77.157 0.0000000000
61494  36.559  -32.774  77.052 0.0000000000
60084  37.590  -33.435  76.452 0.0000000000
60131  35.362  -32.468  72.861 0.0000000000
60107  36.774  -33.578  74.914 0.0000000000
60092  38.681  -33.018  75.501 0.0000000000
60103  39.620  -33.007  74.494 0.0000000000
61514  40.193  -32.539  74.386 0.0000000000
62813  39.399  -32.394  73.442 0.0000000000
61549  39.574  -33.096  71.801 0.0000000000
60173  39.324  -33.155  70.597 0.0000000000
60188  39.310  -33.153  69.368 0.0000000000
58899  37.096  -33.264  67.550 0.0000000000
58898  37.949  -33.332  67.278 0.0000000000
58872  39.314  -33.540  67.217 0.0000000000
60256  39.226  -33.263  65.587 0.0000000000
77128  39.664  -19.547  58.790 0.0000000000
75826  38.071  -19.934  57.912 0.0000000000
75828  36.189  -20.582  56.591 0.0000000000
75788  35.042  -22.061  59.092 0.0000000000
74419  34.724  -21.894  57.451 0.0000000000
75829  35.408  -21.450  55.872 0.0000000000
92677  52.367  -8.436  42.079 0.0000000000
78416  41.669  -18.476  58.098 0.0000000000
78417  40.866  -18.666  58.658 0.0000000000
79610  43.273  -17.677  58.162 0.0000000000
66794  22.835  -28.455  69.498 0.0000000000
66795  21.838  -28.782  69.522 0.0000000000
66755  24.171  -27.633  71.459 0.0000000000
66773  24.672  -27.563  70.415 0.0000000000
66774  23.476  -27.798  70.449 0.0000000000
85527  40.658  -13.740  51.357 0.0000000000
85512  40.994  -14.173  51.891 0.0000000000
85497  42.840  -13.450  53.564 0.0000000000
85510  42.052  -13.103  52.678 0.0000000000
52590  9.614  -39.152  75.852 0.0000000000
52589  10.458  -38.518  75.922 0.0000000000
52606  9.648  -39.553  74.904 0.0000000000
52623  9.504  -39.955  74.482 0.0000000000
51337  8.920  -40.254  75.061 0.0000000000
66714  39.511  -29.154  73.704 0.0000000000
66731  39.459  -29.818  73.241 0.0000000000
63910  36.328  -30.387  79.971 0.0000000000
62733  36.085  -30.601  79.116 0.0000000000
62907  32.053  -30.664  64.960 0.0000000000
62906  32.670  -31.145  65.238 0.0000000000
61661  33.006  -31.645  64.322 0.0000000000
72967  33.546  -24.654  65.877 0.0000000000
72983  33.417  -24.475  65.244 0.0000000000
91536  52.955  -7.642  43.251 0.0000000000
80784  43.219  -17.046  54.347 0.0000000000
80785  42.296  -17.304  53.673 0.0000000000
79684  42.484  -17.483  54.249 0.0000000000
75856  36.783  -20.310  55.306 0.0000000000
77178  37.083  -19.847  54.653 0.0000000000
75857  36.318  -20.998  54.421 0.0000000000
80770  43.869  -16.811  55.546 0.0000000000
80783  43.873  -16.258  55.163 0.0000000000
81932  43.461  -16.123  54.634 0.0000000000
61588  18.721  -32.594  68.476 0.0000000000
60207  18.614  -33.472  67.702 0.0000000000
58844  17.810  -33.928  67.822 0.0000000000
65314  30.181  -28.017  75.805 0.0000000000
65313  31.093  -28.654  75.198 0.0000000000
65325  30.133  -28.241  74.612 0.0000000000
66808  27.254  -28.372  67.845 0.0000000000
65416  28.124  -28.461  68.409 0.0000000000
65434  28.057  -28.529  67.501 0.0000000000
65451  28.692  -28.664  66.797 0.0000000000
66824  27.956  -28.411  66.520 0.0000000000
66844  27.348  -28.336  65.941 0.0000000000
66822  37.426  -29.977  67.326 0.0000000000
90249  48.358  -8.600  50.120 0.0000000000
90248  49.377  -8.277  49.849 0.0000000000
90312  49.481  -9.074  44.334 0.0000000000
66666  24.800  -27.470  77.233 0.0000000000
66667  24.073  -27.725  76.775 0.0000000000
65282  24.240  -28.229  78.018 0.0000000000
92575  46.324  -8.296  54.770 0.0000000000
93689  47.531  -6.870  53.629 0.0000000000
93690  46.692  -7.604  53.564 0.0000000000
63977  19.799  -29.803  74.378 0.0000000000
58763  15.461  -34.329  73.328 0.0000000000
57546  15.283  -35.273  72.581 0.0000000000
56250  13.482  -35.714  78.023 0.0000000000
53925  12.278  -38.313  72.255 0.0000000000
53946  12.454  -38.621  71.196 0.0000000000
70378  36.089  -26.424  71.950 0.0000000000
70384  35.196  -26.757  70.985 0.0000000000
69240  36.616  -28.335  71.024 0.0000000000
62857  39.688  -32.309  69.510 0.0000000000
64039  39.703  -32.120  69.127 0.0000000000
61593  39.909  -32.644  68.316 0.0000000000
60216  39.824  -33.008  68.065 0.0000000000
62814  33.720  -31.202  73.092 0.0000000000
61527  34.277  -31.745  74.590 0.0000000000
58836  36.331  -32.975  70.182 0.0000000000
58794  36.172  -33.645  71.247 0.0000000000
58814  36.457  -33.391  70.780 0.0000000000
58792  37.140  -34.077  71.451 0.0000000000
58813  36.987  -33.429  70.857 0.0000000000
58812  37.544  -33.796  70.688 0.0000000000
75774  37.050  -21.135  60.961 0.0000000000
79656  41.991  -18.298  56.205 0.0000000000
77160  40.223  -19.264  57.369 0.0000000000
77161  39.483  -19.312  56.700 0.0000000000
77162  38.445  -19.507  56.190 0.0000000000
77147  38.429  -19.584  57.262 0.0000000000
80735  46.733  -16.549  57.349 0.0000000000
79639  43.408  -17.626  56.685 0.0000000000
79638  44.272  -17.415  56.910 0.0000000000
79654  43.643  -17.485  56.273 0.0000000000
64055  20.233  -30.628  67.701 0.0000000000
64042  19.779  -30.876  68.572 0.0000000000
62861  19.589  -31.429  68.500 0.0000000000
64043  19.500  -30.983  69.025 0.0000000000
66791  26.260  -27.547  69.119 0.0000000000
66827  25.437  -28.131  67.269 0.0000000000
87761  45.800  -13.028  55.715 0.0000000000
87762  44.684  -12.551  55.462 0.0000000000
88971  44.019  -11.469  54.417 0.0000000000
90200  44.678  -11.151  55.375 0.0000000000
90213  44.443  -10.663  54.927 0.0000000000
91449  45.372  -9.275  54.775 0.0000000000
90228  44.169  -10.076  53.765 0.0000000000
91458  44.527  -9.598  53.162 0.0000000000
88982  43.796  -10.928  53.095 0.0000000000
86682  42.448  -11.830  50.996 0.0000000000
62776  18.705  -30.245  77.916 0.0000000000
62787  18.054  -30.511  77.078 0.0000000000
61510  16.285  -32.485  77.029 0.0000000000
60098  15.810  -33.277  76.299 0.0000000000
53814  12.233  -37.489  77.669 0.0000000000
52621  10.782  -38.679  74.393 0.0000000000
52620  11.556  -38.328  74.893 0.0000000000
52658  10.900  -39.610  72.075 0.0000000000
52659  10.336  -40.037  72.287 0.0000000000
51364  9.331  -40.754  72.815 0.0000000000
51380  9.579  -41.086  71.975 0.0000000000
48747  7.906  -42.156  74.064 0.0000000000
69213  37.370  -28.042  73.513 0.0000000000
69203  37.067  -27.284  73.948 0.0000000000
69222  37.374  -28.246  72.769 0.0000000000
68037  38.450  -29.473  72.240 0.0000000000
65374  38.788  -30.997  72.315 0.0000000000
65375  38.694  -30.539  71.882 0.0000000000
64025  39.425  -31.982  70.396 0.0000000000
62860  32.299  -30.335  69.368 0.0000000000
62859  33.159  -30.708  69.611 0.0000000000
62870  33.030  -30.567  68.620 0.0000000000
61609  34.015  -31.503  67.805 0.0000000000
61594  34.723  -32.038  68.507 0.0000000000
60190  35.306  -32.384  69.140 0.0000000000
61608  34.646  -32.352  67.347 0.0000000000
61659  34.505  -31.932  64.713 0.0000000000
73015  32.712  -24.426  62.358 0.0000000000
92668  54.506  -7.418  42.400 0.0000000000
91549  53.824  -7.724  40.916 0.0000000000
83166  42.305  -15.447  53.538 0.0000000000
81953  41.439  -16.259  52.805 0.0000000000
80797  40.058  -17.079  53.174 0.0000000000
80798  39.215  -17.315  53.084 0.0000000000
79702  38.572  -17.974  52.914 0.0000000000
79670  40.507  -18.314  54.815 0.0000000000
78481  39.903  -18.492  54.718 0.0000000000
77195  37.322  -19.900  53.738 0.0000000000
78483  37.967  -19.127  53.771 0.0000000000
78484  37.346  -19.877  52.903 0.0000000000
81915  47.179  -15.765  56.276 0.0000000000
83135  47.512  -15.613  56.390 0.0000000000
83146  46.994  -15.456  56.067 0.0000000000
84308  46.159  -15.076  55.557 0.0000000000
84307  46.844  -15.141  55.807 0.0000000000
85469  46.551  -14.584  55.740 0.0000000000
86632  46.939  -13.840  56.118 0.0000000000
86633  46.132  -13.848  55.730 0.0000000000
85470  45.700  -14.540  55.461 0.0000000000
83164  43.957  -15.136  54.289 0.0000000000
84327  44.250  -14.728  54.348 0.0000000000
83165  43.004  -15.253  54.262 0.0000000000
62750  33.750  -29.667  78.069 0.0000000000
62763  34.154  -30.482  77.535 0.0000000000
62764  33.400  -30.015  77.544 0.0000000000
63975  31.544  -29.879  74.782 0.0000000000
63965  32.456  -30.597  75.286 0.0000000000
63974  31.932  -30.851  74.235 0.0000000000
65361  29.116  -28.066  72.166 0.0000000000
65377  29.162  -28.397  70.885 0.0000000000
64027  31.241  -28.982  70.587 0.0000000000
64026  31.626  -29.973  70.050 0.0000000000
64053  30.571  -29.573  68.539 0.0000000000
65470  29.686  -29.109  66.330 0.0000000000
64082  30.685  -29.709  65.721 0.0000000000
64081  31.687  -30.111  65.583 0.0000000000
64094  30.272  -30.009  64.461 0.0000000000
66894  24.831  -29.078  64.854 0.0000000000
66893  25.599  -29.009  64.368 0.0000000000
94775  50.259  -6.274  52.211 0.0000000000
91468  50.626  -7.641  49.892 0.0000000000
92597  51.350  -7.009  50.084 0.0000000000
91467  51.202  -7.313  49.760 0.0000000000
92608  51.751  -6.970  49.656 0.0000000000
91486  51.292  -7.782  49.089 0.0000000000
89058  48.306  -9.465  47.434 0.0000000000
90281  48.924  -9.158  48.081 0.0000000000
90299  49.915  -8.770  46.161 0.0000000000
90289  50.079  -8.615  47.176 0.0000000000
90288  50.859  -8.387  47.566 0.0000000000
90287  51.649  -8.303  47.930 0.0000000000
90296  52.206  -8.110  47.530 0.0000000000
90297  51.696  -8.121  46.979 0.0000000000
90321  51.476  -8.278  45.193 0.0000000000
90335  51.357  -8.237  44.267 0.0000000000
66719  23.967  -27.579  73.361 0.0000000000
66720  22.822  -28.122  73.260 0.0000000000
66705  23.177  -27.812  74.359 0.0000000000
65318  21.254  -29.159  75.966 0.0000000000
65306  21.262  -29.134  77.135 0.0000000000
65284  22.157  -28.928  79.288 0.0000000000
63940  20.463  -30.061  79.187 0.0000000000
63951  19.616  -30.033  78.398 0.0000000000
63913  33.806  -29.623  79.673 0.0000000000
65280  31.002  -28.136  78.256 0.0000000000
66664  27.201  -27.462  77.575 0.0000000000
66663  28.272  -27.537  77.746 0.0000000000
66675  28.989  -27.784  77.025 0.0000000000
66676  28.127  -27.431  76.728 0.0000000000
66691  26.818  -27.381  75.543 0.0000000000
66693  24.712  -27.863  75.411 0.0000000000
66703  25.541  -27.392  74.534 0.0000000000
83176  39.606  -15.739  52.058 0.0000000000
92589  47.829  -7.741  51.800 0.0000000000
93697  48.106  -7.036  52.402 0.0000000000
91460  48.310  -7.959  51.009 0.0000000000
91472  47.383  -8.775  51.100 0.0000000000
90253  44.437  -10.160  51.766 0.0000000000
90252  45.070  -9.850  51.458 0.0000000000
87830  44.666  -10.366  49.816 0.0000000000
88998  45.538  -9.900  50.770 0.0000000000
89030  45.525  -10.256  49.373 0.0000000000
89018  46.116  -9.706  49.922 0.0000000000
65363  21.290  -28.622  72.781 0.0000000000
65379  20.911  -28.658  71.805 0.0000000000
65364  20.412  -28.997  72.574 0.0000000000
65366  19.090  -30.127  72.257 0.0000000000
65381  19.326  -30.223  71.205 0.0000000000
65382  18.830  -30.465  71.663 0.0000000000
64030  18.493  -30.973  70.091 0.0000000000
64015  18.290  -30.701  71.023 0.0000000000
62804  17.167  -31.260  74.650 0.0000000000
63993  17.770  -30.613  73.996 0.0000000000
60148  16.358  -33.424  71.854 0.0000000000
61540  16.888  -32.204  72.426 0.0000000000
60147  16.658  -32.961  71.588 0.0000000000
61566  17.310  -32.445  70.465 0.0000000000
58801  16.754  -33.802  70.208 0.0000000000
58823  16.955  -34.126  69.462 0.0000000000
58824  16.662  -34.387  70.073 0.0000000000
56343  15.612  -35.798  70.540 0.0000000000
55185  14.650  -36.957  69.091 0.0000000000
56264  14.260  -35.537  76.533 0.0000000000
57502  14.610  -35.175  76.267 0.0000000000
57511  14.766  -35.422  75.596 0.0000000000
55079  13.280  -36.877  75.531 0.0000000000
55092  13.619  -36.623  74.065 0.0000000000
56290  14.355  -35.894  74.101 0.0000000000
55104  14.431  -36.629  72.645 0.0000000000
55125  14.111  -37.257  72.047 0.0000000000
48705  7.334  -42.032  75.003 0.0000000000
48706  7.220  -41.996  75.249 0.0000000000
47444  6.950  -42.435  75.084 0.0000000000
47463  7.054  -43.431  74.168 0.0000000000
75772  38.638  -20.141  61.982 0.0000000000
74326  35.143  -22.393  66.264 0.0000000000
72965  34.604  -23.296  66.391 0.0000000000
72951  34.695  -23.600  66.941 0.0000000000
74283  35.684  -23.702  69.217 0.0000000000
72919  35.039  -24.391  69.048 0.0000000000
71636  34.330  -25.564  68.861 0.0000000000
72935  34.196  -24.839  67.896 0.0000000000
71637  34.318  -26.238  68.472 0.0000000000
70398  34.284  -26.806  68.249 0.0000000000
68055  36.244  -28.489  69.794 0.0000000000
68062  35.971  -28.842  69.073 0.0000000000
68061  36.784  -29.539  68.873 0.0000000000
66752  38.122  -29.528  71.306 0.0000000000
68044  37.704  -29.314  70.988 0.0000000000
66770  38.006  -29.959  70.754 0.0000000000
65447  39.753  -31.878  67.435 0.0000000000
61622  39.887  -32.709  66.554 0.0000000000
62891  40.050  -32.285  66.515 0.0000000000
61636  40.167  -32.946  65.473 0.0000000000
61637  39.928  -33.281  65.045 0.0000000000
62762  35.036  -31.073  77.446 0.0000000000
62761  35.627  -31.027  77.455 0.0000000000
61484  35.173  -31.526  77.078 0.0000000000
60097  34.854  -33.063  75.645 0.0000000000
61495  35.625  -32.554  76.571 0.0000000000
60086  35.920  -33.428  76.446 0.0000000000
60085  36.782  -33.443  76.496 0.0000000000
60095  36.246  -33.729  75.733 0.0000000000
60162  34.712  -32.030  71.157 0.0000000000
61551  34.961  -32.211  72.544 0.0000000000
60145  35.088  -32.531  71.920 0.0000000000
58737  36.703  -33.239  73.209 0.0000000000
58738  36.257  -33.444  73.134 0.0000000000
58722  36.641  -32.983  74.089 0.0000000000
60106  37.507  -33.422  74.983 0.0000000000
60105  38.123  -32.793  74.870 0.0000000000
61516  39.397  -32.778  75.277 0.0000000000
60118  38.552  -32.660  74.305 0.0000000000
60128  39.874  -34.026  72.997 0.0000000000
60116  39.775  -33.514  73.713 0.0000000000
61537  40.085  -33.604  73.129 0.0000000000
62801  40.093  -32.123  74.185 0.0000000000
61536  39.894  -33.110  72.750 0.0000000000
61550  40.313  -33.705  72.097 0.0000000000
58810  38.897  -33.444  70.183 0.0000000000
60174  39.143  -33.314  70.401 0.0000000000
58831  39.132  -33.337  68.963 0.0000000000
60219  35.797  -33.026  67.486 0.0000000000
58900  36.475  -33.121  67.913 0.0000000000
60238  36.452  -33.311  66.891 0.0000000000
60237  37.511  -33.312  66.587 0.0000000000
60236  38.402  -33.324  66.446 0.0000000000
58897  38.635  -33.554  67.070 0.0000000000
60235  38.944  -33.501  66.384 0.0000000000
60234  39.222  -33.430  66.477 0.0000000000
60257  38.794  -33.514  65.658 0.0000000000
77107  39.940  -19.461  59.711 0.0000000000
77108  39.156  -19.763  59.415 0.0000000000
75814  37.695  -20.135  58.434 0.0000000000
75815  36.316  -20.554  57.792 0.0000000000
75827  37.334  -20.039  57.248 0.0000000000
74375  34.444  -21.839  61.224 0.0000000000
75776  35.029  -21.415  60.238 0.0000000000
74385  34.324  -22.221  59.820 0.0000000000
74407  34.425  -22.172  58.196 0.0000000000
74420  34.022  -22.605  56.950 0.0000000000
74433  34.519  -22.013  56.306 0.0000000000
92684  55.902  -7.669  40.269 0.0000000000
93780  56.052  -7.423  39.948 0.0000000000
93790  56.689  -7.310  39.838 0.0000000000
92670  52.316  -8.145  42.642 0.0000000000
91552  51.665  -8.916  42.011 0.0000000000
78433  42.114  -18.191  57.110 0.0000000000
79641  41.961  -18.249  56.786 0.0000000000
78434  41.557  -18.406  57.190 0.0000000000
78435  40.832  -18.739  57.680 0.0000000000
65435  22.004  -29.017  68.036 0.0000000000
65454  21.290  -30.233  67.174 0.0000000000
65417  21.027  -29.429  69.743 0.0000000000
66754  25.486  -27.576  71.412 0.0000000000
66792  25.029  -27.647  69.311 0.0000000000
66811  24.175  -28.242  68.337 0.0000000000
66812  22.893  -28.560  68.299 0.0000000000
85526  41.127  -13.167  51.292 0.0000000000
86646  44.041  -13.261  54.302 0.0000000000
86647  43.619  -12.352  53.700 0.0000000000
86670  41.671  -12.632  52.111 0.0000000000
61486  17.899  -31.670  78.775 0.0000000000
61498  17.807  -31.744  78.086 0.0000000000
52622  9.942  -39.446  73.981 0.0000000000
52641  10.328  -39.807  72.925 0.0000000000
50038  8.727  -41.180  73.206 0.0000000000
50021  8.504  -40.857  74.031 0.0000000000
50022  8.112  -41.284  74.663 0.0000000000
68027  38.401  -29.101  72.719 0.0000000000
65358  39.027  -30.255  72.725 0.0000000000
62882  31.975  -30.734  67.137 0.0000000000
62881  32.918  -30.864  67.521 0.0000000000
62893  32.673  -31.204  66.410 0.0000000000
61625  33.279  -31.611  66.922 0.0000000000
61660  33.730  -32.029  64.526 0.0000000000
74352  33.571  -23.347  63.835 0.0000000000
73000  33.639  -23.412  64.184 0.0000000000
73001  33.293  -24.186  63.927 0.0000000000
91515  53.590  -7.557  46.201 0.0000000000
91535  53.895  -7.490  42.884 0.0000000000
81943  43.017  -16.212  53.743 0.0000000000
81944  42.350  -16.902  53.150 0.0000000000
81933  42.247  -17.193  53.305 0.0000000000
80786  41.293  -17.388  53.509 0.0000000000
79686  40.166  -18.034  53.936 0.0000000000
78467  38.501  -19.125  54.537 0.0000000000
80751  45.511  -16.339  56.102 0.0000000000
81917  45.899  -15.814  55.741 0.0000000000
81929  45.404  -15.543  55.385 0.0000000000
83156  45.109  -15.221  55.195 0.0000000000
81941  44.254  -15.380  54.689 0.0000000000
81942  43.549  -15.571  54.546 0.0000000000
61612  19.550  -32.801  66.819 0.0000000000
58865  17.752  -34.840  67.518 0.0000000000
57593  17.173  -35.552  67.981 0.0000000000
63957  31.762  -28.910  76.754 0.0000000000
63956  32.457  -29.850  76.362 0.0000000000
65395  28.977  -28.969  69.913 0.0000000000
65415  29.021  -28.669  68.836 0.0000000000
65414  29.846  -29.129  69.197 0.0000000000
65450  29.409  -29.181  67.332 0.0000000000
65491  29.166  -28.752  65.195 0.0000000000
66866  29.068  -29.088  64.277 0.0000000000
66867  28.676  -28.679  64.829 0.0000000000
66891  27.734  -28.740  63.776 0.0000000000
92587  49.523  -6.867  50.962 0.0000000000
92586  50.464  -7.067  50.872 0.0000000000
92599  50.151  -7.499  50.452 0.0000000000
90247  49.844  -8.195  49.772 0.0000000000
90262  50.161  -8.107  49.457 0.0000000000
91520  48.914  -9.307  46.867 0.0000000000
90300  49.186  -9.149  46.136 0.0000000000
90311  49.959  -8.776  44.947 0.0000000000
90323  50.000  -8.930  43.939 0.0000000000
66694  23.654  -27.956  75.351 0.0000000000
66680  24.028  -28.384  76.145 0.0000000000
66678  25.806  -27.362  76.394 0.0000000000
94770  48.158  -6.422  53.716 0.0000000000
93698  47.228  -7.465  52.627 0.0000000000
92590  47.092  -8.175  52.067 0.0000000000
89020  44.630  -10.495  50.739 0.0000000000
65330  20.450  -29.336  74.208 0.0000000000
65348  20.047  -29.497  73.380 0.0000000000
63991  19.532  -29.807  73.518 0.0000000000
63992  18.776  -30.137  73.336 0.0000000000
61528  16.319  -32.701  74.566 0.0000000000
62817  16.714  -32.023  74.153 0.0000000000
60132  15.926  -33.645  72.865 0.0000000000
58802  16.569  -34.226  71.051 0.0000000000
56331  15.089  -36.468  71.103 0.0000000000
57493  14.276  -34.824  77.284 0.0000000000
53870  12.886  -37.459  74.080 0.0000000000
53896  12.946  -37.883  72.904 0.0000000000
53895  13.461  -37.513  72.417 0.0000000000
53923  13.439  -37.556  71.376 0.0000000000
53945  12.969  -38.150  70.738 0.0000000000
75725  36.029  -21.382  65.541 0.0000000000
75710  36.686  -21.362  66.364 0.0000000000
74309  35.825  -21.862  67.068 0.0000000000
72879  36.062  -23.983  72.360 0.0000000000
71612  35.567  -25.111  72.288 0.0000000000
72893  35.230  -24.580  70.793 0.0000000000
72907  35.174  -24.403  69.936 0.0000000000
71622  34.635  -25.427  70.719 0.0000000000
70385  34.554  -26.206  70.408 0.0000000000
70391  34.581  -26.898  69.886 0.0000000000
69242  35.259  -27.865  70.003 0.0000000000
68054  36.809  -29.200  70.158 0.0000000000
66769  38.299  -30.765  70.261 0.0000000000
64051  39.823  -32.035  68.130 0.0000000000
62879  39.827  -32.285  67.636 0.0000000000
61607  39.861  -32.678  67.517 0.0000000000
60254  39.704  -32.910  66.208 0.0000000000
62795  33.602  -31.524  75.292 0.0000000000
61508  35.000  -31.793  75.978 0.0000000000
61519  34.362  -31.649  75.170 0.0000000000
61518  35.043  -31.690  75.297 0.0000000000
60110  35.467  -31.775  74.552 0.0000000000
60160  35.408  -32.824  71.200 0.0000000000
60144  35.623  -32.994  71.668 0.0000000000
58795  35.757  -33.312  71.222 0.0000000000
58774  36.405  -33.687  71.796 0.0000000000
58753  37.344  -33.542  72.703 0.0000000000
58752  38.038  -32.920  72.802 0.0000000000
58772  37.302  -34.208  72.145 0.0000000000
58770  38.900  -33.251  72.353 0.0000000000
60143  39.589  -34.177  72.248 0.0000000000
60159  39.513  -34.132  71.748 0.0000000000
58790  38.962  -33.881  71.456 0.0000000000
58811  38.278  -33.881  70.476 0.0000000000
58833  37.801  -33.668  69.738 0.0000000000
60261  36.033  -32.391  65.524 0.0000000000
60260  36.479  -32.720  65.670 0.0000000000
60282  37.022  -32.571  64.741 0.0000000000
60281  37.922  -32.721  64.872 0.0000000000
60280  38.719  -33.289  64.890 0.0000000000
61656  37.653  -32.711  63.864 0.0000000000
77079  38.414  -20.284  60.780 0.0000000000
77092  38.614  -20.093  60.118 0.0000000000
75785  37.761  -20.563  60.469 0.0000000000
75786  36.686  -20.651  60.120 0.0000000000
75787  35.727  -21.170  59.597 0.0000000000
74396  33.660  -23.024  58.933 0.0000000000
73059  32.899  -23.831  58.688 0.0000000000
91548  54.983  -7.623  40.826 0.0000000000
91547  55.849  -8.173  40.805 0.0000000000
80771  43.319  -17.398  55.415 0.0000000000
78465  40.366  -18.433  55.532 0.0000000000
77176  39.123  -19.324  55.811 0.0000000000
77163  37.555  -19.822  55.678 0.0000000000
75840  37.110  -20.401  56.156 0.0000000000
81901  47.006  -16.141  56.497 0.0000000000
81902  46.290  -16.133  56.416 0.0000000000
80737  44.925  -17.015  57.021 0.0000000000
80752  44.609  -16.854  56.366 0.0000000000
62884  20.386  -31.548  66.770 0.0000000000
64054  20.729  -30.357  67.299 0.0000000000
64070  20.445  -30.761  67.019 0.0000000000
61596  19.800  -32.235  67.122 0.0000000000
62873  19.304  -32.022  68.125 0.0000000000
61587  19.134  -32.338  68.200 0.0000000000
62863  18.637  -32.024  68.861 0.0000000000
66700  28.968  -27.667  74.812 0.0000000000
65326  29.564  -27.906  73.913 0.0000000000
66715  28.639  -27.698  73.887 0.0000000000
66733  28.478  -27.868  73.121 0.0000000000
65362  28.188  -28.159  71.483 0.0000000000
66753  27.053  -27.601  71.252 0.0000000000
66790  27.342  -27.879  68.812 0.0000000000
66826  26.396  -28.297  67.131 0.0000000000
66845  26.448  -28.422  66.180 0.0000000000
66846  25.535  -28.384  66.360 0.0000000000
66871  24.757  -28.813  65.685 0.0000000000
66828  24.453  -28.284  67.353 0.0000000000
66848  23.921  -28.764  66.552 0.0000000000
89028  47.297  -9.534  48.630 0.0000000000
89042  47.474  -9.595  47.831 0.0000000000
90197  46.900  -10.421  56.380 0.0000000000
90198  45.905  -10.585  55.896 0.0000000000
87742  44.723  -11.836  55.610 0.0000000000
91443  46.100  -9.358  55.633 0.0000000000
91448  45.810  -8.821  55.014 0.0000000000
92584  45.678  -8.722  54.015 0.0000000000
92583  46.158  -8.246  53.382 0.0000000000
90240  44.455  -9.789  52.455 0.0000000000
89000  43.837  -10.547  52.147 0.0000000000
87784  43.596  -11.092  52.558 0.0000000000
87796  43.457  -11.033  51.959 0.0000000000
87795  44.023  -10.602  51.269 0.0000000000
63959  19.450  -30.280  77.082 0.0000000000
63969  18.464  -30.292  76.157 0.0000000000
62797  17.861  -30.568  76.328 0.0000000000
62798  17.230  -31.160  76.055 0.0000000000
61509  16.767  -31.843  76.738 0.0000000000
62799  16.472  -31.642  75.828 0.0000000000
60111  15.808  -33.452  75.149 0.0000000000
58745  15.229  -34.357  74.575 0.0000000000
53813  12.837  -37.344  77.397 0.0000000000
53831  12.755  -37.425  76.771 0.0000000000
53849  12.129  -38.151  75.439 0.0000000000
53871  12.202  -38.007  74.538 0.0000000000
51378  10.633  -40.039  71.066 0.0000000000
51363  9.955  -40.395  72.497 0.0000000000
70360  36.761  -26.404  73.790 0.0000000000
71602  36.536  -25.262  73.597 0.0000000000
70369  36.471  -26.425  72.807 0.0000000000
70377  36.738  -26.943  72.172 0.0000000000
69224  36.697  -27.317  71.892 0.0000000000
69232  36.812  -28.064  71.685 0.0000000000
68039  37.153  -28.494  71.908 0.0000000000
66751  38.510  -29.950  71.476 0.0000000000
62835  33.011  -30.693  71.310 0.0000000000
62824  33.788  -31.227  71.898 0.0000000000
62834  34.017  -31.116  70.894 0.0000000000
62847  33.842  -31.515  70.331 0.0000000000
61586  34.125  -31.801  70.014 0.0000000000
62869  33.574  -31.137  68.863 0.0000000000
61595  34.041  -31.723  69.140 0.0000000000
61575  34.656  -31.937  70.413 0.0000000000
60176  35.215  -32.187  70.134 0.0000000000
60189  35.748  -32.637  69.757 0.0000000000
58858  36.041  -33.034  69.628 0.0000000000
58857  36.184  -33.256  69.290 0.0000000000
60204  35.788  -33.042  68.729 0.0000000000
60240  35.591  -32.508  66.193 0.0000000000
61623  34.811  -32.346  66.263 0.0000000000
60262  35.415  -32.156  65.525 0.0000000000
60284  35.740  -31.971  64.529 0.0000000000
75751  36.180  -21.211  62.672 0.0000000000
74362  35.281  -21.704  62.139 0.0000000000
74376  33.519  -23.076  61.784 0.0000000000
84341  41.706  -14.637  53.131 0.0000000000
84342  41.202  -14.694  52.318 0.0000000000
80805  39.672  -16.592  52.742 0.0000000000
79687  39.014  -18.247  53.704 0.0000000000
78499  38.470  -18.589  53.517 0.0000000000
85468  47.148  -14.578  56.158 0.0000000000
86634  44.997  -13.718  55.231 0.0000000000
84318  44.803  -14.864  54.839 0.0000000000
85482  44.418  -14.334  54.540 0.0000000000
86645  44.580  -14.052  54.766 0.0000000000
85496  43.785  -14.008  54.170 0.0000000000
84329  42.513  -14.569  53.756 0.0000000000
62734  35.348  -29.965  78.981 0.0000000000
62749  34.624  -30.090  78.396 0.0000000000
63946  32.794  -30.249  77.139 0.0000000000
63955  33.124  -30.781  76.109 0.0000000000
62785  33.849  -31.191  76.241 0.0000000000
62803  32.733  -31.405  74.637 0.0000000000
62815  32.701  -31.266  73.642 0.0000000000
65343  29.920  -28.919  73.517 0.0000000000
65359  30.630  -29.151  73.004 0.0000000000
65376  30.310  -28.503  71.339 0.0000000000
64001  31.117  -28.936  72.619 0.0000000000
64000  31.264  -29.797  72.588 0.0000000000
63999  32.281  -30.342  72.016 0.0000000000
64011  32.504  -30.274  71.370 0.0000000000
64052  31.394  -29.923  67.808 0.0000000000
62919  31.751  -30.671  63.984 0.0000000000
66869  26.512  -28.449  65.167 0.0000000000
66892  26.669  -28.729  64.185 0.0000000000
70413  33.632  -26.492  66.185 0.0000000000
92614  52.728  -7.168  49.053 0.0000000000
90270  48.812  -8.797  48.821 0.0000000000
90269  49.978  -8.372  48.885 0.0000000000
91498  49.419  -8.938  47.572 0.0000000000
90280  49.837  -8.561  48.096 0.0000000000
90268  50.988  -8.016  48.977 0.0000000000
90267  51.466  -7.889  48.833 0.0000000000
91497  52.026  -7.724  48.714 0.0000000000
91496  52.425  -7.794  48.416 0.0000000000
91507  52.736  -7.983  47.720 0.0000000000
91516  52.621  -7.963  46.677 0.0000000000
90309  51.549  -8.267  46.085 0.0000000000
92660  52.437  -7.808  43.006 0.0000000000
66756  23.028  -27.798  71.441 0.0000000000
66757  22.179  -28.265  71.371 0.0000000000
66738  22.648  -28.291  72.232 0.0000000000
66721  22.127  -28.517  72.808 0.0000000000
65346  21.823  -28.566  73.715 0.0000000000
65316  22.714  -28.183  75.123 0.0000000000
65328  22.058  -28.365  74.659 0.0000000000
65329  21.227  -29.157  74.708 0.0000000000
63967  20.600  -29.791  75.295 0.0000000000
65294  21.887  -28.632  78.012 0.0000000000
65295  21.218  -29.023  77.815 0.0000000000
62766  19.274  -30.772  78.960 0.0000000000
62753  19.579  -31.132  79.948 0.0000000000
61485  18.839  -31.410  79.389 0.0000000000
63892  36.463  -30.288  80.765 0.0000000000
63912  34.784  -29.562  79.612 0.0000000000
63925  33.714  -29.601  78.896 0.0000000000
63926  32.820  -29.397  78.574 0.0000000000
63937  32.207  -29.059  78.099 0.0000000000
63948  31.685  -28.642  77.698 0.0000000000
65289  31.044  -28.170  77.269 0.0000000000
65303  29.604  -27.968  77.344 0.0000000000
65315  29.614  -27.960  76.591 0.0000000000
66689  29.117  -27.794  75.890 0.0000000000
66701  27.787  -27.504  74.687 0.0000000000
66717  26.476  -27.541  73.562 0.0000000000
83184  40.101  -14.704  51.935 0.0000000000
94788  49.876  -6.521  51.979 0.0000000000
93687  48.976  -6.353  53.042 0.0000000000
93696  49.210  -6.694  52.178 0.0000000000
92600  49.127  -7.458  50.484 0.0000000000
90264  47.963  -9.093  49.712 0.0000000000
91456  45.708  -8.792  52.968 0.0000000000
92591  46.357  -8.453  52.388 0.0000000000
90238  46.410  -9.197  51.376 0.0000000000
90251  46.040  -9.525  51.118 0.0000000000
90237  46.793  -9.107  51.183 0.0000000000
90250  47.173  -9.183  50.803 0.0000000000
90265  47.007  -9.470  50.123 0.0000000000
89017  47.153  -9.507  49.421 0.0000000000
66758  21.495  -28.599  71.333 0.0000000000
65397  21.009  -29.297  70.882 0.0000000000
65398  19.896  -29.834  70.102 0.0000000000
65365  19.747  -29.662  72.304 0.0000000000
64029  19.100  -30.816  69.535 0.0000000000
62851  18.532  -31.708  69.515 0.0000000000
61577  18.271  -32.504  69.098 0.0000000000
64003  17.702  -30.708  72.715 0.0000000000
62826  17.236  -31.496  72.084 0.0000000000
64016  17.919  -31.131  71.811 0.0000000000
62838  17.500  -31.523  70.978 0.0000000000
61578  17.863  -32.472  69.714 0.0000000000
60177  17.843  -32.894  69.321 0.0000000000
60192  17.408  -33.773  69.135 0.0000000000
57580  16.668  -34.813  68.965 0.0000000000
57581  16.471  -35.631  68.664 0.0000000000
57572  16.418  -35.150  69.989 0.0000000000
58715  15.394  -33.893  76.604 0.0000000000
58730  14.856  -34.803  75.185 0.0000000000
57520  14.957  -34.761  74.560 0.0000000000
55049  13.569  -36.384  76.698 0.0000000000
55064  13.591  -36.420  75.892 0.0000000000
56284  14.012  -36.020  75.544 0.0000000000
55093  13.242  -37.000  74.861 0.0000000000
55078  13.592  -36.460  75.115 0.0000000000
56283  14.423  -35.648  75.183 0.0000000000
57534  14.847  -35.521  73.380 0.0000000000
56317  15.119  -36.137  72.440 0.0000000000
55144  14.430  -36.648  71.014 0.0000000000
55145  13.891  -36.932  70.925 0.0000000000
55164  14.530  -36.782  70.294 0.0000000000
50023  7.738  -41.517  74.942 0.0000000000
48724  7.492  -42.289  74.568 0.0000000000
47484  7.391  -43.397  73.860 0.0000000000
47443  7.187  -42.297  75.000 0.0000000000
78399  40.909  -18.828  59.594 0.0000000000
75761  37.085  -20.879  61.951 0.0000000000
74341  34.395  -22.906  65.413 0.0000000000
72966  33.769  -23.894  66.269 0.0000000000
71664  33.673  -24.887  66.142 0.0000000000
74297  36.114  -22.430  67.865 0.0000000000
70404  34.016  -26.790  67.473 0.0000000000
69257  34.467  -27.680  67.937 0.0000000000
69248  35.009  -28.002  69.198 0.0000000000
69256  34.961  -28.230  68.403 0.0000000000
68073  35.504  -28.878  68.111 0.0000000000
68071  37.054  -29.713  68.156 0.0000000000
66806  37.991  -30.597  68.100 0.0000000000
66788  37.555  -30.323  69.658 0.0000000000
66805  38.703  -31.237  67.495 0.0000000000
64080  39.778  -31.839  66.764 0.0000000000
62878  39.729  -32.215  67.109 0.0000000000
61471  36.786  -30.932  77.609 0.0000000000
61470  37.354  -30.936  77.923 0.0000000000
61481  37.521  -31.770  77.490 0.0000000000
61491  38.867  -33.260  77.205 0.0000000000
61552  34.514  -31.815  72.351 0.0000000000
61538  34.936  -32.026  73.197 0.0000000000
60121  35.575  -32.022  73.822 0.0000000000
60130  35.761  -33.017  72.335 0.0000000000
60120  35.823  -33.009  73.508 0.0000000000
60108  36.022  -33.353  74.603 0.0000000000
60094  37.137  -33.719  75.735 0.0000000000
60093  37.936  -33.474  75.639 0.0000000000
61505  39.333  -33.381  76.087 0.0000000000
61504  40.096  -33.094  75.721 0.0000000000
60117  39.083  -33.120  74.005 0.0000000000
61525  40.179  -33.134  74.131 0.0000000000
62792  40.422  -31.998  74.967 0.0000000000
63973  40.370  -31.316  74.582 0.0000000000
63988  39.649  -31.433  73.839 0.0000000000
63998  38.962  -31.604  72.912 0.0000000000
62823  39.265  -32.425  72.312 0.0000000000
60158  39.724  -33.894  71.441 0.0000000000
61563  39.953  -33.510  71.440 0.0000000000
62833  39.154  -32.481  71.197 0.0000000000
61574  39.372  -32.637  69.934 0.0000000000
60187  39.212  -33.022  69.648 0.0000000000
60201  39.888  -33.198  68.915 0.0000000000
58856  36.669  -33.265  69.283 0.0000000000
58855  37.336  -33.294  69.109 0.0000000000
58875  37.604  -33.130  68.198 0.0000000000
58874  38.349  -33.343  67.884 0.0000000000
58853  38.745  -33.331  68.432 0.0000000000
58852  39.266  -33.297  67.977 0.0000000000
60217  39.624  -33.210  67.546 0.0000000000
60233  39.560  -33.351  66.762 0.0000000000
61638  39.529  -33.346  64.763 0.0000000000
77127  40.287  -19.076  59.180 0.0000000000
77109  38.316  -19.964  59.096 0.0000000000
77129  38.577  -19.768  58.402 0.0000000000
75800  35.399  -21.631  58.292 0.0000000000
74395  34.299  -22.268  59.006 0.0000000000
75801  35.017  -22.033  58.525 0.0000000000
75816  35.308  -21.211  57.056 0.0000000000
92676  52.673  -8.092  42.301 0.0000000000
91550  52.898  -8.298  41.554 0.0000000000
91559  52.474  -8.989  40.945 0.0000000000
51338  8.369  -40.825  75.326 0.0000000000
55031  13.417  -36.253  77.435 0.0000000000
55091  14.044  -36.327  73.338 0.0000000000
56275  13.947  -35.959  76.270 0.0000000000
56330  15.441  -35.826  71.734 0.0000000000
57547  15.168  -35.699  72.834 0.0000000000
58720  37.667  -32.882  74.579 0.0000000000
58721  37.259  -32.974  74.370 0.0000000000
58723  36.246  -33.139  73.739 0.0000000000
58734  38.639  -32.699  73.873 0.0000000000
58735  38.009  -32.706  73.920 0.0000000000
58739  36.058  -33.392  72.706 0.0000000000
58746  14.914  -34.761  74.822 0.0000000000
58751  38.789  -32.594  73.194 0.0000000000
58754  36.808  -33.724  72.542 0.0000000000
58755  36.459  -33.644  72.376 0.0000000000
58771  38.102  -33.970  72.291 0.0000000000
58775  36.046  -33.321  71.718 0.0000000000
58793  36.651  -33.792  71.362 0.0000000000
58815  35.983  -33.438  70.702 0.0000000000
58837  35.963  -32.943  70.292 0.0000000000
58854  38.073  -33.226  68.837 0.0000000000
58873  38.883  -33.506  67.564 0.0000000000
58876  36.850  -33.183  68.460 0.0000000000
58877  36.274  -33.300  68.614 0.0000000000
58895  39.312  -33.649  66.844 0.0000000000
58896  38.920  -33.675  66.968 0.0000000000
60083  38.423  -33.452  76.328 0.0000000000
60087  35.387  -33.326  76.339 0.0000000000
60104  38.937  -32.569  74.754 0.0000000000
60109  35.567  -32.507  74.948 0.0000000000
60119  35.992  -33.156  73.759 0.0000000000
60146  34.734  -32.097  71.520 0.0000000000
60157  39.633  -33.419  71.158 0.0000000000
60163  16.831  -33.298  70.967 0.0000000000
60175  35.552  -32.605  70.570 0.0000000000
60202  39.631  -33.185  68.443 0.0000000000
60203  36.004  -33.289  68.665 0.0000000000
60279  39.142  -33.599  64.980 0.0000000000
60303  35.029  -31.953  64.268 0.0000000000
61472  36.084  -31.091  77.417 0.0000000000
61483  35.593  -31.597  77.133 0.0000000000
61496  35.192  -31.706  76.462 0.0000000000
61497  34.807  -31.575  76.302 0.0000000000
61506  35.057  -33.248  76.309 0.0000000000
61517  34.921  -32.698  75.598 0.0000000000
61520  16.510  -31.655  76.157 0.0000000000
61524  40.326  -32.858  73.670 0.0000000000
61539  34.308  -31.730  73.565 0.0000000000
61554  16.672  -32.765  72.095 0.0000000000
61562  39.526  -32.955  70.905 0.0000000000
61564  34.661  -31.935  70.885 0.0000000000
61576  34.336  -31.679  70.607 0.0000000000
61597  19.336  -32.581  67.571 0.0000000000
61598  19.071  -32.887  67.973 0.0000000000
61639  34.788  -31.987  65.431 0.0000000000
62747  36.879  -30.568  78.362 0.0000000000
62751  33.234  -29.576  77.954 0.0000000000
62773  34.948  -31.478  77.005 0.0000000000
62777  18.319  -31.313  78.036 0.0000000000
62778  17.747  -31.710  77.799 0.0000000000
62784  34.490  -31.505  75.927 0.0000000000
62794  34.408  -31.609  75.438 0.0000000000
62796  32.886  -31.267  75.190 0.0000000000
62836  32.584  -30.253  71.062 0.0000000000
62837  18.097  -31.369  70.324 0.0000000000
62848  33.367  -31.011  70.395 0.0000000000
62862  19.274  -31.662  68.754 0.0000000000
62880  33.557  -30.856  68.009 0.0000000000
62883  20.724  -31.322  66.294 0.0000000000
63924  34.355  -29.625  79.112 0.0000000000
63927  32.016  -28.752  78.771 0.0000000000
63941  19.820  -30.336  78.972 0.0000000000
63947  32.356  -29.325  77.276 0.0000000000
63960  18.705  -30.397  76.905 0.0000000000
63970  17.809  -30.588  75.954 0.0000000000
64028  19.736  -30.532  69.235 0.0000000000
65291  29.580  -27.987  77.811 0.0000000000
65292  24.026  -27.783  77.304 0.0000000000
65327  22.583  -28.117  74.593 0.0000000000
65342  30.895  -29.032  73.581 0.0000000000
65399  19.213  -30.288  70.279 0.0000000000
65432  29.587  -29.362  68.211 0.0000000000
65437  20.331  -30.262  68.393 0.0000000000
65452  28.029  -28.496  66.965 0.0000000000
65472  24.129  -29.132  65.971 0.0000000000
66699  29.468  -27.897  75.160 0.0000000000
66843  28.259  -28.411  65.807 0.0000000000
66889  28.995  -29.147  63.845 0.0000000000
68018  37.769  -28.422  73.735 0.0000000000
71646  34.168  -25.013  68.255 0.0000000000
72906  35.719  -23.997  70.256 0.0000000000
74325  35.839  -21.736  66.466 0.0000000000
74374  35.317  -21.549  61.493 0.0000000000
74406  34.913  -21.961  57.963 0.0000000000
75813  38.136  -19.943  58.250 0.0000000000
77130  38.209  -19.920  58.647 0.0000000000
78449  41.462  -18.378  56.562 0.0000000000
79624  42.876  -17.815  57.730 0.0000000000
80753  43.775  -17.216  56.012 0.0000000000
80754  43.415  -17.501  55.893 0.0000000000
80782  44.385  -15.925  55.249 0.0000000000
80796  42.765  -17.099  53.631 0.0000000000
81885  47.305  -16.472  57.153 0.0000000000
81886  46.667  -16.401  56.920 0.0000000000
81931  44.037  -15.748  54.968 0.0000000000
81934  41.944  -17.224  53.224 0.0000000000
83148  45.745  -15.349  55.497 0.0000000000
84357  40.613  -14.509  51.864 0.0000000000
87740  45.585  -12.241  56.015 0.0000000000
87741  44.955  -11.963  55.808 0.0000000000
87763  44.664  -12.067  55.605 0.0000000000
87776  43.748  -12.066  53.905 0.0000000000
87797  43.581  -10.935  52.235 0.0000000000
87814  44.634  -10.374  50.265 0.0000000000
88939  44.889  -11.488  55.602 0.0000000000
88954  47.015  -12.343  56.352 0.0000000000
88956  44.405  -12.203  55.321 0.0000000000
88957  44.438  -11.753  55.339 0.0000000000
88970  44.235  -12.158  55.087 0.0000000000
88983  43.683  -10.867  52.436 0.0000000000
89041  48.200  -9.371  47.774 0.0000000000
89086  49.402  -9.039  44.763 0.0000000000
90199  45.081  -10.728  55.509 0.0000000000
90212  44.894  -9.992  55.136 0.0000000000
90227  44.711  -9.813  54.458 0.0000000000
90277  52.107  -7.925  48.411 0.0000000000
90278  51.723  -7.979  48.566 0.0000000000
90301  48.596  -9.450  46.524 0.0000000000
91461  47.589  -8.405  51.386 0.0000000000
91463  45.985  -8.956  52.038 0.0000000000
91465  44.744  -9.421  52.919 0.0000000000
91469  49.906  -8.063  50.056 0.0000000000
91479  51.506  -7.452  49.350 0.0000000000
91480  50.898  -7.749  49.394 0.0000000000
91481  50.436  -7.889  49.654 0.0000000000
91483  53.000  -7.410  48.598 0.0000000000
91484  52.308  -7.507  48.832 0.0000000000
91485  51.673  -7.691  48.956 0.0000000000
91508  49.518  -8.941  46.919 0.0000000000
91509  49.021  -9.251  47.229 0.0000000000
91510  48.736  -9.393  46.989 0.0000000000
91519  49.133  -9.191  46.720 0.0000000000
91544  51.947  -8.589  42.340 0.0000000000
92576  45.793  -8.763  54.640 0.0000000000
92659  52.675  -7.718  43.029 0.0000000000
92669  52.677  -7.822  42.779 0.0000000000
93710  49.611  -6.632  51.868 0.0000000000
93711  49.458  -6.634  52.111 0.0000000000
94768  49.468  -5.967  52.977 0.0000000000
94789  49.671  -6.560  52.094 0.0000000000
