#!ascii label  , from subject 3325 vox2ras=TkReg
1154
120461  47.412  19.400  39.278 0.0000000000
122184  52.100  20.936  42.825 0.0000000000
119559  44.530  18.666  47.509 0.0000000000
121310  41.424  20.757  40.301 0.0000000000
118019  40.781  16.242  44.590 0.0000000000
122260  52.650  20.753  37.587 0.0000000000
125595  49.481  25.498  45.431 0.0000000000
126371  47.597  26.367  40.929 0.0000000000
117943  44.261  16.716  51.429 0.0000000000
113922  45.724  11.389  49.549 0.0000000000
118859  53.999  16.881  41.471 0.0000000000
118011  47.818  16.216  44.761 0.0000000000
119586  49.421  18.763  44.765 0.0000000000
122148  43.162  21.253  45.768 0.0000000000
127841  50.154  28.833  36.785 0.0000000000
123998  53.925  23.257  39.365 0.0000000000
115594  40.720  13.130  48.498 0.0000000000
121307  45.066  20.353  40.475 0.0000000000
120393  41.634  19.049  43.271 0.0000000000
119617  44.667  18.733  42.860 0.0000000000
118915  49.920  17.937  36.153 0.0000000000
120495  46.069  19.608  36.639 0.0000000000
127787  45.717  28.724  44.606 0.0000000000
116346  45.238  14.908  52.539 0.0000000000
116360  48.905  15.022  51.853 0.0000000000
114733  50.524  13.289  53.464 0.0000000000
126491  52.610  26.447  31.881 0.0000000000
119612  55.273  18.807  42.945 0.0000000000
118005  54.025  17.046  44.479 0.0000000000
121243  52.801  20.575  44.383 0.0000000000
124756  46.777  24.634  47.681 0.0000000000
123946  46.629  23.168  44.951 0.0000000000
123919  42.860  24.169  46.228 0.0000000000
119550  39.727  19.216  48.436 0.0000000000
123066  49.601  22.649  42.294 0.0000000000
124844  50.841  25.298  39.853 0.0000000000
122210  51.779  21.348  40.655 0.0000000000
120456  55.089  19.276  39.565 0.0000000000
118791  46.845  17.214  46.100 0.0000000000
117213  43.608  15.388  45.443 0.0000000000
117978  42.861  16.494  47.695 0.0000000000
117230  38.327  15.630  44.323 0.0000000000
114819  38.068  12.299  44.647 0.0000000000
123162  54.610  22.702  36.203 0.0000000000
124871  51.671  23.540  37.239 0.0000000000
123941  50.320  23.493  44.264 0.0000000000
122144  54.022  21.395  45.539 0.0000000000
129119  43.090  30.404  40.094 0.0000000000
127822  45.955  28.679  39.735 0.0000000000
124793  47.351  24.742  43.940 0.0000000000
118766  43.669  17.530  49.847 0.0000000000
116389  43.551  14.943  50.025 0.0000000000
116378  46.119  14.888  51.138 0.0000000000
113919  48.424  11.356  50.421 0.0000000000
118890  50.418  17.632  39.670 0.0000000000
119613  48.158  17.753  42.356 0.0000000000
118047  51.402  16.653  42.979 0.0000000000
117982  49.835  16.713  46.169 0.0000000000
120365  47.544  19.031  46.652 0.0000000000
123048  50.533  22.113  44.661 0.0000000000
121248  46.606  20.520  44.786 0.0000000000
121214  44.376  20.234  47.201 0.0000000000
119548  41.926  18.576  48.596 0.0000000000
116382  41.605  15.143  50.687 0.0000000000
128508  50.760  29.662  33.778 0.0000000000
126428  52.809  26.697  35.909 0.0000000000
127124  53.118  27.365  39.144 0.0000000000
125674  54.541  24.892  37.170 0.0000000000
122257  55.427  21.426  37.245 0.0000000000
119668  52.942  17.955  38.079 0.0000000000
118812  44.123  16.731  44.485 0.0000000000
116413  40.735  14.033  45.938 0.0000000000
112959  39.390  10.717  46.543 0.0000000000
113924  43.141  11.711  49.434 0.0000000000
120446  46.298  19.908  40.296 0.0000000000
120431  44.749  20.000  41.547 0.0000000000
120429  46.472  19.362  41.444 0.0000000000
119672  48.731  18.715  37.629 0.0000000000
119687  47.746  18.979  36.324 0.0000000000
120476  47.229  19.519  37.968 0.0000000000
120463  45.593  20.030  38.047 0.0000000000
115536  46.762  13.337  53.507 0.0000000000
116330  48.230  14.676  53.485 0.0000000000
114735  48.519  12.861  54.230 0.0000000000
112998  38.716  11.246  41.906 0.0000000000
121267  53.370  20.236  42.916 0.0000000000
121255  54.571  20.434  44.502 0.0000000000
121257  53.203  20.769  43.594 0.0000000000
124738  45.548  24.947  48.716 0.0000000000
124772  44.897  24.581  46.740 0.0000000000
122178  50.876  21.685  42.761 0.0000000000
123080  50.297  22.224  41.269 0.0000000000
121289  51.854  20.713  41.516 0.0000000000
120425  53.468  19.615  41.883 0.0000000000
119569  45.212  18.179  46.826 0.0000000000
117986  43.759  16.821  46.961 0.0000000000
118794  44.102  17.488  47.283 0.0000000000
121295  40.040  20.731  41.003 0.0000000000
121274  40.250  20.397  41.851 0.0000000000
119589  41.132  17.844  44.325 0.0000000000
119591  39.437  18.081  44.108 0.0000000000
118020  39.682  16.384  44.510 0.0000000000
116428  38.348  14.080  44.104 0.0000000000
116423  39.709  14.586  44.636 0.0000000000
122279  54.112  21.401  37.019 0.0000000000
124047  53.130  22.687  36.738 0.0000000000
123135  52.099  22.220  38.135 0.0000000000
122226  42.520  21.265  39.105 0.0000000000
122228  40.972  21.226  38.958 0.0000000000
124781  50.466  24.744  45.218 0.0000000000
124780  52.143  24.280  45.566 0.0000000000
125594  51.003  25.481  45.735 0.0000000000
126340  47.261  26.583  45.457 0.0000000000
126344  46.116  26.479  44.595 0.0000000000
125601  48.539  25.067  44.848 0.0000000000
124796  49.330  23.941  43.853 0.0000000000
118747  43.688  17.333  50.948 0.0000000000
117955  44.873  16.539  50.935 0.0000000000
117954  45.484  16.165  51.430 0.0000000000
114768  50.439  13.055  51.995 0.0000000000
114777  48.549  12.623  51.102 0.0000000000
113899  50.335  11.353  50.839 0.0000000000
118876  51.705  17.280  40.300 0.0000000000
118862  50.934  16.928  41.251 0.0000000000
118059  52.210  16.433  42.075 0.0000000000
118809  52.046  17.559  44.705 0.0000000000
118797  52.000  17.075  45.110 0.0000000000
119574  50.440  17.666  45.514 0.0000000000
119566  48.702  18.199  46.400 0.0000000000
119576  48.616  18.659  45.695 0.0000000000
123911  52.256  22.249  47.074 0.0000000000
123034  52.269  21.828  45.850 0.0000000000
123929  50.685  22.669  45.971 0.0000000000
123039  44.770  22.959  45.254 0.0000000000
122172  46.316  21.542  44.632 0.0000000000
121237  44.956  20.994  45.585 0.0000000000
121225  45.193  20.551  46.612 0.0000000000
121215  43.239  20.278  47.027 0.0000000000
120343  42.779  19.252  48.265 0.0000000000
120356  42.453  19.773  47.559 0.0000000000
118771  38.919  18.257  49.432 0.0000000000
117968  40.028  16.995  49.519 0.0000000000
127850  50.607  28.961  35.018 0.0000000000
127184  51.656  27.719  33.983 0.0000000000
127157  51.704  27.726  36.150 0.0000000000
127805  47.046  27.747  40.230 0.0000000000
128452  47.842  28.998  39.573 0.0000000000
127113  48.658  27.316  40.195 0.0000000000
124842  52.604  24.538  39.482 0.0000000000
126385  52.119  26.674  39.564 0.0000000000
125649  53.275  25.229  39.098 0.0000000000
126399  53.684  26.438  38.250 0.0000000000
124855  54.458  23.996  38.179 0.0000000000
124029  55.241  22.889  37.360 0.0000000000
123112  54.822  22.314  38.206 0.0000000000
118885  55.377  17.817  39.842 0.0000000000
118898  55.272  18.121  38.962 0.0000000000
118887  53.516  17.176  39.378 0.0000000000
119654  51.986  17.746  38.567 0.0000000000
118828  47.621  16.885  43.406 0.0000000000
118830  45.927  17.241  43.456 0.0000000000
118013  46.123  16.060  44.372 0.0000000000
117206  41.766  15.106  46.931 0.0000000000
116411  42.364  14.725  45.270 0.0000000000
116404  40.602  14.059  47.019 0.0000000000
114807  39.675  12.664  46.591 0.0000000000
113933  40.400  11.502  47.984 0.0000000000
114780  45.074  13.014  50.306 0.0000000000
114782  43.528  13.498  50.137 0.0000000000
114794  44.441  11.784  49.294 0.0000000000
121292  42.969  20.710  41.190 0.0000000000
121273  41.199  20.246  41.880 0.0000000000
121271  43.211  20.258  42.178 0.0000000000
119619  42.978  19.031  42.963 0.0000000000
118834  42.463  17.839  44.051 0.0000000000
120491  51.244  18.812  36.837 0.0000000000
121325  44.014  21.106  38.806 0.0000000000
116364  44.530  15.461  52.167 0.0000000000
117930  46.283  16.020  52.270 0.0000000000
117148  47.495  15.329  52.692 0.0000000000
116342  49.796  14.741  52.879 0.0000000000
118857  55.497  17.555  42.441 0.0000000000
118044  54.686  16.770  43.167 0.0000000000
119580  55.383  18.384  44.843 0.0000000000
120378  53.931  19.619  45.030 0.0000000000
120380  51.698  19.435  44.009 0.0000000000
124768  48.938  24.205  46.970 0.0000000000
123914  49.133  23.577  46.358 0.0000000000
123917  46.591  24.163  46.352 0.0000000000
123935  44.291  23.757  45.631 0.0000000000
123042  42.164  22.375  45.869 0.0000000000
121217  41.095  20.932  47.048 0.0000000000
122138  40.532  21.791  47.129 0.0000000000
121209  39.453  21.062  48.451 0.0000000000
119531  39.040  18.817  50.577 0.0000000000
128489  48.807  29.463  37.047 0.0000000000
124813  48.585  24.279  41.464 0.0000000000
125636  49.363  25.566  40.412 0.0000000000
123989  49.956  23.594  40.723 0.0000000000
123987  51.748  23.062  40.131 0.0000000000
123102  53.354  22.390  39.570 0.0000000000
122222  54.446  21.705  39.040 0.0000000000
121303  53.337  20.435  40.153 0.0000000000
119642  55.087  18.526  40.913 0.0000000000
117996  46.938  16.261  45.615 0.0000000000
117211  45.344  15.499  45.195 0.0000000000
117998  44.967  15.861  45.566 0.0000000000
117204  43.229  15.828  46.112 0.0000000000
116395  41.661  14.560  48.411 0.0000000000
111814  47.101  9.906  49.042 0.0000000000
112943  45.394  10.493  48.749 0.0000000000
118050  37.250  16.922  43.009 0.0000000000
120395  39.739  19.323  43.163 0.0000000000
118836  38.003  17.712  43.565 0.0000000000
117238  37.346  15.642  42.901 0.0000000000
115624  37.744  13.462  43.643 0.0000000000
113956  37.617  12.102  43.580 0.0000000000
112978  38.487  10.402  44.031 0.0000000000
124056  53.705  23.078  35.108 0.0000000000
124901  52.952  23.803  35.443 0.0000000000
123057  51.576  22.152  43.575 0.0000000000
122165  53.205  21.720  44.676 0.0000000000
123939  52.704  22.733  44.810 0.0000000000
123900  53.886  23.037  46.953 0.0000000000
123893  52.248  23.101  48.105 0.0000000000
123894  51.311  23.407  48.564 0.0000000000
124734  49.442  23.918  48.728 0.0000000000
128446  44.603  29.291  39.727 0.0000000000
127807  45.080  28.618  40.260 0.0000000000
127104  46.488  26.927  41.477 0.0000000000
125620  46.781  25.618  42.036 0.0000000000
123958  48.077  23.929  42.638 0.0000000000
123950  49.387  23.300  43.403 0.0000000000
119546  43.787  18.641  48.507 0.0000000000
117972  43.456  17.226  49.080 0.0000000000
117964  43.937  16.768  49.911 0.0000000000
116379  45.190  14.902  50.764 0.0000000000
114779  46.255  12.643  50.404 0.0000000000
116362  46.929  14.986  51.474 0.0000000000
114778  47.463  12.952  50.871 0.0000000000
113920  47.708  11.341  50.173 0.0000000000
119656  49.770  17.966  39.381 0.0000000000
120427  48.068  18.837  41.279 0.0000000000
119644  49.382  18.006  40.911 0.0000000000
118049  49.749  16.516  42.627 0.0000000000
118034  49.558  16.410  43.677 0.0000000000
118031  52.726  16.557  43.986 0.0000000000
118008  51.082  15.886  44.899 0.0000000000
117994  49.171  16.516  45.716 0.0000000000
118790  47.892  17.346  46.258 0.0000000000
119557  46.971  18.236  46.846 0.0000000000
119558  45.838  18.737  46.843 0.0000000000
122167  52.402  21.206  44.649 0.0000000000
121244  51.456  20.489  44.108 0.0000000000
121245  50.129  20.516  44.196 0.0000000000
123944  48.655  23.023  44.717 0.0000000000
122170  48.486  21.552  44.101 0.0000000000
120383  48.148  19.736  44.800 0.0000000000
120372  47.378  19.482  45.804 0.0000000000
121212  46.130  19.700  47.113 0.0000000000
120341  44.272  19.014  48.224 0.0000000000
120342  43.763  19.186  48.340 0.0000000000
118767  43.133  17.783  49.860 0.0000000000
117958  42.645  16.871  50.585 0.0000000000
119549  40.606  18.724  48.443 0.0000000000
117967  40.939  16.649  49.629 0.0000000000
117180  42.815  16.278  51.075 0.0000000000
116366  42.706  14.909  51.404 0.0000000000
127194  52.039  27.838  32.976 0.0000000000
127183  52.295  27.014  33.494 0.0000000000
126440  53.660  25.574  34.885 0.0000000000
127111  50.013  27.156  40.096 0.0000000000
127836  51.720  28.586  38.007 0.0000000000
127146  52.814  27.572  37.912 0.0000000000
126413  53.660  26.296  37.092 0.0000000000
125688  54.878  24.772  36.305 0.0000000000
124898  55.269  23.598  36.434 0.0000000000
123149  55.374  22.086  36.781 0.0000000000
121359  54.626  20.408  37.280 0.0000000000
120472  55.201  19.729  38.504 0.0000000000
119681  54.971  18.948  37.581 0.0000000000
121340  53.193  19.104  37.094 0.0000000000
119683  51.495  17.997  36.582 0.0000000000
119670  50.425  17.753  37.784 0.0000000000
119615  46.661  18.365  42.490 0.0000000000
119598  44.768  17.956  43.440 0.0000000000
118813  43.288  16.827  44.376 0.0000000000
117224  43.730  15.443  44.932 0.0000000000
117225  43.002  15.338  44.581 0.0000000000
117227  41.252  15.366  44.706 0.0000000000
115611  39.340  13.027  45.609 0.0000000000
113946  38.685  11.724  45.722 0.0000000000
116390  42.743  14.878  49.452 0.0000000000
115588  42.235  13.829  49.247 0.0000000000
113926  41.744  12.470  48.996 0.0000000000
112944  44.363  10.369  48.618 0.0000000000
113932  41.449  11.626  48.663 0.0000000000
112873  51.842  11.354  53.529 0.0000000000
113880  53.173  11.868  52.252 0.0000000000
120445  47.295  19.377  40.546 0.0000000000
119657  48.650  18.801  38.995 0.0000000000
119658  47.952  18.975  38.214 0.0000000000
120462  46.301  20.071  38.842 0.0000000000
121268  52.689  20.550  42.728 0.0000000000
122177  52.726  21.046  43.404 0.0000000000
123064  51.726  21.365  43.080 0.0000000000
122185  51.296  21.051  42.142 0.0000000000
121269  52.040  20.670  42.205 0.0000000000
121287  52.910  20.024  42.209 0.0000000000
119570  44.778  18.200  47.150 0.0000000000
118785  43.885  18.022  47.649 0.0000000000
121311  40.655  20.851  40.339 0.0000000000
121294  40.923  20.683  41.119 0.0000000000
118816  40.442  17.153  44.476 0.0000000000
117229  39.196  15.455  44.527 0.0000000000
117228  40.218  15.394  44.592 0.0000000000
122259  53.624  20.979  37.305 0.0000000000
123134  52.670  21.813  37.617 0.0000000000
122239  52.045  21.390  38.179 0.0000000000
121309  42.439  20.923  39.990 0.0000000000
121327  41.579  21.008  39.577 0.0000000000
121329  40.493  21.056  39.827 0.0000000000
126339  48.737  26.600  45.813 0.0000000000
125596  47.985  25.724  45.376 0.0000000000
125600  49.288  24.961  44.955 0.0000000000
117944  43.622  16.899  51.233 0.0000000000
118745  44.562  16.921  51.192 0.0000000000
117942  45.076  16.361  51.621 0.0000000000
114776  49.664  12.464  51.254 0.0000000000
118875  52.753  17.096  40.255 0.0000000000
118861  51.976  16.984  41.236 0.0000000000
118860  52.999  16.783  41.256 0.0000000000
119585  50.592  18.373  44.571 0.0000000000
118810  51.186  17.715  44.870 0.0000000000
119575  49.598  18.204  45.621 0.0000000000
123912  51.568  22.575  46.721 0.0000000000
123928  51.316  22.415  46.128 0.0000000000
123913  50.393  23.313  46.682 0.0000000000
122161  43.469  21.933  45.485 0.0000000000
122174  45.000  21.797  44.917 0.0000000000
121238  44.325  21.214  45.639 0.0000000000
121226  44.004  20.787  46.214 0.0000000000
121227  42.780  20.755  46.343 0.0000000000
117961  39.066  16.600  50.471 0.0000000000
128497  49.745  29.375  35.660 0.0000000000
128505  49.912  29.614  34.741 0.0000000000
127845  50.274  28.893  35.797 0.0000000000
127844  51.016  28.347  35.533 0.0000000000
127840  51.087  28.456  36.710 0.0000000000
127114  47.525  27.040  40.678 0.0000000000
127804  47.917  27.890  39.945 0.0000000000
124841  53.501  24.193  39.268 0.0000000000
124856  53.930  24.653  38.598 0.0000000000
124012  54.093  23.886  38.847 0.0000000000
124011  54.528  23.210  38.730 0.0000000000
123100  54.502  22.561  38.951 0.0000000000
118873  54.729  17.243  40.717 0.0000000000
118886  54.527  17.230  39.534 0.0000000000
118874  53.765  17.131  40.423 0.0000000000
118036  47.668  16.310  43.989 0.0000000000
118037  46.815  16.372  43.865 0.0000000000
116398  41.260  14.365  47.606 0.0000000000
116403  41.290  14.518  46.488 0.0000000000
115598  40.460  13.417  47.796 0.0000000000
114801  39.874  12.358  47.299 0.0000000000
114797  40.525  12.483  48.317 0.0000000000
114787  45.395  12.142  49.899 0.0000000000
114788  44.411  12.288  49.786 0.0000000000
113923  44.976  11.678  49.415 0.0000000000
121308  43.822  21.069  39.980 0.0000000000
121291  44.174  20.375  41.443 0.0000000000
120409  44.486  19.657  42.210 0.0000000000
120410  43.463  19.602  42.578 0.0000000000
119618  43.704  18.869  42.842 0.0000000000
119600  42.900  18.359  43.428 0.0000000000
119599  43.847  18.145  43.392 0.0000000000
120501  50.949  18.915  36.310 0.0000000000
120492  50.422  19.289  36.814 0.0000000000
120502  49.948  18.864  36.408 0.0000000000
120494  47.068  19.396  36.868 0.0000000000
120504  47.863  19.271  36.094 0.0000000000
121324  44.934  20.471  38.934 0.0000000000
117150  45.886  15.726  52.519 0.0000000000
116345  46.321  14.917  52.738 0.0000000000
115533  49.712  13.985  53.564 0.0000000000
116329  49.115  14.627  53.455 0.0000000000
115532  50.141  14.264  53.270 0.0000000000
114753  50.708  13.276  52.763 0.0000000000
114752  51.541  12.607  52.552 0.0000000000
127208  52.319  27.555  31.583 0.0000000000
127219  51.972  27.500  30.579 0.0000000000
119611  55.925  18.292  42.985 0.0000000000
118842  55.966  17.562  43.310 0.0000000000
119596  55.555  18.919  43.664 0.0000000000
121242  53.916  20.405  44.941 0.0000000000
121234  54.400  20.245  45.542 0.0000000000
120379  53.004  19.502  44.240 0.0000000000
124755  47.789  24.616  47.737 0.0000000000
124769  47.989  24.510  46.869 0.0000000000
124770  47.028  24.433  46.889 0.0000000000
124785  44.314  24.333  46.142 0.0000000000
123918  43.663  24.182  45.960 0.0000000000
123936  43.293  23.535  45.697 0.0000000000
123025  42.424  23.292  46.018 0.0000000000
122150  41.592  21.826  46.349 0.0000000000
123026  41.655  22.866  46.428 0.0000000000
122132  39.694  21.874  48.440 0.0000000000
122117  39.227  21.716  49.182 0.0000000000
121203  39.120  20.664  49.113 0.0000000000
121184  39.442  20.410  50.015 0.0000000000
123974  48.864  23.559  41.787 0.0000000000
124831  49.431  24.382  40.701 0.0000000000
123973  49.424  23.302  41.464 0.0000000000
123092  51.109  22.045  40.570 0.0000000000
123091  52.097  22.245  40.305 0.0000000000
123986  52.287  22.778  39.949 0.0000000000
122209  52.786  21.531  40.024 0.0000000000
122208  53.652  21.314  39.737 0.0000000000
120424  54.207  19.201  41.983 0.0000000000
119643  54.559  18.925  41.362 0.0000000000
119630  54.706  18.651  42.076 0.0000000000
119629  55.230  18.152  42.139 0.0000000000
117983  46.705  16.482  46.023 0.0000000000
117997  45.771  16.008  45.567 0.0000000000
117984  46.159  16.628  45.913 0.0000000000
117987  42.801  16.183  46.806 0.0000000000
117201  41.836  15.146  47.930 0.0000000000
117197  41.960  15.083  48.512 0.0000000000
118850  37.246  17.849  42.457 0.0000000000
118849  37.481  17.967  43.026 0.0000000000
120412  41.444  19.630  42.582 0.0000000000
120413  40.477  19.789  42.543 0.0000000000
120394  40.695  19.220  43.245 0.0000000000
118040  38.908  16.892  44.537 0.0000000000
118835  38.730  17.623  44.222 0.0000000000
118041  38.168  16.681  44.056 0.0000000000
117236  37.717  15.761  43.768 0.0000000000
116431  37.555  14.575  42.674 0.0000000000
116429  37.802  14.625  43.769 0.0000000000
115619  38.469  13.315  44.652 0.0000000000
115620  37.902  12.893  44.263 0.0000000000
113955  37.858  11.424  43.965 0.0000000000
124054  54.834  23.081  36.165 0.0000000000
124055  54.247  22.852  35.664 0.0000000000
124048  52.373  23.312  36.858 0.0000000000
124888  53.048  23.469  36.291 0.0000000000
124889  51.973  24.018  36.478 0.0000000000
124872  50.892  24.033  37.269 0.0000000000
123948  51.604  22.717  43.943 0.0000000000
123046  52.057  22.632  44.000 0.0000000000
123940  51.912  23.178  44.474 0.0000000000
124765  53.234  23.619  46.420 0.0000000000
123901  53.542  22.717  47.279 0.0000000000
123869  51.819  23.543  49.134 0.0000000000
123895  50.360  23.560  48.731 0.0000000000
128456  44.205  29.771  39.067 0.0000000000
128447  43.747  29.666  39.867 0.0000000000
128441  44.272  29.115  40.590 0.0000000000
127799  44.737  28.172  41.533 0.0000000000
127798  45.433  27.744  41.380 0.0000000000
125603  46.160  25.764  44.255 0.0000000000
125608  46.079  25.664  43.601 0.0000000000
125613  46.341  25.572  42.706 0.0000000000
125612  47.086  24.989  42.603 0.0000000000
124802  47.677  24.393  42.444 0.0000000000
124798  47.662  24.336  43.335 0.0000000000
123949  50.800  22.824  43.816 0.0000000000
119538  43.418  18.079  49.308 0.0000000000
118774  43.574  17.908  48.779 0.0000000000
117178  45.430  15.723  51.046 0.0000000000
117179  44.827  15.818  50.571 0.0000000000
115581  45.655  13.864  50.760 0.0000000000
117162  47.274  15.591  51.940 0.0000000000
116361  47.940  14.948  51.676 0.0000000000
114770  48.121  13.445  51.282 0.0000000000
113911  48.087  12.072  50.477 0.0000000000
113912  47.206  12.050  50.442 0.0000000000
112929  47.396  10.647  49.588 0.0000000000
112928  48.580  10.563  50.061 0.0000000000
118878  49.929  17.504  40.284 0.0000000000
118060  51.213  16.542  42.010 0.0000000000
118061  50.463  16.698  41.997 0.0000000000
118048  50.425  16.300  42.721 0.0000000000
118844  49.190  16.891  43.018 0.0000000000
118030  53.839  16.672  44.026 0.0000000000
118006  52.811  16.878  44.604 0.0000000000
117980  50.756  16.736  45.741 0.0000000000
117992  51.164  16.660  45.434 0.0000000000
117993  50.315  16.351  45.600 0.0000000000
118009  49.968  16.229  44.803 0.0000000000
118799  48.297  16.910  45.958 0.0000000000
118789  48.918  17.400  46.370 0.0000000000
120364  47.895  18.460  46.570 0.0000000000
119556  47.798  18.103  46.768 0.0000000000
120351  47.525  18.581  46.832 0.0000000000
120352  46.702  19.088  47.111 0.0000000000
122155  53.418  21.653  45.035 0.0000000000
122166  53.146  21.372  44.254 0.0000000000
122156  53.231  21.466  45.170 0.0000000000
123047  51.181  21.875  44.894 0.0000000000
122168  51.201  21.438  44.522 0.0000000000
122169  49.733  21.453  44.314 0.0000000000
123932  47.333  23.535  45.581 0.0000000000
123931  48.369  23.427  45.480 0.0000000000
123945  47.638  23.166  44.715 0.0000000000
122171  47.320  21.520  44.287 0.0000000000
121247  47.747  20.588  44.369 0.0000000000
120384  47.272  19.934  44.964 0.0000000000
121235  46.689  19.893  45.443 0.0000000000
121224  46.079  20.140  46.754 0.0000000000
121213  45.411  20.079  47.306 0.0000000000
120353  45.551  19.366  47.260 0.0000000000
120354  44.490  19.438  47.584 0.0000000000
119547  43.047  18.774  48.843 0.0000000000
119540  42.436  18.305  49.161 0.0000000000
118761  42.674  17.343  50.156 0.0000000000
118768  42.153  17.566  49.526 0.0000000000
120358  40.338  20.381  47.601 0.0000000000
120357  41.330  20.024  47.490 0.0000000000
120345  40.428  19.540  47.885 0.0000000000
117959  40.545  16.101  49.812 0.0000000000
117190  41.328  16.131  49.859 0.0000000000
117181  41.922  16.055  50.463 0.0000000000
116381  42.267  15.589  50.873 0.0000000000
116365  43.900  15.425  51.735 0.0000000000
129166  51.337  30.943  33.158 0.0000000000
127852  51.434  28.646  33.323 0.0000000000
127170  51.694  27.818  35.086 0.0000000000
127169  52.422  27.042  34.705 0.0000000000
126441  53.167  26.214  34.908 0.0000000000
125635  50.165  25.388  40.249 0.0000000000
126368  50.041  26.509  40.206 0.0000000000
125652  50.666  26.072  39.798 0.0000000000
127125  52.541  27.580  39.364 0.0000000000
127126  51.669  27.522  39.651 0.0000000000
127816  52.127  28.200  39.470 0.0000000000
127835  52.409  28.259  38.636 0.0000000000
127147  51.965  27.790  37.076 0.0000000000
126398  54.377  25.793  37.785 0.0000000000
126412  54.272  25.624  37.256 0.0000000000
125689  54.420  25.469  36.054 0.0000000000
124886  55.263  24.164  36.664 0.0000000000
123131  55.379  22.259  37.303 0.0000000000
124044  55.401  22.873  36.933 0.0000000000
121379  55.233  21.015  36.975 0.0000000000
121358  55.362  20.613  37.260 0.0000000000
120457  54.578  19.964  39.161 0.0000000000
121320  54.698  20.749  38.800 0.0000000000
119667  54.561  18.253  37.822 0.0000000000
119680  55.279  18.946  37.792 0.0000000000
120489  54.445  19.246  37.514 0.0000000000
120474  53.585  18.727  37.357 0.0000000000
120490  52.217  18.583  36.932 0.0000000000
119682  52.273  18.045  37.161 0.0000000000
118889  51.376  17.612  39.473 0.0000000000
119655  50.932  17.770  38.727 0.0000000000
119632  48.410  18.146  41.619 0.0000000000
119633  47.478  18.546  41.836 0.0000000000
119614  47.531  18.091  42.443 0.0000000000
118831  44.946  17.048  43.855 0.0000000000
119597  45.477  17.743  43.369 0.0000000000
118832  43.999  17.396  43.925 0.0000000000
117212  44.463  15.592  45.281 0.0000000000
117223  44.828  15.630  44.859 0.0000000000
116412  41.491  14.564  45.552 0.0000000000
116420  42.643  14.883  44.801 0.0000000000
116421  41.799  14.756  44.867 0.0000000000
117226  42.207  15.332  44.555 0.0000000000
116422  40.701  14.482  44.982 0.0000000000
115617  40.049  14.026  44.803 0.0000000000
115610  40.138  13.634  45.305 0.0000000000
113938  39.369  11.253  46.836 0.0000000000
114808  39.230  12.215  46.330 0.0000000000
113945  38.999  11.273  46.057 0.0000000000
112973  38.823  10.248  44.934 0.0000000000
111883  39.682  9.600  45.135 0.0000000000
117965  43.182  16.540  49.225 0.0000000000
117189  43.327  15.812  49.607 0.0000000000
114789  43.160  12.758  49.795 0.0000000000
115587  43.120  13.999  49.913 0.0000000000
114790  42.184  12.915  49.178 0.0000000000
113925  42.321  12.038  49.372 0.0000000000
111830  45.019  9.714  48.181 0.0000000000
121323  45.737  20.351  39.795 0.0000000000
121290  44.888  20.193  41.230 0.0000000000
120447  45.657  20.127  40.627 0.0000000000
120430  45.431  19.903  41.305 0.0000000000
120408  45.550  19.264  42.265 0.0000000000
119685  49.547  18.314  36.914 0.0000000000
119686  48.626  18.698  36.680 0.0000000000
120477  46.303  19.739  37.581 0.0000000000
120478  45.447  19.710  37.244 0.0000000000
115550  46.037  13.938  52.863 0.0000000000
115549  46.916  14.255  53.121 0.0000000000
115535  47.703  13.857  53.654 0.0000000000
115534  48.821  13.824  53.682 0.0000000000
114734  49.593  13.057  54.090 0.0000000000
120406  53.863  19.664  43.005 0.0000000000
120390  55.049  19.650  43.877 0.0000000000
120391  54.401  19.982  43.700 0.0000000000
121256  53.814  20.502  43.927 0.0000000000
124757  45.724  24.702  47.660 0.0000000000
124758  44.654  24.815  47.702 0.0000000000
123920  41.828  23.998  46.686 0.0000000000
123065  50.068  22.192  42.149 0.0000000000
123081  49.806  22.618  41.662 0.0000000000
122186  50.465  21.616  42.040 0.0000000000
122199  51.381  21.054  41.219 0.0000000000
121305  51.789  20.851  41.021 0.0000000000
120442  52.994  19.672  40.893 0.0000000000
120426  52.835  19.826  41.565 0.0000000000
118792  45.646  17.421  46.320 0.0000000000
117985  45.002  16.597  46.116 0.0000000000
119602  40.921  18.531  43.790 0.0000000000
119590  40.223  17.984  44.233 0.0000000000
118817  39.532  17.391  44.469 0.0000000000
118021  38.810  16.208  44.486 0.0000000000
116425  37.946  15.132  44.213 0.0000000000
116424  38.605  14.571  44.411 0.0000000000
123151  54.056  22.042  36.684 0.0000000000
124046  53.932  22.600  36.273 0.0000000000
123152  53.272  22.156  37.135 0.0000000000
124031  52.822  22.401  37.332 0.0000000000
124032  52.116  22.779  37.648 0.0000000000
122247  41.989  21.401  38.127 0.0000000000
122248  41.143  20.963  38.215 0.0000000000
122229  40.224  21.196  39.184 0.0000000000
121312  39.843  21.107  40.041 0.0000000000
124790  51.046  24.004  44.820 0.0000000000
124789  51.879  23.816  44.960 0.0000000000
127088  47.054  27.698  45.485 0.0000000000
127090  46.231  27.716  44.902 0.0000000000
126341  46.611  27.093  45.170 0.0000000000
126343  46.811  25.987  45.054 0.0000000000
125602  47.013  25.347  44.559 0.0000000000
124792  48.069  24.555  44.208 0.0000000000
124791  49.488  24.335  44.517 0.0000000000
118759  43.960  17.443  50.647 0.0000000000
118765  44.156  17.261  50.357 0.0000000000
118758  44.386  17.164  50.808 0.0000000000
117177  46.015  15.769  51.430 0.0000000000
115566  49.613  14.172  52.174 0.0000000000
115567  48.600  14.262  51.512 0.0000000000
114769  49.168  13.347  51.556 0.0000000000
112915  49.573  10.927  50.699 0.0000000000
118877  50.678  17.398  40.460 0.0000000000
118808  53.116  17.435  44.608 0.0000000000
118796  52.464  17.092  44.895 0.0000000000
118798  51.155  17.194  45.453 0.0000000000
119564  50.454  17.278  45.986 0.0000000000
119565  49.750  17.655  46.168 0.0000000000
119567  48.053  18.553  46.278 0.0000000000
123022  53.297  21.551  46.610 0.0000000000
122145  53.322  21.386  46.059 0.0000000000
123023  52.493  21.851  46.531 0.0000000000
123035  51.416  22.099  45.564 0.0000000000
123036  50.162  22.626  45.134 0.0000000000
123038  45.665  23.139  45.054 0.0000000000
123053  45.202  22.314  44.902 0.0000000000
122173  45.480  21.647  44.864 0.0000000000
121249  45.654  20.900  45.004 0.0000000000
121236  45.842  20.205  45.688 0.0000000000
120355  43.547  19.662  47.669 0.0000000000
119542  39.542  18.599  49.005 0.0000000000
118762  39.372  17.035  49.847 0.0000000000
117960  39.927  16.273  49.987 0.0000000000
129160  49.923  30.341  34.048 0.0000000000
128509  50.195  30.040  33.981 0.0000000000
127849  51.067  28.603  34.449 0.0000000000
127821  46.827  28.374  39.784 0.0000000000
128453  46.796  29.114  39.259 0.0000000000
127820  47.509  28.300  39.802 0.0000000000
128445  47.918  28.532  39.823 0.0000000000
124843  51.546  24.778  39.644 0.0000000000
125651  51.443  25.869  39.593 0.0000000000
125650  52.414  25.640  39.474 0.0000000000
126384  53.219  26.547  39.204 0.0000000000
127136  53.368  27.228  38.646 0.0000000000
125663  53.880  25.638  38.494 0.0000000000
125662  54.495  24.914  37.968 0.0000000000
124870  54.972  24.034  37.399 0.0000000000
124030  54.928  23.227  37.809 0.0000000000
123132  55.125  22.600  37.661 0.0000000000
122237  55.276  21.695  37.745 0.0000000000
119652  55.312  18.638  39.899 0.0000000000
119665  55.327  18.673  39.016 0.0000000000
118899  54.944  17.752  38.767 0.0000000000
118900  54.040  17.459  38.609 0.0000000000
118888  52.511  17.396  39.108 0.0000000000
118845  48.526  17.347  42.770 0.0000000000
118847  46.758  17.745  43.018 0.0000000000
118829  46.764  17.004  43.356 0.0000000000
118038  46.045  16.568  43.825 0.0000000000
118014  45.265  16.266  44.330 0.0000000000
117214  42.816  15.127  45.642 0.0000000000
116402  42.057  14.854  46.018 0.0000000000
115602  40.032  13.260  46.471 0.0000000000
113937  39.807  11.318  47.417 0.0000000000
116380  44.359  14.958  50.446 0.0000000000
114781  44.084  13.224  50.283 0.0000000000
114795  43.922  11.932  49.151 0.0000000000
121293  41.867  20.668  41.117 0.0000000000
121272  42.193  20.196  41.975 0.0000000000
120411  42.471  19.521  42.706 0.0000000000
121270  43.863  20.050  42.192 0.0000000000
120392  42.375  18.859  43.241 0.0000000000
119601  41.899  18.318  43.788 0.0000000000
119588  41.876  17.666  44.338 0.0000000000
118815  41.393  17.012  44.465 0.0000000000
121361  52.345  19.628  37.031 0.0000000000
122261  51.680  20.674  37.629 0.0000000000
121363  49.995  20.196  37.394 0.0000000000
120503  48.887  19.283  36.372 0.0000000000
121344  44.899  20.216  37.584 0.0000000000
121345  43.891  20.608  37.845 0.0000000000
122225  43.362  21.267  38.990 0.0000000000
122212  42.974  21.174  39.564 0.0000000000
127786  46.872  28.758  45.135 0.0000000000
127782  47.684  28.394  45.494 0.0000000000
127087  48.135  27.625  45.666 0.0000000000
117165  44.441  16.093  51.816 0.0000000000
117931  45.705  16.195  52.165 0.0000000000
117164  45.148  15.938  52.241 0.0000000000
117149  46.630  15.478  52.600 0.0000000000
117147  48.403  15.287  52.772 0.0000000000
116331  47.659  15.041  53.296 0.0000000000
117135  48.708  15.175  53.269 0.0000000000
116359  49.442  14.963  52.432 0.0000000000
115565  50.218  13.656  52.506 0.0000000000
118858  55.033  16.855  41.952 0.0000000000
118057  54.144  16.649  42.356 0.0000000000
118843  55.469  17.082  42.862 0.0000000000
118825  55.508  16.968  43.570 0.0000000000
118806  54.987  17.741  44.833 0.0000000000
121240  55.279  20.004  45.158 0.0000000000
119581  54.813  18.530  45.025 0.0000000000
119582  54.060  18.554  44.547 0.0000000000
119583  53.052  18.477  44.329 0.0000000000
119584  51.912  18.438  44.351 0.0000000000
120381  50.363  19.459  44.074 0.0000000000
124767  49.722  23.772  47.130 0.0000000000
123916  47.177  23.951  46.330 0.0000000000
123933  46.268  23.854  45.695 0.0000000000
124771  45.986  24.502  46.511 0.0000000000
124783  45.616  24.153  45.859 0.0000000000
123934  45.254  23.743  45.516 0.0000000000
123040  43.863  22.788  45.474 0.0000000000
122162  42.648  21.853  45.631 0.0000000000
121228  41.893  21.081  46.563 0.0000000000
121218  40.227  21.119  47.522 0.0000000000
121219  39.805  21.289  47.984 0.0000000000
120346  39.505  20.096  48.202 0.0000000000
120337  39.209  19.458  49.253 0.0000000000
119532  38.744  18.623  49.940 0.0000000000
118749  38.778  17.465  50.820 0.0000000000
127842  49.478  29.254  36.870 0.0000000000
125618  48.174  25.283  41.117 0.0000000000
126370  48.180  26.281  40.642 0.0000000000
124832  48.770  24.982  40.680 0.0000000000
124830  50.524  24.352  40.195 0.0000000000
123972  50.022  22.981  41.142 0.0000000000
123988  50.698  23.169  40.581 0.0000000000
124829  51.237  23.827  39.925 0.0000000000
124000  51.948  23.896  39.654 0.0000000000
123999  52.748  23.328  39.605 0.0000000000
123101  54.138  22.480  39.333 0.0000000000
122223  53.868  21.865  39.477 0.0000000000
121302  54.210  20.763  39.607 0.0000000000
120441  54.290  19.488  40.542 0.0000000000
120440  55.062  18.997  40.231 0.0000000000
118872  55.233  17.638  41.303 0.0000000000
118012  46.813  16.030  44.656 0.0000000000
117210  46.179  15.603  45.148 0.0000000000
117203  44.227  15.833  45.971 0.0000000000
117205  42.454  15.484  46.404 0.0000000000
115593  41.304  13.693  48.552 0.0000000000
112930  46.278  10.551  49.270 0.0000000000
112931  45.641  10.881  49.198 0.0000000000
112942  46.089  9.996  48.753 0.0000000000
118063  37.113  16.294  42.340 0.0000000000
120396  38.983  19.314  42.899 0.0000000000
119603  39.975  18.597  43.655 0.0000000000
119604  38.874  18.560  43.531 0.0000000000
115623  38.179  13.856  43.953 0.0000000000
114822  37.590  12.632  43.207 0.0000000000
113958  37.973  11.337  42.875 0.0000000000
124887  53.612  22.944  36.108 0.0000000000
122240  51.149  21.305  38.385 0.0000000000
123115  50.659  22.154  38.538 0.0000000000
123056  52.465  21.510  43.671 0.0000000000
123045  52.807  22.184  44.408 0.0000000000
123032  53.597  22.084  45.234 0.0000000000
123927  52.257  23.623  45.085 0.0000000000
123909  53.798  22.848  46.269 0.0000000000
123013  54.193  22.251  46.779 0.0000000000
123014  53.501  21.795  47.088 0.0000000000
123009  52.564  22.633  47.587 0.0000000000
123904  50.537  23.654  47.766 0.0000000000
124753  49.678  24.057  47.855 0.0000000000
124754  48.736  24.347  47.799 0.0000000000
124735  48.588  24.406  48.682 0.0000000000
127823  45.309  29.068  39.548 0.0000000000
127806  45.926  27.856  40.729 0.0000000000
127115  46.745  27.390  41.003 0.0000000000
127103  47.017  26.997  41.235 0.0000000000
126345  45.481  26.918  43.936 0.0000000000
126359  45.850  26.456  42.242 0.0000000000
126358  46.288  26.288  42.024 0.0000000000
126356  47.691  25.895  41.158 0.0000000000
124814  47.981  24.639  41.761 0.0000000000
124801  48.153  24.128  42.148 0.0000000000
123956  49.168  23.149  42.411 0.0000000000
124797  48.722  24.095  43.692 0.0000000000
123059  49.551  22.830  42.815 0.0000000000
123058  50.213  22.382  42.967 0.0000000000
119560  44.002  18.584  47.889 0.0000000000
117188  43.982  15.850  50.351 0.0000000000
117963  44.414  16.910  50.487 0.0000000000
117956  44.428  16.444  50.480 0.0000000000
115582  44.683  13.995  50.560 0.0000000000
114786  45.967  11.876  49.998 0.0000000000
117941  46.019  16.259  51.842 0.0000000000
117163  46.556  15.754  51.691 0.0000000000
116377  46.651  14.500  51.248 0.0000000000
115568  47.514  14.122  51.288 0.0000000000
115580  46.727  13.851  50.999 0.0000000000
113921  46.616  11.444  49.995 0.0000000000
120460  47.993  19.034  40.021 0.0000000000
120444  47.966  19.136  40.773 0.0000000000
119645  48.690  18.673  40.463 0.0000000000
119631  49.033  17.680  41.528 0.0000000000
118863  49.723  17.241  41.756 0.0000000000
118826  48.963  16.695  43.600 0.0000000000
118035  48.550  16.364  44.022 0.0000000000
118058  53.243  16.445  42.188 0.0000000000
118046  52.444  16.717  43.066 0.0000000000
118032  51.702  16.339  43.966 0.0000000000
118007  51.865  16.612  44.649 0.0000000000
118033  50.697  16.202  43.870 0.0000000000
118010  48.854  16.447  44.737 0.0000000000
117995  48.058  16.623  45.366 0.0000000000
118800  47.484  16.947  45.721 0.0000000000
118781  48.493  17.739  46.539 0.0000000000
118783  47.565  17.738  46.619 0.0000000000
119568  46.112  18.007  46.538 0.0000000000
122157  52.315  21.557  45.349 0.0000000000
123930  49.485  23.063  45.517 0.0000000000
123943  49.194  22.815  44.936 0.0000000000
123049  49.273  22.405  44.531 0.0000000000
123051  46.991  22.405  44.583 0.0000000000
123050  48.035  22.495  44.155 0.0000000000
121246  48.865  20.542  43.988 0.0000000000
120382  49.184  19.587  44.251 0.0000000000
119587  48.648  19.117  44.971 0.0000000000
120371  48.114  19.161  45.466 0.0000000000
120373  46.515  19.773  46.094 0.0000000000
120366  46.694  19.471  46.653 0.0000000000
119545  44.137  18.801  48.146 0.0000000000
119539  43.086  18.348  49.397 0.0000000000
118760  43.348  17.380  50.464 0.0000000000
117957  43.232  17.015  50.910 0.0000000000
121216  42.118  20.377  46.929 0.0000000000
120344  41.591  19.244  47.969 0.0000000000
118776  41.046  18.099  48.718 0.0000000000
119541  40.248  18.125  48.922 0.0000000000
118769  40.786  17.577  49.225 0.0000000000
118775  41.703  17.982  49.018 0.0000000000
117966  41.995  16.742  49.992 0.0000000000
117166  43.636  16.105  51.443 0.0000000000
116347  43.954  14.549  52.197 0.0000000000
127193  52.380  27.167  32.516 0.0000000000
126455  52.895  26.152  33.891 0.0000000000
126454  53.461  25.731  34.344 0.0000000000
125716  54.157  25.262  34.212 0.0000000000
127838  49.965  29.049  37.473 0.0000000000
126369  49.080  26.430  40.371 0.0000000000
127129  49.277  27.520  39.980 0.0000000000
126386  51.167  26.693  39.634 0.0000000000
128480  51.079  29.253  38.182 0.0000000000
127837  50.757  28.987  37.528 0.0000000000
126414  52.477  27.032  36.887 0.0000000000
127145  53.427  26.933  38.006 0.0000000000
126427  53.701  25.939  35.675 0.0000000000
125702  54.231  25.183  35.131 0.0000000000
125701  54.810  24.612  35.394 0.0000000000
124885  55.485  23.582  36.886 0.0000000000
124045  55.188  22.647  36.537 0.0000000000
123150  54.950  22.135  36.355 0.0000000000
122278  54.799  21.254  36.854 0.0000000000
122258  54.344  21.018  37.124 0.0000000000
122238  55.113  21.285  38.344 0.0000000000
121338  55.549  20.703  37.878 0.0000000000
119679  55.437  19.055  38.229 0.0000000000
120487  55.456  19.737  37.794 0.0000000000
120488  55.158  19.606  37.485 0.0000000000
121360  53.503  19.839  37.527 0.0000000000
118908  50.780  17.875  36.131 0.0000000000
119669  51.593  17.770  37.569 0.0000000000
118902  50.815  17.781  36.849 0.0000000000
119684  49.992  17.873  37.211 0.0000000000
119671  49.652  18.417  37.962 0.0000000000
120428  47.370  19.034  41.302 0.0000000000
120407  46.285  18.923  42.268 0.0000000000
119616  45.646  18.428  42.845 0.0000000000
118848  46.083  17.911  43.040 0.0000000000
118833  43.129  17.585  43.899 0.0000000000
118814  42.387  17.041  44.423 0.0000000000
118018  41.780  16.145  44.494 0.0000000000
117222  45.674  15.603  44.748 0.0000000000
118015  44.352  16.084  44.662 0.0000000000
116410  43.118  14.900  45.099 0.0000000000
116419  43.130  15.037  44.830 0.0000000000
118016  43.519  15.990  44.492 0.0000000000
118017  42.691  16.046  44.367 0.0000000000
115618  39.408  13.787  44.807 0.0000000000
115612  38.846  12.816  45.387 0.0000000000
115603  39.570  12.794  46.248 0.0000000000
114815  39.015  12.584  45.711 0.0000000000
114816  38.661  12.295  45.492 0.0000000000
112974  38.390  10.853  44.555 0.0000000000
117977  43.358  17.276  48.071 0.0000000000
117973  43.020  16.720  48.548 0.0000000000
117196  42.475  15.762  48.654 0.0000000000
116394  42.028  14.780  48.947 0.0000000000
115592  41.773  14.231  48.814 0.0000000000
115589  41.842  13.367  48.968 0.0000000000
114796  41.162  12.756  48.739 0.0000000000
113928  45.258  11.136  49.180 0.0000000000
113929  44.587  11.234  49.031 0.0000000000
113930  43.672  11.053  49.019 0.0000000000
111831  44.170  9.608  48.223 0.0000000000
112945  43.282  10.144  48.435 0.0000000000
113931  42.636  11.074  49.050 0.0000000000
112948  40.295  10.876  47.618 0.0000000000
113860  50.388  12.129  54.122 0.0000000000
113859  51.476  12.201  53.554 0.0000000000
113858  52.115  11.834  53.481 0.0000000000
113882  51.702  12.455  53.088 0.0000000000
111815  46.495  9.941  48.924 0.0000000000
112872  52.363  11.481  53.240 0.0000000000
112905  50.187  11.014  50.862 0.0000000000
112906  49.996  11.230  50.936 0.0000000000
112916  48.858  11.105  50.550 0.0000000000
112967  39.911  9.772  46.381 0.0000000000
112968  39.368  10.194  46.020 0.0000000000
113881  52.352  12.098  52.979 0.0000000000
113898  50.505  11.171  50.746 0.0000000000
113909  50.041  11.696  50.874 0.0000000000
113910  49.036  11.800  50.660 0.0000000000
113951  38.874  10.757  45.587 0.0000000000
113952  38.446  11.353  45.188 0.0000000000
114732  51.197  12.760  53.099 0.0000000000
114771  47.585  13.517  51.117 0.0000000000
114791  41.645  13.044  48.900 0.0000000000
114802  39.528  11.801  47.010 0.0000000000
114809  38.805  11.905  45.974 0.0000000000
114820  37.646  12.465  43.941 0.0000000000
115546  50.256  14.173  52.848 0.0000000000
115547  49.792  14.547  52.595 0.0000000000
115548  47.325  14.489  53.353 0.0000000000
115569  46.936  14.347  51.269 0.0000000000
115579  47.313  13.602  51.049 0.0000000000
115583  43.857  14.097  50.298 0.0000000000
115597  40.933  13.868  47.906 0.0000000000
116327  50.004  14.508  53.281 0.0000000000
116328  49.767  14.640  53.249 0.0000000000
116341  50.061  14.519  53.085 0.0000000000
116343  47.581  14.654  53.413 0.0000000000
116344  47.053  15.045  53.275 0.0000000000
116363  46.402  15.387  51.429 0.0000000000
116399  40.808  13.923  47.585 0.0000000000
117133  49.622  14.969  53.071 0.0000000000
117134  49.332  15.109  53.212 0.0000000000
117136  48.087  15.122  53.129 0.0000000000
117145  49.453  15.149  52.857 0.0000000000
117146  49.045  15.391  52.902 0.0000000000
117159  49.246  15.269  52.629 0.0000000000
117160  48.914  15.318  52.406 0.0000000000
117161  48.174  15.353  52.178 0.0000000000
117182  40.722  15.634  50.170 0.0000000000
117191  40.864  16.051  49.746 0.0000000000
117200  42.328  15.714  47.386 0.0000000000
117221  46.212  15.685  44.742 0.0000000000
117929  46.823  15.692  52.253 0.0000000000
117940  46.605  15.990  52.012 0.0000000000
117981  50.480  16.737  45.916 0.0000000000
117990  52.397  16.926  44.806 0.0000000000
117991  52.087  16.934  44.936 0.0000000000
118003  55.088  17.377  44.686 0.0000000000
118004  54.815  17.206  44.640 0.0000000000
118028  55.201  17.178  44.537 0.0000000000
118029  54.931  16.758  44.232 0.0000000000
118039  45.527  16.753  43.836 0.0000000000
118045  53.520  16.702  43.138 0.0000000000
118062  50.087  16.674  42.283 0.0000000000
118746  44.128  17.277  51.139 0.0000000000
118763  38.683  17.636  49.942 0.0000000000
118770  39.524  17.711  49.331 0.0000000000
118782  48.198  17.762  46.608 0.0000000000
118784  44.339  18.149  47.443 0.0000000000
118787  50.675  16.934  45.879 0.0000000000
118788  50.088  17.074  46.290 0.0000000000
118793  44.609  17.705  47.080 0.0000000000
118801  47.140  16.586  45.949 0.0000000000
118805  55.275  17.591  44.630 0.0000000000
118807  54.364  17.709  44.624 0.0000000000
118811  44.654  16.518  44.334 0.0000000000
118824  55.605  17.460  44.208 0.0000000000
118827  48.431  16.787  43.494 0.0000000000
118846  47.587  17.580  43.007 0.0000000000
118864  48.718  17.539  41.940 0.0000000000
118891  49.986  17.608  39.762 0.0000000000
118901  53.285  17.413  38.735 0.0000000000
118903  50.339  17.734  37.051 0.0000000000
118909  50.196  17.896  36.550 0.0000000000
118910  49.879  18.195  36.449 0.0000000000
118913  50.651  18.049  35.910 0.0000000000
118914  50.299  18.072  36.134 0.0000000000
119519  38.691  18.212  50.524 0.0000000000
119543  39.143  18.816  49.496 0.0000000000
119555  48.369  17.944  46.649 0.0000000000
119572  55.389  18.727  45.118 0.0000000000
119573  55.180  18.816  45.216 0.0000000000
119577  47.847  18.896  45.906 0.0000000000
119595  55.795  18.467  44.043 0.0000000000
119634  46.844  18.815  41.852 0.0000000000
119653  52.486  17.663  38.543 0.0000000000
119666  55.235  18.415  38.371 0.0000000000
119673  47.833  18.857  37.224 0.0000000000
119690  51.012  18.236  35.944 0.0000000000
119691  50.425  18.298  36.146 0.0000000000
119692  49.578  18.509  36.366 0.0000000000
119693  48.347  18.982  36.277 0.0000000000
119694  47.708  19.092  36.043 0.0000000000
120325  39.227  19.397  50.166 0.0000000000
120326  39.136  19.038  49.721 0.0000000000
120338  39.229  19.080  49.501 0.0000000000
120350  48.045  18.276  46.646 0.0000000000
120359  39.785  20.764  47.873 0.0000000000
120368  55.359  19.019  45.212 0.0000000000
120369  54.964  19.377  45.361 0.0000000000
120370  54.511  19.842  45.563 0.0000000000
120376  55.576  19.201  44.905 0.0000000000
120377  54.523  19.296  45.070 0.0000000000
120389  55.478  19.468  44.432 0.0000000000
120405  54.531  19.210  43.014 0.0000000000
120414  39.539  19.854  42.439 0.0000000000
120443  52.617  20.022  41.227 0.0000000000
120458  53.411  18.806  37.095 0.0000000000
120459  53.314  18.607  37.069 0.0000000000
120473  54.898  20.231  38.645 0.0000000000
120475  52.978  18.402  37.087 0.0000000000
121229  41.420  21.336  46.682 0.0000000000
121232  55.262  19.605  45.324 0.0000000000
121233  54.919  20.116  45.662 0.0000000000
121241  54.767  20.526  45.276 0.0000000000
121250  45.263  21.242  45.136 0.0000000000
121254  55.117  20.218  44.719 0.0000000000
121288  52.428  20.291  41.757 0.0000000000
121304  52.345  20.487  40.806 0.0000000000
121306  45.720  20.222  40.319 0.0000000000
121321  53.241  18.832  36.957 0.0000000000
121322  53.137  18.629  36.947 0.0000000000
121326  42.039  21.132  39.437 0.0000000000
121328  40.944  20.930  39.709 0.0000000000
121339  55.201  20.536  38.387 0.0000000000
121341  52.915  18.859  36.908 0.0000000000
121380  55.106  20.796  37.010 0.0000000000
122131  40.246  22.211  47.998 0.0000000000
122135  54.079  21.535  46.376 0.0000000000
122136  53.623  21.532  46.563 0.0000000000
122137  41.104  21.539  46.755 0.0000000000
122139  40.100  21.640  47.809 0.0000000000
122146  52.656  21.629  45.971 0.0000000000
122147  43.883  21.379  45.640 0.0000000000
122149  42.357  21.399  46.067 0.0000000000
122151  40.998  21.872  46.681 0.0000000000
122158  51.528  21.703  45.071 0.0000000000
122159  45.019  21.481  45.122 0.0000000000
122160  44.471  21.864  45.255 0.0000000000
122163  42.131  21.821  45.873 0.0000000000
122179  50.405  21.970  42.505 0.0000000000
122200  50.796  21.428  41.264 0.0000000000
122207  54.090  21.435  39.493 0.0000000000
122211  51.191  21.408  40.857 0.0000000000
122213  42.646  21.142  39.587 0.0000000000
122214  39.773  21.111  39.492 0.0000000000
122224  53.406  21.775  39.658 0.0000000000
122227  41.670  21.305  38.925 0.0000000000
122277  55.286  21.389  36.846 0.0000000000
123008  52.917  22.548  47.559 0.0000000000
123015  52.665  22.145  47.351 0.0000000000
123021  54.445  22.033  45.900 0.0000000000
123024  51.718  22.280  46.224 0.0000000000
123027  41.014  22.387  46.786 0.0000000000
123033  53.007  22.464  45.006 0.0000000000
123037  49.493  22.749  45.015 0.0000000000
123041  42.933  22.632  45.584 0.0000000000
123044  53.317  21.888  44.838 0.0000000000
123052  46.038  22.388  44.780 0.0000000000
123063  52.255  21.177  43.273 0.0000000000
123090  52.629  22.454  39.844 0.0000000000
123111  55.144  22.219  37.695 0.0000000000
123113  52.129  21.879  38.198 0.0000000000
123114  51.618  22.024  38.448 0.0000000000
123133  53.560  21.686  37.156 0.0000000000
123163  54.409  22.538  36.289 0.0000000000
123902  52.181  22.609  47.450 0.0000000000
123910  53.308  23.317  45.996 0.0000000000
123915  48.119  23.829  46.278 0.0000000000
123925  53.870  22.481  45.689 0.0000000000
123926  52.971  23.048  45.424 0.0000000000
123942  49.623  23.780  44.004 0.0000000000
123951  48.309  23.791  43.102 0.0000000000
123952  47.830  23.976  42.910 0.0000000000
123957  48.582  23.630  42.455 0.0000000000
123997  54.350  22.916  39.177 0.0000000000
124013  51.769  22.450  38.192 0.0000000000
124014  51.245  22.685  38.324 0.0000000000
124033  51.029  23.368  37.908 0.0000000000
124053  55.258  23.167  36.596 0.0000000000
124750  53.597  23.363  46.903 0.0000000000
124764  53.668  23.197  46.692 0.0000000000
124774  42.716  24.606  47.105 0.0000000000
124779  52.966  23.614  45.844 0.0000000000
124782  49.666  24.879  45.055 0.0000000000
124784  45.039  24.277  45.973 0.0000000000
124812  49.046  23.862  41.316 0.0000000000
124869  55.290  23.362  37.256 0.0000000000
124900  53.551  23.193  35.707 0.0000000000
125597  47.211  25.837  45.211 0.0000000000
125607  46.899  25.081  43.472 0.0000000000
125619  47.423  25.234  41.718 0.0000000000
125637  48.691  25.702  40.562 0.0000000000
125675  54.355  25.411  36.787 0.0000000000
126352  45.967  26.092  42.505 0.0000000000
126357  47.070  26.285  41.377 0.0000000000
126387  50.608  26.659  39.831 0.0000000000
126415  52.060  27.404  36.628 0.0000000000
126429  52.260  27.255  36.263 0.0000000000
127091  45.260  27.648  44.208 0.0000000000
127112  49.512  27.127  40.228 0.0000000000
127116  46.196  27.358  41.285 0.0000000000
127127  50.583  27.325  39.730 0.0000000000
127128  49.770  27.526  39.800 0.0000000000
127137  52.892  27.809  38.866 0.0000000000
127156  52.214  27.353  35.632 0.0000000000
127209  52.240  27.804  32.309 0.0000000000
127803  48.518  27.956  39.843 0.0000000000
127815  52.412  28.033  39.388 0.0000000000
127831  52.468  28.203  39.176 0.0000000000
127846  49.748  29.233  36.204 0.0000000000
128444  48.367  28.482  39.728 0.0000000000
128504  50.582  29.205  34.493 0.0000000000
