#!ascii label  , from subject 3332 vox2ras=TkReg
542
94398  -32.244  -18.374  -9.746 0.0000000000
101452  -30.109  -12.336  -8.530 0.0000000000
115375  -28.618  3.348  -10.819 0.0000000000
111006  -32.437  -1.167  -11.009 0.0000000000
106386  -35.409  -6.774  -8.102 0.0000000000
99526  -36.502  -13.407  -6.281 0.0000000000
117043  -28.617  5.354  -8.910 0.0000000000
109195  -34.301  -4.120  -9.987 0.0000000000
105391  -31.033  -7.389  -8.321 0.0000000000
98575  -31.246  -15.201  -9.437 0.0000000000
100479  -33.327  -12.722  -7.850 0.0000000000
96540  -34.766  -16.244  -8.185 0.0000000000
92367  -25.556  -20.632  -7.470 0.0000000000
96551  -28.822  -16.771  -8.757 0.0000000000
119971  -25.503  9.711  -4.116 0.0000000000
119223  -28.583  8.320  -5.407 0.0000000000
120032  -28.558  10.240  -8.620 0.0000000000
118506  -30.452  7.900  -10.073 0.0000000000
116229  -31.137  4.912  -9.122 0.0000000000
113612  -30.592  1.507  -12.005 0.0000000000
113584  -31.719  1.752  -8.718 0.0000000000
110968  -32.604  -1.396  -6.895 0.0000000000
108249  -33.923  -4.537  -6.918 0.0000000000
106367  -34.784  -6.822  -5.626 0.0000000000
102413  -32.445  -10.275  -7.815 0.0000000000
102416  -35.180  -9.569  -6.340 0.0000000000
106395  -30.613  -6.168  -8.899 0.0000000000
105368  -30.040  -7.705  -7.609 0.0000000000
96577  -32.499  -17.444  -10.531 0.0000000000
97574  -33.482  -15.998  -9.288 0.0000000000
94413  -34.986  -18.096  -10.189 0.0000000000
88131  -25.522  -24.489  -5.442 0.0000000000
89417  -25.633  -23.135  -6.399 0.0000000000
90492  -25.917  -22.358  -6.530 0.0000000000
97546  -28.660  -15.457  -8.165 0.0000000000
97544  -27.271  -16.308  -7.651 0.0000000000
120016  -29.379  9.215  -6.606 0.0000000000
117053  -28.680  5.133  -9.798 0.0000000000
118510  -29.490  7.777  -10.428 0.0000000000
117063  -29.427  5.844  -10.927 0.0000000000
117054  -30.847  5.803  -10.129 0.0000000000
116263  -30.557  4.647  -11.347 0.0000000000
112747  -31.931  0.189  -11.706 0.0000000000
113600  -32.036  1.362  -10.921 0.0000000000
112728  -32.207  0.045  -9.665 0.0000000000
112722  -32.142  0.108  -8.543 0.0000000000
110984  -32.598  -1.836  -9.455 0.0000000000
107346  -34.589  -5.601  -8.931 0.0000000000
108265  -34.080  -4.200  -8.598 0.0000000000
107334  -34.943  -5.596  -8.194 0.0000000000
106374  -34.223  -5.654  -6.365 0.0000000000
106376  -35.879  -6.755  -6.797 0.0000000000
101443  -29.573  -11.178  -7.635 0.0000000000
103365  -29.700  -9.857  -8.088 0.0000000000
101445  -30.779  -11.321  -7.907 0.0000000000
100466  -34.256  -12.749  -6.870 0.0000000000
101429  -33.749  -11.438  -6.892 0.0000000000
101431  -36.064  -11.387  -5.980 0.0000000000
102378  -36.069  -10.695  -5.527 0.0000000000
101409  -37.474  -11.004  -5.771 0.0000000000
92369  -27.168  -20.390  -7.099 0.0000000000
93351  -26.305  -19.610  -7.334 0.0000000000
93353  -28.216  -19.504  -7.492 0.0000000000
94384  -28.523  -18.376  -8.587 0.0000000000
109191  -30.952  -3.099  -10.198 0.0000000000
110060  -33.086  -2.823  -10.305 0.0000000000
108286  -32.071  -4.000  -10.195 0.0000000000
107356  -32.547  -5.462  -9.617 0.0000000000
105393  -33.527  -7.065  -8.588 0.0000000000
99552  -31.117  -13.636  -8.921 0.0000000000
100492  -32.469  -12.689  -8.488 0.0000000000
98562  -32.529  -14.528  -8.847 0.0000000000
98550  -34.032  -14.865  -7.539 0.0000000000
98537  -35.246  -14.718  -6.556 0.0000000000
92351  -26.899  -20.841  -6.795 0.0000000000
99537  -29.308  -13.467  -7.561 0.0000000000
98559  -29.836  -14.625  -8.999 0.0000000000
97570  -30.340  -16.054  -9.470 0.0000000000
95531  -30.912  -17.616  -9.563 0.0000000000
121687  -26.268  11.076  -2.725 0.0000000000
119233  -25.754  9.039  -6.990 0.0000000000
119988  -26.337  8.847  -5.058 0.0000000000
119991  -29.349  9.034  -4.539 0.0000000000
120862  -29.682  9.504  -6.420 0.0000000000
120873  -30.183  11.072  -8.027 0.0000000000
118504  -28.946  7.455  -9.043 0.0000000000
119255  -30.094  9.308  -9.520 0.0000000000
119250  -30.540  9.171  -8.318 0.0000000000
117774  -30.754  7.133  -8.296 0.0000000000
117025  -31.399  5.566  -7.312 0.0000000000
116205  -31.748  4.654  -6.886 0.0000000000
114488  -29.053  2.672  -11.622 0.0000000000
115366  -31.336  3.676  -10.873 0.0000000000
114469  -31.539  2.658  -9.270 0.0000000000
114443  -31.856  2.873  -6.628 0.0000000000
113570  -32.501  1.403  -6.385 0.0000000000
110960  -32.960  -1.050  -6.132 0.0000000000
110039  -33.340  -2.861  -9.284 0.0000000000
109168  -32.699  -2.796  -7.039 0.0000000000
103355  -30.136  -8.814  -7.805 0.0000000000
104322  -31.967  -8.795  -8.337 0.0000000000
104323  -33.853  -8.385  -7.955 0.0000000000
101447  -32.930  -11.409  -8.088 0.0000000000
103356  -34.158  -9.756  -6.918 0.0000000000
104325  -35.893  -8.299  -7.157 0.0000000000
104312  -36.164  -8.492  -6.494 0.0000000000
104287  -35.301  -9.015  -4.818 0.0000000000
95510  -28.085  -17.769  -8.368 0.0000000000
94397  -29.239  -17.860  -8.802 0.0000000000
95513  -30.610  -17.698  -8.658 0.0000000000
95543  -32.208  -18.102  -10.627 0.0000000000
95544  -33.199  -17.981  -10.705 0.0000000000
94400  -33.784  -18.700  -9.928 0.0000000000
94401  -34.617  -18.523  -9.974 0.0000000000
94388  -33.501  -18.305  -9.409 0.0000000000
89396  -25.111  -23.764  -6.063 0.0000000000
89397  -25.933  -23.594  -5.727 0.0000000000
116249  -28.641  4.161  -10.273 0.0000000000
117062  -28.735  5.430  -10.638 0.0000000000
117072  -28.982  5.190  -11.430 0.0000000000
117074  -30.292  5.031  -11.294 0.0000000000
116262  -30.044  4.478  -11.596 0.0000000000
111005  -31.801  -1.483  -10.842 0.0000000000
111016  -31.464  -1.054  -11.324 0.0000000000
111018  -32.401  -0.756  -11.394 0.0000000000
112748  -32.644  -0.059  -11.451 0.0000000000
111906  -32.707  -0.627  -10.884 0.0000000000
111897  -32.527  -0.739  -10.050 0.0000000000
110994  -32.517  -1.454  -10.298 0.0000000000
107347  -35.254  -6.194  -8.721 0.0000000000
107335  -35.330  -6.221  -8.381 0.0000000000
107326  -35.412  -6.322  -7.752 0.0000000000
106387  -35.997  -6.775  -7.908 0.0000000000
101444  -29.677  -11.665  -8.181 0.0000000000
101453  -30.633  -12.147  -8.394 0.0000000000
100467  -35.718  -12.465  -6.443 0.0000000000
100468  -36.882  -12.288  -6.288 0.0000000000
100470  -38.043  -12.080  -6.045 0.0000000000
99527  -37.457  -13.139  -6.094 0.0000000000
93352  -27.312  -19.859  -7.681 0.0000000000
108272  -30.503  -4.125  -9.640 0.0000000000
108285  -31.209  -3.752  -10.046 0.0000000000
108273  -31.400  -4.471  -9.738 0.0000000000
106396  -31.266  -6.322  -8.458 0.0000000000
107344  -31.703  -5.803  -9.133 0.0000000000
106397  -32.300  -6.199  -8.893 0.0000000000
106407  -33.027  -6.075  -9.249 0.0000000000
105392  -32.175  -7.163  -8.503 0.0000000000
98560  -30.764  -14.429  -9.269 0.0000000000
98561  -31.756  -14.596  -9.226 0.0000000000
96553  -33.864  -16.306  -9.131 0.0000000000
97560  -33.726  -15.576  -8.669 0.0000000000
97548  -34.044  -15.310  -8.031 0.0000000000
98536  -34.548  -14.754  -7.075 0.0000000000
97549  -34.735  -15.653  -7.678 0.0000000000
97533  -35.919  -15.686  -6.789 0.0000000000
97550  -35.460  -15.978  -7.342 0.0000000000
88130  -24.574  -24.624  -5.821 0.0000000000
86901  -23.961  -25.546  -5.908 0.0000000000
91429  -26.412  -21.497  -6.616 0.0000000000
91430  -27.034  -21.107  -6.455 0.0000000000
98548  -29.339  -14.429  -8.125 0.0000000000
96539  -28.181  -16.397  -8.333 0.0000000000
97557  -29.500  -15.738  -9.074 0.0000000000
96552  -29.324  -16.535  -9.090 0.0000000000
96564  -29.964  -16.858  -9.459 0.0000000000
96563  -29.380  -17.128  -9.164 0.0000000000
121702  -25.110  10.851  -3.389 0.0000000000
121686  -25.427  11.174  -2.665 0.0000000000
121703  -25.684  10.778  -3.158 0.0000000000
120809  -26.483  10.635  -3.014 0.0000000000
120828  -26.213  10.324  -3.224 0.0000000000
119222  -27.473  8.248  -5.491 0.0000000000
119207  -27.015  8.622  -5.359 0.0000000000
119208  -27.805  8.555  -5.095 0.0000000000
119989  -27.418  8.810  -4.519 0.0000000000
119990  -28.496  8.798  -4.592 0.0000000000
120005  -29.166  8.957  -5.503 0.0000000000
120024  -28.934  9.789  -7.609 0.0000000000
120017  -29.532  9.665  -7.133 0.0000000000
120025  -29.281  10.256  -7.458 0.0000000000
120872  -29.529  10.848  -7.682 0.0000000000
121733  -29.953  12.182  -8.586 0.0000000000
117781  -28.737  6.507  -8.518 0.0000000000
118511  -30.141  7.534  -10.801 0.0000000000
119256  -29.799  8.558  -9.719 0.0000000000
119257  -30.037  8.256  -10.232 0.0000000000
118500  -30.399  8.078  -8.914 0.0000000000
118492  -30.757  8.113  -7.630 0.0000000000
116238  -31.317  5.364  -9.651 0.0000000000
117783  -31.066  6.211  -8.660 0.0000000000
117034  -31.178  5.534  -8.262 0.0000000000
116217  -31.419  4.637  -7.925 0.0000000000
112734  -29.663  0.316  -10.982 0.0000000000
112745  -30.143  0.965  -11.585 0.0000000000
113611  -29.321  1.581  -11.507 0.0000000000
114489  -30.109  2.610  -11.760 0.0000000000
114490  -31.323  2.430  -11.564 0.0000000000
113592  -32.043  1.717  -9.808 0.0000000000
114478  -31.730  2.629  -10.438 0.0000000000
114460  -31.693  2.681  -8.184 0.0000000000
114461  -32.052  1.900  -7.778 0.0000000000
114452  -32.184  2.052  -6.918 0.0000000000
111882  -32.536  -0.631  -7.796 0.0000000000
112715  -32.361  0.315  -7.503 0.0000000000
111874  -32.526  -0.400  -6.662 0.0000000000
111875  -32.766  -0.681  -6.250 0.0000000000
109194  -33.646  -3.616  -10.369 0.0000000000
110038  -33.093  -2.424  -9.674 0.0000000000
109184  -33.980  -3.449  -9.681 0.0000000000
108257  -33.883  -4.311  -8.050 0.0000000000
109169  -33.273  -3.389  -7.425 0.0000000000
109161  -32.770  -3.004  -6.516 0.0000000000
109162  -33.218  -3.714  -6.347 0.0000000000
105347  -34.641  -7.837  -4.801 0.0000000000
102412  -31.146  -10.284  -7.931 0.0000000000
103367  -31.597  -9.378  -8.214 0.0000000000
103368  -32.721  -9.168  -8.147 0.0000000000
103381  -32.886  -8.724  -8.314 0.0000000000
100493  -32.926  -13.001  -8.285 0.0000000000
101455  -32.372  -11.855  -8.356 0.0000000000
100478  -32.836  -12.153  -8.314 0.0000000000
102396  -34.378  -10.382  -6.579 0.0000000000
103357  -34.555  -9.781  -6.659 0.0000000000
103370  -34.998  -9.396  -7.052 0.0000000000
103371  -35.704  -9.275  -6.494 0.0000000000
103345  -35.732  -9.770  -5.231 0.0000000000
94366  -29.049  -18.637  -7.853 0.0000000000
94385  -29.013  -18.164  -8.583 0.0000000000
95512  -29.592  -17.963  -8.417 0.0000000000
95490  -30.325  -17.943  -7.593 0.0000000000
107342  -30.121  -5.828  -9.217 0.0000000000
106384  -30.477  -6.359  -8.249 0.0000000000
105378  -30.626  -7.159  -7.838 0.0000000000
96566  -31.837  -16.735  -10.175 0.0000000000
97573  -33.011  -15.842  -9.745 0.0000000000
96567  -32.745  -16.737  -10.088 0.0000000000
96568  -33.743  -17.055  -9.670 0.0000000000
96569  -34.760  -17.371  -9.590 0.0000000000
96541  -35.491  -16.735  -7.947 0.0000000000
95518  -35.336  -17.935  -9.410 0.0000000000
94368  -35.074  -18.125  -8.726 0.0000000000
90505  -25.506  -22.132  -6.874 0.0000000000
89418  -26.217  -22.926  -6.079 0.0000000000
97531  -28.478  -14.948  -7.215 0.0000000000
97530  -28.042  -15.414  -7.001 0.0000000000
97545  -27.680  -15.914  -7.842 0.0000000000
119986  -24.566  9.564  -4.547 0.0000000000
119235  -29.148  8.643  -6.158 0.0000000000
119236  -29.242  8.293  -6.449 0.0000000000
119240  -29.125  8.614  -7.164 0.0000000000
119248  -28.595  9.054  -8.252 0.0000000000
117790  -28.594  6.321  -9.713 0.0000000000
117798  -29.054  6.651  -10.558 0.0000000000
117799  -29.737  6.792  -10.854 0.0000000000
117800  -30.136  6.803  -10.803 0.0000000000
117782  -30.636  6.803  -9.423 0.0000000000
117064  -30.255  5.884  -10.919 0.0000000000
117055  -31.000  5.325  -10.839 0.0000000000
116239  -31.448  4.831  -10.289 0.0000000000
112746  -30.859  0.339  -11.712 0.0000000000
113613  -31.507  1.046  -11.556 0.0000000000
113614  -32.237  0.588  -11.300 0.0000000000
112736  -32.256  0.768  -10.782 0.0000000000
112721  -31.909  0.878  -9.210 0.0000000000
113585  -32.314  1.071  -8.229 0.0000000000
111890  -32.502  -0.786  -8.973 0.0000000000
110976  -32.957  -1.658  -8.262 0.0000000000
108289  -34.110  -4.512  -9.862 0.0000000000
109185  -34.201  -4.118  -9.283 0.0000000000
108266  -34.290  -4.738  -8.695 0.0000000000
108258  -34.420  -5.030  -7.724 0.0000000000
108250  -34.560  -5.067  -7.121 0.0000000000
107318  -33.874  -5.219  -6.220 0.0000000000
107324  -34.456  -5.321  -6.689 0.0000000000
106375  -34.715  -6.062  -6.493 0.0000000000
106368  -35.563  -7.284  -6.067 0.0000000000
102411  -30.065  -10.463  -8.123 0.0000000000
100480  -33.811  -13.079  -7.375 0.0000000000
100465  -33.647  -12.163  -7.280 0.0000000000
101430  -34.930  -11.425  -6.469 0.0000000000
102397  -35.293  -10.220  -5.916 0.0000000000
102361  -36.716  -10.972  -5.501 0.0000000000
102360  -36.063  -10.680  -4.850 0.0000000000
101387  -37.030  -11.595  -4.999 0.0000000000
92368  -26.464  -20.742  -7.323 0.0000000000
94365  -28.015  -19.273  -8.429 0.0000000000
94383  -27.786  -18.476  -8.448 0.0000000000
110057  -30.500  -2.458  -10.187 0.0000000000
110058  -31.377  -2.275  -10.340 0.0000000000
110059  -32.312  -2.185  -10.232 0.0000000000
109192  -31.795  -3.100  -10.090 0.0000000000
109193  -32.706  -3.360  -10.393 0.0000000000
108287  -33.020  -4.472  -10.484 0.0000000000
107355  -31.578  -5.240  -9.514 0.0000000000
108275  -32.737  -4.994  -10.138 0.0000000000
107366  -33.461  -4.853  -10.139 0.0000000000
107357  -33.636  -5.266  -9.504 0.0000000000
106398  -34.191  -6.212  -8.674 0.0000000000
105394  -34.358  -6.647  -8.418 0.0000000000
100490  -30.533  -12.886  -8.604 0.0000000000
100491  -31.389  -12.825  -8.571 0.0000000000
99553  -32.074  -13.592  -8.902 0.0000000000
99554  -32.943  -13.655  -8.422 0.0000000000
97559  -33.037  -15.316  -9.057 0.0000000000
98563  -33.093  -14.734  -8.574 0.0000000000
99538  -33.361  -13.668  -7.898 0.0000000000
99539  -33.822  -13.801  -7.327 0.0000000000
99524  -34.586  -13.948  -6.732 0.0000000000
99525  -35.418  -13.641  -6.489 0.0000000000
98538  -36.221  -14.574  -6.456 0.0000000000
91428  -25.838  -21.849  -6.794 0.0000000000
91442  -26.215  -21.294  -7.166 0.0000000000
92352  -27.554  -20.622  -6.426 0.0000000000
100477  -29.480  -12.677  -7.991 0.0000000000
99550  -29.673  -13.578  -8.357 0.0000000000
98574  -30.531  -15.256  -9.429 0.0000000000
97547  -29.329  -15.051  -8.598 0.0000000000
98573  -30.002  -15.385  -9.332 0.0000000000
97571  -31.164  -16.048  -9.575 0.0000000000
96565  -30.950  -16.973  -10.036 0.0000000000
95542  -31.449  -17.766  -10.260 0.0000000000
121665  -25.732  11.593  -1.774 0.0000000000
119231  -23.822  9.203  -6.027 0.0000000000
120002  -24.824  9.331  -5.565 0.0000000000
120004  -26.158  8.851  -5.820 0.0000000000
119973  -26.877  9.538  -3.514 0.0000000000
119974  -28.006  9.203  -3.584 0.0000000000
120852  -29.514  9.365  -5.867 0.0000000000
120853  -29.983  9.513  -5.561 0.0000000000
120863  -29.889  9.740  -6.819 0.0000000000
120864  -30.394  9.734  -6.974 0.0000000000
120018  -30.680  9.638  -7.033 0.0000000000
118498  -28.797  7.781  -8.028 0.0000000000
119249  -28.880  9.302  -8.959 0.0000000000
118509  -28.879  7.412  -9.944 0.0000000000
118505  -29.440  8.276  -9.292 0.0000000000
120040  -29.270  10.568  -9.525 0.0000000000
120034  -30.382  10.389  -8.684 0.0000000000
119243  -31.065  9.328  -7.011 0.0000000000
118493  -31.166  8.644  -7.052 0.0000000000
117765  -30.817  7.251  -7.338 0.0000000000
117775  -31.040  6.362  -7.769 0.0000000000
113610  -28.362  2.082  -11.413 0.0000000000
115376  -28.949  3.507  -11.329 0.0000000000
115377  -29.678  3.596  -11.672 0.0000000000
115378  -30.673  3.753  -11.592 0.0000000000
115356  -31.396  3.722  -9.794 0.0000000000
115345  -31.480  3.682  -8.615 0.0000000000
115334  -31.687  3.555  -7.416 0.0000000000
113577  -32.438  1.235  -7.256 0.0000000000
112709  -32.529  0.542  -6.635 0.0000000000
112702  -32.821  0.220  -5.249 0.0000000000
111862  -33.023  -0.340  -5.060 0.0000000000
110048  -32.867  -2.260  -10.013 0.0000000000
109176  -33.792  -3.645  -8.720 0.0000000000
110028  -33.246  -2.694  -8.344 0.0000000000
110027  -32.897  -2.361  -7.424 0.0000000000
110019  -32.670  -2.275  -6.619 0.0000000000
107306  -33.495  -5.264  -5.361 0.0000000000
104320  -30.044  -8.210  -8.111 0.0000000000
104336  -30.620  -8.276  -8.495 0.0000000000
103366  -30.400  -9.253  -8.271 0.0000000000
103379  -30.844  -8.721  -8.541 0.0000000000
104337  -31.475  -8.334  -8.649 0.0000000000
104338  -32.694  -8.285  -8.516 0.0000000000
104339  -33.484  -8.049  -8.307 0.0000000000
105380  -34.663  -7.095  -8.035 0.0000000000
101454  -31.583  -11.963  -8.384 0.0000000000
101446  -31.891  -11.178  -8.068 0.0000000000
101428  -33.139  -11.163  -7.391 0.0000000000
102395  -33.341  -10.312  -7.175 0.0000000000
102414  -33.082  -9.763  -7.714 0.0000000000
103369  -33.806  -9.253  -7.662 0.0000000000
104324  -34.705  -8.202  -7.600 0.0000000000
105381  -35.583  -7.449  -7.752 0.0000000000
105382  -36.278  -7.549  -7.496 0.0000000000
105369  -36.398  -7.657  -6.790 0.0000000000
105362  -35.871  -7.810  -6.319 0.0000000000
103358  -36.088  -9.557  -5.910 0.0000000000
104302  -35.798  -8.703  -5.639 0.0000000000
105361  -35.306  -7.834  -5.652 0.0000000000
96538  -27.636  -16.857  -8.107 0.0000000000
96550  -28.315  -17.113  -8.425 0.0000000000
95511  -28.687  -17.681  -8.684 0.0000000000
95529  -29.155  -17.601  -8.946 0.0000000000
95530  -29.803  -17.587  -9.075 0.0000000000
95514  -31.866  -18.128  -9.073 0.0000000000
91441  -25.714  -21.522  -7.176 0.0000000000
94369  -35.241  -18.224  -9.059 0.0000000000
94386  -32.194  -18.324  -9.481 0.0000000000
94387  -32.596  -18.266  -9.477 0.0000000000
94389  -34.575  -18.333  -9.216 0.0000000000
94390  -35.068  -18.347  -9.568 0.0000000000
94396  -28.946  -17.999  -8.776 0.0000000000
94399  -32.897  -18.479  -9.892 0.0000000000
94402  -35.087  -18.206  -9.974 0.0000000000
94409  -32.388  -18.393  -10.190 0.0000000000
94410  -33.048  -18.368  -10.318 0.0000000000
94411  -33.936  -18.347  -10.397 0.0000000000
94412  -34.673  -18.181  -10.314 0.0000000000
95532  -31.738  -18.240  -10.035 0.0000000000
95533  -34.100  -17.482  -10.232 0.0000000000
95534  -34.535  -17.540  -10.151 0.0000000000
95535  -35.139  -17.803  -10.030 0.0000000000
95545  -34.125  -17.774  -10.519 0.0000000000
95546  -34.832  -17.901  -10.297 0.0000000000
95547  -35.059  -17.949  -10.195 0.0000000000
96554  -34.512  -16.572  -8.844 0.0000000000
96555  -35.005  -17.428  -8.948 0.0000000000
96570  -35.137  -17.654  -9.569 0.0000000000
96576  -31.758  -17.463  -10.422 0.0000000000
96578  -33.363  -17.438  -10.394 0.0000000000
96579  -33.857  -17.466  -10.287 0.0000000000
97532  -35.150  -15.397  -7.021 0.0000000000
97556  -29.042  -16.114  -8.813 0.0000000000
97558  -32.450  -15.263  -9.189 0.0000000000
97561  -34.425  -15.816  -8.346 0.0000000000
97572  -32.035  -15.815  -9.548 0.0000000000
98549  -33.469  -14.548  -7.998 0.0000000000
99551  -30.257  -13.617  -8.845 0.0000000000
100446  -38.006  -12.237  -5.735 0.0000000000
100447  -38.095  -12.185  -5.880 0.0000000000
100469  -37.733  -12.125  -6.159 0.0000000000
100489  -29.892  -12.767  -8.491 0.0000000000
101408  -36.901  -10.869  -6.044 0.0000000000
101411  -38.041  -12.041  -5.799 0.0000000000
101432  -37.301  -11.422  -6.197 0.0000000000
101433  -37.991  -11.581  -6.042 0.0000000000
101434  -38.050  -11.887  -5.888 0.0000000000
101448  -33.387  -11.764  -7.535 0.0000000000
102379  -36.864  -10.817  -5.760 0.0000000000
102394  -32.971  -10.771  -7.653 0.0000000000
102415  -34.831  -9.810  -6.407 0.0000000000
103380  -31.133  -8.948  -8.534 0.0000000000
103382  -33.266  -8.681  -8.228 0.0000000000
104313  -36.611  -8.127  -7.022 0.0000000000
104321  -31.521  -8.890  -8.475 0.0000000000
104326  -36.436  -7.910  -7.262 0.0000000000
105370  -36.589  -7.601  -7.167 0.0000000000
105377  -30.321  -7.313  -7.830 0.0000000000
105379  -34.010  -7.725  -8.008 0.0000000000
105390  -30.418  -7.671  -8.236 0.0000000000
105404  -32.823  -6.748  -9.131 0.0000000000
105405  -33.252  -6.534  -9.053 0.0000000000
106377  -36.512  -7.250  -6.989 0.0000000000
106385  -30.924  -6.742  -7.979 0.0000000000
106388  -36.451  -7.130  -7.305 0.0000000000
106399  -34.951  -6.434  -8.562 0.0000000000
106400  -35.438  -6.433  -8.280 0.0000000000
106408  -33.562  -6.100  -8.924 0.0000000000
107325  -35.021  -5.687  -7.257 0.0000000000
107343  -30.939  -5.817  -9.215 0.0000000000
107345  -33.989  -5.693  -8.896 0.0000000000
107354  -30.734  -5.102  -9.509 0.0000000000
107358  -34.128  -5.038  -9.399 0.0000000000
107365  -33.135  -5.105  -10.134 0.0000000000
108274  -32.275  -4.739  -9.884 0.0000000000
108276  -34.012  -4.763  -9.694 0.0000000000
108277  -34.194  -4.682  -9.443 0.0000000000
108284  -30.733  -3.576  -9.959 0.0000000000
108288  -33.838  -4.546  -10.132 0.0000000000
109153  -32.960  -3.144  -5.872 0.0000000000
109177  -34.148  -4.161  -8.863 0.0000000000
110049  -33.517  -2.800  -10.007 0.0000000000
110969  -32.723  -0.894  -6.461 0.0000000000
110977  -32.908  -2.359  -8.933 0.0000000000
110985  -32.980  -2.388  -9.370 0.0000000000
111017  -32.085  -0.971  -11.485 0.0000000000
111869  -32.798  -0.362  -5.815 0.0000000000
111915  -31.624  -0.441  -11.656 0.0000000000
111916  -32.279  -0.442  -11.590 0.0000000000
111917  -32.572  -0.580  -11.325 0.0000000000
112727  -32.006  0.777  -10.257 0.0000000000
112737  -32.568  0.243  -10.713 0.0000000000
113589  -27.763  1.909  -10.713 0.0000000000
113597  -27.840  2.021  -11.155 0.0000000000
113598  -28.264  1.628  -11.023 0.0000000000
113601  -32.361  0.749  -11.010 0.0000000000
113609  -28.071  2.238  -11.244 0.0000000000
114451  -31.914  2.615  -7.380 0.0000000000
114486  -27.923  2.278  -11.072 0.0000000000
116228  -31.230  5.334  -9.348 0.0000000000
116250  -31.074  4.599  -11.155 0.0000000000
116260  -28.790  4.370  -11.086 0.0000000000
116261  -29.285  4.423  -11.591 0.0000000000
117044  -31.138  5.737  -9.316 0.0000000000
117045  -31.129  5.591  -8.832 0.0000000000
117065  -30.661  5.088  -11.197 0.0000000000
117073  -29.702  5.197  -11.417 0.0000000000
117075  -30.499  4.893  -11.295 0.0000000000
117791  -30.383  6.818  -10.404 0.0000000000
118481  -25.325  8.332  -6.347 0.0000000000
118482  -25.927  8.593  -6.424 0.0000000000
118499  -29.101  8.447  -8.630 0.0000000000
119206  -26.610  8.699  -5.586 0.0000000000
119218  -23.688  9.082  -5.191 0.0000000000
119219  -23.961  8.567  -5.751 0.0000000000
119220  -26.057  9.060  -6.513 0.0000000000
119224  -29.192  8.205  -5.837 0.0000000000
119232  -24.584  8.842  -6.453 0.0000000000
119242  -30.821  9.047  -7.474 0.0000000000
119254  -29.353  9.394  -9.364 0.0000000000
119972  -25.924  9.650  -4.041 0.0000000000
119987  -25.306  9.389  -4.551 0.0000000000
120001  -24.073  9.466  -5.417 0.0000000000
120003  -25.727  9.017  -6.048 0.0000000000
120013  -24.404  9.281  -6.078 0.0000000000
120014  -25.124  9.139  -6.367 0.0000000000
120015  -25.553  9.116  -6.555 0.0000000000
120026  -30.706  9.808  -7.458 0.0000000000
120027  -30.866  9.603  -7.019 0.0000000000
120033  -28.684  10.084  -9.376 0.0000000000
120039  -28.710  10.817  -9.156 0.0000000000
120041  -30.080  10.939  -9.560 0.0000000000
120810  -26.880  10.356  -2.912 0.0000000000
120827  -25.354  10.069  -3.777 0.0000000000
120839  -24.990  9.897  -4.178 0.0000000000
120840  -25.221  9.801  -4.172 0.0000000000
120871  -28.773  10.832  -7.971 0.0000000000
120878  -28.604  11.279  -8.732 0.0000000000
120879  -30.164  11.521  -8.947 0.0000000000
120884  -28.826  11.461  -9.290 0.0000000000
120885  -29.417  11.538  -9.491 0.0000000000
120886  -29.893  11.770  -9.407 0.0000000000
121704  -26.039  10.766  -3.079 0.0000000000
121731  -28.880  11.658  -8.334 0.0000000000
121732  -29.463  11.925  -8.233 0.0000000000
121738  -28.519  12.051  -8.928 0.0000000000
121739  -30.069  12.056  -9.148 0.0000000000
121743  -28.939  12.072  -9.383 0.0000000000
121744  -29.536  12.004  -9.447 0.0000000000
121745  -29.839  12.018  -9.383 0.0000000000
122675  -28.960  12.276  -8.624 0.0000000000
122676  -29.347  12.438  -8.766 0.0000000000
122677  -29.640  12.485  -8.933 0.0000000000
122681  -28.914  12.544  -9.047 0.0000000000
122682  -29.392  12.506  -9.112 0.0000000000
122683  -29.735  12.367  -9.127 0.0000000000
122687  -29.030  12.403  -9.251 0.0000000000
122688  -29.613  12.262  -9.277 0.0000000000
122689  -29.825  12.212  -9.247 0.0000000000
