#!ascii label  , from subject 3332 vox2ras=TkReg
1378
41038  16.780  -61.016  58.853 0.0000000000
39375  27.745  -59.879  67.779 0.0000000000
73683  36.146  -35.742  51.593 0.0000000000
61950  27.355  -45.967  58.275 0.0000000000
53373  32.218  -52.307  62.721 0.0000000000
86987  48.008  -25.222  47.479 0.0000000000
67106  37.369  -41.295  51.825 0.0000000000
141701  32.036  -39.425  53.314 0.0000000000
35119  13.172  -64.955  54.166 0.0000000000
43845  21.731  -58.618  65.228 0.0000000000
42491  24.141  -58.983  62.037 0.0000000000
48263  18.338  -56.491  57.120 0.0000000000
82230  41.260  -29.200  50.384 0.0000000000
40909  18.720  -61.278  66.240 0.0000000000
35020  15.463  -65.657  61.400 0.0000000000
77400  41.391  -33.195  51.649 0.0000000000
31911  10.899  -67.475  58.704 0.0000000000
27176  6.269  -70.182  55.851 0.0000000000
66980  30.735  -41.079  58.773 0.0000000000
58301  30.183  -48.863  61.235 0.0000000000
51008  29.714  -53.045  56.866 0.0000000000
48244  27.370  -55.266  59.721 0.0000000000
65646  37.399  -39.955  54.006 0.0000000000
65714  35.171  -40.450  52.167 0.0000000000
67057  34.099  -39.031  54.313 0.0000000000
67054  39.445  -40.943  54.342 0.0000000000
41091  16.088  -61.353  55.450 0.0000000000
38120  14.860  -63.577  52.785 0.0000000000
38086  15.194  -63.263  56.524 0.0000000000
45350  18.197  -58.335  63.342 0.0000000000
46817  20.243  -57.019  62.078 0.0000000000
44001  17.234  -59.145  58.002 0.0000000000
44052  17.409  -59.095  54.422 0.0000000000
76153  36.477  -33.502  51.025 0.0000000000
72413  38.525  -36.855  52.055 0.0000000000
74973  39.318  -34.781  51.656 0.0000000000
78549  39.027  -32.285  50.977 0.0000000000
30239  15.213  -68.422  62.234 0.0000000000
31908  13.706  -67.464  58.656 0.0000000000
28628  12.274  -69.473  60.281 0.0000000000
24151  5.630  -72.231  61.679 0.0000000000
27129  6.671  -70.624  59.765 0.0000000000
24187  5.323  -72.363  58.276 0.0000000000
22698  3.898  -72.951  56.537 0.0000000000
21134  2.254  -74.933  57.391 0.0000000000
59496  30.997  -48.215  63.715 0.0000000000
55717  32.552  -50.329  61.508 0.0000000000
55739  30.949  -51.065  58.768 0.0000000000
52208  30.848  -52.529  59.954 0.0000000000
45439  23.200  -56.697  59.458 0.0000000000
45405  25.780  -56.792  61.227 0.0000000000
49650  24.874  -55.031  58.017 0.0000000000
51013  26.749  -52.806  56.829 0.0000000000
64293  28.669  -43.288  58.829 0.0000000000
65616  28.302  -41.930  56.690 0.0000000000
63125  26.690  -44.722  56.085 0.0000000000
87000  50.987  -24.938  45.451 0.0000000000
87011  48.391  -25.779  44.454 0.0000000000
69881  36.660  -38.789  51.710 0.0000000000
68528  35.189  -39.173  51.991 0.0000000000
68513  38.900  -39.343  52.342 0.0000000000
39425  24.111  -60.522  66.031 0.0000000000
39484  26.194  -59.978  64.497 0.0000000000
42442  22.579  -60.152  62.344 0.0000000000
43981  21.657  -57.217  59.987 0.0000000000
46912  19.839  -55.852  56.239 0.0000000000
80937  44.763  -29.995  52.002 0.0000000000
82229  45.456  -28.062  51.271 0.0000000000
85843  44.809  -26.320  49.991 0.0000000000
85873  45.789  -25.756  47.205 0.0000000000
40979  16.867  -61.028  62.971 0.0000000000
38040  15.820  -63.192  59.726 0.0000000000
36484  17.954  -63.841  63.794 0.0000000000
43829  19.566  -59.176  66.691 0.0000000000
79752  41.297  -31.223  51.290 0.0000000000
35063  14.186  -65.303  57.546 0.0000000000
33588  11.956  -65.992  56.595 0.0000000000
33617  8.603  -65.970  55.816 0.0000000000
28631  8.896  -69.156  61.031 0.0000000000
30341  7.476  -68.271  57.969 0.0000000000
16813  1.242  -78.166  55.284 0.0000000000
68393  33.822  -39.361  58.089 0.0000000000
63045  29.314  -44.270  60.942 0.0000000000
60699  29.757  -46.750  61.742 0.0000000000
59575  28.796  -47.820  60.112 0.0000000000
57056  28.624  -50.691  57.763 0.0000000000
54601  29.968  -51.961  55.141 0.0000000000
52306  29.146  -52.914  53.570 0.0000000000
43893  27.684  -58.063  63.554 0.0000000000
46826  29.140  -55.895  62.252 0.0000000000
49609  30.782  -54.535  61.246 0.0000000000
49645  29.079  -53.892  57.919 0.0000000000
51029  27.683  -53.476  54.860 0.0000000000
68448  30.916  -39.439  56.005 0.0000000000
67077  28.397  -40.543  52.794 0.0000000000
65613  36.738  -40.936  56.657 0.0000000000
65647  35.924  -39.641  54.428 0.0000000000
67038  35.432  -39.540  55.671 0.0000000000
65611  37.940  -40.613  55.088 0.0000000000
42553  16.561  -60.880  57.113 0.0000000000
39601  15.461  -62.433  55.624 0.0000000000
39573  15.818  -62.556  57.333 0.0000000000
42496  16.893  -60.042  61.002 0.0000000000
45395  17.243  -58.129  60.260 0.0000000000
42526  16.918  -60.293  58.677 0.0000000000
42552  17.056  -60.088  56.473 0.0000000000
74955  35.796  -34.677  51.082 0.0000000000
72414  37.823  -36.626  52.055 0.0000000000
73698  38.796  -35.512  51.728 0.0000000000
74975  37.874  -34.968  51.772 0.0000000000
76185  38.210  -34.037  51.557 0.0000000000
24158  4.688  -72.498  61.033 0.0000000000
24172  5.382  -71.938  59.374 0.0000000000
24188  4.689  -72.432  58.932 0.0000000000
24201  4.812  -72.618  57.208 0.0000000000
22687  3.958  -73.537  57.736 0.0000000000
21153  2.702  -74.136  56.412 0.0000000000
56994  33.041  -49.466  62.966 0.0000000000
54529  32.501  -51.636  62.039 0.0000000000
54539  31.707  -51.399  60.596 0.0000000000
53385  31.146  -51.925  61.145 0.0000000000
40880  28.819  -59.090  67.138 0.0000000000
46909  22.143  -55.672  57.049 0.0000000000
46887  23.204  -55.501  58.457 0.0000000000
48274  22.660  -55.189  56.847 0.0000000000
49652  23.716  -53.940  57.240 0.0000000000
63083  27.898  -44.479  59.004 0.0000000000
64313  27.544  -43.375  57.368 0.0000000000
86978  47.877  -25.509  48.473 0.0000000000
86977  48.893  -24.942  48.219 0.0000000000
86986  48.986  -24.770  47.030 0.0000000000
86994  48.875  -25.343  46.196 0.0000000000
86995  48.125  -25.367  46.501 0.0000000000
68516  37.035  -39.688  51.661 0.0000000000
69891  35.889  -38.755  51.797 0.0000000000
67133  36.092  -39.851  51.714 0.0000000000
67109  32.720  -39.491  53.003 0.0000000000
68518  33.698  -39.303  52.192 0.0000000000
141692  31.660  -39.411  52.178 0.0000000000
67072  38.963  -41.395  53.199 0.0000000000
67105  38.714  -40.830  51.480 0.0000000000
68515  37.719  -39.729  51.871 0.0000000000
36614  14.192  -64.210  53.747 0.0000000000
35120  12.107  -65.066  54.273 0.0000000000
40907  23.222  -60.325  66.106 0.0000000000
40931  24.012  -61.379  64.777 0.0000000000
42420  22.642  -59.366  63.668 0.0000000000
46857  19.331  -56.406  59.468 0.0000000000
45394  20.828  -56.958  61.148 0.0000000000
45444  20.144  -56.244  58.882 0.0000000000
45464  20.811  -56.173  58.190 0.0000000000
46892  19.016  -55.967  56.980 0.0000000000
46914  18.206  -57.232  55.153 0.0000000000
57085  28.729  -50.000  55.619 0.0000000000
80945  43.574  -30.043  51.775 0.0000000000
82203  45.255  -29.274  51.607 0.0000000000
83498  42.835  -28.016  50.856 0.0000000000
85844  43.612  -26.216  49.606 0.0000000000
85855  43.443  -25.970  48.331 0.0000000000
85863  45.401  -25.817  47.902 0.0000000000
40935  18.011  -61.280  64.575 0.0000000000
39488  17.336  -62.149  63.154 0.0000000000
39450  17.704  -62.264  65.113 0.0000000000
42357  18.648  -60.229  66.705 0.0000000000
42402  17.699  -60.258  64.324 0.0000000000
78534  42.776  -31.790  52.026 0.0000000000
78546  42.036  -32.205  51.599 0.0000000000
79741  39.073  -31.291  49.936 0.0000000000
35032  15.946  -64.831  60.691 0.0000000000
35048  15.890  -64.997  58.392 0.0000000000
35042  15.344  -65.805  59.555 0.0000000000
30339  12.449  -67.898  58.674 0.0000000000
33557  12.616  -66.471  58.003 0.0000000000
33559  10.760  -66.186  57.677 0.0000000000
33615  10.511  -65.467  56.039 0.0000000000
33560  9.663  -66.399  57.519 0.0000000000
27099  8.837  -70.179  61.900 0.0000000000
25666  6.791  -70.831  58.096 0.0000000000
28667  7.395  -69.247  58.855 0.0000000000
28678  6.800  -69.295  56.908 0.0000000000
30359  7.279  -68.303  55.549 0.0000000000
64260  29.881  -43.088  61.060 0.0000000000
59534  30.724  -48.393  62.449 0.0000000000
60683  30.154  -46.804  63.046 0.0000000000
59549  29.904  -47.886  61.512 0.0000000000
60716  29.338  -46.860  61.113 0.0000000000
58317  29.179  -48.861  60.801 0.0000000000
57047  27.984  -49.145  58.998 0.0000000000
57035  29.757  -49.954  60.114 0.0000000000
53421  30.461  -52.277  57.395 0.0000000000
54577  30.200  -51.865  56.987 0.0000000000
53436  30.075  -52.198  56.483 0.0000000000
53455  29.910  -52.127  54.831 0.0000000000
52287  29.308  -52.772  54.708 0.0000000000
40995  24.175  -59.763  62.935 0.0000000000
40971  27.089  -59.450  64.084 0.0000000000
42464  25.813  -58.833  62.596 0.0000000000
46853  26.668  -55.781  60.420 0.0000000000
46828  27.761  -56.321  61.724 0.0000000000
48219  28.634  -55.669  61.049 0.0000000000
49596  29.889  -55.434  61.468 0.0000000000
48229  29.050  -55.158  60.405 0.0000000000
49632  29.437  -53.723  58.923 0.0000000000
49633  28.586  -54.158  59.162 0.0000000000
52289  25.812  -52.533  55.095 0.0000000000
51012  27.757  -52.935  56.018 0.0000000000
68394  32.328  -39.773  58.535 0.0000000000
68415  33.052  -39.259  56.968 0.0000000000
68416  31.652  -39.590  57.625 0.0000000000
64344  27.138  -42.705  54.663 0.0000000000
67045  29.006  -40.594  55.555 0.0000000000
87008  51.213  -25.005  44.161 0.0000000000
65688  37.032  -40.847  52.603 0.0000000000
67108  35.476  -41.078  51.932 0.0000000000
65689  36.019  -40.446  52.454 0.0000000000
65670  34.341  -39.767  53.132 0.0000000000
67075  33.595  -39.196  53.691 0.0000000000
67015  37.956  -40.186  54.960 0.0000000000
65626  38.262  -41.323  54.873 0.0000000000
39614  15.669  -62.819  53.585 0.0000000000
38094  14.921  -63.397  55.225 0.0000000000
36590  14.254  -64.110  55.576 0.0000000000
45349  19.256  -58.061  63.624 0.0000000000
43896  21.195  -58.038  62.965 0.0000000000
46801  18.762  -57.612  62.262 0.0000000000
46845  17.631  -57.293  59.688 0.0000000000
45446  17.620  -58.001  57.458 0.0000000000
45486  17.475  -57.882  55.171 0.0000000000
44030  17.329  -59.090  55.766 0.0000000000
41090  16.669  -60.863  54.510 0.0000000000
82244  40.059  -28.968  48.738 0.0000000000
39404  18.059  -62.297  66.840 0.0000000000
72425  39.945  -36.113  52.018 0.0000000000
74972  40.040  -34.764  51.731 0.0000000000
76182  40.708  -34.002  52.137 0.0000000000
77401  40.420  -33.158  51.615 0.0000000000
77403  38.636  -33.189  51.457 0.0000000000
77376  37.313  -32.634  50.600 0.0000000000
33507  15.143  -66.522  62.060 0.0000000000
31884  14.982  -67.235  59.628 0.0000000000
30269  14.780  -68.073  60.529 0.0000000000
28663  13.524  -69.100  59.097 0.0000000000
30294  11.493  -68.785  59.493 0.0000000000
25629  7.185  -70.968  61.177 0.0000000000
25624  6.388  -71.709  61.229 0.0000000000
25652  6.426  -71.339  58.406 0.0000000000
25667  6.358  -71.197  57.485 0.0000000000
25677  4.915  -71.590  56.370 0.0000000000
58278  31.630  -48.669  62.535 0.0000000000
58300  31.188  -49.015  60.923 0.0000000000
57034  30.491  -50.820  59.529 0.0000000000
55732  31.276  -50.932  59.731 0.0000000000
53411  31.226  -51.911  58.713 0.0000000000
52231  30.565  -52.783  57.957 0.0000000000
43958  23.304  -57.671  60.978 0.0000000000
43956  25.022  -57.047  62.086 0.0000000000
48249  24.300  -56.937  59.959 0.0000000000
48247  25.055  -55.438  59.278 0.0000000000
48259  26.199  -55.166  58.515 0.0000000000
49647  27.380  -54.332  58.554 0.0000000000
50983  25.636  -54.179  57.731 0.0000000000
52246  24.493  -52.744  56.498 0.0000000000
65578  29.448  -42.198  58.714 0.0000000000
67006  29.781  -41.298  58.049 0.0000000000
65599  28.999  -42.193  57.723 0.0000000000
64330  27.468  -43.483  55.920 0.0000000000
85870  50.214  -24.884  46.790 0.0000000000
87001  49.842  -25.230  45.292 0.0000000000
72415  36.440  -36.911  52.123 0.0000000000
72416  35.299  -36.855  51.550 0.0000000000
72430  35.296  -37.418  51.793 0.0000000000
67135  35.399  -39.662  52.190 0.0000000000
69893  34.032  -38.749  51.526 0.0000000000
68457  39.300  -39.221  54.630 0.0000000000
68488  39.696  -38.774  53.787 0.0000000000
69876  39.873  -37.560  52.987 0.0000000000
71119  38.553  -38.103  52.448 0.0000000000
71132  37.812  -37.735  52.109 0.0000000000
39399  25.826  -60.273  67.060 0.0000000000
39443  26.573  -59.504  65.921 0.0000000000
39445  25.049  -59.718  65.457 0.0000000000
40975  24.597  -60.790  63.293 0.0000000000
42465  23.246  -60.275  61.504 0.0000000000
43895  21.337  -58.821  62.258 0.0000000000
43936  21.129  -58.624  60.990 0.0000000000
43959  22.610  -57.845  61.239 0.0000000000
43999  22.064  -57.194  59.346 0.0000000000
45484  21.299  -55.971  57.369 0.0000000000
46929  20.907  -55.367  56.161 0.0000000000
83494  46.612  -27.818  51.179 0.0000000000
84734  43.346  -27.321  50.621 0.0000000000
84732  44.734  -26.877  50.609 0.0000000000
84743  46.261  -26.980  50.441 0.0000000000
85852  46.312  -26.340  49.147 0.0000000000
86989  46.143  -25.714  47.857 0.0000000000
86997  46.475  -25.617  46.980 0.0000000000
87005  46.745  -25.730  46.033 0.0000000000
41017  16.749  -61.002  60.801 0.0000000000
39535  15.902  -62.306  59.365 0.0000000000
39505  16.692  -62.062  61.461 0.0000000000
38001  16.652  -63.392  61.434 0.0000000000
35019  16.058  -64.981  61.884 0.0000000000
37933  17.099  -63.585  65.348 0.0000000000
35007  15.272  -65.518  62.478 0.0000000000
31843  15.170  -67.477  63.807 0.0000000000
39355  26.960  -60.221  68.908 0.0000000000
37899  25.304  -60.134  67.915 0.0000000000
39402  23.704  -60.480  66.922 0.0000000000
40885  22.629  -59.673  66.816 0.0000000000
42334  21.570  -59.161  67.459 0.0000000000
45318  20.018  -58.097  65.991 0.0000000000
45334  18.434  -58.535  64.119 0.0000000000
42445  17.208  -60.128  62.494 0.0000000000
79737  44.362  -31.433  52.400 0.0000000000
79738  43.352  -30.902  52.217 0.0000000000
80962  41.554  -30.045  51.434 0.0000000000
79753  40.414  -31.461  50.775 0.0000000000
80963  40.736  -30.330  50.608 0.0000000000
82231  40.284  -29.378  49.493 0.0000000000
38056  15.454  -63.354  58.062 0.0000000000
36581  15.067  -63.954  57.096 0.0000000000
35078  13.713  -64.814  56.158 0.0000000000
33538  13.872  -66.236  58.374 0.0000000000
35080  12.803  -65.926  56.784 0.0000000000
35097  12.775  -65.210  55.404 0.0000000000
35099  10.877  -65.303  55.244 0.0000000000
35123  9.681  -65.292  54.574 0.0000000000
28629  11.241  -69.267  60.370 0.0000000000
30296  9.826  -68.361  59.878 0.0000000000
30297  8.600  -68.583  59.865 0.0000000000
31913  8.681  -67.688  58.436 0.0000000000
31942  7.545  -66.872  57.162 0.0000000000
18148  1.537  -76.127  56.778 0.0000000000
67001  35.870  -39.428  57.803 0.0000000000
65555  30.724  -40.870  59.978 0.0000000000
65556  30.089  -41.984  60.209 0.0000000000
63082  28.439  -44.387  59.652 0.0000000000
61927  28.228  -45.612  59.383 0.0000000000
61867  29.602  -45.411  61.422 0.0000000000
60742  28.704  -46.648  59.597 0.0000000000
60743  28.115  -46.592  58.965 0.0000000000
58342  27.720  -48.415  58.863 0.0000000000
57070  28.090  -50.267  56.770 0.0000000000
57069  29.158  -50.558  56.457 0.0000000000
57045  29.600  -51.110  58.735 0.0000000000
57068  29.835  -50.955  56.140 0.0000000000
55766  29.568  -51.315  55.286 0.0000000000
54616  30.194  -51.711  53.654 0.0000000000
53472  29.706  -52.489  53.135 0.0000000000
52170  32.100  -53.017  63.311 0.0000000000
40951  27.916  -59.357  65.233 0.0000000000
42417  28.679  -58.642  65.008 0.0000000000
45347  29.210  -57.137  64.650 0.0000000000
45393  26.480  -57.461  61.980 0.0000000000
45380  28.609  -56.836  63.062 0.0000000000
46798  29.560  -56.538  63.618 0.0000000000
49584  30.676  -55.568  62.610 0.0000000000
49594  30.752  -54.684  62.220 0.0000000000
50938  31.453  -53.509  62.173 0.0000000000
50961  30.722  -53.258  60.349 0.0000000000
50971  29.878  -53.242  59.019 0.0000000000
49658  29.768  -53.407  57.028 0.0000000000
49661  27.918  -53.547  57.635 0.0000000000
49673  28.866  -53.619  56.197 0.0000000000
51010  28.887  -53.318  55.367 0.0000000000
51047  28.281  -53.538  53.268 0.0000000000
67021  34.387  -38.220  56.158 0.0000000000
68445  32.848  -37.988  55.521 0.0000000000
67060  31.803  -39.439  54.182 0.0000000000
67025  29.275  -40.838  56.463 0.0000000000
67061  30.099  -39.602  54.611 0.0000000000
68474  29.701  -39.633  53.276 0.0000000000
87012  47.471  -25.625  44.971 0.0000000000
65629  35.918  -39.849  55.965 0.0000000000
65614  36.114  -39.550  57.071 0.0000000000
65596  36.824  -41.005  56.985 0.0000000000
42535  16.448  -60.822  58.073 0.0000000000
41075  16.212  -61.775  56.684 0.0000000000
41054  16.367  -61.743  57.710 0.0000000000
42515  16.929  -59.953  59.905 0.0000000000
73682  37.232  -35.697  52.150 0.0000000000
73699  38.169  -35.619  51.985 0.0000000000
74954  37.063  -34.528  51.572 0.0000000000
22650  3.900  -73.311  60.498 0.0000000000
24173  4.510  -72.348  59.914 0.0000000000
22664  4.020  -72.985  59.241 0.0000000000
22676  4.588  -73.130  58.245 0.0000000000
22677  3.604  -73.545  58.522 0.0000000000
54521  32.911  -51.654  63.150 0.0000000000
54538  32.095  -51.687  61.025 0.0000000000
53378  31.644  -52.116  61.871 0.0000000000
40860  28.795  -59.258  68.013 0.0000000000
39374  28.385  -59.409  67.597 0.0000000000
48285  21.849  -54.957  56.595 0.0000000000
49678  21.657  -54.532  55.918 0.0000000000
49677  22.276  -54.256  55.941 0.0000000000
61928  27.831  -45.700  58.703 0.0000000000
63104  27.337  -44.725  58.207 0.0000000000
67118  37.623  -40.504  51.414 0.0000000000
67119  36.459  -40.409  51.644 0.0000000000
141693  31.693  -39.296  52.859 0.0000000000
141710  30.886  -39.490  52.005 0.0000000000
141699  30.897  -39.297  52.802 0.0000000000
67090  37.759  -41.359  52.367 0.0000000000
67089  38.572  -41.273  52.519 0.0000000000
36600  13.701  -64.497  54.055 0.0000000000
36615  13.523  -64.594  53.279 0.0000000000
35140  12.526  -65.236  53.366 0.0000000000
42400  22.259  -59.353  64.758 0.0000000000
40933  22.605  -60.243  64.264 0.0000000000
43858  22.278  -58.574  64.365 0.0000000000
46873  18.271  -56.758  57.684 0.0000000000
48262  18.703  -56.322  57.414 0.0000000000
46872  19.455  -56.129  58.339 0.0000000000
48275  18.440  -56.329  57.003 0.0000000000
46913  18.886  -56.267  55.566 0.0000000000
46893  18.217  -56.850  56.596 0.0000000000
57102  28.941  -50.285  54.483 0.0000000000
82216  42.224  -29.044  51.099 0.0000000000
82215  43.519  -29.033  51.521 0.0000000000
85864  44.276  -25.948  47.487 0.0000000000
40934  18.451  -61.331  65.428 0.0000000000
39469  17.821  -62.196  63.976 0.0000000000
39449  18.770  -62.080  65.809 0.0000000000
42380  18.510  -60.521  65.852 0.0000000000
76181  41.610  -34.145  51.796 0.0000000000
77399  42.554  -33.345  51.759 0.0000000000
78545  42.831  -32.501  51.913 0.0000000000
35041  15.829  -65.092  59.367 0.0000000000
35033  15.528  -65.738  60.346 0.0000000000
30340  11.739  -67.561  58.596 0.0000000000
31938  11.303  -67.085  57.994 0.0000000000
31939  10.273  -66.829  58.220 0.0000000000
27076  8.254  -70.632  62.440 0.0000000000
27147  6.637  -70.269  57.355 0.0000000000
27160  6.591  -69.932  56.444 0.0000000000
28687  6.830  -69.357  55.858 0.0000000000
58289  31.031  -48.440  61.612 0.0000000000
58290  30.285  -48.376  61.640 0.0000000000
59550  29.874  -47.777  61.045 0.0000000000
57036  29.304  -49.315  59.906 0.0000000000
58316  29.822  -49.378  60.808 0.0000000000
52244  30.169  -52.720  57.143 0.0000000000
52263  29.862  -52.584  56.780 0.0000000000
52286  29.662  -52.476  55.435 0.0000000000
52265  29.344  -52.895  55.631 0.0000000000
41013  24.552  -59.266  62.400 0.0000000000
40994  25.275  -59.199  62.997 0.0000000000
42490  24.497  -58.403  62.775 0.0000000000
46852  27.135  -55.596  60.616 0.0000000000
48230  28.183  -55.211  60.663 0.0000000000
48243  28.054  -54.929  59.786 0.0000000000
48242  28.633  -54.966  59.795 0.0000000000
49634  27.816  -54.446  59.165 0.0000000000
68395  31.245  -40.288  58.463 0.0000000000
65667  38.004  -40.040  52.931 0.0000000000
65668  36.733  -39.609  52.914 0.0000000000
67056  34.782  -39.461  54.558 0.0000000000
65648  35.163  -39.550  53.987 0.0000000000
67073  34.703  -39.407  53.903 0.0000000000
67092  33.830  -39.381  53.257 0.0000000000
67058  33.443  -39.066  54.204 0.0000000000
68425  38.140  -39.792  55.875 0.0000000000
65627  37.929  -40.457  54.879 0.0000000000
65645  38.452  -40.470  54.029 0.0000000000
39591  15.622  -62.566  56.649 0.0000000000
38095  14.408  -63.830  54.933 0.0000000000
36589  14.762  -63.749  56.246 0.0000000000
45368  18.923  -57.687  62.803 0.0000000000
45369  17.986  -58.201  62.257 0.0000000000
45408  17.169  -58.164  59.324 0.0000000000
46859  17.583  -57.525  58.880 0.0000000000
45425  17.373  -58.218  58.451 0.0000000000
44012  17.048  -59.002  56.909 0.0000000000
42572  16.556  -60.856  56.200 0.0000000000
42571  17.106  -60.336  55.269 0.0000000000
72412  39.114  -36.816  52.227 0.0000000000
72426  39.312  -36.171  51.881 0.0000000000
73697  39.401  -35.499  51.706 0.0000000000
76183  39.805  -33.952  51.998 0.0000000000
77402  39.516  -33.118  51.549 0.0000000000
76184  39.077  -34.013  51.480 0.0000000000
141887  37.801  -33.228  51.295 0.0000000000
31863  15.158  -67.492  61.627 0.0000000000
31873  15.074  -67.470  60.571 0.0000000000
30252  15.010  -68.473  61.161 0.0000000000
28649  14.101  -69.193  59.971 0.0000000000
28651  12.885  -69.012  59.745 0.0000000000
28665  12.241  -68.807  58.966 0.0000000000
28652  11.958  -69.096  59.469 0.0000000000
24144  6.340  -72.257  62.528 0.0000000000
24150  6.682  -72.056  61.789 0.0000000000
25639  5.741  -71.717  60.000 0.0000000000
24171  6.004  -71.892  58.695 0.0000000000
24186  6.147  -72.056  57.857 0.0000000000
24209  5.760  -71.514  56.666 0.0000000000
24210  5.369  -71.779  56.760 0.0000000000
24211  4.516  -72.281  56.548 0.0000000000
21154  2.218  -75.033  56.323 0.0000000000
57007  32.756  -49.775  62.012 0.0000000000
58277  32.294  -49.010  62.824 0.0000000000
56995  32.340  -49.297  62.320 0.0000000000
57008  32.044  -49.371  61.317 0.0000000000
57020  30.838  -50.072  60.715 0.0000000000
55725  31.995  -50.768  60.626 0.0000000000
53394  31.124  -52.024  59.939 0.0000000000
54548  31.318  -51.520  60.042 0.0000000000
53402  31.312  -52.086  59.282 0.0000000000
53403  30.983  -52.171  58.698 0.0000000000
52219  30.623  -52.540  58.876 0.0000000000
43997  23.295  -57.327  60.123 0.0000000000
141627  24.192  -56.961  60.201 0.0000000000
48261  23.797  -54.898  58.554 0.0000000000
46868  24.529  -55.799  59.494 0.0000000000
48246  25.858  -55.570  59.311 0.0000000000
49636  25.504  -55.295  58.594 0.0000000000
49649  25.978  -54.740  57.995 0.0000000000
50998  23.762  -53.243  56.834 0.0000000000
64312  27.953  -43.334  58.268 0.0000000000
63105  26.832  -44.559  57.121 0.0000000000
85881  49.464  -25.265  45.922 0.0000000000
87002  48.997  -25.362  45.314 0.0000000000
87010  49.300  -25.441  44.502 0.0000000000
71133  37.050  -37.834  51.900 0.0000000000
72429  35.688  -37.440  51.807 0.0000000000
71142  36.179  -37.966  51.696 0.0000000000
69892  35.077  -38.721  51.751 0.0000000000
71144  34.362  -38.176  51.268 0.0000000000
65734  35.321  -40.812  52.065 0.0000000000
67120  35.484  -40.569  51.978 0.0000000000
65735  34.926  -40.466  52.257 0.0000000000
69882  33.593  -39.150  51.729 0.0000000000
71146  32.381  -38.786  49.574 0.0000000000
68441  38.925  -39.735  55.044 0.0000000000
69804  39.285  -39.115  55.258 0.0000000000
67053  38.454  -39.946  54.590 0.0000000000
68505  39.059  -40.043  52.528 0.0000000000
68489  39.048  -39.331  53.477 0.0000000000
68504  39.038  -39.107  53.270 0.0000000000
68503  39.592  -38.642  53.542 0.0000000000
69866  39.279  -38.352  52.986 0.0000000000
69877  39.120  -38.270  52.693 0.0000000000
69878  38.468  -38.726  52.739 0.0000000000
69880  37.365  -38.762  51.870 0.0000000000
69879  37.944  -38.626  52.413 0.0000000000
39424  24.752  -60.136  66.148 0.0000000000
39423  25.447  -59.960  66.347 0.0000000000
40956  23.011  -60.952  63.540 0.0000000000
40955  23.865  -61.349  63.868 0.0000000000
40976  23.706  -61.043  62.744 0.0000000000
40996  24.341  -60.739  62.103 0.0000000000
40998  23.069  -60.449  61.963 0.0000000000
45367  20.192  -57.513  62.700 0.0000000000
45383  20.948  -56.913  62.055 0.0000000000
43961  21.289  -57.170  60.684 0.0000000000
43937  21.486  -57.625  61.585 0.0000000000
43960  22.050  -57.866  61.435 0.0000000000
42514  21.856  -58.683  60.962 0.0000000000
43980  22.354  -57.470  60.415 0.0000000000
46891  20.290  -55.788  57.676 0.0000000000
45463  21.181  -56.188  57.924 0.0000000000
46911  20.726  -55.717  56.788 0.0000000000
46930  20.394  -55.513  55.623 0.0000000000
79724  45.051  -30.733  52.323 0.0000000000
82214  44.817  -28.393  51.356 0.0000000000
82213  45.774  -28.359  51.338 0.0000000000
82212  46.491  -28.459  51.404 0.0000000000
82228  45.721  -27.911  51.182 0.0000000000
84747  41.524  -27.361  49.562 0.0000000000
84746  42.472  -26.835  50.130 0.0000000000
85835  44.084  -26.584  50.230 0.0000000000
84744  45.499  -26.944  50.738 0.0000000000
85842  45.862  -26.503  49.870 0.0000000000
85841  46.576  -26.542  49.859 0.0000000000
86990  45.833  -25.874  48.153 0.0000000000
85862  45.778  -25.779  47.649 0.0000000000
40999  16.898  -60.903  61.774 0.0000000000
41000  16.765  -61.330  61.349 0.0000000000
39504  16.683  -61.723  62.444 0.0000000000
37976  17.488  -63.227  62.815 0.0000000000
38000  16.985  -62.946  62.102 0.0000000000
36506  17.278  -63.885  62.697 0.0000000000
36507  16.668  -64.219  62.433 0.0000000000
37917  17.365  -63.224  65.818 0.0000000000
34971  16.533  -64.444  65.364 0.0000000000
34990  16.188  -64.774  63.901 0.0000000000
34991  15.294  -65.436  63.562 0.0000000000
33498  15.019  -66.468  63.155 0.0000000000
37863  25.921  -60.157  68.879 0.0000000000
40884  23.149  -60.169  66.823 0.0000000000
43810  19.925  -59.503  67.423 0.0000000000
43809  20.476  -58.966  67.210 0.0000000000
43808  21.201  -58.661  66.794 0.0000000000
45304  19.822  -58.372  66.290 0.0000000000
45333  19.120  -58.334  64.821 0.0000000000
45319  19.392  -58.415  65.857 0.0000000000
42422  17.350  -60.185  63.420 0.0000000000
41016  16.858  -60.548  61.279 0.0000000000
72417  34.302  -36.734  50.784 0.0000000000
79739  42.307  -31.049  51.652 0.0000000000
80946  42.738  -30.028  51.644 0.0000000000
78548  40.028  -32.392  51.034 0.0000000000
79754  39.539  -31.726  50.467 0.0000000000
80965  38.994  -30.780  49.638 0.0000000000
80964  39.642  -30.674  50.260 0.0000000000
82232  39.463  -30.016  49.267 0.0000000000
39519  16.342  -62.749  60.033 0.0000000000
39554  15.366  -62.565  58.933 0.0000000000
36557  14.658  -63.247  59.286 0.0000000000
35062  15.412  -65.083  57.828 0.0000000000
35061  15.923  -64.914  57.743 0.0000000000
36574  14.946  -64.505  57.513 0.0000000000
36582  14.462  -64.333  56.723 0.0000000000
31907  14.297  -66.841  59.131 0.0000000000
33539  13.213  -66.523  58.671 0.0000000000
35066  12.165  -65.921  57.343 0.0000000000
35065  12.712  -66.022  57.353 0.0000000000
33587  12.494  -66.041  56.373 0.0000000000
33612  12.746  -65.837  56.032 0.0000000000
33613  12.257  -66.026  55.719 0.0000000000
35098  11.768  -65.482  55.099 0.0000000000
33614  11.403  -65.893  55.830 0.0000000000
33616  9.380  -64.881  56.156 0.0000000000
35100  10.165  -64.719  55.509 0.0000000000
33630  9.334  -65.436  55.113 0.0000000000
33631  8.362  -66.447  54.638 0.0000000000
28605  9.748  -69.626  61.576 0.0000000000
28630  10.098  -69.208  61.345 0.0000000000
30271  10.345  -68.754  60.420 0.0000000000
30272  9.414  -68.699  60.566 0.0000000000
27118  7.159  -70.358  60.443 0.0000000000
28672  7.476  -68.752  58.443 0.0000000000
30298  7.823  -68.799  59.294 0.0000000000
30325  8.085  -68.426  58.750 0.0000000000
30324  9.214  -68.041  59.171 0.0000000000
31914  8.106  -68.019  58.129 0.0000000000
31941  8.001  -67.474  57.516 0.0000000000
19643  1.947  -75.770  57.702 0.0000000000
18123  1.625  -76.211  57.433 0.0000000000
18149  1.233  -76.671  56.809 0.0000000000
18170  1.571  -77.154  55.740 0.0000000000
66957  32.609  -40.000  59.665 0.0000000000
65577  30.011  -41.808  59.422 0.0000000000
64277  29.664  -43.046  60.243 0.0000000000
63066  28.923  -44.342  60.323 0.0000000000
61911  28.540  -45.643  60.230 0.0000000000
60700  29.996  -46.160  61.053 0.0000000000
60730  29.183  -46.711  60.326 0.0000000000
59576  28.159  -47.555  59.338 0.0000000000
59588  27.640  -47.449  58.644 0.0000000000
57046  28.736  -49.738  59.201 0.0000000000
57057  28.065  -49.265  57.992 0.0000000000
55740  30.340  -51.374  58.537 0.0000000000
54586  30.196  -51.813  56.031 0.0000000000
55758  30.028  -51.452  56.588 0.0000000000
55765  29.900  -51.515  55.699 0.0000000000
57083  29.672  -51.113  55.668 0.0000000000
55780  29.743  -51.696  54.893 0.0000000000
54615  30.049  -51.804  54.427 0.0000000000
54602  30.139  -51.961  54.335 0.0000000000
53456  29.664  -52.458  54.003 0.0000000000
52327  29.172  -52.778  52.589 0.0000000000
39465  26.302  -59.832  65.160 0.0000000000
40928  27.350  -59.420  65.649 0.0000000000
40929  26.902  -59.717  65.237 0.0000000000
42440  27.247  -59.043  63.459 0.0000000000
42418  28.162  -59.031  64.511 0.0000000000
43874  28.150  -58.587  63.935 0.0000000000
43873  28.599  -58.077  64.247 0.0000000000
43892  28.348  -57.623  63.717 0.0000000000
43977  25.264  -56.963  61.627 0.0000000000
43954  26.091  -57.493  62.066 0.0000000000
45404  26.420  -57.027  61.509 0.0000000000
46827  28.360  -55.997  61.998 0.0000000000
45391  27.791  -56.686  62.116 0.0000000000
46816  28.710  -56.461  62.579 0.0000000000
46815  29.523  -56.530  62.807 0.0000000000
48192  30.895  -56.197  63.265 0.0000000000
48205  30.335  -56.211  62.561 0.0000000000
49610  29.935  -54.983  61.041 0.0000000000
49595  30.340  -55.322  61.888 0.0000000000
50939  31.440  -53.994  61.555 0.0000000000
52183  31.396  -53.498  61.037 0.0000000000
49621  30.316  -53.916  60.454 0.0000000000
49631  29.859  -53.643  59.650 0.0000000000
49644  29.792  -53.710  57.608 0.0000000000
49676  26.842  -53.369  57.558 0.0000000000
49662  27.125  -53.681  57.945 0.0000000000
49675  27.507  -53.157  57.133 0.0000000000
49674  28.264  -53.330  56.590 0.0000000000
51011  28.339  -53.449  55.533 0.0000000000
51028  28.321  -53.981  54.465 0.0000000000
69773  34.941  -39.612  58.038 0.0000000000
68429  35.456  -38.517  57.013 0.0000000000
69788  34.577  -39.221  57.488 0.0000000000
68432  32.109  -39.158  56.479 0.0000000000
68431  32.835  -38.344  56.158 0.0000000000
68447  31.675  -39.033  55.845 0.0000000000
67042  32.568  -39.007  54.972 0.0000000000
67043  31.626  -39.190  55.087 0.0000000000
65615  29.151  -41.463  56.972 0.0000000000
67024  29.983  -40.838  56.947 0.0000000000
67062  28.711  -40.273  54.259 0.0000000000
68459  29.632  -39.636  54.069 0.0000000000
86999  51.994  -24.994  44.690 0.0000000000
88152  52.890  -24.840  44.437 0.0000000000
87013  46.988  -25.655  45.423 0.0000000000
65628  37.153  -39.849  54.769 0.0000000000
67055  35.191  -39.616  54.985 0.0000000000
65612  37.510  -40.953  55.958 0.0000000000
39600  15.602  -61.901  54.719 0.0000000000
41076  15.902  -62.155  56.624 0.0000000000
39574  15.462  -62.840  57.090 0.0000000000
43917  16.883  -59.284  61.450 0.0000000000
45370  17.287  -58.571  61.932 0.0000000000
43938  17.065  -59.106  60.624 0.0000000000
43983  17.212  -59.139  59.018 0.0000000000
42534  16.990  -60.082  57.537 0.0000000000
72427  38.740  -36.126  51.886 0.0000000000
72428  38.451  -35.998  52.026 0.0000000000
74974  38.598  -34.841  51.683 0.0000000000
28583  15.069  -69.219  61.855 0.0000000000
28601  14.731  -69.078  61.458 0.0000000000
28602  14.363  -69.583  61.649 0.0000000000
24200  5.253  -72.292  57.388 0.0000000000
22675  4.954  -72.754  57.709 0.0000000000
22686  4.507  -73.020  57.283 0.0000000000
22699  3.553  -73.443  56.966 0.0000000000
21133  2.970  -73.954  57.730 0.0000000000
55707  33.218  -50.622  63.595 0.0000000000
55716  33.092  -50.671  62.293 0.0000000000
55724  32.508  -51.031  61.470 0.0000000000
54547  31.467  -51.674  60.643 0.0000000000
52207  30.939  -52.161  60.218 0.0000000000
45461  22.222  -56.406  57.781 0.0000000000
46870  22.903  -56.039  58.816 0.0000000000
46888  22.561  -55.849  57.829 0.0000000000
48273  23.275  -55.038  57.639 0.0000000000
49664  23.439  -54.623  57.411 0.0000000000
49651  23.867  -54.403  57.681 0.0000000000
49665  23.191  -54.270  56.978 0.0000000000
51015  22.977  -53.349  55.949 0.0000000000
86972  47.692  -26.049  49.285 0.0000000000
85838  48.961  -26.428  49.989 0.0000000000
86971  48.875  -25.769  49.346 0.0000000000
85860  49.516  -24.705  47.313 0.0000000000
87003  48.220  -25.565  45.558 0.0000000000
68526  36.335  -39.524  51.713 0.0000000000
68527  35.769  -39.345  51.882 0.0000000000
67134  35.758  -39.897  51.867 0.0000000000
65715  34.371  -39.885  52.965 0.0000000000
65736  34.792  -39.985  52.684 0.0000000000
67122  34.197  -39.496  52.732 0.0000000000
69894  31.910  -39.254  51.335 0.0000000000
65643  39.092  -41.179  53.978 0.0000000000
67070  39.223  -40.588  53.739 0.0000000000
67088  39.419  -40.804  52.313 0.0000000000
68506  39.013  -40.223  51.942 0.0000000000
68514  38.388  -39.799  52.074 0.0000000000
67117  38.153  -40.321  51.575 0.0000000000
38111  14.743  -63.714  53.478 0.0000000000
35141  11.428  -65.505  53.272 0.0000000000
39426  23.659  -61.010  65.838 0.0000000000
39447  24.147  -61.127  65.385 0.0000000000
40932  23.164  -61.061  64.920 0.0000000000
40957  22.310  -60.382  63.192 0.0000000000
48220  19.112  -56.647  60.628 0.0000000000
46842  20.159  -56.816  60.812 0.0000000000
45407  19.865  -56.204  59.874 0.0000000000
45406  20.485  -56.555  60.190 0.0000000000
45422  20.550  -56.532  59.321 0.0000000000
45421  21.084  -56.799  59.205 0.0000000000
45443  20.465  -56.262  58.547 0.0000000000
46932  19.003  -56.148  54.533 0.0000000000
48287  18.626  -56.660  54.683 0.0000000000
57086  27.600  -50.009  55.862 0.0000000000
80938  44.112  -30.045  51.838 0.0000000000
82205  43.895  -29.648  51.710 0.0000000000
83497  43.889  -27.893  51.034 0.0000000000
85845  42.634  -26.126  49.030 0.0000000000
85854  44.511  -25.864  48.746 0.0000000000
85853  45.544  -26.069  48.945 0.0000000000
85874  45.048  -25.811  46.694 0.0000000000
40958  17.593  -61.210  63.706 0.0000000000
37975  17.897  -62.886  63.428 0.0000000000
37950  17.990  -63.211  64.109 0.0000000000
43847  18.585  -59.342  65.778 0.0000000000
42401  18.374  -60.347  65.065 0.0000000000
36548  15.996  -64.066  59.743 0.0000000000
36555  14.856  -64.238  58.835 0.0000000000
35049  14.876  -65.265  58.804 0.0000000000
31936  13.024  -67.680  58.656 0.0000000000
31887  12.797  -66.638  58.931 0.0000000000
31937  12.283  -67.105  58.416 0.0000000000
33558  11.754  -66.322  57.593 0.0000000000
33589  11.144  -65.873  56.795 0.0000000000
33590  10.110  -65.733  56.890 0.0000000000
33591  9.104  -66.152  56.689 0.0000000000
27098  9.833  -70.001  61.835 0.0000000000
28606  9.318  -69.605  61.579 0.0000000000
25651  6.838  -70.815  58.873 0.0000000000
27128  6.866  -70.111  59.393 0.0000000000
27136  6.693  -70.083  58.433 0.0000000000
28673  6.973  -69.176  57.925 0.0000000000
30342  7.100  -68.614  57.338 0.0000000000
30351  7.546  -68.181  57.258 0.0000000000
30352  7.249  -68.450  56.610 0.0000000000
65530  30.059  -42.545  60.544 0.0000000000
64259  30.256  -42.541  61.519 0.0000000000
64234  29.991  -43.162  61.696 0.0000000000
59518  30.783  -48.426  63.079 0.0000000000
60682  30.621  -47.674  63.384 0.0000000000
59519  30.473  -47.875  62.816 0.0000000000
59535  29.929  -48.056  62.206 0.0000000000
60715  29.707  -47.331  61.336 0.0000000000
59561  29.467  -47.685  60.653 0.0000000000
58333  28.287  -48.624  59.525 0.0000000000
58332  28.957  -48.859  59.865 0.0000000000
54568  30.525  -51.824  57.861 0.0000000000
55748  30.550  -51.549  58.349 0.0000000000
53454  30.166  -52.018  55.600 0.0000000000
40973  25.567  -59.751  63.519 0.0000000000
40972  26.487  -59.759  63.684 0.0000000000
40993  26.070  -59.539  63.006 0.0000000000
42441  26.725  -59.371  62.949 0.0000000000
42462  26.905  -58.781  62.899 0.0000000000
46841  26.250  -56.275  61.008 0.0000000000
45403  26.935  -56.595  61.451 0.0000000000
46839  27.371  -55.869  61.295 0.0000000000
46838  28.052  -55.732  61.377 0.0000000000
48206  29.780  -55.742  62.096 0.0000000000
48218  29.403  -55.511  61.289 0.0000000000
48217  29.618  -55.189  61.024 0.0000000000
49622  29.552  -54.397  60.152 0.0000000000
49623  29.098  -54.575  59.595 0.0000000000
49646  28.254  -53.893  58.276 0.0000000000
51031  26.307  -52.409  56.057 0.0000000000
51030  26.978  -52.766  55.332 0.0000000000
51049  27.307  -52.804  54.158 0.0000000000
51048  27.580  -53.658  53.760 0.0000000000
51068  27.180  -52.908  53.268 0.0000000000
68375  33.138  -39.606  59.069 0.0000000000
68433  30.957  -39.827  56.873 0.0000000000
65630  27.780  -41.618  55.266 0.0000000000
87009  50.236  -25.339  44.420 0.0000000000
65711  37.261  -41.460  52.387 0.0000000000
67107  36.046  -41.169  51.847 0.0000000000
65712  36.464  -41.305  52.253 0.0000000000
65690  35.122  -40.167  52.341 0.0000000000
65669  35.278  -39.623  53.227 0.0000000000
65691  34.601  -39.938  52.842 0.0000000000
65692  33.985  -39.617  53.004 0.0000000000
65716  33.276  -39.469  53.360 0.0000000000
141713  32.010  -39.500  53.710 0.0000000000
68424  38.596  -39.665  55.248 0.0000000000
67034  39.030  -40.570  55.125 0.0000000000
65610  38.558  -41.024  55.186 0.0000000000
65625  39.056  -41.429  54.818 0.0000000000
65644  38.695  -41.208  54.183 0.0000000000
65687  37.873  -41.287  52.836 0.0000000000
38110  15.318  -63.322  53.185 0.0000000000
39608  15.441  -62.680  54.506 0.0000000000
38102  15.225  -63.385  54.065 0.0000000000
38103  14.594  -63.795  54.343 0.0000000000
36599  14.076  -64.261  54.604 0.0000000000
35096  13.549  -64.573  55.077 0.0000000000
43859  21.354  -58.001  64.775 0.0000000000
43876  21.953  -58.109  63.666 0.0000000000
45348  20.475  -57.709  64.044 0.0000000000
46800  19.403  -57.401  62.241 0.0000000000
45384  18.110  -57.836  61.654 0.0000000000
46820  18.126  -57.478  61.303 0.0000000000
46831  18.627  -56.858  60.914 0.0000000000
46844  18.630  -56.701  60.101 0.0000000000
46858  18.361  -56.827  58.899 0.0000000000
46874  17.813  -57.215  57.253 0.0000000000
46894  17.736  -57.484  56.892 0.0000000000
45466  17.742  -58.025  56.363 0.0000000000
83508  41.728  -28.025  50.416 0.0000000000
83509  40.880  -28.184  49.576 0.0000000000
39427  18.732  -62.036  66.613 0.0000000000
39403  18.372  -61.993  67.386 0.0000000000
72424  40.498  -36.174  51.948 0.0000000000
73695  40.836  -35.652  51.624 0.0000000000
73696  40.077  -35.518  51.745 0.0000000000
74971  40.815  -34.839  51.654 0.0000000000
141889  38.244  -33.480  51.459 0.0000000000
141885  38.448  -32.460  50.922 0.0000000000
78535  37.170  -32.217  50.078 0.0000000000
33513  15.231  -66.560  61.005 0.0000000000
33521  15.270  -66.548  60.038 0.0000000000
31885  14.571  -67.933  59.284 0.0000000000
30270  14.441  -68.579  60.304 0.0000000000
30293  14.262  -68.707  59.475 0.0000000000
30337  13.696  -68.203  58.210 0.0000000000
30321  12.629  -68.486  58.744 0.0000000000
30322  11.662  -68.311  59.072 0.0000000000
24149  7.149  -71.801  61.836 0.0000000000
25623  6.944  -71.545  61.384 0.0000000000
27119  6.629  -70.824  60.119 0.0000000000
25638  6.253  -71.225  59.566 0.0000000000
25637  6.652  -70.707  59.346 0.0000000000
27148  6.339  -70.761  57.014 0.0000000000
25676  5.459  -71.329  56.110 0.0000000000
58256  31.983  -48.749  63.573 0.0000000000
58257  31.243  -48.689  63.260 0.0000000000
57021  30.204  -49.557  60.680 0.0000000000
54557  31.407  -51.503  59.097 0.0000000000
54567  30.908  -51.677  58.545 0.0000000000
53412  30.751  -52.093  58.239 0.0000000000
42511  23.523  -58.241  61.830 0.0000000000
42510  24.502  -57.683  62.248 0.0000000000
43957  23.992  -57.461  61.336 0.0000000000
141625  24.521  -57.089  61.160 0.0000000000
45420  25.109  -56.828  60.911 0.0000000000
46869  23.845  -55.938  59.199 0.0000000000
46855  24.899  -56.306  59.996 0.0000000000
46854  25.921  -56.191  60.334 0.0000000000
48245  26.626  -55.490  59.627 0.0000000000
48257  27.071  -54.887  59.243 0.0000000000
49635  27.411  -54.688  59.192 0.0000000000
48258  26.651  -55.003  58.910 0.0000000000
49663  26.482  -53.972  57.941 0.0000000000
50995  26.280  -53.668  57.544 0.0000000000
50984  24.807  -53.997  57.603 0.0000000000
50997  24.670  -53.302  57.115 0.0000000000
50996  25.644  -53.362  57.222 0.0000000000
53438  25.078  -52.498  56.231 0.0000000000
67005  30.389  -40.871  58.287 0.0000000000
65600  28.116  -42.624  57.601 0.0000000000
85879  50.542  -24.918  46.320 0.0000000000
85871  49.450  -24.997  46.690 0.0000000000
85880  50.064  -24.965  46.075 0.0000000000
71143  35.189  -37.968  51.927 0.0000000000
71135  34.565  -37.458  51.458 0.0000000000
67121  35.065  -39.703  52.593 0.0000000000
68517  34.596  -39.146  51.993 0.0000000000
67069  38.416  -39.948  53.695 0.0000000000
68456  39.345  -39.200  54.252 0.0000000000
71129  39.818  -37.139  52.650 0.0000000000
71130  38.916  -37.732  52.412 0.0000000000
71131  38.430  -37.679  52.245 0.0000000000
39398  26.433  -60.221  67.362 0.0000000000
39397  27.267  -60.017  67.259 0.0000000000
39422  26.145  -59.941  66.514 0.0000000000
39444  25.835  -59.793  65.720 0.0000000000
39466  25.638  -59.739  64.902 0.0000000000
40930  24.387  -61.120  64.910 0.0000000000
39468  24.983  -60.615  64.121 0.0000000000
39486  25.316  -60.256  63.841 0.0000000000
40974  24.760  -59.875  63.601 0.0000000000
41014  24.153  -59.957  61.934 0.0000000000
42492  23.439  -59.791  61.424 0.0000000000
42444  22.006  -58.580  62.753 0.0000000000
42443  22.131  -59.646  62.541 0.0000000000
43914  21.054  -58.592  61.632 0.0000000000
42467  21.633  -59.344  61.416 0.0000000000
42493  22.373  -59.570  60.826 0.0000000000
42512  22.790  -58.744  61.271 0.0000000000
43979  22.882  -57.544  60.501 0.0000000000
43998  22.720  -57.246  59.714 0.0000000000
44000  21.545  -56.969  59.088 0.0000000000
45441  21.669  -56.821  58.452 0.0000000000
45440  22.378  -56.651  58.600 0.0000000000
46910  21.481  -55.712  56.952 0.0000000000
48306  20.816  -54.973  55.311 0.0000000000
45485  17.873  -57.529  55.355 0.0000000000
46915  17.903  -57.639  54.566 0.0000000000
60759  27.615  -46.653  58.402 0.0000000000
84745  43.505  -26.775  50.293 0.0000000000
84733  44.120  -27.149  50.538 0.0000000000
83496  44.757  -27.448  51.021 0.0000000000
83506  46.037  -27.619  51.001 0.0000000000
83505  46.666  -27.334  50.786 0.0000000000
83504  47.089  -27.183  50.694 0.0000000000
84742  46.878  -26.905  50.371 0.0000000000
85840  47.270  -26.486  49.815 0.0000000000
85851  46.867  -26.455  49.278 0.0000000000
86980  46.077  -26.063  48.482 0.0000000000
86979  46.924  -26.073  48.614 0.0000000000
86988  47.022  -25.279  47.777 0.0000000000
86996  47.291  -25.466  46.792 0.0000000000
41025  16.699  -61.164  59.484 0.0000000000
41026  16.409  -61.712  59.272 0.0000000000
39534  16.480  -61.819  59.548 0.0000000000
39518  16.754  -62.057  60.108 0.0000000000
39506  16.593  -62.730  60.675 0.0000000000
39489  16.891  -62.475  62.470 0.0000000000
38020  16.343  -63.371  60.379 0.0000000000
36537  16.346  -64.015  60.720 0.0000000000
36524  16.311  -64.271  61.432 0.0000000000
39428  18.090  -62.516  66.161 0.0000000000
37932  17.559  -63.398  64.882 0.0000000000
36461  17.847  -63.933  64.285 0.0000000000
36445  16.845  -63.978  65.790 0.0000000000
36462  17.138  -64.003  64.793 0.0000000000
36485  17.344  -64.230  63.545 0.0000000000
36486  16.630  -64.604  63.185 0.0000000000
35006  16.063  -64.952  62.908 0.0000000000
31852  15.220  -67.481  62.704 0.0000000000
30225  15.255  -68.478  63.316 0.0000000000
39336  28.383  -60.188  68.776 0.0000000000
39354  27.672  -60.262  68.417 0.0000000000
39377  26.416  -60.183  67.907 0.0000000000
37898  25.671  -60.154  67.673 0.0000000000
40883  24.951  -60.226  67.148 0.0000000000
39379  24.357  -60.178  67.811 0.0000000000
40908  22.536  -59.890  65.549 0.0000000000
42379  21.823  -59.255  65.571 0.0000000000
43827  21.245  -58.811  66.009 0.0000000000
43846  20.822  -58.332  65.625 0.0000000000
45332  20.210  -58.311  65.179 0.0000000000
43860  18.240  -59.286  64.709 0.0000000000
43861  17.867  -59.278  63.829 0.0000000000
43877  17.433  -59.164  63.001 0.0000000000
42469  16.935  -59.947  61.506 0.0000000000
73684  35.229  -35.846  50.819 0.0000000000
79725  44.228  -30.576  52.200 0.0000000000
79726  43.809  -30.398  52.015 0.0000000000
78547  40.936  -32.264  51.348 0.0000000000
39553  15.738  -62.420  58.396 0.0000000000
38074  15.310  -63.406  57.315 0.0000000000
36580  15.229  -64.034  57.494 0.0000000000
38085  15.174  -63.664  57.141 0.0000000000
33528  15.004  -66.360  59.211 0.0000000000
33537  14.502  -66.114  58.756 0.0000000000
35050  14.449  -65.799  58.327 0.0000000000
33556  13.236  -66.222  57.872 0.0000000000
33555  13.680  -65.942  57.738 0.0000000000
35079  13.224  -65.601  56.488 0.0000000000
35121  11.151  -65.139  54.386 0.0000000000
35122  10.284  -65.070  54.664 0.0000000000
35142  10.443  -65.428  53.843 0.0000000000
28653  11.380  -69.033  59.694 0.0000000000
30295  10.905  -68.690  59.701 0.0000000000
30323  10.407  -67.973  59.277 0.0000000000
27100  7.827  -70.395  61.574 0.0000000000
28607  8.546  -69.741  61.429 0.0000000000
28655  7.719  -69.367  59.890 0.0000000000
28654  8.405  -69.106  60.418 0.0000000000
30273  8.801  -68.835  60.493 0.0000000000
31912  9.758  -67.441  58.707 0.0000000000
31940  9.125  -67.017  58.037 0.0000000000
33561  8.570  -66.684  57.332 0.0000000000
33592  7.855  -66.317  56.756 0.0000000000
31960  7.495  -67.407  56.461 0.0000000000
33618  7.808  -66.685  55.644 0.0000000000
19664  1.877  -75.703  56.777 0.0000000000
18186  2.025  -76.454  55.218 0.0000000000
65598  36.230  -39.735  58.235 0.0000000000
66978  32.163  -40.232  59.236 0.0000000000
66979  31.474  -40.710  59.098 0.0000000000
65576  30.753  -41.152  59.294 0.0000000000
64292  29.223  -43.189  59.512 0.0000000000
63017  29.379  -44.011  61.889 0.0000000000
61891  29.055  -45.727  60.990 0.0000000000
59589  27.314  -47.478  57.958 0.0000000000
58343  27.465  -48.291  58.109 0.0000000000
57084  29.371  -50.751  55.325 0.0000000000
55749  30.118  -51.499  57.738 0.0000000000
57055  29.550  -51.148  57.183 0.0000000000
55781  29.621  -51.192  54.580 0.0000000000
55794  29.993  -51.468  54.227 0.0000000000
53488  30.144  -52.163  52.796 0.0000000000
53471  30.047  -52.134  53.786 0.0000000000
53489  29.803  -52.604  52.165 0.0000000000
39420  27.578  -59.582  66.645 0.0000000000
40905  27.966  -59.357  66.066 0.0000000000
42377  28.832  -58.898  66.154 0.0000000000
40952  27.441  -59.543  64.745 0.0000000000
42399  28.476  -59.112  65.441 0.0000000000
42398  28.877  -58.695  65.565 0.0000000000
45346  29.828  -57.101  64.999 0.0000000000
42509  25.190  -57.938  62.431 0.0000000000
42488  26.141  -58.484  62.574 0.0000000000
43913  26.750  -57.954  63.186 0.0000000000
45392  27.150  -57.327  62.033 0.0000000000
45382  27.199  -57.513  62.864 0.0000000000
43912  27.280  -57.621  63.200 0.0000000000
45365  28.776  -56.904  63.781 0.0000000000
46780  29.324  -56.613  64.118 0.0000000000
46779  30.056  -56.364  64.278 0.0000000000
48173  30.822  -56.007  64.017 0.0000000000
49583  30.832  -54.997  63.263 0.0000000000
50920  31.693  -54.405  63.403 0.0000000000
50929  31.795  -53.647  62.904 0.0000000000
52176  31.607  -52.875  62.447 0.0000000000
52182  31.219  -52.938  61.458 0.0000000000
52194  31.062  -53.095  60.703 0.0000000000
50970  30.302  -53.101  59.610 0.0000000000
50980  30.171  -52.996  58.803 0.0000000000
52230  30.431  -52.944  58.438 0.0000000000
50993  30.100  -53.322  57.296 0.0000000000
50994  29.648  -53.413  56.824 0.0000000000
49660  28.682  -53.699  57.168 0.0000000000
49659  29.431  -53.641  56.787 0.0000000000
49672  29.234  -53.607  56.092 0.0000000000
51009  29.415  -53.315  56.264 0.0000000000
51027  29.079  -53.746  54.055 0.0000000000
51046  28.795  -53.386  53.459 0.0000000000
51067  27.490  -53.145  52.886 0.0000000000
52328  28.387  -52.845  52.332 0.0000000000
67019  35.843  -39.039  56.731 0.0000000000
67020  35.108  -38.930  56.289 0.0000000000
67040  34.068  -38.874  55.178 0.0000000000
67003  33.758  -38.746  56.546 0.0000000000
67022  33.512  -38.017  55.671 0.0000000000
67041  33.276  -38.702  55.055 0.0000000000
67059  32.886  -39.249  54.074 0.0000000000
67023  30.355  -40.608  57.638 0.0000000000
68434  30.537  -39.994  56.383 0.0000000000
67044  30.307  -39.825  55.709 0.0000000000
68458  30.133  -39.427  54.077 0.0000000000
141706  30.859  -39.203  53.263 0.0000000000
87004  47.482  -25.710  45.896 0.0000000000
85887  47.677  -26.451  44.160 0.0000000000
18169  1.645  -76.264  56.121 0.0000000000
22685  4.889  -72.701  57.431 0.0000000000
24199  5.969  -71.792  57.046 0.0000000000
25622  7.368  -71.245  61.889 0.0000000000
25630  6.682  -71.219  60.629 0.0000000000
27161  6.414  -70.472  56.642 0.0000000000
28569  15.068  -69.284  62.775 0.0000000000
28650  13.612  -69.214  59.829 0.0000000000
28662  14.041  -69.114  59.313 0.0000000000
28664  12.767  -69.005  58.988 0.0000000000
28666  7.593  -68.756  58.692 0.0000000000
30253  14.463  -69.027  61.103 0.0000000000
30319  14.102  -68.584  58.721 0.0000000000
30320  13.344  -68.641  58.604 0.0000000000
30326  7.677  -68.761  58.915 0.0000000000
30338  13.125  -68.149  58.367 0.0000000000
31874  14.555  -67.758  60.137 0.0000000000
31886  13.045  -66.569  59.082 0.0000000000
31909  12.894  -67.045  59.191 0.0000000000
31910  12.671  -66.760  58.604 0.0000000000
31935  13.446  -67.819  58.225 0.0000000000
31959  7.687  -67.928  56.920 0.0000000000
33529  12.994  -66.479  58.810 0.0000000000
33530  12.781  -66.559  58.717 0.0000000000
33540  12.880  -66.520  58.498 0.0000000000
33562  7.863  -66.733  57.321 0.0000000000
33586  12.821  -65.911  56.403 0.0000000000
35064  13.320  -65.886  57.270 0.0000000000
35081  12.353  -65.845  56.859 0.0000000000
35082  9.702  -64.529  55.799 0.0000000000
35118  13.602  -64.540  54.478 0.0000000000
35143  9.938  -65.433  54.178 0.0000000000
36549  15.040  -63.607  59.579 0.0000000000
36550  14.862  -63.266  59.372 0.0000000000
36556  14.670  -63.465  59.161 0.0000000000
36572  15.439  -64.357  57.842 0.0000000000
36573  15.421  -64.558  57.697 0.0000000000
36583  9.524  -64.421  55.537 0.0000000000
36584  9.373  -64.748  55.472 0.0000000000
36591  9.788  -64.382  55.308 0.0000000000
36601  9.673  -64.746  54.955 0.0000000000
37862  26.400  -60.182  68.568 0.0000000000
37878  26.408  -60.170  68.153 0.0000000000
37879  26.079  -60.138  68.058 0.0000000000
37880  25.565  -60.061  68.380 0.0000000000
37897  26.001  -60.218  67.532 0.0000000000
37900  17.829  -62.312  67.229 0.0000000000
37918  16.999  -63.570  65.701 0.0000000000
37951  17.862  -63.537  63.475 0.0000000000
37977  17.026  -63.527  62.310 0.0000000000
38041  15.147  -62.991  59.352 0.0000000000
38042  14.792  -63.049  59.215 0.0000000000
38057  14.908  -63.021  58.805 0.0000000000
38058  14.645  -63.172  59.049 0.0000000000
38075  15.293  -62.989  56.906 0.0000000000
39353  28.305  -59.696  68.205 0.0000000000
39373  28.682  -59.231  67.284 0.0000000000
39376  26.882  -60.153  68.049 0.0000000000
39378  24.937  -60.168  67.820 0.0000000000
39394  28.906  -59.176  66.979 0.0000000000
39395  28.506  -59.340  67.105 0.0000000000
39396  27.952  -59.620  67.202 0.0000000000
39400  25.240  -60.174  67.168 0.0000000000
39401  24.591  -60.395  66.948 0.0000000000
39419  28.156  -59.473  66.767 0.0000000000
39421  26.837  -59.781  66.677 0.0000000000
39442  27.150  -59.397  66.268 0.0000000000
39446  24.328  -60.340  65.019 0.0000000000
39448  23.742  -61.281  65.234 0.0000000000
39467  25.026  -59.874  64.494 0.0000000000
39485  25.736  -60.092  64.155 0.0000000000
39487  24.919  -60.418  63.697 0.0000000000
39536  15.255  -62.699  59.128 0.0000000000
39590  15.952  -62.290  56.829 0.0000000000
40861  25.059  -60.207  67.367 0.0000000000
40862  24.796  -60.235  67.408 0.0000000000
40881  28.504  -59.297  66.741 0.0000000000
40882  25.169  -60.323  67.094 0.0000000000
40904  28.702  -59.107  66.613 0.0000000000
40906  27.615  -59.358  66.129 0.0000000000
40927  27.981  -59.329  65.776 0.0000000000
40953  26.787  -59.854  64.542 0.0000000000
40954  24.573  -61.162  64.324 0.0000000000
40977  22.915  -60.547  62.451 0.0000000000
40978  22.445  -60.241  62.624 0.0000000000
40997  23.468  -60.511  61.847 0.0000000000
41012  24.438  -58.768  63.237 0.0000000000
41015  23.941  -60.424  61.603 0.0000000000
41039  16.420  -61.530  58.706 0.0000000000
41092  15.734  -61.976  56.254 0.0000000000
42356  21.885  -59.161  66.406 0.0000000000
42378  28.380  -59.228  65.891 0.0000000000
42419  27.509  -59.143  64.133 0.0000000000
42421  22.823  -58.677  63.024 0.0000000000
42439  27.747  -58.784  63.901 0.0000000000
42463  26.269  -59.037  62.647 0.0000000000
42466  22.786  -60.062  61.760 0.0000000000
42468  17.001  -60.073  61.862 0.0000000000
42487  26.515  -58.498  62.796 0.0000000000
42489  25.445  -58.461  62.554 0.0000000000
42494  21.714  -58.957  60.779 0.0000000000
42495  16.923  -60.306  61.479 0.0000000000
42513  22.111  -58.756  61.029 0.0000000000
42524  24.291  -57.214  61.785 0.0000000000
42525  23.984  -57.549  61.919 0.0000000000
42527  16.661  -60.923  58.579 0.0000000000
43828  20.378  -58.434  66.421 0.0000000000
43844  29.132  -58.504  65.884 0.0000000000
43875  22.512  -58.649  63.705 0.0000000000
43894  27.039  -58.490  63.368 0.0000000000
43897  16.869  -59.187  62.232 0.0000000000
43898  16.947  -58.761  61.763 0.0000000000
43915  21.175  -57.846  62.235 0.0000000000
43916  16.875  -59.702  61.769 0.0000000000
43933  26.442  -57.974  62.692 0.0000000000
43934  26.198  -57.850  62.356 0.0000000000
43935  25.718  -57.811  62.318 0.0000000000
43955  25.540  -57.289  62.032 0.0000000000
43962  17.115  -58.908  59.813 0.0000000000
43978  24.756  -56.991  61.723 0.0000000000
43982  21.120  -56.751  59.886 0.0000000000
45303  20.022  -58.211  66.302 0.0000000000
45366  28.241  -57.306  63.376 0.0000000000
45381  27.886  -57.119  62.746 0.0000000000
45385  17.502  -58.295  61.325 0.0000000000
45423  20.026  -56.165  59.354 0.0000000000
45424  17.818  -57.420  58.165 0.0000000000
45442  21.134  -56.604  58.534 0.0000000000
45445  17.821  -57.315  57.646 0.0000000000
45462  21.723  -56.417  57.632 0.0000000000
45465  18.013  -57.565  55.723 0.0000000000
45483  21.517  -56.086  57.315 0.0000000000
45502  17.887  -58.043  54.189 0.0000000000
46778  30.635  -56.010  64.452 0.0000000000
46797  30.168  -56.540  63.165 0.0000000000
46799  19.915  -57.193  62.219 0.0000000000
46814  30.110  -56.567  62.779 0.0000000000
46818  19.725  -57.158  61.776 0.0000000000
46819  18.798  -57.430  61.678 0.0000000000
46829  20.270  -56.918  61.483 0.0000000000
46830  19.480  -56.891  61.081 0.0000000000
46832  17.828  -57.326  60.655 0.0000000000
46840  26.703  -56.010  61.222 0.0000000000
46843  19.532  -56.543  60.314 0.0000000000
46856  24.411  -56.412  59.739 0.0000000000
46871  20.097  -55.825  58.293 0.0000000000
46889  22.053  -56.133  57.377 0.0000000000
46890  20.907  -55.863  57.450 0.0000000000
46934  18.032  -57.743  54.291 0.0000000000
48221  18.842  -56.650  60.444 0.0000000000
48228  29.471  -54.993  60.829 0.0000000000
48231  27.634  -55.388  60.386 0.0000000000
48232  24.570  -56.554  59.878 0.0000000000
48233  24.512  -56.764  59.992 0.0000000000
48234  19.048  -56.588  60.337 0.0000000000
48235  18.838  -56.634  60.230 0.0000000000
48248  24.327  -56.774  59.833 0.0000000000
48260  24.489  -55.137  59.069 0.0000000000
48276  18.335  -56.521  56.887 0.0000000000
48286  21.248  -54.870  56.061 0.0000000000
48288  18.417  -57.081  54.551 0.0000000000
49611  29.769  -55.339  61.233 0.0000000000
49637  24.976  -55.241  58.736 0.0000000000
49648  26.646  -54.492  58.293 0.0000000000
50930  31.325  -54.183  62.578 0.0000000000
50950  31.204  -53.841  60.711 0.0000000000
50981  30.281  -53.467  58.271 0.0000000000
50982  26.108  -54.153  57.825 0.0000000000
50985  24.131  -53.750  57.382 0.0000000000
51014  25.939  -52.680  56.683 0.0000000000
51066  27.887  -53.066  52.604 0.0000000000
52193  30.872  -52.409  60.681 0.0000000000
52220  30.719  -52.365  58.444 0.0000000000
52245  25.216  -52.786  56.720 0.0000000000
52247  23.996  -52.836  56.447 0.0000000000
52264  29.680  -52.641  56.211 0.0000000000
52266  25.516  -52.427  56.185 0.0000000000
52267  24.867  -52.420  55.823 0.0000000000
52307  28.735  -53.105  53.029 0.0000000000
53393  31.040  -51.881  60.430 0.0000000000
53422  25.210  -52.577  56.428 0.0000000000
53423  24.965  -52.630  56.448 0.0000000000
53437  29.969  -52.196  55.708 0.0000000000
53439  24.830  -52.549  56.255 0.0000000000
57044  30.393  -51.197  58.918 0.0000000000
58302  29.760  -48.254  60.905 0.0000000000
65664  39.140  -41.312  53.521 0.0000000000
65665  38.810  -41.331  53.593 0.0000000000
65666  38.349  -41.068  53.469 0.0000000000
65686  38.523  -41.369  53.114 0.0000000000
65713  35.567  -40.957  52.154 0.0000000000
66958  31.818  -40.522  59.642 0.0000000000
66981  30.070  -41.462  58.666 0.0000000000
67002  35.575  -39.543  58.083 0.0000000000
67004  33.485  -38.387  56.314 0.0000000000
67033  38.794  -40.071  55.117 0.0000000000
67039  34.729  -39.291  55.468 0.0000000000
67052  38.768  -39.582  54.039 0.0000000000
67074  34.199  -39.263  53.484 0.0000000000
67076  31.425  -39.351  53.828 0.0000000000
67091  34.263  -39.509  53.089 0.0000000000
67104  39.203  -40.514  51.971 0.0000000000
68376  32.528  -39.878  59.176 0.0000000000
68396  30.774  -40.617  58.403 0.0000000000
68412  35.544  -39.366  57.783 0.0000000000
68413  35.157  -39.585  58.125 0.0000000000
68414  34.158  -38.974  56.991 0.0000000000
68417  30.789  -40.199  57.957 0.0000000000
68428  35.694  -38.979  57.427 0.0000000000
68430  34.817  -38.557  56.823 0.0000000000
68440  39.120  -39.541  54.923 0.0000000000
68446  32.491  -38.602  55.652 0.0000000000
68471  39.180  -39.321  53.804 0.0000000000
68472  39.038  -40.142  53.316 0.0000000000
68512  38.428  -39.026  52.945 0.0000000000
69774  34.642  -39.486  57.948 0.0000000000
69786  35.491  -39.177  57.583 0.0000000000
69787  35.141  -39.360  57.679 0.0000000000
69798  35.401  -38.988  57.394 0.0000000000
69799  35.032  -38.920  57.240 0.0000000000
69800  34.640  -38.891  57.142 0.0000000000
69865  39.919  -37.950  53.383 0.0000000000
69867  38.400  -38.282  52.442 0.0000000000
69868  38.318  -38.074  52.355 0.0000000000
71120  38.531  -37.894  52.350 0.0000000000
71134  35.038  -37.421  51.739 0.0000000000
79740  39.301  -31.291  50.150 0.0000000000
80947  39.476  -30.982  50.232 0.0000000000
80948  39.300  -31.006  50.069 0.0000000000
82204  44.389  -29.413  51.670 0.0000000000
83495  46.209  -28.040  51.205 0.0000000000
83507  45.426  -27.674  51.169 0.0000000000
84759  48.797  -25.138  47.195 0.0000000000
84767  49.394  -24.974  46.989 0.0000000000
85834  44.438  -26.716  50.381 0.0000000000
85850  49.335  -24.978  47.783 0.0000000000
85861  49.231  -24.987  47.190 0.0000000000
85869  50.546  -24.896  46.568 0.0000000000
85872  49.207  -24.884  46.887 0.0000000000
86973  47.221  -26.373  49.185 0.0000000000
86981  45.715  -25.958  48.366 0.0000000000
86993  50.585  -24.890  46.898 0.0000000000
141617  9.176  -64.985  55.610 0.0000000000
141618  9.530  -65.127  54.876 0.0000000000
141626  24.666  -56.951  60.728 0.0000000000
141628  24.754  -56.813  60.469 0.0000000000
141694  31.396  -39.334  52.676 0.0000000000
141695  31.051  -39.201  52.947 0.0000000000
141696  31.191  -39.403  52.373 0.0000000000
141697  31.216  -39.286  52.814 0.0000000000
141698  31.342  -39.225  53.010 0.0000000000
141700  30.955  -39.183  53.182 0.0000000000
141702  31.034  -39.158  53.118 0.0000000000
141703  31.178  -38.943  53.057 0.0000000000
141704  30.909  -38.991  53.184 0.0000000000
141707  30.544  -39.393  52.605 0.0000000000
141708  30.813  -39.207  53.006 0.0000000000
141709  32.103  -39.468  53.482 0.0000000000
141884  38.711  -32.193  50.661 0.0000000000
141886  38.833  -32.083  50.501 0.0000000000
141888  38.078  -32.479  50.763 0.0000000000
141890  38.344  -32.277  50.634 0.0000000000
