#!ascii label  , from subject 3201 vox2ras=TkReg
1720
54701  -37.689  -12.606  45.365 0.0000000000
70395  -52.558  1.466  26.251 0.0000000000
60681  -43.063  -6.844  34.224 0.0000000000
47256  -9.731  -22.716  45.547 0.0000000000
45436  -25.596  -22.467  44.957 0.0000000000
55696  -8.065  -14.248  43.870 0.0000000000
53657  -4.486  -15.208  50.912 0.0000000000
64659  -48.502  -4.909  29.246 0.0000000000
55780  -7.042  -13.569  36.489 0.0000000000
45360  -8.785  -24.514  53.325 0.0000000000
53884  -40.483  -13.805  38.127 0.0000000000
53730  -33.932  -14.501  45.672 0.0000000000
50838  -31.892  -18.029  47.895 0.0000000000
75342  -52.620  6.215  26.099 0.0000000000
60764  -46.713  -7.014  31.151 0.0000000000
45476  -21.734  -22.460  43.383 0.0000000000
59576  -9.233  -9.481  40.397 0.0000000000
50858  -8.193  -18.760  44.656 0.0000000000
49170  -7.953  -19.730  40.486 0.0000000000
46428  -11.487  -23.001  40.437 0.0000000000
47193  -14.418  -21.733  54.971 0.0000000000
48114  -9.676  -21.083  57.323 0.0000000000
61766  -41.611  -6.578  37.409 0.0000000000
49072  -28.991  -20.491  50.356 0.0000000000
48207  -26.819  -20.452  43.343 0.0000000000
54694  -6.472  -14.541  46.822 0.0000000000
49989  -7.242  -18.889  48.020 0.0000000000
66555  -51.642  -2.049  27.764 0.0000000000
46295  -17.006  -21.104  50.637 0.0000000000
45413  -20.085  -21.776  46.829 0.0000000000
53844  -9.278  -15.335  39.591 0.0000000000
50988  -7.547  -18.212  36.276 0.0000000000
53610  -7.402  -15.719  55.828 0.0000000000
49047  -7.078  -20.066  53.111 0.0000000000
47225  -7.877  -23.485  50.047 0.0000000000
55686  -39.806  -12.398  44.529 0.0000000000
53781  -38.562  -12.613  43.027 0.0000000000
53805  -39.685  -12.983  41.916 0.0000000000
52746  -36.293  -14.633  45.689 0.0000000000
53778  -35.978  -12.689  43.792 0.0000000000
52713  -35.092  -15.139  46.917 0.0000000000
72314  -54.138  3.789  25.694 0.0000000000
69449  -49.675  0.505  25.524 0.0000000000
72310  -50.387  2.994  25.436 0.0000000000
72322  -51.669  4.429  24.755 0.0000000000
60725  -44.889  -6.934  32.332 0.0000000000
61828  -40.598  -6.932  33.898 0.0000000000
60740  -41.541  -6.710  32.461 0.0000000000
59687  -44.034  -7.263  31.188 0.0000000000
49123  -9.734  -20.211  45.024 0.0000000000
49160  -10.612  -20.511  42.430 0.0000000000
47267  -10.903  -22.560  43.688 0.0000000000
44540  -9.487  -24.410  41.466 0.0000000000
46384  -9.130  -23.972  43.250 0.0000000000
46281  -13.752  -21.746  52.457 0.0000000000
46276  -12.165  -22.810  54.264 0.0000000000
61733  -41.329  -7.096  39.530 0.0000000000
56714  -41.166  -11.628  39.099 0.0000000000
56737  -41.178  -12.338  36.298 0.0000000000
59605  -40.675  -10.607  38.518 0.0000000000
60649  -39.529  -8.171  37.904 0.0000000000
51722  -30.364  -16.900  52.019 0.0000000000
51802  -29.677  -16.713  45.005 0.0000000000
49127  -29.001  -18.972  45.492 0.0000000000
73347  -52.506  6.055  20.881 0.0000000000
74353  -53.503  5.974  19.685 0.0000000000
54675  -5.384  -14.471  48.959 0.0000000000
52699  -6.510  -16.293  48.135 0.0000000000
52663  -5.845  -16.320  49.410 0.0000000000
65599  -49.439  -3.483  27.931 0.0000000000
60843  -45.668  -6.907  27.670 0.0000000000
62934  -47.011  -6.353  26.327 0.0000000000
64729  -48.265  -4.062  25.295 0.0000000000
49045  -17.615  -20.261  53.089 0.0000000000
48148  -18.640  -20.962  51.326 0.0000000000
56669  -9.882  -12.540  43.434 0.0000000000
55717  -10.410  -13.349  41.017 0.0000000000
54756  -8.766  -14.837  41.652 0.0000000000
48328  -9.574  -20.576  37.743 0.0000000000
50081  -7.363  -19.061  38.486 0.0000000000
48363  -9.019  -20.720  35.807 0.0000000000
53607  -9.871  -15.836  56.136 0.0000000000
47196  -9.070  -22.684  54.665 0.0000000000
49036  -7.796  -20.759  55.608 0.0000000000
47201  -8.481  -22.234  53.506 0.0000000000
48147  -8.762  -21.009  51.586 0.0000000000
46283  -7.315  -24.053  51.658 0.0000000000
54788  -41.131  -13.089  40.511 0.0000000000
52632  -32.271  -15.969  50.703 0.0000000000
52677  -33.711  -15.552  48.674 0.0000000000
52727  -32.627  -16.019  46.934 0.0000000000
76383  -52.584  7.591  23.838 0.0000000000
74314  -52.010  6.009  23.551 0.0000000000
61870  -48.207  -7.024  29.936 0.0000000000
59723  -44.737  -6.599  29.479 0.0000000000
47318  -23.620  -22.512  42.872 0.0000000000
44516  -23.163  -23.254  43.937 0.0000000000
57709  -8.285  -11.256  37.756 0.0000000000
52749  -7.350  -16.193  44.582 0.0000000000
52792  -8.118  -17.251  42.126 0.0000000000
50048  -7.710  -19.348  42.431 0.0000000000
49198  -10.313  -20.990  40.205 0.0000000000
46509  -11.188  -23.386  37.316 0.0000000000
49938  -14.310  -19.631  56.471 0.0000000000
50768  -11.535  -18.746  57.482 0.0000000000
47183  -12.177  -21.573  56.903 0.0000000000
46268  -10.970  -23.479  55.468 0.0000000000
61787  -42.873  -6.222  35.766 0.0000000000
61803  -39.506  -7.184  35.817 0.0000000000
47244  -26.910  -21.346  47.567 0.0000000000
49085  -30.617  -19.533  49.198 0.0000000000
48188  -28.710  -20.177  46.443 0.0000000000
46383  -26.049  -21.854  44.327 0.0000000000
57650  -8.340  -12.270  44.826 0.0000000000
58579  -7.634  -11.766  46.860 0.0000000000
55677  -7.117  -14.104  45.331 0.0000000000
52732  -7.043  -16.153  46.146 0.0000000000
50842  -7.850  -18.780  46.272 0.0000000000
49102  -9.925  -20.338  47.229 0.0000000000
67498  -51.883  -0.259  27.545 0.0000000000
67502  -49.444  -1.623  25.592 0.0000000000
49943  -16.381  -19.750  54.957 0.0000000000
47202  -15.442  -21.267  52.647 0.0000000000
46293  -14.802  -21.512  50.639 0.0000000000
44472  -22.403  -22.455  46.386 0.0000000000
45386  -21.134  -23.009  47.427 0.0000000000
46307  -19.349  -21.162  48.919 0.0000000000
46317  -17.924  -21.434  48.976 0.0000000000
46330  -16.439  -21.122  48.326 0.0000000000
58625  -11.284  -10.388  41.373 0.0000000000
56701  -9.538  -12.564  38.849 0.0000000000
54808  -8.068  -14.675  37.694 0.0000000000
51849  -8.045  -17.536  40.162 0.0000000000
52840  -7.234  -16.370  38.319 0.0000000000
52880  -6.761  -16.237  36.582 0.0000000000
53623  -5.264  -15.386  53.829 0.0000000000
51681  -8.160  -18.051  57.052 0.0000000000
50778  -5.746  -17.874  55.227 0.0000000000
50792  -5.374  -18.491  52.140 0.0000000000
49958  -7.196  -19.217  50.854 0.0000000000
49065  -9.067  -20.145  49.831 0.0000000000
47236  -9.902  -22.258  48.459 0.0000000000
43312  -6.736  -26.070  51.672 0.0000000000
46309  -5.702  -24.416  49.505 0.0000000000
45424  -8.179  -24.645  45.392 0.0000000000
55674  -38.384  -12.219  44.909 0.0000000000
56626  -37.743  -11.453  46.031 0.0000000000
53736  -37.769  -12.631  44.677 0.0000000000
54718  -39.177  -12.588  43.878 0.0000000000
53716  -37.092  -13.907  45.583 0.0000000000
53734  -37.160  -13.562  44.986 0.0000000000
54692  -37.315  -13.240  46.505 0.0000000000
53706  -36.772  -14.206  46.204 0.0000000000
71309  -53.612  3.028  26.119 0.0000000000
69452  -51.593  0.815  25.976 0.0000000000
70410  -50.176  1.205  25.527 0.0000000000
71307  -52.317  1.859  25.920 0.0000000000
71317  -52.940  3.189  25.760 0.0000000000
60704  -44.139  -6.616  33.228 0.0000000000
60705  -44.965  -6.431  33.283 0.0000000000
60683  -44.341  -6.261  34.154 0.0000000000
60720  -41.107  -6.939  33.183 0.0000000000
60702  -42.981  -6.833  33.590 0.0000000000
60723  -43.840  -6.748  32.893 0.0000000000
48190  -10.756  -21.343  45.402 0.0000000000
48194  -10.995  -21.553  44.371 0.0000000000
47266  -10.263  -23.054  43.939 0.0000000000
46385  -9.762  -23.570  43.067 0.0000000000
46375  -9.721  -23.519  43.935 0.0000000000
45371  -12.803  -22.704  51.080 0.0000000000
45367  -12.880  -22.600  52.187 0.0000000000
58639  -41.425  -10.593  40.199 0.0000000000
58646  -41.101  -10.789  38.923 0.0000000000
59590  -40.831  -9.474  39.931 0.0000000000
60639  -40.952  -8.481  39.770 0.0000000000
75385  -52.865  7.511  21.828 0.0000000000
73353  -53.018  5.907  20.507 0.0000000000
75426  -54.267  7.309  20.238 0.0000000000
54674  -4.830  -14.782  49.643 0.0000000000
52681  -4.971  -16.305  49.111 0.0000000000
51748  -4.806  -16.499  49.816 0.0000000000
64669  -48.646  -3.821  28.432 0.0000000000
65577  -51.041  -3.300  29.757 0.0000000000
62897  -46.857  -6.143  28.095 0.0000000000
62912  -46.499  -6.493  27.464 0.0000000000
63810  -47.298  -5.209  27.545 0.0000000000
64684  -48.695  -3.997  27.482 0.0000000000
49955  -19.405  -19.692  52.227 0.0000000000
49060  -19.785  -20.160  50.873 0.0000000000
46352  -25.653  -22.115  46.748 0.0000000000
45405  -24.985  -21.614  46.685 0.0000000000
56726  -6.840  -12.554  36.725 0.0000000000
55697  -8.426  -13.755  43.394 0.0000000000
55708  -9.090  -13.831  42.459 0.0000000000
54734  -8.338  -14.739  42.426 0.0000000000
48348  -10.499  -21.776  36.443 0.0000000000
48346  -9.057  -20.333  36.880 0.0000000000
48364  -9.626  -21.567  35.519 0.0000000000
53618  -10.541  -15.606  54.562 0.0000000000
52594  -11.630  -16.775  56.167 0.0000000000
45352  -9.066  -24.252  53.887 0.0000000000
47195  -8.649  -22.095  54.303 0.0000000000
46280  -8.475  -23.243  53.089 0.0000000000
47206  -8.571  -22.295  52.634 0.0000000000
45365  -7.775  -24.492  52.036 0.0000000000
55706  -40.500  -12.052  42.791 0.0000000000
53824  -40.405  -13.269  40.935 0.0000000000
55715  -40.745  -11.700  41.661 0.0000000000
56692  -41.771  -11.077  41.524 0.0000000000
52744  -34.437  -14.954  46.423 0.0000000000
52728  -33.728  -15.758  47.419 0.0000000000
52743  -33.162  -15.165  46.425 0.0000000000
53728  -31.287  -15.215  45.785 0.0000000000
75356  -52.781  7.354  24.843 0.0000000000
74280  -52.611  5.119  25.699 0.0000000000
73328  -51.577  5.659  23.551 0.0000000000
75354  -52.305  6.180  24.828 0.0000000000
75371  -52.190  6.612  23.880 0.0000000000
60787  -47.481  -7.029  30.499 0.0000000000
61856  -48.598  -6.223  31.126 0.0000000000
60747  -47.361  -6.188  31.885 0.0000000000
59688  -44.573  -7.103  31.047 0.0000000000
60782  -43.825  -7.287  30.055 0.0000000000
59707  -45.387  -6.681  30.646 0.0000000000
60804  -45.966  -6.699  29.335 0.0000000000
59584  -8.076  -9.675  39.603 0.0000000000
58644  -8.181  -10.492  38.464 0.0000000000
58645  -8.886  -10.704  38.305 0.0000000000
50873  -7.850  -18.190  43.891 0.0000000000
51807  -7.496  -17.438  43.325 0.0000000000
50037  -7.965  -19.080  43.224 0.0000000000
48222  -11.488  -21.699  41.968 0.0000000000
49174  -10.709  -20.691  41.516 0.0000000000
49185  -11.379  -21.226  40.375 0.0000000000
49214  -11.367  -21.199  38.716 0.0000000000
46469  -11.567  -23.155  38.928 0.0000000000
45526  -10.882  -24.279  38.847 0.0000000000
49032  -14.815  -20.430  56.297 0.0000000000
49027  -13.083  -20.382  56.969 0.0000000000
47188  -13.843  -22.082  56.005 0.0000000000
45361  -11.422  -23.849  53.462 0.0000000000
45350  -11.709  -23.332  54.864 0.0000000000
45355  -11.127  -24.079  54.216 0.0000000000
45354  -10.627  -24.410  54.301 0.0000000000
61767  -42.513  -6.196  36.857 0.0000000000
61745  -41.148  -6.967  38.573 0.0000000000
61764  -39.797  -7.344  37.712 0.0000000000
61765  -40.684  -6.980  37.703 0.0000000000
61785  -41.145  -6.883  36.551 0.0000000000
49071  -27.847  -20.279  50.295 0.0000000000
48157  -27.085  -21.037  50.004 0.0000000000
48166  -28.263  -21.265  49.260 0.0000000000
50826  -32.702  -17.445  49.142 0.0000000000
50805  -31.823  -17.961  50.380 0.0000000000
49994  -31.691  -18.733  48.192 0.0000000000
49147  -27.880  -19.316  44.653 0.0000000000
48193  -29.000  -20.022  46.135 0.0000000000
48191  -27.912  -20.362  45.587 0.0000000000
47264  -27.534  -20.793  45.524 0.0000000000
47273  -26.466  -20.964  44.253 0.0000000000
46407  -25.358  -21.615  42.833 0.0000000000
55647  -6.296  -13.640  47.929 0.0000000000
56640  -7.106  -13.052  46.830 0.0000000000
55668  -7.261  -13.293  45.815 0.0000000000
54702  -6.706  -14.615  45.865 0.0000000000
53719  -6.965  -15.381  45.657 0.0000000000
53708  -6.709  -15.377  46.559 0.0000000000
50833  -7.255  -18.388  47.847 0.0000000000
50840  -7.324  -18.300  47.318 0.0000000000
50003  -5.922  -19.854  46.665 0.0000000000
49111  -8.475  -19.621  47.095 0.0000000000
49100  -8.407  -19.807  47.756 0.0000000000
67497  -51.128  -0.742  27.726 0.0000000000
67493  -53.539  -1.008  27.910 0.0000000000
67484  -52.482  -1.399  28.452 0.0000000000
65626  -49.683  -2.934  25.970 0.0000000000
65639  -49.045  -2.863  25.250 0.0000000000
66566  -50.144  -1.994  25.968 0.0000000000
67504  -50.578  -0.965  26.641 0.0000000000
50785  -17.098  -18.370  54.368 0.0000000000
47205  -17.564  -20.536  51.897 0.0000000000
47200  -16.769  -20.799  52.953 0.0000000000
47208  -16.061  -20.742  51.775 0.0000000000
46286  -14.891  -21.330  51.600 0.0000000000
46294  -15.927  -21.163  50.627 0.0000000000
45477  -22.378  -22.713  43.382 0.0000000000
44499  -22.594  -22.790  44.736 0.0000000000
45447  -22.042  -22.780  44.461 0.0000000000
45414  -20.674  -22.345  46.835 0.0000000000
45400  -20.936  -23.022  47.245 0.0000000000
45385  -20.478  -22.790  47.562 0.0000000000
46334  -20.413  -22.373  47.744 0.0000000000
46333  -19.824  -22.002  47.822 0.0000000000
46318  -18.800  -21.447  48.680 0.0000000000
46332  -19.279  -21.643  47.980 0.0000000000
46358  -16.400  -21.057  46.469 0.0000000000
58617  -11.456  -10.457  42.067 0.0000000000
54778  -9.707  -14.377  40.102 0.0000000000
55731  -10.503  -13.272  40.034 0.0000000000
54793  -9.353  -14.387  38.973 0.0000000000
55754  -9.006  -13.704  38.388 0.0000000000
53859  -8.977  -14.819  38.683 0.0000000000
50907  -7.411  -18.275  41.603 0.0000000000
52804  -8.309  -17.268  41.212 0.0000000000
50921  -7.517  -18.267  40.410 0.0000000000
50094  -7.746  -18.834  37.095 0.0000000000
50956  -7.287  -17.844  38.677 0.0000000000
50971  -7.003  -17.683  37.814 0.0000000000
52860  -6.874  -16.247  37.416 0.0000000000
51906  -6.970  -17.478  36.414 0.0000000000
51920  -7.142  -17.285  35.723 0.0000000000
53617  -6.232  -15.577  54.789 0.0000000000
49024  -10.489  -20.492  57.758 0.0000000000
50766  -9.557  -18.642  57.744 0.0000000000
49929  -9.087  -19.489  57.501 0.0000000000
49041  -6.861  -20.143  53.994 0.0000000000
49941  -6.497  -19.165  55.851 0.0000000000
49946  -6.276  -19.197  54.500 0.0000000000
50789  -5.393  -18.210  53.199 0.0000000000
49950  -5.800  -19.017  52.804 0.0000000000
50797  -5.920  -18.324  51.171 0.0000000000
49056  -6.531  -19.546  51.645 0.0000000000
47213  -9.040  -21.631  51.352 0.0000000000
48151  -9.083  -20.875  51.042 0.0000000000
47220  -9.531  -21.525  50.255 0.0000000000
48169  -9.851  -21.117  49.059 0.0000000000
47226  -8.612  -22.965  49.515 0.0000000000
43348  -6.100  -26.468  50.664 0.0000000000
44420  -5.937  -25.318  50.968 0.0000000000
56666  -40.547  -11.814  43.780 0.0000000000
53803  -38.426  -12.866  41.951 0.0000000000
53821  -38.954  -13.589  41.192 0.0000000000
53782  -39.365  -12.696  42.989 0.0000000000
54731  -39.910  -12.679  43.149 0.0000000000
53731  -34.959  -14.281  45.591 0.0000000000
53755  -36.330  -13.258  44.581 0.0000000000
53779  -36.914  -12.780  43.423 0.0000000000
52730  -35.874  -15.158  46.318 0.0000000000
73305  -54.194  4.664  25.717 0.0000000000
71322  -48.896  2.445  25.069 0.0000000000
72319  -49.374  3.234  25.132 0.0000000000
73318  -50.459  4.616  24.594 0.0000000000
72321  -51.227  4.138  24.870 0.0000000000
72313  -53.182  3.836  25.727 0.0000000000
60745  -45.750  -7.602  31.804 0.0000000000
60727  -46.740  -6.794  32.591 0.0000000000
60726  -46.046  -6.948  32.826 0.0000000000
61819  -45.894  -5.911  33.569 0.0000000000
62850  -38.993  -6.888  34.425 0.0000000000
60719  -40.204  -6.697  33.135 0.0000000000
60739  -40.672  -6.815  32.439 0.0000000000
59684  -41.368  -6.666  31.664 0.0000000000
59702  -41.621  -6.457  30.716 0.0000000000
60761  -43.008  -6.547  31.997 0.0000000000
59670  -44.411  -7.603  31.688 0.0000000000
50021  -9.077  -19.802  44.653 0.0000000000
49141  -9.027  -19.982  43.471 0.0000000000
49143  -10.477  -20.527  43.410 0.0000000000
48206  -11.357  -21.563  42.785 0.0000000000
47290  -11.317  -22.546  41.771 0.0000000000
45498  -10.644  -24.154  40.770 0.0000000000
45469  -10.137  -23.658  41.910 0.0000000000
45481  -9.199  -24.075  41.911 0.0000000000
46278  -13.860  -21.815  53.670 0.0000000000
46271  -13.465  -22.194  54.861 0.0000000000
45363  -12.869  -22.323  53.133 0.0000000000
55775  -40.660  -12.441  38.277 0.0000000000
54844  -40.668  -13.387  37.403 0.0000000000
56730  -40.648  -11.870  37.765 0.0000000000
57710  -40.850  -11.255  37.890 0.0000000000
58657  -40.281  -10.188  37.260 0.0000000000
59596  -40.307  -9.113  38.416 0.0000000000
61731  -40.701  -7.788  39.123 0.0000000000
50803  -30.007  -17.968  50.595 0.0000000000
50855  -30.396  -17.722  46.539 0.0000000000
50011  -30.728  -18.556  46.729 0.0000000000
50023  -29.042  -18.302  45.152 0.0000000000
50042  -28.290  -18.313  44.089 0.0000000000
72370  -53.678  4.050  20.067 0.0000000000
73363  -53.002  5.108  19.811 0.0000000000
74359  -52.640  5.595  18.604 0.0000000000
74369  -52.054  5.831  17.973 0.0000000000
54686  -6.240  -14.519  47.815 0.0000000000
53698  -6.383  -15.408  47.810 0.0000000000
53686  -5.920  -15.816  48.343 0.0000000000
51760  -6.677  -17.143  48.626 0.0000000000
50820  -7.068  -17.844  49.263 0.0000000000
65600  -50.378  -3.256  27.773 0.0000000000
65585  -51.118  -3.095  29.041 0.0000000000
62932  -45.299  -5.755  26.452 0.0000000000
63841  -46.402  -5.773  25.797 0.0000000000
65623  -47.135  -4.493  25.072 0.0000000000
64716  -47.922  -4.953  25.571 0.0000000000
64702  -49.114  -3.862  26.830 0.0000000000
50786  -17.743  -18.853  54.209 0.0000000000
50788  -18.638  -19.356  52.832 0.0000000000
48144  -18.355  -20.955  51.875 0.0000000000
47215  -17.926  -21.237  51.059 0.0000000000
45445  -19.926  -21.554  44.299 0.0000000000
46360  -19.163  -21.352  46.690 0.0000000000
56670  -10.677  -12.252  43.203 0.0000000000
56677  -11.106  -12.140  42.579 0.0000000000
55709  -10.095  -13.577  42.221 0.0000000000
54736  -9.456  -14.126  41.836 0.0000000000
53828  -9.089  -15.438  40.896 0.0000000000
48279  -9.069  -20.170  39.255 0.0000000000
50076  -7.590  -19.223  39.480 0.0000000000
48326  -8.842  -19.681  38.322 0.0000000000
49224  -8.583  -19.684  37.131 0.0000000000
50095  -8.352  -19.042  36.539 0.0000000000
54629  -10.070  -15.026  54.267 0.0000000000
54622  -9.576  -15.308  54.759 0.0000000000
53606  -8.966  -15.887  56.180 0.0000000000
48128  -9.424  -22.053  56.097 0.0000000000
49029  -8.528  -20.785  56.633 0.0000000000
48133  -8.848  -21.930  54.993 0.0000000000
48138  -7.979  -21.460  53.979 0.0000000000
49048  -7.768  -20.477  53.582 0.0000000000
49053  -7.810  -20.173  52.539 0.0000000000
48142  -8.383  -21.207  53.111 0.0000000000
47212  -8.636  -22.344  51.643 0.0000000000
46291  -7.780  -23.673  51.292 0.0000000000
52854  -40.550  -14.728  38.737 0.0000000000
53836  -39.945  -14.208  40.598 0.0000000000
53852  -40.459  -14.075  39.879 0.0000000000
54803  -41.062  -13.368  39.661 0.0000000000
55747  -41.376  -12.044  40.005 0.0000000000
57684  -42.231  -11.098  40.771 0.0000000000
51755  -33.142  -16.898  48.516 0.0000000000
52696  -34.313  -15.496  48.273 0.0000000000
51773  -33.828  -16.514  47.885 0.0000000000
51771  -32.363  -17.363  47.559 0.0000000000
51793  -30.763  -16.572  46.090 0.0000000000
73336  -51.450  5.056  22.643 0.0000000000
73338  -51.773  5.708  21.648 0.0000000000
75373  -52.466  7.478  22.492 0.0000000000
62884  -48.435  -5.873  29.541 0.0000000000
63773  -49.417  -5.312  30.556 0.0000000000
62865  -49.235  -5.992  30.923 0.0000000000
59720  -42.918  -6.816  29.603 0.0000000000
60821  -44.943  -6.617  28.736 0.0000000000
61879  -46.433  -6.729  28.792 0.0000000000
45465  -24.715  -23.028  43.912 0.0000000000
45449  -24.035  -22.856  44.505 0.0000000000
46404  -23.399  -22.799  43.299 0.0000000000
45491  -22.193  -22.347  42.399 0.0000000000
57707  -7.323  -11.361  37.541 0.0000000000
56710  -7.184  -12.361  37.635 0.0000000000
53738  -7.655  -15.581  44.217 0.0000000000
53760  -7.874  -15.644  43.350 0.0000000000
52763  -7.436  -16.842  42.974 0.0000000000
50891  -7.391  -18.019  42.125 0.0000000000
50059  -7.848  -19.679  41.693 0.0000000000
49158  -9.027  -19.994  43.012 0.0000000000
49172  -8.822  -20.195  41.818 0.0000000000
48238  -8.769  -20.357  40.759 0.0000000000
48309  -10.258  -20.982  38.733 0.0000000000
51690  -11.692  -17.560  56.824 0.0000000000
50769  -12.556  -18.746  57.045 0.0000000000
49025  -11.456  -20.399  57.513 0.0000000000
48116  -11.064  -21.219  57.472 0.0000000000
46264  -13.089  -22.580  55.744 0.0000000000
47186  -11.528  -22.430  56.640 0.0000000000
47185  -10.673  -22.527  56.673 0.0000000000
46267  -10.233  -23.493  55.224 0.0000000000
45353  -9.868  -24.358  54.312 0.0000000000
44385  -9.016  -24.937  53.595 0.0000000000
61807  -43.318  -6.489  35.006 0.0000000000
61808  -44.065  -6.394  35.016 0.0000000000
61788  -43.733  -6.116  35.624 0.0000000000
54858  -40.939  -13.999  35.777 0.0000000000
62831  -38.855  -7.211  35.367 0.0000000000
61805  -41.569  -6.854  35.399 0.0000000000
47232  -26.709  -21.198  48.376 0.0000000000
46353  -26.290  -22.166  46.396 0.0000000000
51723  -31.241  -16.729  51.537 0.0000000000
50804  -30.972  -17.752  50.481 0.0000000000
49074  -30.464  -19.641  49.775 0.0000000000
49107  -30.338  -19.011  47.299 0.0000000000
48179  -29.345  -19.250  48.240 0.0000000000
48178  -28.656  -20.127  48.368 0.0000000000
47254  -27.617  -20.936  46.877 0.0000000000
47258  -26.899  -21.497  45.637 0.0000000000
46372  -26.085  -22.421  45.205 0.0000000000
46406  -24.696  -22.097  43.251 0.0000000000
75443  -51.630  6.499  17.446 0.0000000000
76480  -51.382  7.374  16.163 0.0000000000
76488  -51.302  7.523  15.375 0.0000000000
56660  -8.486  -12.418  44.180 0.0000000000
55689  -8.067  -13.386  44.183 0.0000000000
57642  -7.980  -12.300  45.563 0.0000000000
56658  -7.585  -13.223  45.103 0.0000000000
55688  -7.703  -13.898  44.575 0.0000000000
53737  -7.418  -15.441  45.017 0.0000000000
51795  -7.262  -16.507  44.992 0.0000000000
51786  -7.378  -17.503  45.667 0.0000000000
52715  -6.794  -16.305  47.149 0.0000000000
51776  -7.398  -17.802  46.242 0.0000000000
50850  -8.079  -18.733  45.547 0.0000000000
50007  -9.226  -19.801  46.062 0.0000000000
49113  -10.150  -20.497  46.585 0.0000000000
48187  -10.647  -21.166  46.468 0.0000000000
69434  -52.118  0.377  26.704 0.0000000000
65637  -46.813  -3.581  24.903 0.0000000000
66572  -47.188  -2.447  24.807 0.0000000000
67512  -47.703  -1.402  24.865 0.0000000000
68489  -49.209  -0.819  25.513 0.0000000000
68491  -50.783  -0.174  26.502 0.0000000000
49939  -15.307  -19.636  56.166 0.0000000000
49038  -15.726  -20.820  55.076 0.0000000000
49044  -17.196  -20.549  54.191 0.0000000000
48135  -16.206  -21.321  54.229 0.0000000000
47198  -15.298  -21.617  53.771 0.0000000000
46285  -13.755  -21.859  51.405 0.0000000000
44488  -23.481  -22.620  45.103 0.0000000000
45417  -23.013  -22.347  46.664 0.0000000000
45388  -23.273  -22.763  47.191 0.0000000000
44484  -21.592  -22.259  46.056 0.0000000000
45401  -21.700  -23.238  47.153 0.0000000000
45387  -22.031  -22.874  47.020 0.0000000000
47228  -20.936  -21.266  47.525 0.0000000000
47223  -20.525  -21.047  48.347 0.0000000000
48153  -19.244  -20.474  50.000 0.0000000000
47221  -18.817  -20.879  49.630 0.0000000000
46297  -18.149  -21.058  50.581 0.0000000000
46305  -17.801  -21.220  49.750 0.0000000000
46348  -17.265  -21.162  47.461 0.0000000000
46331  -17.792  -21.492  48.242 0.0000000000
46304  -16.928  -21.529  49.925 0.0000000000
46315  -15.596  -21.396  49.103 0.0000000000
59577  -10.156  -9.697  40.559 0.0000000000
57673  -11.089  -11.827  41.022 0.0000000000
57680  -10.691  -11.507  40.018 0.0000000000
58636  -9.461  -10.520  39.027 0.0000000000
56713  -8.803  -12.623  38.436 0.0000000000
56712  -7.947  -12.689  38.061 0.0000000000
55766  -7.711  -13.906  37.365 0.0000000000
52781  -8.341  -16.019  42.094 0.0000000000
52794  -8.660  -16.048  41.444 0.0000000000
52821  -9.066  -16.138  39.633 0.0000000000
50939  -7.528  -17.959  39.502 0.0000000000
51865  -7.555  -17.274  39.040 0.0000000000
52841  -8.038  -16.236  38.752 0.0000000000
53857  -7.643  -15.618  38.120 0.0000000000
53872  -7.276  -15.601  37.639 0.0000000000
54836  -7.059  -14.572  36.369 0.0000000000
53905  -6.900  -15.451  36.123 0.0000000000
52587  -10.769  -17.187  56.949 0.0000000000
51689  -9.050  -16.926  57.019 0.0000000000
52590  -7.668  -16.531  56.426 0.0000000000
49935  -7.168  -19.354  56.790 0.0000000000
50771  -6.645  -18.443  56.414 0.0000000000
51696  -6.250  -17.487  55.790 0.0000000000
51701  -5.626  -17.255  54.677 0.0000000000
51713  -4.783  -16.717  52.794 0.0000000000
51725  -4.607  -16.870  51.829 0.0000000000
51738  -6.020  -17.159  50.647 0.0000000000
50808  -6.844  -17.903  50.047 0.0000000000
49980  -7.528  -18.512  48.775 0.0000000000
49058  -8.036  -20.127  51.508 0.0000000000
49968  -8.179  -18.792  50.047 0.0000000000
49077  -8.421  -19.182  49.214 0.0000000000
49089  -9.431  -20.264  48.329 0.0000000000
47237  -10.382  -21.568  47.933 0.0000000000
47248  -9.448  -22.826  46.927 0.0000000000
43299  -8.766  -25.860  52.667 0.0000000000
43314  -8.114  -26.280  52.313 0.0000000000
44408  -7.579  -25.402  52.143 0.0000000000
45364  -6.893  -24.752  51.611 0.0000000000
46290  -6.690  -24.108  51.021 0.0000000000
46299  -6.274  -23.784  50.161 0.0000000000
46323  -6.469  -24.581  48.623 0.0000000000
46312  -8.115  -23.627  48.853 0.0000000000
47235  -8.681  -23.347  48.088 0.0000000000
46343  -8.715  -23.569  46.660 0.0000000000
46355  -8.978  -23.391  45.865 0.0000000000
45438  -8.502  -24.777  44.481 0.0000000000
44506  -8.436  -25.604  43.525 0.0000000000
55664  -38.009  -11.781  45.367 0.0000000000
54693  -37.568  -12.592  46.023 0.0000000000
53718  -37.652  -12.759  45.042 0.0000000000
54708  -38.044  -12.374  44.630 0.0000000000
53717  -37.462  -13.351  45.565 0.0000000000
53735  -37.573  -13.051  44.887 0.0000000000
54700  -37.520  -13.183  46.029 0.0000000000
53707  -37.046  -13.722  46.353 0.0000000000
70396  -53.168  2.148  26.706 0.0000000000
70397  -53.495  2.704  26.883 0.0000000000
69437  -53.532  2.016  27.249 0.0000000000
69443  -52.233  1.014  26.143 0.0000000000
70403  -51.824  1.381  25.787 0.0000000000
71308  -52.784  2.385  26.078 0.0000000000
60703  -43.466  -6.653  33.318 0.0000000000
60682  -43.628  -6.493  34.180 0.0000000000
61818  -42.575  -6.973  34.180 0.0000000000
60701  -42.345  -6.964  33.775 0.0000000000
47262  -10.555  -22.195  44.979 0.0000000000
47261  -10.090  -22.897  44.515 0.0000000000
45374  -12.707  -22.917  49.879 0.0000000000
58638  -41.002  -10.224  39.786 0.0000000000
54665  -4.705  -14.587  50.366 0.0000000000
53670  -4.643  -15.470  50.056 0.0000000000
52645  -4.583  -15.934  50.604 0.0000000000
65583  -49.415  -3.377  29.172 0.0000000000
64660  -49.028  -4.388  29.531 0.0000000000
63794  -47.331  -5.288  28.470 0.0000000000
63809  -46.887  -4.927  27.946 0.0000000000
65581  -47.764  -3.996  28.532 0.0000000000
64683  -47.906  -4.235  27.655 0.0000000000
49959  -20.003  -19.637  50.650 0.0000000000
49956  -20.185  -19.694  51.643 0.0000000000
45420  -25.381  -21.960  45.855 0.0000000000
54721  -8.182  -14.526  43.396 0.0000000000
52600  -11.719  -16.547  55.199 0.0000000000
45351  -8.681  -23.896  53.399 0.0000000000
46273  -8.629  -23.169  54.015 0.0000000000
45359  -8.453  -24.268  52.743 0.0000000000
56674  -40.619  -11.449  43.090 0.0000000000
56683  -40.666  -11.335  42.378 0.0000000000
56684  -41.125  -10.979  41.920 0.0000000000
52762  -33.073  -14.699  45.614 0.0000000000
75343  -52.895  6.686  25.985 0.0000000000
75334  -52.783  5.618  26.339 0.0000000000
75341  -52.449  5.715  25.749 0.0000000000
75355  -52.513  6.882  24.710 0.0000000000
60765  -47.561  -6.588  31.240 0.0000000000
59689  -45.188  -6.922  31.361 0.0000000000
60763  -45.950  -7.034  30.901 0.0000000000
59585  -8.876  -9.795  39.659 0.0000000000
58635  -8.524  -10.144  38.982 0.0000000000
50874  -8.235  -19.025  43.948 0.0000000000
48240  -11.659  -21.840  40.995 0.0000000000
47339  -11.819  -22.343  40.251 0.0000000000
47364  -11.921  -22.350  39.491 0.0000000000
46449  -11.693  -22.876  39.795 0.0000000000
45527  -11.294  -23.803  39.383 0.0000000000
45510  -11.080  -24.178  39.952 0.0000000000
48129  -14.702  -21.380  55.641 0.0000000000
48124  -14.321  -21.216  56.203 0.0000000000
47189  -14.345  -21.625  55.744 0.0000000000
44389  -11.326  -24.350  53.876 0.0000000000
61746  -41.995  -6.281  38.369 0.0000000000
53883  -40.439  -14.371  38.400 0.0000000000
50815  -28.878  -18.508  50.483 0.0000000000
49975  -28.538  -19.067  50.404 0.0000000000
48158  -28.083  -21.346  50.136 0.0000000000
48159  -28.935  -21.248  49.902 0.0000000000
50831  -32.285  -18.210  48.441 0.0000000000
50825  -32.377  -18.119  49.069 0.0000000000
48208  -27.372  -20.071  44.285 0.0000000000
48198  -28.022  -19.987  45.401 0.0000000000
48196  -27.041  -20.540  44.190 0.0000000000
47282  -26.237  -21.218  43.254 0.0000000000
47298  -26.102  -21.058  42.726 0.0000000000
55658  -6.532  -13.701  47.123 0.0000000000
56628  -6.760  -12.959  47.533 0.0000000000
55667  -6.847  -13.664  46.101 0.0000000000
49996  -6.992  -19.120  47.729 0.0000000000
49097  -6.018  -20.083  47.478 0.0000000000
49109  -6.574  -20.094  47.251 0.0000000000
49099  -7.508  -19.840  48.059 0.0000000000
66561  -51.045  -1.434  27.701 0.0000000000
67491  -51.560  -1.291  28.071 0.0000000000
66559  -50.263  -2.680  26.520 0.0000000000
66560  -50.824  -2.056  27.005 0.0000000000
67496  -50.791  -1.334  27.193 0.0000000000
47209  -17.119  -20.534  51.264 0.0000000000
46288  -16.524  -20.709  51.063 0.0000000000
46287  -15.938  -20.882  51.218 0.0000000000
45462  -22.159  -22.828  43.936 0.0000000000
45461  -21.633  -22.537  44.048 0.0000000000
45399  -20.191  -22.826  47.444 0.0000000000
45384  -20.031  -22.323  47.775 0.0000000000
45383  -19.802  -22.044  47.719 0.0000000000
45398  -19.955  -21.752  47.576 0.0000000000
57666  -11.394  -11.292  42.437 0.0000000000
50058  -7.543  -19.238  40.837 0.0000000000
50972  -7.249  -18.423  37.387 0.0000000000
50987  -7.045  -17.790  36.969 0.0000000000
53609  -6.790  -15.704  55.267 0.0000000000
49023  -9.551  -20.546  57.427 0.0000000000
49930  -9.996  -19.591  57.994 0.0000000000
49951  -6.363  -19.510  53.279 0.0000000000
49945  -5.840  -18.843  53.635 0.0000000000
49954  -6.175  -19.446  52.583 0.0000000000
49051  -6.345  -19.599  51.949 0.0000000000
49052  -6.653  -19.763  52.319 0.0000000000
47218  -8.166  -23.020  50.645 0.0000000000
47219  -9.297  -22.088  50.743 0.0000000000
42359  -6.731  -27.466  50.300 0.0000000000
56665  -40.430  -12.106  44.305 0.0000000000
53780  -37.746  -12.624  43.158 0.0000000000
54710  -39.348  -12.575  44.184 0.0000000000
54730  -39.577  -12.674  43.508 0.0000000000
54719  -39.750  -12.678  43.832 0.0000000000
55694  -40.308  -12.369  43.667 0.0000000000
53732  -35.882  -14.015  45.447 0.0000000000
53757  -37.748  -12.612  44.160 0.0000000000
53756  -37.110  -13.118  44.299 0.0000000000
52731  -36.566  -14.615  46.006 0.0000000000
52714  -35.996  -14.783  46.566 0.0000000000
52745  -35.474  -14.905  46.000 0.0000000000
72315  -54.568  4.219  25.773 0.0000000000
73306  -54.765  4.808  25.835 0.0000000000
69440  -49.197  -0.120  25.514 0.0000000000
69448  -48.350  0.338  25.207 0.0000000000
71314  -50.275  2.305  25.518 0.0000000000
70400  -49.552  1.879  25.361 0.0000000000
72309  -49.879  2.727  25.482 0.0000000000
72320  -50.381  3.752  24.947 0.0000000000
72311  -51.243  3.271  25.260 0.0000000000
71318  -53.539  3.451  25.789 0.0000000000
73304  -53.484  4.488  25.795 0.0000000000
60744  -44.889  -8.007  31.964 0.0000000000
60684  -44.998  -6.094  34.055 0.0000000000
60706  -45.571  -6.225  33.439 0.0000000000
60685  -45.375  -5.826  33.844 0.0000000000
61827  -39.599  -6.753  33.847 0.0000000000
60721  -42.027  -6.795  33.282 0.0000000000
60760  -41.015  -6.943  31.979 0.0000000000
59666  -41.616  -6.628  32.121 0.0000000000
59667  -41.915  -6.466  32.154 0.0000000000
60741  -42.674  -6.590  32.512 0.0000000000
60724  -44.157  -7.154  32.478 0.0000000000
60743  -44.245  -7.379  32.162 0.0000000000
49124  -10.539  -20.684  44.530 0.0000000000
48195  -11.256  -21.595  43.540 0.0000000000
47268  -11.309  -22.009  43.218 0.0000000000
47276  -11.291  -22.223  42.680 0.0000000000
47275  -10.904  -22.790  42.532 0.0000000000
46397  -10.525  -23.306  42.060 0.0000000000
46386  -10.357  -23.161  42.873 0.0000000000
46395  -9.338  -23.869  42.496 0.0000000000
45467  -8.977  -24.466  42.458 0.0000000000
45466  -8.865  -25.065  42.668 0.0000000000
55760  -40.935  -12.122  39.105 0.0000000000
56722  -40.817  -11.640  38.622 0.0000000000
58659  -40.876  -11.084  38.304 0.0000000000
58658  -40.606  -10.880  37.731 0.0000000000
59604  -40.307  -10.012  38.196 0.0000000000
60638  -40.715  -8.146  39.248 0.0000000000
51731  -28.991  -17.145  51.303 0.0000000000
51732  -29.698  -17.427  51.413 0.0000000000
51792  -29.884  -16.928  45.847 0.0000000000
50854  -29.636  -17.571  46.088 0.0000000000
50859  -29.420  -17.589  45.412 0.0000000000
73346  -52.231  5.365  21.009 0.0000000000
72360  -53.009  3.895  20.494 0.0000000000
73352  -52.643  4.954  20.310 0.0000000000
73364  -53.476  5.966  20.265 0.0000000000
73372  -52.547  4.654  18.952 0.0000000000
74360  -53.293  6.181  18.949 0.0000000000
54685  -5.793  -14.815  48.403 0.0000000000
53697  -6.003  -15.108  48.254 0.0000000000
53685  -5.476  -15.512  48.540 0.0000000000
52662  -5.457  -16.339  49.253 0.0000000000
52682  -5.944  -16.140  48.928 0.0000000000
51750  -6.419  -16.954  49.610 0.0000000000
66543  -50.910  -3.083  28.380 0.0000000000
65584  -50.325  -3.204  28.866 0.0000000000
61912  -45.311  -6.440  27.333 0.0000000000
62913  -46.988  -6.174  27.123 0.0000000000
62933  -46.041  -5.934  26.869 0.0000000000
62953  -46.480  -6.128  26.204 0.0000000000
62954  -46.851  -6.253  25.878 0.0000000000
63842  -47.226  -5.884  25.697 0.0000000000
65613  -49.844  -3.281  26.895 0.0000000000
50791  -18.948  -18.980  52.687 0.0000000000
48145  -18.891  -20.711  51.525 0.0000000000
49054  -18.791  -20.285  51.959 0.0000000000
47211  -18.405  -21.100  51.429 0.0000000000
47210  -17.889  -21.084  51.631 0.0000000000
45431  -19.698  -21.546  45.785 0.0000000000
45444  -18.442  -20.728  44.325 0.0000000000
56676  -10.465  -12.746  42.703 0.0000000000
55699  -10.031  -13.156  42.941 0.0000000000
54735  -8.900  -14.402  42.031 0.0000000000
54757  -9.317  -14.657  41.260 0.0000000000
53812  -9.025  -15.122  41.213 0.0000000000
48307  -9.372  -20.357  38.618 0.0000000000
48278  -8.760  -19.807  39.133 0.0000000000
49233  -8.483  -19.987  36.165 0.0000000000
49246  -8.613  -20.209  35.098 0.0000000000
53613  -10.164  -15.729  55.272 0.0000000000
53612  -9.286  -15.526  55.500 0.0000000000
47190  -9.286  -22.305  55.378 0.0000000000
48127  -8.630  -21.421  55.899 0.0000000000
46284  -8.294  -23.572  52.085 0.0000000000
52853  -40.419  -15.335  39.170 0.0000000000
53865  -40.494  -14.787  39.748 0.0000000000
53822  -39.522  -13.665  41.052 0.0000000000
53823  -40.016  -13.475  41.052 0.0000000000
54773  -40.640  -12.705  41.133 0.0000000000
53838  -40.712  -13.325  40.613 0.0000000000
54787  -40.840  -13.626  40.165 0.0000000000
54802  -40.747  -13.710  39.813 0.0000000000
55746  -41.242  -12.589  39.504 0.0000000000
55734  -41.351  -12.599  40.205 0.0000000000
56697  -42.017  -11.270  41.036 0.0000000000
53777  -34.869  -12.819  44.003 0.0000000000
51747  -33.324  -15.770  48.740 0.0000000000
51746  -32.691  -16.417  49.245 0.0000000000
52697  -34.701  -15.130  47.720 0.0000000000
52711  -33.957  -16.018  47.837 0.0000000000
51783  -32.897  -16.565  47.475 0.0000000000
51772  -33.211  -17.091  47.844 0.0000000000
51782  -32.020  -16.738  46.847 0.0000000000
52726  -32.173  -16.219  46.720 0.0000000000
52760  -30.373  -16.025  45.287 0.0000000000
76384  -52.876  8.017  24.280 0.0000000000
73319  -51.235  4.983  24.450 0.0000000000
74296  -50.550  5.387  24.382 0.0000000000
73337  -51.714  5.200  22.232 0.0000000000
74327  -51.644  6.054  22.460 0.0000000000
75372  -52.303  7.181  23.342 0.0000000000
76394  -52.562  7.622  23.101 0.0000000000
62872  -48.333  -6.540  29.829 0.0000000000
62873  -48.706  -6.241  30.125 0.0000000000
61843  -48.627  -5.848  31.978 0.0000000000
61857  -49.217  -6.212  31.740 0.0000000000
61830  -46.884  -6.294  32.938 0.0000000000
61841  -47.096  -6.511  32.414 0.0000000000
59703  -42.688  -6.661  30.612 0.0000000000
59722  -44.149  -7.088  29.666 0.0000000000
59740  -44.413  -6.955  28.819 0.0000000000
59741  -44.715  -6.719  29.012 0.0000000000
61869  -47.331  -6.943  29.766 0.0000000000
60805  -46.709  -6.714  29.460 0.0000000000
61881  -47.693  -6.734  29.544 0.0000000000
61880  -47.111  -6.488  29.072 0.0000000000
45480  -23.725  -22.926  43.634 0.0000000000
47295  -23.543  -22.648  43.032 0.0000000000
45492  -22.704  -22.434  42.144 0.0000000000
58643  -7.593  -10.265  38.426 0.0000000000
58655  -8.049  -10.753  37.902 0.0000000000
57708  -7.849  -11.341  37.689 0.0000000000
57694  -7.078  -12.080  37.698 0.0000000000
57695  -7.509  -11.995  37.951 0.0000000000
52764  -7.463  -16.553  43.441 0.0000000000
50892  -7.519  -18.264  42.593 0.0000000000
50908  -7.380  -19.023  41.850 0.0000000000
49142  -9.412  -20.222  43.840 0.0000000000
49159  -9.717  -20.320  42.712 0.0000000000
49183  -10.063  -20.805  40.856 0.0000000000
49173  -9.925  -20.444  41.739 0.0000000000
49182  -9.449  -20.603  41.189 0.0000000000
48239  -9.089  -20.541  41.057 0.0000000000
48255  -9.393  -20.829  40.409 0.0000000000
48281  -10.008  -21.095  39.549 0.0000000000
47412  -11.743  -22.402  38.050 0.0000000000
48330  -11.272  -21.511  37.597 0.0000000000
45497  -9.956  -24.352  41.101 0.0000000000
45509  -10.232  -24.873  40.074 0.0000000000
44553  -9.550  -24.986  40.842 0.0000000000
50773  -13.010  -18.286  56.605 0.0000000000
50770  -13.122  -19.200  56.955 0.0000000000
48118  -12.648  -20.897  57.024 0.0000000000
49026  -12.320  -20.338  57.255 0.0000000000
48117  -11.978  -21.092  57.181 0.0000000000
47182  -11.674  -21.750  57.024 0.0000000000
46270  -12.371  -22.976  54.990 0.0000000000
45349  -11.324  -23.610  54.812 0.0000000000
46269  -11.689  -23.362  55.479 0.0000000000
46262  -11.272  -23.141  56.208 0.0000000000
46261  -10.423  -23.122  56.107 0.0000000000
44387  -10.386  -25.333  54.099 0.0000000000
44386  -9.459  -25.181  54.019 0.0000000000
61806  -42.515  -6.734  35.008 0.0000000000
55787  -40.925  -12.864  36.685 0.0000000000
54843  -40.857  -13.700  36.776 0.0000000000
55800  -40.959  -13.156  35.990 0.0000000000
61783  -39.320  -7.485  36.768 0.0000000000
61802  -38.720  -7.470  35.975 0.0000000000
61786  -42.057  -6.533  36.170 0.0000000000
48165  -27.361  -21.282  49.301 0.0000000000
48176  -26.357  -21.740  47.425 0.0000000000
48183  -26.506  -21.717  47.164 0.0000000000
49978  -31.409  -18.834  49.798 0.0000000000
49965  -31.223  -18.274  50.230 0.0000000000
49977  -30.388  -19.292  50.110 0.0000000000
50010  -30.026  -18.660  46.557 0.0000000000
49115  -30.541  -18.967  46.714 0.0000000000
49114  -29.776  -18.889  46.697 0.0000000000
48189  -29.122  -19.556  46.569 0.0000000000
48184  -28.740  -19.713  47.337 0.0000000000
48168  -29.406  -20.019  48.877 0.0000000000
47246  -28.325  -20.170  47.678 0.0000000000
47245  -27.918  -20.689  47.956 0.0000000000
47255  -28.240  -20.370  47.056 0.0000000000
47263  -26.702  -21.374  44.992 0.0000000000
46373  -26.318  -22.035  45.065 0.0000000000
46363  -26.417  -22.080  45.769 0.0000000000
46382  -25.861  -22.668  44.416 0.0000000000
46393  -25.746  -22.290  43.474 0.0000000000
46421  -25.017  -21.274  42.207 0.0000000000
46420  -24.318  -21.547  42.221 0.0000000000
75433  -52.945  6.412  18.228 0.0000000000
75444  -52.389  7.105  17.628 0.0000000000
76489  -51.706  7.860  15.627 0.0000000000
57643  -8.594  -11.846  45.191 0.0000000000
56667  -8.246  -12.986  43.942 0.0000000000
56659  -7.947  -12.904  44.698 0.0000000000
58578  -7.431  -12.058  47.063 0.0000000000
57633  -7.783  -12.093  46.322 0.0000000000
55678  -7.306  -13.512  45.405 0.0000000000
56650  -7.512  -12.965  45.621 0.0000000000
55687  -7.407  -14.364  45.013 0.0000000000
54712  -7.668  -14.805  44.771 0.0000000000
54711  -7.169  -14.756  45.260 0.0000000000
52748  -7.238  -16.039  45.329 0.0000000000
51785  -7.225  -16.738  45.550 0.0000000000
50841  -7.472  -18.366  46.660 0.0000000000
51775  -7.212  -17.296  46.577 0.0000000000
50849  -7.577  -18.200  45.918 0.0000000000
50006  -8.570  -19.387  46.167 0.0000000000
49101  -9.301  -20.038  47.509 0.0000000000
49112  -9.379  -19.944  46.665 0.0000000000
48181  -10.429  -20.945  47.428 0.0000000000
68484  -52.307  0.115  27.074 0.0000000000
68485  -53.226  0.176  27.081 0.0000000000
68478  -52.882  -0.407  27.512 0.0000000000
61789  -44.488  -6.552  35.604 0.0000000000
64728  -46.493  -4.405  24.941 0.0000000000
65624  -47.647  -4.105  25.132 0.0000000000
66574  -49.118  -2.103  25.513 0.0000000000
66573  -48.277  -2.262  25.096 0.0000000000
67513  -48.690  -1.492  25.282 0.0000000000
68500  -48.403  -0.700  25.172 0.0000000000
67505  -51.191  -0.315  27.065 0.0000000000
68493  -51.838  0.258  26.793 0.0000000000
50776  -15.710  -18.852  55.587 0.0000000000
49940  -15.990  -19.669  55.581 0.0000000000
49033  -15.617  -20.455  55.594 0.0000000000
49034  -16.079  -20.110  55.246 0.0000000000
49948  -18.267  -19.662  53.567 0.0000000000
49947  -17.659  -19.771  54.205 0.0000000000
47199  -16.409  -21.133  53.197 0.0000000000
48136  -16.945  -21.097  53.536 0.0000000000
48134  -15.532  -21.352  54.512 0.0000000000
46279  -14.835  -21.576  53.188 0.0000000000
46292  -13.752  -22.108  50.384 0.0000000000
46302  -14.712  -21.696  49.762 0.0000000000
45463  -23.577  -23.194  44.045 0.0000000000
45434  -24.117  -22.360  45.360 0.0000000000
44501  -23.559  -22.916  44.453 0.0000000000
44487  -22.777  -22.589  45.281 0.0000000000
44473  -23.029  -22.273  45.891 0.0000000000
45402  -22.530  -22.839  47.082 0.0000000000
45446  -21.388  -22.274  44.745 0.0000000000
45432  -21.112  -21.916  45.933 0.0000000000
45415  -21.491  -22.560  46.837 0.0000000000
46335  -21.169  -22.164  47.002 0.0000000000
46321  -21.421  -21.627  47.077 0.0000000000
46319  -19.464  -21.578  48.263 0.0000000000
46320  -20.285  -21.529  47.742 0.0000000000
46308  -19.904  -21.133  48.665 0.0000000000
48154  -19.915  -20.388  49.286 0.0000000000
47222  -19.290  -20.761  49.418 0.0000000000
46306  -18.518  -21.058  49.597 0.0000000000
46359  -17.876  -21.133  46.667 0.0000000000
46347  -15.831  -21.159  47.369 0.0000000000
46316  -16.795  -21.277  49.174 0.0000000000
59565  -11.181  -9.784  41.592 0.0000000000
59564  -10.495  -9.408  41.237 0.0000000000
58624  -10.942  -9.987  40.902 0.0000000000
56685  -10.786  -12.611  41.709 0.0000000000
56686  -11.296  -11.863  41.850 0.0000000000
56702  -10.215  -12.473  39.382 0.0000000000
58637  -10.201  -10.736  39.584 0.0000000000
57687  -10.103  -11.349  39.187 0.0000000000
57686  -9.424  -11.659  38.635 0.0000000000
54824  -8.320  -13.812  38.242 0.0000000000
55753  -8.403  -13.500  38.181 0.0000000000
55752  -7.930  -13.486  37.773 0.0000000000
52780  -8.092  -16.409  42.655 0.0000000000
53784  -8.137  -15.534  42.602 0.0000000000
52805  -8.854  -16.867  40.556 0.0000000000
51850  -8.430  -17.174  39.878 0.0000000000
49197  -7.534  -19.173  38.787 0.0000000000
50067  -7.432  -18.688  39.401 0.0000000000
50077  -7.384  -18.991  39.076 0.0000000000
51881  -6.995  -17.191  38.408 0.0000000000
52819  -7.869  -16.800  38.960 0.0000000000
53889  -7.019  -15.445  36.883 0.0000000000
53629  -4.662  -15.260  52.756 0.0000000000
51685  -11.880  -18.125  57.088 0.0000000000
52588  -11.317  -17.330  56.838 0.0000000000
51684  -11.178  -17.844  57.360 0.0000000000
50765  -8.604  -18.646  57.375 0.0000000000
51682  -9.087  -17.753  57.301 0.0000000000
51688  -8.343  -17.264  56.842 0.0000000000
51687  -7.459  -17.834  56.654 0.0000000000
49037  -8.122  -20.872  56.186 0.0000000000
49936  -7.974  -20.064  56.924 0.0000000000
49028  -7.730  -20.351  56.412 0.0000000000
50784  -6.009  -18.542  55.172 0.0000000000
49934  -6.627  -19.034  56.460 0.0000000000
50779  -6.025  -18.337  55.808 0.0000000000
51695  -5.907  -17.383  55.197 0.0000000000
52597  -6.020  -16.851  55.092 0.0000000000
51708  -5.160  -17.014  53.602 0.0000000000
51714  -4.873  -17.612  52.524 0.0000000000
51737  -4.745  -16.787  50.604 0.0000000000
51726  -4.977  -17.817  51.332 0.0000000000
49957  -6.635  -18.946  50.937 0.0000000000
50807  -6.525  -18.039  50.556 0.0000000000
49966  -6.909  -18.374  50.418 0.0000000000
49967  -7.516  -18.524  50.235 0.0000000000
48146  -8.506  -21.137  52.227 0.0000000000
48152  -9.350  -20.863  50.452 0.0000000000
49064  -8.652  -19.708  50.322 0.0000000000
49982  -8.183  -18.772  49.588 0.0000000000
49088  -8.470  -19.643  48.375 0.0000000000
49078  -9.223  -20.153  49.143 0.0000000000
47249  -10.325  -21.843  47.270 0.0000000000
43329  -7.103  -26.704  51.549 0.0000000000
42333  -7.631  -27.043  52.056 0.0000000000
43313  -7.233  -26.212  52.080 0.0000000000
44407  -6.885  -25.574  51.827 0.0000000000
45372  -5.718  -25.050  50.243 0.0000000000
45369  -6.224  -24.610  51.124 0.0000000000
46289  -5.885  -24.174  50.723 0.0000000000
46324  -6.943  -24.393  48.634 0.0000000000
46325  -7.725  -24.010  48.328 0.0000000000
46341  -7.313  -24.475  47.802 0.0000000000
46342  -8.168  -24.131  47.217 0.0000000000
46354  -8.345  -24.035  46.075 0.0000000000
46364  -8.675  -24.066  45.146 0.0000000000
55685  -39.019  -12.414  44.590 0.0000000000
55676  -39.658  -12.064  45.231 0.0000000000
55665  -38.998  -11.880  45.352 0.0000000000
56637  -38.075  -11.444  45.602 0.0000000000
53758  -38.559  -12.532  43.926 0.0000000000
54709  -38.781  -12.469  44.277 0.0000000000
52747  -36.796  -14.204  45.529 0.0000000000
53696  -36.815  -13.614  46.666 0.0000000000
54684  -37.388  -12.695  46.521 0.0000000000
72301  -54.903  3.732  26.069 0.0000000000
71310  -53.897  3.301  26.544 0.0000000000
69450  -50.481  0.631  25.788 0.0000000000
70411  -50.993  1.045  25.696 0.0000000000
70402  -50.733  1.678  25.529 0.0000000000
71315  -51.112  2.355  25.457 0.0000000000
71316  -52.074  2.598  25.625 0.0000000000
60700  -41.532  -7.057  33.858 0.0000000000
60722  -42.986  -6.721  33.186 0.0000000000
49120  -10.378  -20.605  45.674 0.0000000000
45370  -11.843  -23.485  50.680 0.0000000000
57699  -41.742  -11.052  39.671 0.0000000000
57698  -41.393  -11.277  39.045 0.0000000000
58647  -41.445  -10.811  39.480 0.0000000000
59597  -40.607  -9.637  39.182 0.0000000000
53641  -30.513  -15.251  52.036 0.0000000000
50876  -28.953  -17.592  44.551 0.0000000000
74329  -52.357  6.893  21.635 0.0000000000
74334  -53.065  6.638  21.275 0.0000000000
74342  -53.545  6.566  20.812 0.0000000000
76432  -54.723  7.954  21.126 0.0000000000
53684  -4.832  -15.451  49.234 0.0000000000
51758  -4.783  -16.405  49.477 0.0000000000
51749  -5.400  -16.628  49.715 0.0000000000
65576  -50.185  -3.065  29.951 0.0000000000
62896  -46.643  -6.533  27.831 0.0000000000
61913  -45.925  -6.638  27.269 0.0000000000
63811  -47.934  -5.019  26.995 0.0000000000
63830  -48.091  -5.156  26.576 0.0000000000
49055  -19.489  -20.342  51.595 0.0000000000
48149  -19.054  -20.568  50.833 0.0000000000
47231  -25.986  -21.289  48.136 0.0000000000
57706  -6.830  -11.582  37.098 0.0000000000
57716  -6.467  -11.616  36.155 0.0000000000
56668  -8.787  -12.688  43.456 0.0000000000
55698  -9.330  -13.182  42.910 0.0000000000
55707  -8.657  -14.179  42.580 0.0000000000
48347  -9.665  -21.014  36.674 0.0000000000
53614  -11.167  -16.022  55.217 0.0000000000
53608  -10.754  -15.937  56.028 0.0000000000
46274  -9.386  -23.541  54.390 0.0000000000
54750  -39.962  -12.702  42.345 0.0000000000
54772  -40.154  -12.916  41.540 0.0000000000
54751  -40.264  -12.368  42.013 0.0000000000
55724  -41.047  -12.215  40.826 0.0000000000
55716  -41.268  -11.214  41.515 0.0000000000
53801  -36.655  -12.725  42.416 0.0000000000
52729  -34.906  -15.341  46.793 0.0000000000
52712  -34.240  -15.700  47.716 0.0000000000
52742  -31.848  -15.806  46.399 0.0000000000
53729  -31.946  -15.095  45.873 0.0000000000
73320  -51.914  4.864  24.492 0.0000000000
74298  -52.263  5.403  24.730 0.0000000000
61871  -48.440  -6.609  30.470 0.0000000000
61855  -48.090  -6.770  30.640 0.0000000000
60766  -47.952  -5.963  31.531 0.0000000000
60748  -47.819  -5.752  31.900 0.0000000000
59704  -43.600  -7.064  30.416 0.0000000000
59705  -44.106  -7.218  30.412 0.0000000000
59706  -44.663  -6.701  30.470 0.0000000000
60784  -45.190  -6.472  30.101 0.0000000000
60803  -45.346  -6.531  29.566 0.0000000000
60785  -45.790  -6.640  30.156 0.0000000000
60786  -46.624  -6.820  30.220 0.0000000000
46434  -23.095  -22.318  41.439 0.0000000000
59594  -7.803  -9.924  39.009 0.0000000000
58656  -8.493  -10.833  37.900 0.0000000000
51796  -7.281  -17.158  44.545 0.0000000000
49161  -11.176  -21.031  42.175 0.0000000000
49175  -11.256  -21.180  41.299 0.0000000000
49184  -10.793  -20.861  40.649 0.0000000000
49199  -10.888  -20.828  39.610 0.0000000000
49200  -11.505  -21.285  39.584 0.0000000000
47388  -11.877  -22.258  38.804 0.0000000000
46490  -11.465  -23.217  37.891 0.0000000000
46468  -11.291  -23.651  38.344 0.0000000000
49937  -13.465  -19.678  56.792 0.0000000000
49031  -13.866  -20.422  56.539 0.0000000000
48123  -13.260  -21.212  56.592 0.0000000000
47187  -12.550  -22.043  56.516 0.0000000000
45356  -11.516  -23.447  54.050 0.0000000000
45348  -10.780  -23.743  54.681 0.0000000000
61768  -43.093  -5.949  36.164 0.0000000000
57725  -41.092  -11.720  35.817 0.0000000000
61744  -40.350  -7.651  38.726 0.0000000000
61784  -40.143  -7.068  36.749 0.0000000000
61804  -40.553  -7.005  35.669 0.0000000000
47233  -27.532  -21.160  48.564 0.0000000000
51745  -32.405  -17.220  49.890 0.0000000000
51735  -32.274  -16.853  50.417 0.0000000000
50818  -32.316  -18.018  49.824 0.0000000000
49979  -31.976  -18.398  49.429 0.0000000000
49987  -31.267  -19.161  48.709 0.0000000000
49126  -28.615  -19.630  45.449 0.0000000000
49122  -29.186  -19.455  45.997 0.0000000000
48192  -28.517  -20.268  45.809 0.0000000000
47265  -28.004  -20.578  45.890 0.0000000000
47274  -27.039  -20.942  44.974 0.0000000000
46394  -26.035  -21.663  43.569 0.0000000000
47281  -26.042  -21.746  42.856 0.0000000000
47297  -25.640  -21.317  42.371 0.0000000000
72379  -52.560  3.556  18.848 0.0000000000
57632  -7.467  -12.417  46.670 0.0000000000
56641  -7.356  -13.021  46.196 0.0000000000
51767  -7.012  -17.403  47.710 0.0000000000
50005  -7.685  -19.171  47.005 0.0000000000
49118  -6.990  -19.689  46.982 0.0000000000
67492  -52.299  -0.865  28.107 0.0000000000
67485  -52.918  -0.966  28.609 0.0000000000
65625  -49.174  -3.451  25.683 0.0000000000
64730  -48.687  -3.597  25.348 0.0000000000
65640  -49.517  -2.387  25.641 0.0000000000
66565  -49.576  -1.986  25.641 0.0000000000
67503  -49.934  -1.148  25.861 0.0000000000
66567  -50.609  -1.540  26.716 0.0000000000
50781  -16.538  -18.856  54.706 0.0000000000
48140  -17.240  -20.324  52.295 0.0000000000
48139  -16.858  -20.596  52.814 0.0000000000
47204  -16.846  -20.340  52.181 0.0000000000
47203  -16.188  -20.921  52.471 0.0000000000
47207  -15.397  -21.069  52.006 0.0000000000
44530  -22.878  -23.068  43.757 0.0000000000
44500  -23.187  -22.989  44.394 0.0000000000
44515  -22.828  -23.113  44.147 0.0000000000
44486  -22.202  -22.579  45.698 0.0000000000
46329  -15.196  -21.413  48.203 0.0000000000
54779  -10.107  -13.747  40.422 0.0000000000
55741  -10.172  -13.242  39.544 0.0000000000
55740  -9.677  -13.430  39.116 0.0000000000
54810  -8.872  -14.205  38.324 0.0000000000
54809  -8.523  -14.261  38.133 0.0000000000
51834  -7.753  -17.672  41.281 0.0000000000
50086  -7.490  -19.223  37.854 0.0000000000
50957  -7.177  -18.577  38.357 0.0000000000
51892  -6.832  -16.896  37.835 0.0000000000
51905  -6.811  -17.042  37.036 0.0000000000
51919  -6.812  -16.897  36.278 0.0000000000
49931  -10.982  -19.589  57.666 0.0000000000
50767  -10.575  -18.688  57.748 0.0000000000
49035  -6.989  -20.013  55.119 0.0000000000
49942  -7.167  -19.973  56.002 0.0000000000
50783  -5.645  -18.149  54.314 0.0000000000
49953  -6.013  -19.269  51.874 0.0000000000
48160  -9.593  -20.965  49.834 0.0000000000
47227  -9.769  -21.982  49.773 0.0000000000
42347  -6.931  -26.979  50.897 0.0000000000
43328  -6.519  -26.300  51.211 0.0000000000
44421  -6.302  -25.444  51.254 0.0000000000
44432  -6.086  -25.974  51.048 0.0000000000
44435  -5.575  -25.518  50.029 0.0000000000
44442  -5.665  -25.399  49.507 0.0000000000
45394  -7.560  -24.706  47.055 0.0000000000
53820  -38.295  -13.603  40.814 0.0000000000
53804  -39.121  -12.986  41.980 0.0000000000
53759  -39.291  -12.627  43.587 0.0000000000
53783  -39.723  -12.747  42.627 0.0000000000
55705  -40.236  -12.449  43.129 0.0000000000
55695  -40.560  -11.957  43.381 0.0000000000
53754  -35.402  -13.365  44.858 0.0000000000
53733  -36.619  -13.817  45.168 0.0000000000
53802  -37.590  -12.726  42.052 0.0000000000
52698  -35.275  -14.791  47.002 0.0000000000
53695  -35.842  -14.096  46.799 0.0000000000
74282  -53.784  5.473  26.155 0.0000000000
74283  -53.896  5.584  26.332 0.0000000000
70409  -49.178  1.555  25.224 0.0000000000
71321  -48.221  2.138  24.884 0.0000000000
72318  -48.162  3.028  24.684 0.0000000000
73317  -49.462  4.304  24.433 0.0000000000
72312  -52.146  3.831  25.220 0.0000000000
73303  -52.611  4.510  25.518 0.0000000000
74281  -53.445  5.267  26.104 0.0000000000
60746  -46.808  -6.964  32.034 0.0000000000
61829  -46.151  -6.398  33.197 0.0000000000
60759  -40.380  -6.587  31.582 0.0000000000
59701  -40.734  -6.562  30.915 0.0000000000
59685  -42.442  -6.519  31.653 0.0000000000
60742  -43.835  -6.764  32.426 0.0000000000
59671  -45.171  -7.827  31.647 0.0000000000
50020  -8.631  -19.383  44.342 0.0000000000
50039  -8.951  -19.771  44.096 0.0000000000
49125  -11.000  -21.004  43.813 0.0000000000
49144  -11.143  -20.928  43.042 0.0000000000
46413  -11.125  -23.100  41.146 0.0000000000
45499  -11.173  -23.639  40.579 0.0000000000
46412  -10.764  -23.395  41.515 0.0000000000
45483  -10.363  -23.807  41.490 0.0000000000
45482  -9.747  -23.961  41.783 0.0000000000
46396  -9.895  -23.637  42.330 0.0000000000
46410  -9.519  -23.830  42.113 0.0000000000
44539  -9.168  -24.885  41.534 0.0000000000
47197  -14.405  -21.808  54.193 0.0000000000
47192  -13.840  -22.108  55.349 0.0000000000
46272  -14.039  -21.924  54.403 0.0000000000
45358  -12.846  -22.147  53.706 0.0000000000
45357  -12.290  -22.694  53.729 0.0000000000
54817  -40.794  -13.049  38.780 0.0000000000
53901  -40.625  -13.786  37.496 0.0000000000
54831  -40.584  -13.211  37.913 0.0000000000
55788  -40.724  -12.829  37.418 0.0000000000
57711  -40.952  -11.337  38.353 0.0000000000
57718  -40.710  -11.464  37.789 0.0000000000
57717  -41.022  -11.486  37.004 0.0000000000
58668  -40.751  -10.773  36.857 0.0000000000
58667  -40.405  -10.369  36.368 0.0000000000
59614  -39.857  -9.658  36.586 0.0000000000
59603  -39.850  -9.100  37.669 0.0000000000
60650  -39.903  -8.493  38.346 0.0000000000
60652  -40.671  -8.735  39.379 0.0000000000
60651  -40.399  -8.634  38.981 0.0000000000
50802  -28.799  -17.957  50.838 0.0000000000
50816  -29.294  -18.591  50.405 0.0000000000
50848  -31.279  -17.860  47.060 0.0000000000
50012  -31.099  -18.557  47.028 0.0000000000
50847  -30.836  -18.135  46.722 0.0000000000
50018  -29.526  -18.355  46.039 0.0000000000
50043  -28.668  -18.247  44.697 0.0000000000
50022  -28.565  -18.818  44.948 0.0000000000
49146  -27.311  -19.593  43.677 0.0000000000
49145  -27.045  -19.777  43.160 0.0000000000
72369  -53.231  3.220  19.512 0.0000000000
73362  -53.072  4.047  19.473 0.0000000000
73382  -52.141  4.934  18.273 0.0000000000
75425  -53.831  6.889  19.476 0.0000000000
50827  -7.242  -18.025  48.362 0.0000000000
66554  -50.986  -2.699  27.747 0.0000000000
66544  -51.505  -2.562  28.695 0.0000000000
61933  -45.558  -6.213  27.135 0.0000000000
61932  -44.975  -6.036  26.791 0.0000000000
64715  -46.717  -5.162  25.247 0.0000000000
64701  -48.334  -4.571  26.630 0.0000000000
64717  -48.826  -4.122  25.856 0.0000000000
64718  -49.360  -3.551  26.233 0.0000000000
65614  -50.527  -2.873  27.116 0.0000000000
51706  -18.091  -18.333  53.598 0.0000000000
50787  -18.403  -18.960  53.208 0.0000000000
49046  -17.731  -19.651  52.810 0.0000000000
49952  -18.683  -19.710  52.481 0.0000000000
49050  -18.115  -20.268  52.487 0.0000000000
48141  -17.767  -20.600  52.121 0.0000000000
48143  -17.826  -20.846  51.958 0.0000000000
47214  -17.599  -21.062  50.923 0.0000000000
46402  -21.115  -21.902  42.509 0.0000000000
47279  -21.002  -21.972  43.784 0.0000000000
46379  -20.903  -21.951  44.206 0.0000000000
46361  -19.548  -21.597  46.380 0.0000000000
45412  -19.652  -21.609  47.218 0.0000000000
46370  -19.137  -21.186  46.066 0.0000000000
46369  -18.190  -20.891  45.996 0.0000000000
57659  -11.145  -11.575  43.401 0.0000000000
54758  -9.890  -14.039  41.160 0.0000000000
53829  -9.341  -15.149  40.602 0.0000000000
52807  -9.266  -15.567  40.376 0.0000000000
48237  -8.404  -19.973  40.288 0.0000000000
49181  -7.921  -19.579  39.842 0.0000000000
48252  -8.345  -19.724  39.336 0.0000000000
49195  -8.197  -19.659  39.069 0.0000000000
49222  -8.539  -19.643  38.480 0.0000000000
48327  -9.089  -19.919  37.886 0.0000000000
49223  -8.313  -19.571  38.035 0.0000000000
50087  -8.066  -19.304  37.336 0.0000000000
50989  -8.230  -18.658  35.907 0.0000000000
54628  -9.234  -14.781  54.062 0.0000000000
54621  -8.752  -15.042  54.833 0.0000000000
53611  -8.395  -15.434  55.660 0.0000000000
53604  -7.704  -15.994  56.263 0.0000000000
48120  -9.379  -21.366  56.845 0.0000000000
49030  -9.040  -20.714  57.019 0.0000000000
48119  -8.821  -21.199  56.491 0.0000000000
48126  -8.202  -21.188  55.513 0.0000000000
48132  -8.240  -21.366  54.975 0.0000000000
49042  -7.623  -20.677  54.558 0.0000000000
52873  -40.603  -15.022  38.292 0.0000000000
52797  -38.849  -14.166  40.855 0.0000000000
52814  -40.196  -15.009  40.820 0.0000000000
53837  -40.346  -13.770  40.420 0.0000000000
53851  -40.402  -14.599  40.331 0.0000000000
53853  -40.586  -13.815  39.513 0.0000000000
53867  -40.508  -13.746  38.954 0.0000000000
56715  -41.523  -11.616  39.623 0.0000000000
55735  -41.516  -11.885  40.638 0.0000000000
56704  -41.836  -11.500  40.464 0.0000000000
57689  -41.979  -11.052  40.383 0.0000000000
52642  -32.393  -16.238  50.303 0.0000000000
50832  -33.062  -17.893  48.586 0.0000000000
50839  -32.980  -18.023  47.874 0.0000000000
51757  -34.062  -15.573  48.398 0.0000000000
51774  -34.022  -16.303  47.981 0.0000000000
51765  -33.744  -16.542  48.184 0.0000000000
51764  -33.396  -17.235  48.146 0.0000000000
50856  -31.252  -17.158  46.512 0.0000000000
51803  -30.299  -16.598  45.414 0.0000000000
52741  -30.966  -15.860  45.963 0.0000000000
73327  -51.349  5.561  23.577 0.0000000000
73326  -50.965  5.461  23.051 0.0000000000
73335  -50.925  4.952  22.505 0.0000000000
73345  -52.089  4.802  21.320 0.0000000000
73339  -51.960  6.232  21.247 0.0000000000
74315  -51.845  6.677  22.952 0.0000000000
74328  -51.655  6.638  21.946 0.0000000000
76395  -52.932  8.154  22.780 0.0000000000
63782  -48.098  -5.384  29.072 0.0000000000
63783  -48.773  -5.410  29.631 0.0000000000
61842  -47.580  -5.863  32.379 0.0000000000
60822  -45.737  -6.925  28.379 0.0000000000
61895  -46.683  -6.560  28.480 0.0000000000
63781  -47.702  -5.754  28.942 0.0000000000
45450  -24.973  -22.852  44.308 0.0000000000
45435  -24.803  -22.222  45.047 0.0000000000
45464  -24.134  -23.030  43.885 0.0000000000
45479  -23.396  -23.041  43.697 0.0000000000
46417  -22.984  -22.709  42.956 0.0000000000
46403  -23.069  -22.933  43.416 0.0000000000
44531  -23.122  -23.100  43.715 0.0000000000
45490  -21.795  -22.309  42.761 0.0000000000
56720  -7.163  -12.487  37.390 0.0000000000
55765  -7.392  -13.296  37.039 0.0000000000
54720  -8.053  -14.850  43.998 0.0000000000
54733  -8.060  -15.036  43.153 0.0000000000
52779  -7.564  -16.923  42.681 0.0000000000
51821  -7.464  -17.563  42.727 0.0000000000
51820  -7.492  -17.591  42.219 0.0000000000
50038  -8.693  -19.658  43.578 0.0000000000
50049  -8.392  -19.685  42.704 0.0000000000
50060  -8.154  -19.776  42.177 0.0000000000
49171  -8.169  -19.928  40.981 0.0000000000
48254  -8.918  -20.372  39.964 0.0000000000
48280  -9.393  -20.690  39.416 0.0000000000
48308  -9.801  -20.836  38.653 0.0000000000
49213  -10.785  -20.897  38.557 0.0000000000
49225  -10.920  -20.970  37.945 0.0000000000
48329  -10.345  -21.024  37.765 0.0000000000
49933  -12.778  -19.650  57.166 0.0000000000
49932  -11.956  -19.573  57.450 0.0000000000
48115  -10.064  -21.370  57.592 0.0000000000
46265  -13.557  -22.254  55.533 0.0000000000
46263  -12.232  -23.052  56.140 0.0000000000
47181  -10.829  -21.965  57.211 0.0000000000
48121  -10.122  -22.028  57.109 0.0000000000
47184  -9.946  -22.373  56.517 0.0000000000
47191  -9.718  -22.861  55.801 0.0000000000
46266  -9.619  -23.106  55.005 0.0000000000
45347  -10.311  -23.894  54.542 0.0000000000
46275  -9.911  -23.679  54.654 0.0000000000
53920  -41.279  -14.668  36.183 0.0000000000
62839  -38.545  -6.885  34.897 0.0000000000
61815  -39.840  -6.973  34.805 0.0000000000
61816  -41.037  -7.010  34.644 0.0000000000
61817  -41.950  -6.962  34.431 0.0000000000
48156  -26.572  -20.620  49.689 0.0000000000
48164  -26.491  -20.919  49.070 0.0000000000
47243  -26.014  -21.868  47.639 0.0000000000
47252  -26.281  -21.974  46.978 0.0000000000
46362  -25.966  -22.436  45.858 0.0000000000
52630  -30.881  -16.061  51.846 0.0000000000
51734  -31.569  -17.288  51.010 0.0000000000
51733  -30.663  -17.380  51.252 0.0000000000
49963  -29.986  -18.726  50.149 0.0000000000
49073  -29.952  -20.186  50.158 0.0000000000
50001  -31.080  -19.061  47.018 0.0000000000
49993  -31.173  -19.257  47.769 0.0000000000
49096  -30.381  -19.232  48.290 0.0000000000
48180  -29.921  -19.000  47.725 0.0000000000
49095  -29.873  -19.523  48.935 0.0000000000
49084  -29.889  -20.146  49.499 0.0000000000
49083  -29.475  -20.740  49.910 0.0000000000
48177  -28.429  -20.853  48.732 0.0000000000
47234  -28.068  -21.071  48.653 0.0000000000
47259  -27.578  -21.039  46.066 0.0000000000
47253  -26.801  -21.589  46.534 0.0000000000
46381  -25.456  -23.018  44.229 0.0000000000
46392  -25.068  -22.828  43.819 0.0000000000
74368  -51.248  5.549  17.568 0.0000000000
75457  -51.451  6.938  16.833 0.0000000000
75456  -50.655  6.884  16.477 0.0000000000
75470  -51.205  7.429  14.803 0.0000000000
56661  -9.132  -12.118  43.861 0.0000000000
57641  -7.601  -12.562  46.078 0.0000000000
56651  -7.705  -12.855  45.246 0.0000000000
50857  -7.698  -18.068  45.045 0.0000000000
50016  -8.622  -19.304  45.142 0.0000000000
50017  -9.162  -19.782  45.494 0.0000000000
49119  -9.725  -20.110  45.923 0.0000000000
47257  -10.289  -21.999  46.127 0.0000000000
69435  -52.557  0.647  26.631 0.0000000000
69436  -53.471  1.104  27.037 0.0000000000
68486  -53.857  0.385  27.384 0.0000000000
64655  -49.691  -4.353  30.468 0.0000000000
61809  -44.739  -6.359  34.927 0.0000000000
65636  -46.113  -4.034  24.552 0.0000000000
65638  -48.060  -3.311  24.850 0.0000000000
65655  -46.510  -2.785  24.489 0.0000000000
66586  -46.560  -2.227  24.442 0.0000000000
67511  -46.730  -1.631  24.509 0.0000000000
69439  -48.768  -0.323  25.388 0.0000000000
68490  -49.977  -0.265  25.999 0.0000000000
68502  -50.602  0.214  26.135 0.0000000000
68503  -51.066  0.198  26.353 0.0000000000
69442  -51.806  0.559  26.306 0.0000000000
50775  -14.765  -18.848  56.248 0.0000000000
48125  -15.133  -21.066  55.981 0.0000000000
48130  -15.279  -21.200  55.164 0.0000000000
50782  -17.170  -19.260  54.432 0.0000000000
49040  -16.643  -20.131  54.652 0.0000000000
49043  -16.727  -21.011  54.312 0.0000000000
49039  -16.214  -20.546  54.761 0.0000000000
48131  -15.797  -21.053  54.761 0.0000000000
47194  -15.128  -21.492  54.613 0.0000000000
45419  -24.535  -21.801  46.046 0.0000000000
45418  -23.686  -22.118  46.234 0.0000000000
45403  -23.516  -22.557  47.164 0.0000000000
46336  -22.580  -22.155  47.148 0.0000000000
44498  -22.039  -22.662  45.095 0.0000000000
44485  -21.834  -22.462  46.179 0.0000000000
45433  -21.570  -22.262  46.347 0.0000000000
44470  -21.776  -22.488  46.673 0.0000000000
44458  -22.075  -22.974  46.997 0.0000000000
46322  -22.096  -21.668  47.251 0.0000000000
47229  -21.605  -21.200  47.559 0.0000000000
48150  -19.512  -20.265  50.234 0.0000000000
47217  -18.893  -20.664  50.226 0.0000000000
47216  -18.459  -20.886  50.647 0.0000000000
46296  -17.851  -21.138  50.535 0.0000000000
46349  -18.960  -21.499  47.461 0.0000000000
46303  -15.832  -21.492  49.927 0.0000000000
46314  -14.536  -21.815  48.883 0.0000000000
59563  -9.686  -9.127  41.015 0.0000000000
58631  -9.777  -10.053  39.854 0.0000000000
57674  -11.322  -11.103  41.480 0.0000000000
56693  -10.766  -12.550  40.493 0.0000000000
57681  -11.096  -11.117  40.694 0.0000000000
58632  -10.649  -10.491  40.285 0.0000000000
57697  -8.664  -11.466  38.108 0.0000000000
56711  -7.451  -12.571  37.681 0.0000000000
56721  -7.559  -13.094  37.447 0.0000000000
53785  -8.347  -15.493  41.974 0.0000000000
52793  -8.567  -16.697  41.777 0.0000000000
53811  -8.687  -15.343  41.453 0.0000000000
52806  -9.046  -15.920  40.658 0.0000000000
52822  -9.277  -15.806  40.067 0.0000000000
50066  -7.476  -18.925  39.825 0.0000000000
50922  -7.480  -18.451  39.640 0.0000000000
51866  -8.069  -17.152  39.474 0.0000000000
52820  -8.498  -16.754  39.423 0.0000000000
52842  -8.553  -16.199  39.135 0.0000000000
53843  -9.006  -15.701  39.315 0.0000000000
53858  -8.572  -15.489  38.744 0.0000000000
53856  -7.311  -15.856  38.051 0.0000000000
53873  -7.703  -15.087  37.457 0.0000000000
54823  -7.751  -14.540  37.336 0.0000000000
54822  -7.457  -14.517  37.023 0.0000000000
54848  -7.123  -14.638  35.726 0.0000000000
53906  -7.345  -15.473  35.532 0.0000000000
52897  -6.863  -16.319  35.797 0.0000000000
52898  -7.537  -16.489  35.377 0.0000000000
53645  -4.372  -15.056  51.904 0.0000000000
52593  -10.407  -16.518  56.512 0.0000000000
51683  -10.161  -17.849  57.421 0.0000000000
52586  -9.825  -17.083  57.030 0.0000000000
52592  -9.459  -16.440  56.591 0.0000000000
52591  -8.602  -16.481  56.570 0.0000000000
52599  -7.024  -16.305  56.176 0.0000000000
49022  -8.712  -20.160  57.112 0.0000000000
49928  -8.112  -19.360  57.140 0.0000000000
49927  -7.631  -19.136  57.036 0.0000000000
50772  -7.191  -18.581  56.786 0.0000000000
52589  -6.870  -16.995  56.275 0.0000000000
52598  -6.555  -16.352  55.554 0.0000000000
52605  -6.072  -16.256  54.989 0.0000000000
52604  -5.561  -16.242  54.466 0.0000000000
52612  -5.166  -16.178  53.808 0.0000000000
52611  -4.914  -16.063  53.207 0.0000000000
52619  -4.610  -16.003  52.313 0.0000000000
52634  -4.529  -15.987  51.354 0.0000000000
51739  -6.506  -17.537  50.199 0.0000000000
49057  -7.174  -19.690  51.488 0.0000000000
49062  -7.638  -19.315  50.994 0.0000000000
49059  -8.577  -20.139  51.116 0.0000000000
49063  -8.148  -19.309  50.775 0.0000000000
49981  -7.937  -18.619  49.379 0.0000000000
49076  -7.800  -18.773  48.593 0.0000000000
49087  -7.695  -19.228  48.161 0.0000000000
49090  -9.999  -20.439  47.825 0.0000000000
48170  -10.212  -21.081  48.294 0.0000000000
44395  -8.743  -25.193  53.045 0.0000000000
44409  -8.320  -25.531  52.451 0.0000000000
44394  -8.154  -24.968  52.480 0.0000000000
46300  -7.369  -23.893  50.492 0.0000000000
45379  -5.799  -25.085  49.225 0.0000000000
46310  -5.970  -23.995  49.105 0.0000000000
46311  -7.391  -23.973  49.447 0.0000000000
47247  -8.751  -23.477  47.230 0.0000000000
46365  -9.358  -23.458  44.883 0.0000000000
46374  -9.002  -24.114  44.197 0.0000000000
45452  -8.684  -25.291  43.003 0.0000000000
44431  -5.796  -25.597  50.709 0.0000000000
44457  -21.875  -23.015  47.011 0.0000000000
44471  -21.902  -22.646  46.840 0.0000000000
44497  -21.641  -22.360  45.620 0.0000000000
44514  -22.447  -22.867  44.345 0.0000000000
44529  -22.605  -22.974  43.926 0.0000000000
45368  -5.889  -24.916  50.752 0.0000000000
45375  -5.677  -24.899  49.678 0.0000000000
45376  -5.782  -24.618  49.226 0.0000000000
45397  -19.617  -21.621  47.465 0.0000000000
45416  -21.642  -23.041  46.860 0.0000000000
45448  -23.582  -23.057  44.244 0.0000000000
45451  -25.554  -22.891  44.464 0.0000000000
45468  -9.923  -23.742  42.005 0.0000000000
45478  -22.885  -22.841  43.216 0.0000000000
45484  -10.838  -23.641  41.124 0.0000000000
45511  -11.440  -23.466  39.852 0.0000000000
46298  -5.645  -24.351  50.040 0.0000000000
46350  -19.481  -21.644  47.657 0.0000000000
46371  -18.868  -23.225  45.649 0.0000000000
46376  -10.215  -23.183  43.509 0.0000000000
46389  -20.530  -21.630  43.587 0.0000000000
46391  -24.510  -22.938  43.773 0.0000000000
46398  -10.943  -23.067  41.714 0.0000000000
46411  -9.711  -23.768  42.060 0.0000000000
46419  -23.685  -22.278  42.592 0.0000000000
47260  -28.193  -20.596  46.281 0.0000000000
47271  -21.014  -22.023  44.002 0.0000000000
47272  -21.242  -22.242  43.977 0.0000000000
47280  -21.151  -22.133  43.837 0.0000000000
47289  -10.947  -22.942  42.032 0.0000000000
47294  -20.967  -21.714  41.878 0.0000000000
47296  -23.883  -22.405  43.071 0.0000000000
47314  -11.488  -22.551  40.927 0.0000000000
47317  -23.414  -22.526  42.743 0.0000000000
47340  -12.078  -22.067  39.892 0.0000000000
47365  -12.084  -21.945  39.595 0.0000000000
48122  -12.521  -21.370  56.845 0.0000000000
48137  -17.114  -20.589  53.131 0.0000000000
48167  -29.126  -20.816  49.224 0.0000000000
48175  -26.188  -21.895  47.462 0.0000000000
48182  -26.273  -21.899  47.302 0.0000000000
48185  -29.589  -19.057  47.266 0.0000000000
48186  -29.964  -18.963  47.408 0.0000000000
48197  -27.412  -20.484  44.918 0.0000000000
48209  -27.661  -19.921  44.908 0.0000000000
48253  -8.776  -19.943  39.837 0.0000000000
48256  -9.934  -21.032  40.285 0.0000000000
48257  -11.866  -21.678  40.020 0.0000000000
48258  -12.040  -21.831  39.821 0.0000000000
48277  -8.482  -19.709  39.090 0.0000000000
48282  -10.486  -20.971  39.111 0.0000000000
48283  -11.897  -21.703  39.258 0.0000000000
48284  -11.951  -21.738  39.644 0.0000000000
48304  -8.373  -19.656  38.940 0.0000000000
48305  -8.669  -19.692  38.761 0.0000000000
48306  -9.058  -19.901  38.668 0.0000000000
48310  -11.771  -21.726  38.425 0.0000000000
48325  -8.763  -19.653  38.517 0.0000000000
49049  -17.572  -20.348  52.403 0.0000000000
49075  -7.586  -18.723  48.422 0.0000000000
49086  -7.420  -18.962  48.163 0.0000000000
49098  -6.545  -19.673  47.750 0.0000000000
49106  -29.932  -18.927  47.060 0.0000000000
49108  -5.999  -20.179  47.179 0.0000000000
49110  -7.395  -19.651  47.260 0.0000000000
49116  -6.164  -20.244  46.755 0.0000000000
49117  -6.605  -20.082  46.748 0.0000000000
49121  -28.803  -19.914  45.756 0.0000000000
49180  -8.060  -19.624  39.324 0.0000000000
49196  -7.826  -19.445  39.102 0.0000000000
49210  -7.949  -19.938  38.778 0.0000000000
49211  -8.233  -19.628  38.742 0.0000000000
49212  -7.774  -19.440  38.509 0.0000000000
49226  -11.138  -21.034  38.163 0.0000000000
49944  -16.881  -19.698  54.532 0.0000000000
49949  -18.391  -19.666  52.918 0.0000000000
49964  -30.673  -18.479  50.210 0.0000000000
49969  -8.333  -18.987  49.789 0.0000000000
49976  -29.558  -19.436  50.246 0.0000000000
49988  -31.840  -18.596  48.947 0.0000000000
49995  -6.025  -19.675  47.295 0.0000000000
50002  -31.363  -18.588  47.499 0.0000000000
50004  -6.958  -19.087  46.929 0.0000000000
50013  -6.204  -20.118  46.457 0.0000000000
50014  -6.525  -19.785  46.715 0.0000000000
50015  -6.973  -19.334  46.836 0.0000000000
50019  -30.230  -18.423  46.567 0.0000000000
50764  -7.750  -18.652  56.979 0.0000000000
50806  -32.270  -17.546  50.206 0.0000000000
50817  -31.872  -18.314  50.037 0.0000000000
50819  -32.503  -17.268  49.542 0.0000000000
50940  -7.356  -18.413  39.104 0.0000000000
51680  -7.797  -18.186  56.889 0.0000000000
51686  -6.757  -17.686  56.337 0.0000000000
51707  -4.939  -16.606  53.205 0.0000000000
51736  -32.473  -16.331  49.983 0.0000000000
51756  -33.570  -15.906  48.418 0.0000000000
51759  -4.960  -16.613  49.469 0.0000000000
51766  -33.943  -16.121  48.038 0.0000000000
51784  -33.474  -16.520  47.741 0.0000000000
51794  -31.477  -16.604  46.460 0.0000000000
51806  -7.409  -17.115  42.865 0.0000000000
52659  -33.329  -15.458  48.931 0.0000000000
52661  -4.670  -16.171  50.134 0.0000000000
52678  -34.128  -15.315  48.666 0.0000000000
52680  -4.695  -16.079  49.615 0.0000000000
52761  -32.455  -14.993  45.949 0.0000000000
53605  -8.114  -15.911  56.273 0.0000000000
53694  -35.026  -14.670  47.353 0.0000000000
53866  -40.444  -14.379  39.182 0.0000000000
54623  -10.049  -15.506  54.678 0.0000000000
54717  -38.452  -12.448  44.195 0.0000000000
54732  -40.161  -12.476  42.722 0.0000000000
54825  -8.546  -14.046  38.216 0.0000000000
55656  -37.255  -12.290  46.723 0.0000000000
55666  -39.478  -11.844  45.380 0.0000000000
55675  -39.053  -12.185  45.098 0.0000000000
55684  -38.555  -12.382  44.571 0.0000000000
55725  -41.382  -11.505  41.176 0.0000000000
55730  -10.065  -13.647  39.821 0.0000000000
55761  -41.235  -12.099  39.551 0.0000000000
55767  -8.304  -13.588  38.252 0.0000000000
55768  -8.539  -13.825  38.192 0.0000000000
56696  -42.308  -11.253  40.939 0.0000000000
56703  -42.157  -11.331  40.855 0.0000000000
56729  -40.941  -12.287  37.044 0.0000000000
57685  -42.121  -10.896  41.052 0.0000000000
57688  -42.112  -11.260  40.625 0.0000000000
57696  -8.111  -11.901  38.074 0.0000000000
58562  -7.279  -11.724  47.385 0.0000000000
58633  -11.138  -10.615  40.915 0.0000000000
59595  -40.061  -8.882  38.169 0.0000000000
59683  -40.830  -6.723  31.374 0.0000000000
60762  -43.335  -6.653  32.198 0.0000000000
60783  -43.940  -7.269  29.926 0.0000000000
61732  -40.921  -7.666  39.209 0.0000000000
61742  -39.488  -7.959  37.809 0.0000000000
61743  -39.628  -7.829  38.157 0.0000000000
61894  -46.402  -6.840  27.964 0.0000000000
62830  -38.164  -7.115  35.339 0.0000000000
62882  -47.384  -6.002  28.799 0.0000000000
62883  -47.999  -6.272  29.406 0.0000000000
63793  -46.970  -4.894  28.275 0.0000000000
63795  -47.867  -5.016  28.649 0.0000000000
63827  -45.696  -5.642  26.496 0.0000000000
63829  -47.618  -5.545  26.475 0.0000000000
64666  -47.236  -4.767  28.441 0.0000000000
64667  -47.784  -4.754  28.625 0.0000000000
64668  -48.111  -4.384  28.724 0.0000000000
64681  -46.857  -4.454  28.262 0.0000000000
64682  -47.026  -4.340  27.673 0.0000000000
64700  -48.136  -5.182  26.251 0.0000000000
65580  -47.624  -4.449  28.635 0.0000000000
65582  -47.867  -3.759  28.081 0.0000000000
65596  -47.161  -4.183  28.548 0.0000000000
65597  -47.103  -3.684  28.153 0.0000000000
65598  -47.464  -3.704  27.731 0.0000000000
66525  -50.057  -3.116  30.284 0.0000000000
66534  -49.826  -3.107  30.199 0.0000000000
66535  -50.010  -2.923  30.152 0.0000000000
66536  -51.564  -2.811  29.647 0.0000000000
66556  -52.084  -1.561  28.200 0.0000000000
66575  -49.565  -2.165  25.674 0.0000000000
67506  -51.685  0.031  27.077 0.0000000000
68492  -51.381  0.119  26.654 0.0000000000
68501  -50.172  0.283  25.894 0.0000000000
69441  -51.360  0.353  26.360 0.0000000000
69451  -51.175  0.576  26.057 0.0000000000
70394  -52.266  1.543  25.945 0.0000000000
70401  -49.900  1.818  25.501 0.0000000000
70404  -52.235  1.259  26.022 0.0000000000
70412  -51.416  0.925  25.842 0.0000000000
71313  -49.566  2.278  25.355 0.0000000000
72300  -54.327  3.351  25.981 0.0000000000
73278  -52.685  4.807  26.002 0.0000000000
73279  -52.987  4.631  26.248 0.0000000000
73290  -52.788  4.656  25.964 0.0000000000
73291  -53.046  4.527  26.046 0.0000000000
73351  -52.456  4.556  20.740 0.0000000000
74263  -52.844  4.833  26.225 0.0000000000
74264  -53.048  4.837  26.091 0.0000000000
74271  -52.735  4.979  26.131 0.0000000000
74272  -53.067  4.960  26.347 0.0000000000
74316  -51.976  7.167  22.426 0.0000000000
75333  -52.676  5.337  26.139 0.0000000000
75351  -50.122  5.628  24.074 0.0000000000
75427  -54.357  7.633  20.785 0.0000000000
