#!ascii label  , from subject 3201 vox2ras=TkReg
1898
56923  -44.013  -12.939  26.079 0.0000000000
69513  -55.251  0.284  19.270 0.0000000000
63021  -48.765  -5.894  20.597 0.0000000000
43397  -17.977  -27.851  48.749 0.0000000000
52975  -42.768  -16.538  30.921 0.0000000000
43554  -35.753  -27.190  40.612 0.0000000000
44704  -39.856  -25.925  31.414 0.0000000000
50030  -39.609  -19.552  44.389 0.0000000000
51860  -43.422  -17.918  40.082 0.0000000000
41556  -26.063  -28.477  42.350 0.0000000000
42460  -32.062  -27.502  45.859 0.0000000000
43531  -28.414  -26.992  41.522 0.0000000000
47464  -32.476  -22.431  34.897 0.0000000000
46460  -36.348  -21.879  39.282 0.0000000000
56778  -46.614  -12.883  32.959 0.0000000000
58758  -49.990  -10.961  28.665 0.0000000000
67556  -49.705  -1.173  21.432 0.0000000000
60911  -46.100  -9.653  23.246 0.0000000000
71424  -52.573  1.989  13.827 0.0000000000
42353  -15.852  -29.127  50.993 0.0000000000
55801  -45.113  -13.690  35.662 0.0000000000
57815  -41.880  -12.171  29.571 0.0000000000
42636  -30.031  -27.739  36.358 0.0000000000
44613  -38.331  -26.134  35.592 0.0000000000
63812  -50.315  -6.150  27.159 0.0000000000
76565  -56.287  7.464  8.781 0.0000000000
50930  -37.258  -19.158  40.735 0.0000000000
50949  -39.573  -18.690  39.177 0.0000000000
44532  -26.144  -25.981  42.171 0.0000000000
49148  -33.489  -20.129  42.385 0.0000000000
50898  -35.400  -18.440  42.543 0.0000000000
47284  -37.678  -21.004  42.412 0.0000000000
55904  -45.404  -14.279  28.875 0.0000000000
56799  -48.836  -13.039  31.550 0.0000000000
56878  -47.014  -12.974  27.077 0.0000000000
68551  -52.780  -0.281  20.777 0.0000000000
68516  -51.934  0.066  23.436 0.0000000000
71405  -55.442  3.225  18.275 0.0000000000
43431  -16.274  -27.959  46.293 0.0000000000
43372  -16.898  -27.550  49.399 0.0000000000
51930  -43.613  -17.435  35.066 0.0000000000
53886  -45.465  -16.469  37.836 0.0000000000
53940  -44.675  -15.439  33.627 0.0000000000
56762  -43.727  -12.599  33.189 0.0000000000
55848  -41.608  -13.366  30.889 0.0000000000
43496  -34.412  -27.923  43.118 0.0000000000
43458  -35.166  -27.469  45.257 0.0000000000
43500  -37.614  -26.759  43.413 0.0000000000
43557  -38.713  -26.529  40.475 0.0000000000
45534  -28.276  -24.429  38.029 0.0000000000
46458  -29.267  -23.918  39.689 0.0000000000
47503  -34.701  -22.995  31.538 0.0000000000
44698  -34.313  -25.892  32.305 0.0000000000
44681  -38.371  -26.404  33.053 0.0000000000
39807  -40.653  -30.252  36.701 0.0000000000
42435  -22.989  -28.030  46.190 0.0000000000
42397  -26.233  -28.217  48.571 0.0000000000
43362  -26.370  -27.552  50.672 0.0000000000
62006  -47.554  -7.756  21.328 0.0000000000
61952  -48.560  -8.252  25.192 0.0000000000
62983  -50.204  -6.374  23.503 0.0000000000
79418  -57.872  9.752  7.757 0.0000000000
43335  -19.204  -26.671  51.539 0.0000000000
47309  -42.167  -21.429  41.931 0.0000000000
50035  -44.103  -19.130  43.332 0.0000000000
50904  -41.408  -18.129  42.088 0.0000000000
51000  -41.796  -18.177  36.686 0.0000000000
42456  -27.312  -28.270  45.071 0.0000000000
45422  -30.262  -26.867  46.939 0.0000000000
44503  -28.545  -27.280  44.568 0.0000000000
42502  -30.495  -28.034  43.695 0.0000000000
41578  -31.656  -28.828  41.349 0.0000000000
45507  -31.714  -24.196  40.215 0.0000000000
47324  -32.165  -21.777  40.750 0.0000000000
47422  -34.295  -21.814  37.481 0.0000000000
46571  -36.887  -22.720  34.248 0.0000000000
46540  -38.473  -22.428  35.936 0.0000000000
47401  -39.829  -21.786  39.317 0.0000000000
42498  -23.426  -28.741  42.859 0.0000000000
58670  -47.422  -11.470  36.924 0.0000000000
58664  -50.317  -10.576  37.482 0.0000000000
58692  -49.360  -10.576  34.581 0.0000000000
59672  -50.867  -10.008  32.802 0.0000000000
65692  -49.366  -3.295  21.270 0.0000000000
63875  -51.515  -5.051  22.285 0.0000000000
66611  -51.798  -2.655  22.274 0.0000000000
38542  -12.087  -32.134  54.098 0.0000000000
57905  -45.332  -11.298  24.594 0.0000000000
62004  -44.877  -8.218  20.958 0.0000000000
65689  -46.913  -3.309  20.454 0.0000000000
67567  -48.089  -1.751  20.282 0.0000000000
66633  -50.090  -2.488  19.052 0.0000000000
67617  -53.212  -1.253  17.765 0.0000000000
70513  -54.464  1.355  16.533 0.0000000000
69556  -52.466  -0.155  15.406 0.0000000000
43320  -17.135  -26.779  52.637 0.0000000000
42317  -14.312  -28.092  53.733 0.0000000000
40527  -13.051  -29.099  54.507 0.0000000000
54791  -48.130  -14.918  40.029 0.0000000000
52787  -45.307  -16.915  41.712 0.0000000000
54790  -46.075  -14.521  39.936 0.0000000000
57700  -46.990  -12.343  37.936 0.0000000000
57726  -45.236  -12.298  34.931 0.0000000000
57803  -44.634  -12.473  31.126 0.0000000000
55924  -43.023  -14.185  28.228 0.0000000000
44452  -33.449  -27.127  47.228 0.0000000000
41595  -29.487  -28.931  39.788 0.0000000000
42597  -33.231  -27.699  38.205 0.0000000000
44646  -30.902  -25.631  34.004 0.0000000000
43672  -33.791  -26.818  35.631 0.0000000000
43599  -36.969  -27.006  38.494 0.0000000000
43627  -41.461  -26.632  37.848 0.0000000000
43433  -17.866  -28.367  46.518 0.0000000000
42432  -19.697  -28.302  46.584 0.0000000000
42391  -20.217  -27.658  48.183 0.0000000000
58791  -48.218  -10.173  26.430 0.0000000000
60823  -49.961  -8.666  28.003 0.0000000000
62874  -51.796  -7.004  30.019 0.0000000000
64704  -52.025  -4.292  26.230 0.0000000000
72405  -54.335  3.559  15.818 0.0000000000
74392  -54.899  5.967  14.569 0.0000000000
76507  -56.096  8.022  13.600 0.0000000000
76548  -55.804  6.107  10.219 0.0000000000
78447  -57.772  9.014  11.698 0.0000000000
50963  -36.553  -19.280  38.576 0.0000000000
50964  -37.774  -19.328  38.422 0.0000000000
50995  -36.942  -19.504  36.605 0.0000000000
51874  -34.743  -18.247  39.639 0.0000000000
50945  -35.515  -18.710  40.125 0.0000000000
50914  -36.487  -18.661  41.560 0.0000000000
55926  -44.796  -13.835  27.986 0.0000000000
55905  -46.701  -14.359  28.403 0.0000000000
56902  -45.763  -13.002  26.460 0.0000000000
68565  -53.853  -0.536  19.683 0.0000000000
69501  -53.413  0.515  21.258 0.0000000000
69503  -55.394  0.838  20.477 0.0000000000
70475  -55.913  1.596  19.990 0.0000000000
71395  -55.344  1.955  18.722 0.0000000000
43415  -17.029  -27.908  47.748 0.0000000000
43395  -16.765  -27.878  48.431 0.0000000000
43373  -17.454  -27.070  49.437 0.0000000000
52952  -43.094  -17.117  32.729 0.0000000000
52934  -44.140  -16.480  33.645 0.0000000000
53967  -43.781  -15.502  32.181 0.0000000000
54902  -43.003  -14.272  32.101 0.0000000000
53975  -42.164  -14.931  30.627 0.0000000000
43404  -28.587  -27.314  48.764 0.0000000000
43533  -34.712  -27.418  41.909 0.0000000000
43498  -35.406  -27.287  43.355 0.0000000000
43535  -36.242  -27.061  41.620 0.0000000000
43537  -38.221  -27.078  41.372 0.0000000000
43555  -36.740  -26.853  40.561 0.0000000000
45657  -37.598  -24.170  30.729 0.0000000000
44715  -37.381  -24.960  31.909 0.0000000000
44703  -39.115  -25.932  32.025 0.0000000000
40743  -40.180  -29.796  33.403 0.0000000000
41510  -26.855  -28.754  46.343 0.0000000000
42416  -26.873  -28.497  47.735 0.0000000000
42379  -27.456  -27.597  49.427 0.0000000000
54820  -49.396  -14.164  38.513 0.0000000000
63001  -48.064  -7.170  20.918 0.0000000000
62989  -49.119  -7.395  22.305 0.0000000000
62990  -49.762  -6.631  22.305 0.0000000000
48203  -40.929  -20.618  43.758 0.0000000000
50032  -41.694  -19.405  43.881 0.0000000000
50868  -41.042  -18.670  43.957 0.0000000000
50967  -40.829  -18.461  38.245 0.0000000000
51016  -40.355  -18.340  35.502 0.0000000000
51945  -41.859  -17.923  35.062 0.0000000000
41545  -26.165  -28.531  43.364 0.0000000000
43470  -28.095  -27.336  44.388 0.0000000000
43491  -26.868  -27.398  42.958 0.0000000000
44546  -27.228  -26.227  41.526 0.0000000000
43494  -28.538  -26.737  43.094 0.0000000000
43514  -29.018  -27.222  42.701 0.0000000000
41546  -31.153  -28.538  42.987 0.0000000000
41558  -29.991  -28.631  41.853 0.0000000000
50079  -31.299  -19.926  39.487 0.0000000000
48227  -34.894  -21.032  41.659 0.0000000000
48268  -34.375  -21.244  40.044 0.0000000000
46479  -35.199  -22.781  38.048 0.0000000000
46537  -35.764  -22.858  35.343 0.0000000000
46521  -36.723  -22.636  36.546 0.0000000000
47466  -37.906  -22.149  34.247 0.0000000000
46481  -37.311  -22.097  38.268 0.0000000000
48201  -38.994  -21.047  44.186 0.0000000000
47355  -39.209  -21.883  40.523 0.0000000000
47307  -40.123  -21.183  42.137 0.0000000000
47357  -41.005  -21.226  40.403 0.0000000000
41543  -24.335  -28.846  42.547 0.0000000000
57738  -46.991  -12.213  34.471 0.0000000000
58681  -49.365  -11.037  36.171 0.0000000000
58702  -48.294  -11.533  34.108 0.0000000000
57818  -49.553  -12.119  29.788 0.0000000000
57791  -49.682  -11.744  31.850 0.0000000000
58736  -50.833  -10.770  30.795 0.0000000000
59691  -51.928  -10.167  31.565 0.0000000000
58746  -51.127  -10.699  29.655 0.0000000000
66608  -49.631  -2.087  21.555 0.0000000000
65678  -50.359  -3.194  21.516 0.0000000000
66594  -50.480  -1.811  22.317 0.0000000000
68519  -54.911  -0.235  23.275 0.0000000000
66621  -47.086  -2.476  20.408 0.0000000000
67583  -46.832  -1.874  19.501 0.0000000000
66650  -48.808  -2.860  18.220 0.0000000000
66662  -50.339  -2.823  17.368 0.0000000000
66635  -51.678  -2.252  18.690 0.0000000000
67615  -51.883  -2.014  17.312 0.0000000000
68595  -52.747  -0.622  16.320 0.0000000000
42373  -15.215  -29.172  48.872 0.0000000000
40555  -14.663  -29.696  51.207 0.0000000000
44415  -19.286  -26.125  53.120 0.0000000000
43321  -17.706  -26.459  52.509 0.0000000000
44402  -17.859  -26.002  53.677 0.0000000000
42319  -15.692  -27.329  54.267 0.0000000000
41425  -14.961  -28.767  54.923 0.0000000000
41430  -13.430  -28.708  54.095 0.0000000000
40520  -14.215  -29.572  55.051 0.0000000000
39566  -13.552  -30.367  55.153 0.0000000000
51831  -43.850  -17.724  41.806 0.0000000000
51817  -44.818  -17.872  42.969 0.0000000000
52800  -44.571  -17.164  41.222 0.0000000000
54832  -45.611  -14.632  37.151 0.0000000000
54804  -45.706  -15.095  39.020 0.0000000000
54819  -46.044  -14.500  38.303 0.0000000000
55748  -46.719  -13.910  39.162 0.0000000000
56732  -45.830  -12.966  36.595 0.0000000000
57720  -46.062  -12.324  36.118 0.0000000000
56738  -45.101  -12.878  35.230 0.0000000000
57785  -42.602  -11.943  30.984 0.0000000000
57767  -43.751  -12.031  32.101 0.0000000000
57801  -43.209  -11.885  30.383 0.0000000000
56852  -43.723  -13.373  29.601 0.0000000000
56849  -41.812  -13.446  28.215 0.0000000000
42441  -30.987  -27.242  46.903 0.0000000000
43422  -32.338  -27.201  47.504 0.0000000000
43440  -33.326  -26.938  46.424 0.0000000000
43573  -28.892  -26.625  38.348 0.0000000000
42573  -28.420  -27.159  39.035 0.0000000000
40711  -29.564  -29.204  37.965 0.0000000000
42595  -31.831  -28.635  38.656 0.0000000000
41644  -31.631  -28.222  37.283 0.0000000000
46499  -31.274  -23.111  37.852 0.0000000000
45551  -30.929  -24.130  37.525 0.0000000000
46533  -31.069  -23.598  34.253 0.0000000000
43715  -35.737  -26.562  33.749 0.0000000000
43713  -33.595  -26.599  33.951 0.0000000000
43675  -36.483  -27.174  35.378 0.0000000000
43646  -35.077  -27.096  36.650 0.0000000000
43648  -37.271  -26.825  36.205 0.0000000000
42598  -39.567  -27.301  37.874 0.0000000000
43650  -39.382  -26.875  36.495 0.0000000000
48415  -40.412  -21.764  32.089 0.0000000000
42434  -21.820  -28.084  46.290 0.0000000000
42411  -21.467  -27.862  47.277 0.0000000000
42410  -20.486  -27.898  47.349 0.0000000000
43343  -26.540  -27.773  51.305 0.0000000000
59820  -45.305  -10.039  24.035 0.0000000000
58811  -46.736  -10.870  25.167 0.0000000000
59823  -47.406  -9.962  24.664 0.0000000000
62955  -49.118  -6.851  26.040 0.0000000000
60867  -49.102  -8.213  26.566 0.0000000000
61915  -50.005  -7.348  27.886 0.0000000000
60825  -51.127  -7.694  28.511 0.0000000000
63784  -51.624  -6.406  28.981 0.0000000000
64745  -52.727  -4.429  23.207 0.0000000000
64731  -51.949  -4.957  24.319 0.0000000000
64721  -53.110  -4.101  25.202 0.0000000000
70518  -53.587  1.244  15.292 0.0000000000
71416  -54.456  2.514  15.722 0.0000000000
71415  -53.887  2.351  15.034 0.0000000000
74390  -53.634  5.197  14.357 0.0000000000
74399  -54.039  5.631  13.731 0.0000000000
75494  -54.948  6.536  13.723 0.0000000000
75503  -55.034  6.279  12.788 0.0000000000
75561  -55.246  6.067  8.408 0.0000000000
75544  -55.087  5.452  9.168 0.0000000000
76549  -56.034  7.167  9.880 0.0000000000
77517  -56.238  7.867  11.542 0.0000000000
77532  -56.742  8.287  10.559 0.0000000000
78477  -57.567  9.162  9.202 0.0000000000
79420  -59.017  9.753  8.106 0.0000000000
50883  -39.074  -18.748  43.462 0.0000000000
50917  -39.365  -18.822  41.254 0.0000000000
50948  -38.587  -19.032  39.360 0.0000000000
50965  -38.921  -19.145  38.309 0.0000000000
42536  -26.101  -27.371  41.767 0.0000000000
52828  -33.438  -17.729  39.375 0.0000000000
50877  -34.288  -19.461  42.926 0.0000000000
49151  -35.682  -20.410  42.996 0.0000000000
47328  -37.206  -22.130  40.816 0.0000000000
50027  -36.545  -19.758  43.957 0.0000000000
50028  -37.532  -19.711  44.233 0.0000000000
55850  -46.259  -13.621  31.378 0.0000000000
56780  -48.298  -13.175  32.340 0.0000000000
55868  -46.905  -14.025  30.510 0.0000000000
56835  -48.099  -13.642  28.967 0.0000000000
57833  -49.127  -12.419  28.392 0.0000000000
68549  -50.389  -0.596  21.116 0.0000000000
68528  -50.561  -0.049  22.770 0.0000000000
69490  -51.348  0.716  22.140 0.0000000000
70430  -53.387  1.309  22.824 0.0000000000
72389  -55.585  4.098  17.905 0.0000000000
42389  -15.597  -28.784  47.989 0.0000000000
42364  -16.321  -28.652  50.108 0.0000000000
51901  -43.513  -17.731  37.189 0.0000000000
52856  -45.188  -16.885  38.361 0.0000000000
52893  -44.380  -17.066  35.627 0.0000000000
53921  -45.111  -15.439  35.677 0.0000000000
54876  -45.073  -14.444  34.571 0.0000000000
55815  -44.892  -13.449  33.714 0.0000000000
55832  -43.928  -13.500  33.333 0.0000000000
56777  -42.728  -12.595  32.258 0.0000000000
57799  -41.149  -11.851  30.083 0.0000000000
42481  -33.480  -27.836  44.514 0.0000000000
43457  -34.371  -27.302  45.515 0.0000000000
43475  -34.640  -27.630  44.640 0.0000000000
43477  -36.480  -27.249  44.174 0.0000000000
43521  -39.541  -27.257  41.959 0.0000000000
44575  -29.676  -25.457  38.604 0.0000000000
43595  -29.918  -26.303  37.580 0.0000000000
46567  -33.438  -23.180  32.911 0.0000000000
46566  -32.490  -23.879  32.735 0.0000000000
45636  -34.132  -24.620  31.600 0.0000000000
44700  -36.217  -25.617  32.386 0.0000000000
44651  -38.205  -27.003  34.127 0.0000000000
42658  -39.782  -27.621  35.203 0.0000000000
40731  -39.667  -29.348  35.004 0.0000000000
42473  -22.341  -28.607  44.137 0.0000000000
42454  -23.449  -28.436  45.088 0.0000000000
42395  -24.260  -27.690  48.185 0.0000000000
42376  -24.625  -27.752  49.242 0.0000000000
42378  -26.573  -27.786  49.624 0.0000000000
60929  -47.448  -8.798  22.948 0.0000000000
61964  -48.230  -9.069  24.026 0.0000000000
61977  -48.419  -8.188  23.240 0.0000000000
62973  -49.216  -7.363  24.674 0.0000000000
63843  -50.411  -5.909  25.530 0.0000000000
71433  -51.690  2.009  13.414 0.0000000000
72414  -52.845  2.841  14.022 0.0000000000
72426  -52.153  3.190  13.617 0.0000000000
76581  -55.335  6.886  7.829 0.0000000000
77566  -57.054  8.656  8.609 0.0000000000
76600  -55.682  7.571  6.665 0.0000000000
76601  -56.331  8.336  6.604 0.0000000000
43376  -20.236  -27.140  49.746 0.0000000000
43354  -18.714  -26.785  50.592 0.0000000000
47336  -44.264  -20.958  40.734 0.0000000000
48232  -43.021  -20.566  42.046 0.0000000000
50886  -42.612  -18.516  42.814 0.0000000000
51845  -42.673  -18.066  40.875 0.0000000000
50919  -40.815  -18.282  40.382 0.0000000000
51858  -41.697  -18.225  39.603 0.0000000000
51889  -42.369  -17.956  38.373 0.0000000000
51929  -42.783  -17.918  35.530 0.0000000000
51946  -42.716  -17.571  34.337 0.0000000000
43435  -27.950  -27.788  46.707 0.0000000000
44460  -29.681  -27.298  47.621 0.0000000000
43453  -28.506  -27.251  46.043 0.0000000000
44491  -29.245  -27.334  45.680 0.0000000000
43454  -29.874  -27.230  45.853 0.0000000000
44517  -27.291  -26.860  42.876 0.0000000000
43471  -29.237  -27.196  44.484 0.0000000000
42479  -31.314  -27.791  44.890 0.0000000000
42503  -31.784  -28.261  43.777 0.0000000000
42522  -33.442  -28.319  42.669 0.0000000000
42557  -33.706  -28.429  40.560 0.0000000000
47323  -31.336  -21.797  40.688 0.0000000000
47398  -32.619  -21.942  38.346 0.0000000000
48225  -32.871  -21.249  42.018 0.0000000000
48293  -33.479  -21.425  38.972 0.0000000000
47452  -33.425  -22.267  35.460 0.0000000000
46551  -34.728  -22.892  34.114 0.0000000000
47505  -36.439  -22.505  32.005 0.0000000000
47533  -37.737  -22.828  30.729 0.0000000000
45643  -40.287  -24.233  30.719 0.0000000000
47507  -38.399  -22.187  32.607 0.0000000000
47508  -39.491  -22.144  32.996 0.0000000000
47468  -39.574  -22.279  34.890 0.0000000000
46462  -37.974  -22.300  39.106 0.0000000000
46505  -39.223  -21.866  37.837 0.0000000000
47442  -40.273  -21.802  37.097 0.0000000000
47424  -41.368  -22.013  37.849 0.0000000000
41518  -23.906  -28.536  44.437 0.0000000000
58662  -47.699  -10.541  37.932 0.0000000000
59616  -48.807  -9.768  37.174 0.0000000000
59628  -49.722  -9.644  35.822 0.0000000000
60687  -50.776  -9.332  35.277 0.0000000000
57772  -48.889  -12.228  32.669 0.0000000000
58704  -49.748  -10.615  33.527 0.0000000000
63898  -49.670  -4.815  20.729 0.0000000000
63883  -50.099  -5.582  21.325 0.0000000000
64758  -50.789  -4.103  21.261 0.0000000000
64751  -52.658  -4.087  22.196 0.0000000000
64752  -53.357  -3.849  22.390 0.0000000000
67542  -51.559  -1.385  22.842 0.0000000000
66597  -53.454  -2.338  22.457 0.0000000000
57903  -43.383  -11.951  24.608 0.0000000000
57904  -44.481  -11.609  24.646 0.0000000000
58824  -43.626  -11.042  24.166 0.0000000000
59833  -44.269  -9.970  23.211 0.0000000000
59848  -44.831  -9.719  22.840 0.0000000000
60943  -45.332  -8.872  21.796 0.0000000000
62005  -46.390  -8.426  21.454 0.0000000000
62025  -46.547  -7.312  20.463 0.0000000000
63020  -47.850  -6.303  20.356 0.0000000000
63913  -47.547  -4.673  20.222 0.0000000000
65690  -47.787  -3.193  20.854 0.0000000000
66606  -48.338  -2.057  20.977 0.0000000000
67554  -48.665  -1.660  20.742 0.0000000000
67604  -47.144  -2.106  18.779 0.0000000000
67585  -48.550  -1.880  19.565 0.0000000000
67569  -49.783  -1.121  20.550 0.0000000000
67570  -50.990  -1.217  20.455 0.0000000000
68577  -53.163  -1.137  19.042 0.0000000000
69523  -54.187  0.063  18.183 0.0000000000
69537  -54.444  0.618  17.523 0.0000000000
69536  -53.913  0.005  17.467 0.0000000000
69548  -52.793  0.129  15.984 0.0000000000
70529  -52.850  0.887  14.414 0.0000000000
70528  -52.091  1.055  13.766 0.0000000000
43353  -17.751  -26.787  50.516 0.0000000000
43332  -16.785  -27.695  51.359 0.0000000000
42339  -16.452  -28.189  52.356 0.0000000000
43293  -16.592  -26.696  54.064 0.0000000000
43291  -15.491  -27.175  53.589 0.0000000000
42338  -15.969  -28.985  52.248 0.0000000000
41443  -14.134  -29.147  52.956 0.0000000000
41436  -13.184  -28.879  53.489 0.0000000000
40531  -11.570  -29.913  53.576 0.0000000000
39573  -12.158  -30.538  54.615 0.0000000000
55750  -48.393  -13.620  39.315 0.0000000000
51832  -46.505  -17.577  42.005 0.0000000000
52816  -44.957  -16.455  40.463 0.0000000000
53826  -45.684  -15.356  41.112 0.0000000000
55727  -47.258  -14.513  40.507 0.0000000000
56700  -47.798  -13.383  39.556 0.0000000000
57691  -48.007  -11.955  38.878 0.0000000000
58660  -47.076  -11.697  37.116 0.0000000000
58678  -46.322  -12.198  35.892 0.0000000000
57753  -45.537  -12.162  33.469 0.0000000000
57735  -44.529  -12.303  33.464 0.0000000000
57752  -44.808  -11.936  33.149 0.0000000000
57789  -45.757  -12.366  32.182 0.0000000000
56834  -44.645  -13.407  30.462 0.0000000000
55903  -44.170  -13.784  29.198 0.0000000000
55942  -43.535  -13.730  27.156 0.0000000000
53984  -41.288  -15.595  29.435 0.0000000000
55864  -40.729  -13.761  29.588 0.0000000000
56829  -40.407  -13.416  28.944 0.0000000000
57830  -40.056  -12.963  28.243 0.0000000000
57849  -41.167  -13.427  27.839 0.0000000000
56873  -41.784  -13.505  27.367 0.0000000000
56921  -42.279  -13.060  25.512 0.0000000000
57884  -42.473  -12.742  25.013 0.0000000000
43442  -34.675  -27.260  46.021 0.0000000000
44572  -26.873  -26.035  39.377 0.0000000000
42553  -28.038  -27.128  39.554 0.0000000000
42538  -28.577  -27.656  40.734 0.0000000000
41597  -31.437  -28.959  40.249 0.0000000000
42576  -33.145  -28.139  39.272 0.0000000000
43575  -34.298  -27.830  39.232 0.0000000000
45520  -31.358  -25.068  40.141 0.0000000000
45535  -30.505  -25.238  37.700 0.0000000000
44627  -30.390  -26.501  35.450 0.0000000000
44674  -31.701  -25.450  33.279 0.0000000000
43692  -32.331  -26.581  34.513 0.0000000000
43670  -31.707  -27.048  35.322 0.0000000000
43644  -33.228  -26.955  36.376 0.0000000000
43597  -34.869  -27.030  38.444 0.0000000000
43577  -36.306  -26.954  39.540 0.0000000000
43579  -38.350  -26.573  39.498 0.0000000000
43581  -40.112  -27.262  39.468 0.0000000000
43432  -16.944  -28.133  46.603 0.0000000000
43417  -18.346  -28.162  47.635 0.0000000000
42451  -19.838  -28.705  45.519 0.0000000000
42450  -18.800  -28.353  45.589 0.0000000000
42449  -18.298  -28.339  46.083 0.0000000000
42409  -19.622  -27.831  47.467 0.0000000000
43399  -19.811  -27.461  48.914 0.0000000000
43377  -21.153  -27.244  49.807 0.0000000000
43361  -25.266  -27.074  50.964 0.0000000000
57868  -46.705  -12.174  26.218 0.0000000000
57869  -47.586  -11.761  26.434 0.0000000000
58757  -49.316  -11.375  27.697 0.0000000000
60886  -47.868  -9.285  25.654 0.0000000000
59765  -48.768  -9.667  26.955 0.0000000000
59743  -50.032  -9.532  28.170 0.0000000000
60806  -51.633  -8.999  28.886 0.0000000000
63867  -50.784  -5.815  23.452 0.0000000000
63844  -51.073  -5.405  25.404 0.0000000000
64685  -51.422  -5.247  26.818 0.0000000000
70506  -54.850  1.460  17.645 0.0000000000
72388  -54.959  3.488  17.515 0.0000000000
73391  -54.672  4.978  16.338 0.0000000000
73402  -53.511  4.365  14.558 0.0000000000
73397  -54.234  4.663  15.603 0.0000000000
74378  -55.054  5.601  16.095 0.0000000000
75471  -55.613  6.998  15.513 0.0000000000
76491  -56.631  8.208  15.425 0.0000000000
74418  -54.883  5.487  11.408 0.0000000000
76527  -55.685  7.252  11.977 0.0000000000
77509  -56.567  8.307  12.579 0.0000000000
79405  -58.671  9.701  8.837 0.0000000000
50977  -36.907  -19.442  37.326 0.0000000000
50962  -35.235  -18.609  38.766 0.0000000000
50946  -36.297  -19.193  39.821 0.0000000000
56875  -44.302  -13.593  27.134 0.0000000000
56876  -45.263  -13.645  27.008 0.0000000000
56901  -44.676  -13.045  26.305 0.0000000000
68566  -54.846  -0.360  19.565 0.0000000000
68553  -55.070  0.033  20.452 0.0000000000
68554  -55.413  0.349  20.145 0.0000000000
69514  -55.470  0.760  19.680 0.0000000000
70493  -55.484  1.506  19.155 0.0000000000
69525  -55.240  0.873  19.013 0.0000000000
43396  -17.269  -27.707  48.590 0.0000000000
52965  -43.239  -16.693  31.972 0.0000000000
52953  -43.671  -16.577  32.785 0.0000000000
53966  -43.246  -15.474  31.676 0.0000000000
53976  -42.706  -15.454  30.819 0.0000000000
43405  -29.316  -27.301  48.640 0.0000000000
43420  -29.185  -27.466  47.983 0.0000000000
43534  -35.277  -27.110  41.683 0.0000000000
43536  -37.249  -27.030  41.528 0.0000000000
45641  -38.413  -24.593  31.050 0.0000000000
44716  -38.300  -25.120  31.644 0.0000000000
43728  -40.051  -26.896  31.544 0.0000000000
42686  -40.977  -27.821  31.632 0.0000000000
43403  -27.941  -27.616  48.681 0.0000000000
63002  -48.927  -6.867  21.173 0.0000000000
63003  -49.540  -6.134  21.322 0.0000000000
49135  -40.345  -20.196  44.348 0.0000000000
50031  -40.689  -19.432  44.293 0.0000000000
51015  -39.205  -18.623  35.051 0.0000000000
50998  -39.684  -18.477  36.313 0.0000000000
42499  -26.966  -28.063  43.521 0.0000000000
42517  -26.573  -27.774  42.632 0.0000000000
44547  -28.022  -26.170  41.714 0.0000000000
44548  -28.364  -26.463  42.112 0.0000000000
43532  -28.956  -27.573  42.121 0.0000000000
42539  -29.068  -28.062  41.471 0.0000000000
47351  -36.074  -21.653  40.262 0.0000000000
47400  -35.628  -22.137  38.661 0.0000000000
46501  -35.989  -22.795  37.310 0.0000000000
46480  -36.336  -22.453  38.312 0.0000000000
46502  -36.905  -22.458  37.443 0.0000000000
46461  -37.065  -22.255  39.148 0.0000000000
49134  -39.301  -20.327  44.423 0.0000000000
47286  -39.447  -21.266  42.933 0.0000000000
48202  -40.035  -20.965  44.242 0.0000000000
48216  -40.563  -21.114  43.461 0.0000000000
41555  -25.196  -28.832  42.051 0.0000000000
41544  -25.249  -28.836  43.054 0.0000000000
57739  -47.529  -12.000  34.337 0.0000000000
57755  -47.758  -12.446  33.683 0.0000000000
57834  -49.752  -11.731  29.194 0.0000000000
58745  -50.138  -11.334  30.011 0.0000000000
66593  -49.933  -1.703  21.952 0.0000000000
67540  -50.025  -1.077  22.136 0.0000000000
67564  -45.834  -1.757  20.311 0.0000000000
66663  -51.165  -2.547  17.316 0.0000000000
66671  -50.787  -2.489  16.538 0.0000000000
67634  -51.630  -1.665  15.955 0.0000000000
42363  -15.611  -29.185  49.895 0.0000000000
41478  -14.825  -29.615  49.735 0.0000000000
40573  -14.384  -29.899  50.622 0.0000000000
41468  -15.102  -29.534  50.700 0.0000000000
44403  -18.751  -25.901  53.789 0.0000000000
44392  -19.026  -26.216  54.253 0.0000000000
39567  -14.471  -30.509  55.126 0.0000000000
51846  -43.664  -17.756  41.059 0.0000000000
52815  -44.288  -17.256  40.265 0.0000000000
54845  -45.272  -14.586  36.158 0.0000000000
55776  -45.742  -13.956  36.943 0.0000000000
55777  -46.096  -13.896  37.383 0.0000000000
55790  -45.788  -13.597  36.836 0.0000000000
56731  -44.962  -13.001  36.099 0.0000000000
57800  -42.189  -11.788  30.228 0.0000000000
57816  -42.682  -11.998  29.702 0.0000000000
56831  -42.593  -12.838  29.361 0.0000000000
56830  -41.808  -13.031  29.025 0.0000000000
42442  -31.779  -27.383  46.799 0.0000000000
43439  -32.616  -27.164  46.612 0.0000000000
42635  -29.499  -27.927  36.764 0.0000000000
41632  -28.838  -28.425  37.680 0.0000000000
41642  -30.276  -28.778  37.078 0.0000000000
40713  -30.873  -29.122  37.456 0.0000000000
42617  -31.418  -27.957  36.778 0.0000000000
46534  -31.522  -22.868  35.058 0.0000000000
46518  -31.140  -23.355  36.443 0.0000000000
44629  -37.399  -26.677  34.992 0.0000000000
43696  -36.611  -26.758  34.346 0.0000000000
43649  -38.453  -26.283  36.253 0.0000000000
48416  -41.383  -21.630  31.766 0.0000000000
42375  -23.835  -27.485  49.101 0.0000000000
59835  -45.830  -9.774  23.521 0.0000000000
59821  -46.105  -10.021  24.157 0.0000000000
59822  -46.913  -9.951  24.216 0.0000000000
62936  -49.874  -6.476  26.695 0.0000000000
62914  -49.829  -7.004  27.292 0.0000000000
62915  -50.161  -6.664  27.741 0.0000000000
62898  -50.526  -6.868  28.205 0.0000000000
62916  -50.910  -6.261  28.106 0.0000000000
64733  -53.357  -4.254  24.190 0.0000000000
71425  -53.299  2.070  14.393 0.0000000000
74408  -54.153  5.252  12.917 0.0000000000
75502  -54.674  5.647  12.909 0.0000000000
75509  -54.610  5.412  12.389 0.0000000000
76564  -55.716  6.514  9.015 0.0000000000
77548  -56.531  7.883  9.731 0.0000000000
78460  -57.487  9.012  10.475 0.0000000000
77549  -56.995  8.577  9.591 0.0000000000
50916  -38.256  -18.974  41.564 0.0000000000
50931  -38.391  -19.048  40.446 0.0000000000
50978  -38.150  -19.233  37.321 0.0000000000
51885  -33.910  -17.222  38.485 0.0000000000
51839  -34.722  -17.966  41.319 0.0000000000
51855  -34.351  -18.083  40.407 0.0000000000
50897  -34.743  -18.577  42.504 0.0000000000
50025  -34.883  -19.668  43.272 0.0000000000
50862  -35.159  -19.466  43.283 0.0000000000
49152  -36.417  -20.654  43.199 0.0000000000
50863  -35.941  -19.284  43.716 0.0000000000
50915  -37.060  -18.750  41.839 0.0000000000
51827  -36.883  -18.657  42.327 0.0000000000
50900  -37.218  -18.809  42.825 0.0000000000
50882  -38.044  -18.836  43.577 0.0000000000
55867  -45.891  -13.873  30.987 0.0000000000
55851  -46.593  -13.755  31.277 0.0000000000
55884  -46.179  -14.508  29.806 0.0000000000
56853  -47.575  -13.822  27.558 0.0000000000
55906  -47.796  -14.104  28.401 0.0000000000
56854  -48.116  -13.085  28.077 0.0000000000
56855  -48.573  -13.177  28.631 0.0000000000
57832  -48.393  -12.597  27.853 0.0000000000
68550  -51.385  -0.351  20.945 0.0000000000
68540  -50.666  0.117  21.808 0.0000000000
68541  -51.758  0.473  21.407 0.0000000000
70444  -53.532  1.374  22.273 0.0000000000
70431  -54.253  1.254  22.792 0.0000000000
70432  -55.029  1.486  22.410 0.0000000000
72380  -56.015  3.653  18.677 0.0000000000
73374  -56.151  4.503  18.381 0.0000000000
43394  -16.321  -28.393  48.175 0.0000000000
43371  -16.520  -28.148  49.248 0.0000000000
42374  -15.949  -28.690  49.049 0.0000000000
43351  -16.616  -27.862  50.294 0.0000000000
51915  -43.586  -17.647  36.127 0.0000000000
52874  -44.417  -17.274  36.705 0.0000000000
52935  -44.766  -16.132  34.278 0.0000000000
53941  -45.060  -15.241  34.610 0.0000000000
54875  -44.807  -14.331  33.881 0.0000000000
54891  -44.276  -14.600  33.015 0.0000000000
55849  -42.071  -13.378  31.720 0.0000000000
56794  -41.532  -12.675  30.736 0.0000000000
42505  -34.031  -28.230  43.644 0.0000000000
42482  -34.127  -27.938  44.459 0.0000000000
42506  -34.436  -27.948  44.111 0.0000000000
42524  -36.271  -27.139  43.098 0.0000000000
42484  -36.021  -27.459  43.793 0.0000000000
43499  -36.839  -26.841  43.597 0.0000000000
43520  -38.680  -27.402  42.227 0.0000000000
43538  -39.133  -27.007  41.284 0.0000000000
45518  -29.682  -24.681  39.443 0.0000000000
44591  -30.220  -25.581  38.094 0.0000000000
46585  -34.101  -22.846  32.204 0.0000000000
46584  -33.713  -23.699  31.881 0.0000000000
47502  -34.559  -23.604  31.448 0.0000000000
44702  -37.994  -25.572  32.401 0.0000000000
44701  -37.062  -25.434  32.502 0.0000000000
44680  -37.500  -25.987  33.095 0.0000000000
43717  -37.099  -26.178  33.577 0.0000000000
42665  -39.390  -27.700  34.438 0.0000000000
42675  -39.270  -27.911  33.550 0.0000000000
39833  -40.745  -30.227  33.995 0.0000000000
42455  -24.164  -28.408  45.498 0.0000000000
42415  -25.858  -28.544  47.427 0.0000000000
42396  -25.238  -28.039  48.315 0.0000000000
43383  -27.911  -27.092  49.403 0.0000000000
42366  -27.590  -27.348  49.812 0.0000000000
61988  -47.505  -8.436  22.400 0.0000000000
61976  -47.995  -8.688  23.351 0.0000000000
62982  -49.519  -6.969  23.453 0.0000000000
62981  -49.074  -7.760  23.293 0.0000000000
62974  -49.972  -6.529  24.597 0.0000000000
62956  -49.732  -6.436  25.706 0.0000000000
76580  -54.702  6.409  7.371 0.0000000000
76582  -56.490  7.943  7.612 0.0000000000
76599  -54.521  6.883  6.637 0.0000000000
43355  -19.730  -26.807  50.574 0.0000000000
44405  -20.563  -26.598  53.373 0.0000000000
47334  -42.583  -20.904  41.269 0.0000000000
47335  -43.421  -20.754  40.946 0.0000000000
48231  -42.294  -20.965  42.300 0.0000000000
50885  -41.434  -18.435  42.914 0.0000000000
50869  -42.069  -18.954  43.356 0.0000000000
51814  -42.221  -17.914  42.350 0.0000000000
51829  -41.927  -17.835  41.533 0.0000000000
50932  -39.398  -18.676  40.170 0.0000000000
50918  -40.329  -18.450  40.850 0.0000000000
50933  -40.245  -18.391  39.906 0.0000000000
50981  -41.241  -18.323  37.441 0.0000000000
50951  -41.310  -18.249  39.015 0.0000000000
50968  -41.673  -18.076  38.286 0.0000000000
50969  -41.956  -17.996  38.675 0.0000000000
50982  -41.991  -17.981  37.525 0.0000000000
51914  -42.578  -18.016  36.662 0.0000000000
51913  -42.154  -18.105  36.464 0.0000000000
43436  -28.500  -27.444  46.611 0.0000000000
43452  -28.052  -27.396  45.515 0.0000000000
44502  -28.214  -27.150  44.491 0.0000000000
44489  -28.384  -27.310  44.935 0.0000000000
44492  -29.508  -27.310  45.718 0.0000000000
44505  -29.412  -27.332  45.383 0.0000000000
43511  -26.539  -26.802  42.445 0.0000000000
44533  -26.971  -26.525  42.303 0.0000000000
42501  -29.493  -27.528  43.682 0.0000000000
43495  -28.988  -26.947  43.564 0.0000000000
42477  -29.385  -27.227  44.214 0.0000000000
42478  -30.043  -27.450  44.941 0.0000000000
41559  -30.903  -28.871  42.117 0.0000000000
41560  -31.760  -28.663  42.369 0.0000000000
42540  -32.737  -28.540  41.722 0.0000000000
42541  -33.795  -28.306  41.749 0.0000000000
48244  -31.541  -21.371  41.155 0.0000000000
49188  -31.285  -20.650  40.387 0.0000000000
47299  -31.736  -21.673  40.916 0.0000000000
47397  -32.194  -22.270  38.816 0.0000000000
47374  -32.237  -22.118  39.354 0.0000000000
50912  -32.908  -19.144  41.334 0.0000000000
50911  -32.519  -19.374  40.986 0.0000000000
49164  -32.934  -20.414  42.257 0.0000000000
47399  -34.859  -21.871  38.558 0.0000000000
48319  -34.040  -21.452  38.340 0.0000000000
48337  -33.598  -21.570  37.906 0.0000000000
47440  -34.315  -22.056  36.288 0.0000000000
46535  -34.042  -22.800  34.789 0.0000000000
47453  -34.375  -22.411  35.475 0.0000000000
46570  -36.434  -23.013  33.909 0.0000000000
46552  -35.646  -23.057  34.442 0.0000000000
47481  -36.461  -22.703  32.999 0.0000000000
47522  -37.290  -22.675  31.247 0.0000000000
47506  -37.367  -22.464  32.319 0.0000000000
47523  -38.284  -22.465  31.426 0.0000000000
47482  -37.391  -22.470  33.603 0.0000000000
46555  -37.961  -22.449  35.346 0.0000000000
47483  -38.527  -22.148  33.708 0.0000000000
47467  -38.548  -22.315  34.800 0.0000000000
47484  -39.413  -22.250  33.990 0.0000000000
47454  -39.062  -22.362  35.416 0.0000000000
47304  -37.462  -21.271  41.482 0.0000000000
46427  -37.723  -22.308  40.537 0.0000000000
47329  -38.092  -21.865  40.960 0.0000000000
47377  -39.666  -21.899  39.912 0.0000000000
46446  -39.086  -22.048  39.865 0.0000000000
46484  -39.505  -21.822  38.677 0.0000000000
46525  -39.628  -21.811  37.427 0.0000000000
46485  -40.051  -21.586  38.330 0.0000000000
47456  -40.835  -21.940  36.029 0.0000000000
47423  -40.557  -21.746  38.069 0.0000000000
47333  -41.712  -21.358  41.287 0.0000000000
48270  -41.660  -21.314  39.818 0.0000000000
48248  -42.328  -21.122  40.770 0.0000000000
41533  -24.304  -28.702  43.723 0.0000000000
41521  -26.837  -28.674  45.494 0.0000000000
58671  -47.879  -10.759  37.282 0.0000000000
59615  -48.095  -9.998  37.579 0.0000000000
59626  -48.451  -10.347  37.006 0.0000000000
58691  -49.069  -11.110  35.163 0.0000000000
59639  -49.436  -10.425  35.742 0.0000000000
59640  -49.695  -10.215  35.086 0.0000000000
60686  -50.152  -9.119  35.606 0.0000000000
58725  -49.797  -11.008  32.172 0.0000000000
58715  -50.160  -10.607  32.836 0.0000000000
59654  -50.512  -10.343  33.725 0.0000000000
59673  -51.788  -10.297  32.673 0.0000000000
64768  -49.445  -3.919  20.934 0.0000000000
63899  -50.208  -4.301  20.914 0.0000000000
64769  -50.038  -3.651  21.081 0.0000000000
65679  -51.160  -3.158  21.972 0.0000000000
64759  -51.570  -3.888  21.703 0.0000000000
64760  -51.920  -3.547  22.061 0.0000000000
65664  -52.489  -3.280  22.173 0.0000000000
68515  -51.237  -0.073  23.161 0.0000000000
67527  -51.040  -0.659  23.096 0.0000000000
67528  -51.783  -0.738  23.243 0.0000000000
66598  -54.389  -2.307  22.577 0.0000000000
39577  -11.324  -30.624  53.659 0.0000000000
38540  -11.189  -30.977  53.319 0.0000000000
38541  -11.615  -31.481  53.641 0.0000000000
59847  -43.934  -9.608  22.569 0.0000000000
60942  -44.224  -8.762  21.438 0.0000000000
63019  -46.725  -6.310  20.096 0.0000000000
63912  -47.317  -4.770  20.046 0.0000000000
64779  -47.350  -4.500  20.208 0.0000000000
64766  -47.652  -4.321  20.462 0.0000000000
67566  -47.294  -1.942  20.166 0.0000000000
66622  -47.737  -2.239  20.735 0.0000000000
66632  -49.135  -2.469  19.009 0.0000000000
66631  -48.363  -2.447  18.931 0.0000000000
67586  -49.437  -1.729  19.648 0.0000000000
67587  -50.516  -1.887  19.764 0.0000000000
67605  -52.217  -2.066  18.223 0.0000000000
67606  -53.012  -1.534  18.493 0.0000000000
68578  -53.677  -0.729  18.513 0.0000000000
67607  -53.386  -1.095  18.018 0.0000000000
68586  -53.409  -0.717  17.352 0.0000000000
69557  -52.976  0.449  15.390 0.0000000000
40572  -13.425  -29.935  50.662 0.0000000000
43334  -18.037  -26.549  51.759 0.0000000000
43333  -17.253  -27.085  51.504 0.0000000000
43319  -16.717  -27.479  52.368 0.0000000000
43294  -17.404  -26.849  54.293 0.0000000000
42318  -14.878  -27.284  53.853 0.0000000000
43292  -15.807  -26.943  53.745 0.0000000000
43304  -15.398  -27.408  53.478 0.0000000000
42327  -15.219  -27.965  53.075 0.0000000000
41444  -15.028  -29.123  52.797 0.0000000000
42326  -14.539  -28.352  53.505 0.0000000000
41423  -13.415  -28.984  54.507 0.0000000000
41429  -12.770  -28.953  53.863 0.0000000000
40532  -12.469  -29.293  53.460 0.0000000000
40526  -12.433  -29.588  54.314 0.0000000000
40525  -11.694  -29.789  54.187 0.0000000000
40518  -12.768  -29.763  54.706 0.0000000000
38527  -13.743  -31.454  55.094 0.0000000000
53855  -48.677  -15.518  39.384 0.0000000000
54807  -48.607  -14.536  39.251 0.0000000000
54806  -48.234  -14.278  39.569 0.0000000000
48233  -43.722  -20.272  41.677 0.0000000000
47312  -44.390  -20.555  41.087 0.0000000000
49156  -44.309  -19.422  42.501 0.0000000000
52777  -45.376  -17.517  42.423 0.0000000000
50890  -45.345  -18.354  42.667 0.0000000000
52778  -45.736  -17.423  42.339 0.0000000000
51819  -45.814  -17.731  42.379 0.0000000000
52788  -45.828  -16.638  42.186 0.0000000000
52836  -45.006  -16.720  39.498 0.0000000000
53868  -45.591  -15.983  38.722 0.0000000000
54789  -45.562  -14.987  39.854 0.0000000000
53840  -45.751  -15.070  40.473 0.0000000000
54753  -46.360  -15.138  41.712 0.0000000000
54774  -46.276  -14.871  40.814 0.0000000000
54776  -47.409  -14.737  41.397 0.0000000000
55726  -46.852  -14.524  40.442 0.0000000000
56716  -46.918  -13.126  38.582 0.0000000000
56706  -47.228  -13.260  39.113 0.0000000000
56717  -47.159  -12.475  38.581 0.0000000000
56707  -47.683  -12.799  39.285 0.0000000000
57690  -47.482  -12.258  38.813 0.0000000000
57701  -47.308  -11.777  38.180 0.0000000000
57713  -47.145  -11.813  37.534 0.0000000000
57727  -45.651  -12.205  35.507 0.0000000000
58688  -46.031  -12.295  35.439 0.0000000000
57737  -45.856  -12.356  34.655 0.0000000000
56745  -44.491  -12.868  33.517 0.0000000000
56746  -45.383  -12.758  34.011 0.0000000000
57787  -44.294  -12.000  31.543 0.0000000000
57768  -44.582  -11.883  32.320 0.0000000000
57769  -45.372  -11.957  32.567 0.0000000000
57788  -45.278  -12.360  31.678 0.0000000000
56815  -45.183  -13.225  30.940 0.0000000000
56814  -44.418  -12.834  30.606 0.0000000000
55902  -43.280  -13.939  28.676 0.0000000000
55925  -43.710  -13.739  28.006 0.0000000000
55941  -43.110  -14.039  27.528 0.0000000000
54922  -40.898  -14.394  29.600 0.0000000000
55881  -40.245  -13.959  28.962 0.0000000000
57812  -40.003  -12.947  28.510 0.0000000000
57813  -40.581  -13.155  28.888 0.0000000000
56871  -39.911  -13.167  27.256 0.0000000000
56872  -40.872  -13.542  27.214 0.0000000000
56897  -40.517  -13.569  26.401 0.0000000000
45406  -30.045  -27.200  47.564 0.0000000000
45390  -30.307  -26.936  47.881 0.0000000000
44461  -30.476  -27.046  47.730 0.0000000000
44464  -33.241  -26.972  47.165 0.0000000000
43571  -28.096  -26.530  39.024 0.0000000000
42554  -28.406  -27.657  39.863 0.0000000000
42555  -28.956  -28.242  40.308 0.0000000000
41576  -29.721  -28.774  40.809 0.0000000000
41596  -30.446  -29.251  40.105 0.0000000000
42596  -32.236  -28.000  38.265 0.0000000000
42575  -32.010  -28.486  39.350 0.0000000000
42577  -33.653  -27.779  38.702 0.0000000000
46439  -30.327  -23.164  40.338 0.0000000000
45563  -30.961  -24.857  36.028 0.0000000000
45550  -30.695  -25.044  37.139 0.0000000000
44599  -30.605  -25.369  36.561 0.0000000000
44610  -30.136  -26.305  35.921 0.0000000000
44628  -30.598  -25.862  35.204 0.0000000000
45622  -32.660  -24.731  32.343 0.0000000000
45602  -32.041  -24.725  32.890 0.0000000000
44696  -32.394  -25.361  32.741 0.0000000000
43694  -34.292  -26.858  34.790 0.0000000000
43712  -32.908  -26.271  34.166 0.0000000000
43693  -33.293  -26.628  34.750 0.0000000000
43671  -32.779  -26.821  35.464 0.0000000000
43643  -32.343  -27.214  36.225 0.0000000000
43622  -36.558  -27.120  37.445 0.0000000000
43621  -35.471  -27.028  37.515 0.0000000000
43598  -35.888  -26.942  38.499 0.0000000000
43578  -37.339  -26.739  39.523 0.0000000000
42599  -39.878  -27.160  37.779 0.0000000000
43602  -40.000  -27.117  38.373 0.0000000000
43603  -40.859  -26.828  38.549 0.0000000000
41656  -40.495  -28.323  36.072 0.0000000000
42659  -40.212  -27.666  35.936 0.0000000000
41650  -41.027  -28.533  36.601 0.0000000000
45660  -39.974  -23.398  30.669 0.0000000000
43416  -17.508  -28.216  47.697 0.0000000000
43434  -18.312  -28.285  46.992 0.0000000000
42453  -22.146  -28.339  45.232 0.0000000000
42472  -21.228  -28.658  44.270 0.0000000000
42452  -20.993  -28.576  45.385 0.0000000000
42433  -20.735  -28.292  46.433 0.0000000000
43450  -18.334  -28.044  44.518 0.0000000000
42392  -21.095  -27.661  48.163 0.0000000000
42390  -19.523  -27.624  48.189 0.0000000000
43400  -20.690  -27.508  48.989 0.0000000000
43382  -25.771  -27.408  50.184 0.0000000000
43381  -24.919  -27.529  50.234 0.0000000000
57714  -50.577  -11.483  37.482 0.0000000000
57887  -45.488  -11.851  25.321 0.0000000000
58812  -47.344  -10.295  25.513 0.0000000000
58789  -46.780  -11.332  25.793 0.0000000000
58790  -47.491  -10.948  26.123 0.0000000000
58772  -48.531  -11.022  26.949 0.0000000000
60900  -48.230  -8.742  24.739 0.0000000000
60887  -48.040  -8.682  25.444 0.0000000000
60845  -49.321  -8.796  27.317 0.0000000000
59766  -49.289  -9.560  27.606 0.0000000000
59744  -50.975  -9.387  28.729 0.0000000000
61872  -51.908  -7.595  29.897 0.0000000000
60807  -51.641  -8.120  28.915 0.0000000000
63874  -50.811  -5.672  22.268 0.0000000000
63868  -51.442  -5.330  23.321 0.0000000000
64720  -52.351  -4.405  25.255 0.0000000000
63856  -51.298  -5.429  24.402 0.0000000000
64719  -51.738  -4.941  25.335 0.0000000000
64703  -51.535  -5.008  26.236 0.0000000000
71410  -54.819  2.551  16.715 0.0000000000
72397  -54.602  3.981  16.560 0.0000000000
72415  -53.339  3.292  14.416 0.0000000000
73410  -53.026  4.332  13.943 0.0000000000
74391  -54.140  5.457  14.677 0.0000000000
73403  -53.812  4.812  14.912 0.0000000000
74384  -54.661  5.477  15.466 0.0000000000
74385  -55.217  6.150  15.420 0.0000000000
76506  -55.449  7.300  13.665 0.0000000000
76497  -55.781  7.516  14.574 0.0000000000
76498  -56.386  8.197  14.547 0.0000000000
74448  -54.725  5.034  10.113 0.0000000000
74433  -54.816  5.270  10.911 0.0000000000
75519  -55.266  5.702  10.994 0.0000000000
76538  -55.477  6.274  11.228 0.0000000000
77518  -56.952  8.647  11.549 0.0000000000
77510  -57.127  8.997  12.509 0.0000000000
77503  -57.327  9.125  13.094 0.0000000000
78440  -57.751  9.173  12.633 0.0000000000
77580  -57.000  8.765  7.801 0.0000000000
78494  -57.525  9.242  8.196 0.0000000000
79404  -58.026  9.736  8.633 0.0000000000
50947  -37.475  -19.345  39.582 0.0000000000
51886  -34.287  -17.674  38.737 0.0000000000
50961  -34.766  -17.975  38.081 0.0000000000
51856  -35.304  -18.305  40.765 0.0000000000
51857  -35.809  -18.324  41.308 0.0000000000
50929  -36.163  -18.732  40.975 0.0000000000
55927  -45.837  -14.194  27.649 0.0000000000
56877  -46.203  -13.558  26.924 0.0000000000
56903  -46.423  -12.919  26.658 0.0000000000
68552  -54.071  0.029  20.494 0.0000000000
69502  -54.574  0.804  21.140 0.0000000000
70457  -56.024  2.466  20.837 0.0000000000
71383  -56.260  2.899  20.255 0.0000000000
71382  -56.103  2.289  19.944 0.0000000000
71396  -55.855  2.520  19.118 0.0000000000
71404  -54.987  2.410  18.157 0.0000000000
43414  -16.613  -28.133  47.370 0.0000000000
51947  -43.666  -17.172  34.203 0.0000000000
52912  -44.363  -16.877  34.617 0.0000000000
53954  -44.115  -15.667  32.775 0.0000000000
54903  -43.947  -14.822  32.147 0.0000000000
54914  -42.572  -14.540  31.256 0.0000000000
54913  -41.807  -14.053  30.851 0.0000000000
43384  -28.636  -26.975  49.515 0.0000000000
43515  -34.536  -27.642  42.625 0.0000000000
43497  -34.728  -27.626  43.552 0.0000000000
43516  -34.969  -27.147  42.640 0.0000000000
43517  -35.814  -27.148  42.626 0.0000000000
43518  -36.801  -27.016  42.707 0.0000000000
43519  -37.828  -27.209  42.466 0.0000000000
43556  -37.742  -26.626  40.513 0.0000000000
47520  -35.687  -23.113  31.142 0.0000000000
47519  -35.126  -23.548  31.182 0.0000000000
45656  -36.963  -24.368  30.869 0.0000000000
43727  -39.149  -27.051  32.368 0.0000000000
41673  -39.681  -28.907  33.215 0.0000000000
41681  -40.126  -28.515  32.698 0.0000000000
41674  -40.576  -29.080  32.951 0.0000000000
42398  -27.213  -28.117  48.711 0.0000000000
62007  -48.433  -7.483  21.573 0.0000000000
61989  -48.344  -7.854  22.348 0.0000000000
48230  -41.816  -21.309  42.377 0.0000000000
48204  -41.878  -20.432  43.548 0.0000000000
49136  -41.340  -20.045  44.028 0.0000000000
50966  -39.896  -18.736  38.242 0.0000000000
50980  -40.286  -18.583  37.343 0.0000000000
50999  -40.791  -18.415  36.511 0.0000000000
51017  -41.326  -18.267  35.764 0.0000000000
51035  -40.986  -18.200  34.803 0.0000000000
42475  -26.902  -28.269  44.037 0.0000000000
42476  -27.232  -28.146  44.340 0.0000000000
42500  -27.383  -27.804  43.830 0.0000000000
43493  -28.102  -27.256  43.824 0.0000000000
44545  -26.414  -26.079  41.363 0.0000000000
44534  -27.798  -26.360  42.539 0.0000000000
44535  -28.266  -26.494  42.602 0.0000000000
43513  -28.605  -26.713  42.608 0.0000000000
42520  -30.373  -28.483  42.702 0.0000000000
49166  -34.464  -20.572  42.033 0.0000000000
48246  -34.556  -21.120  40.859 0.0000000000
48269  -35.142  -21.385  40.227 0.0000000000
47375  -34.871  -21.702  39.042 0.0000000000
46500  -35.121  -22.514  36.917 0.0000000000
46519  -35.148  -22.273  35.878 0.0000000000
46520  -35.878  -22.725  36.286 0.0000000000
46538  -36.617  -22.783  35.590 0.0000000000
46554  -37.393  -22.563  34.797 0.0000000000
46522  -37.625  -22.437  36.687 0.0000000000
46503  -37.784  -22.137  37.490 0.0000000000
47285  -38.551  -21.186  42.746 0.0000000000
47330  -38.873  -21.582  41.172 0.0000000000
47306  -39.219  -21.060  41.983 0.0000000000
47331  -39.707  -21.415  41.254 0.0000000000
47356  -40.079  -21.571  40.540 0.0000000000
47378  -40.300  -21.524  39.726 0.0000000000
47332  -40.661  -21.378  41.345 0.0000000000
47308  -41.193  -21.394  42.272 0.0000000000
41535  -26.505  -28.500  44.382 0.0000000000
58679  -47.180  -11.854  36.101 0.0000000000
58680  -48.464  -11.329  36.462 0.0000000000
58690  -47.775  -11.849  35.063 0.0000000000
57804  -49.304  -12.626  30.642 0.0000000000
57790  -49.365  -12.351  31.533 0.0000000000
57805  -49.722  -11.880  30.840 0.0000000000
58735  -49.996  -11.076  31.223 0.0000000000
58726  -50.578  -10.472  31.878 0.0000000000
59690  -51.168  -9.889  32.020 0.0000000000
58737  -51.530  -10.306  30.610 0.0000000000
58747  -51.699  -10.089  29.966 0.0000000000
65677  -49.462  -2.768  21.447 0.0000000000
65693  -49.820  -3.230  21.299 0.0000000000
66609  -50.422  -2.416  21.929 0.0000000000
66610  -51.127  -2.523  22.180 0.0000000000
68517  -52.929  0.159  23.509 0.0000000000
67530  -53.693  -0.720  23.161 0.0000000000
67531  -54.655  -0.840  23.099 0.0000000000
75460  -56.745  7.197  16.619 0.0000000000
62024  -45.390  -7.479  20.309 0.0000000000
66620  -46.260  -2.419  20.517 0.0000000000
67565  -46.546  -1.817  20.238 0.0000000000
66651  -49.753  -2.936  18.257 0.0000000000
66652  -50.685  -2.764  18.203 0.0000000000
66634  -51.090  -2.441  18.945 0.0000000000
66653  -51.497  -2.451  18.120 0.0000000000
67616  -52.811  -1.430  17.295 0.0000000000
68585  -53.063  -0.814  16.907 0.0000000000
67625  -52.091  -1.489  16.460 0.0000000000
40554  -14.008  -29.727  51.718 0.0000000000
44425  -18.786  -26.416  52.441 0.0000000000
44424  -18.077  -26.282  52.562 0.0000000000
44413  -17.602  -26.278  53.051 0.0000000000
44412  -17.102  -26.464  53.196 0.0000000000
42320  -16.553  -27.465  54.491 0.0000000000
42314  -15.716  -28.021  54.791 0.0000000000
42313  -14.865  -27.953  54.493 0.0000000000
41431  -14.192  -28.013  54.209 0.0000000000
41424  -14.034  -28.772  54.572 0.0000000000
40519  -13.243  -29.514  54.779 0.0000000000
50887  -43.665  -18.461  42.882 0.0000000000
50872  -44.633  -18.606  43.422 0.0000000000
51816  -44.242  -17.919  42.472 0.0000000000
52786  -44.528  -17.486  41.974 0.0000000000
53902  -45.351  -15.614  36.690 0.0000000000
54818  -45.674  -15.058  38.113 0.0000000000
54805  -46.126  -14.501  39.149 0.0000000000
55762  -46.528  -13.861  38.373 0.0000000000
56723  -46.616  -13.057  37.587 0.0000000000
57712  -46.716  -12.267  36.974 0.0000000000
57719  -45.136  -12.319  35.854 0.0000000000
57766  -42.909  -11.982  31.855 0.0000000000
57750  -43.301  -12.242  32.605 0.0000000000
57786  -43.442  -11.972  31.298 0.0000000000
57802  -43.988  -12.181  30.858 0.0000000000
56813  -43.860  -12.514  30.290 0.0000000000
56832  -43.403  -12.686  29.732 0.0000000000
56851  -43.286  -13.461  29.248 0.0000000000
56850  -42.654  -13.717  28.682 0.0000000000
43438  -30.859  -27.247  47.008 0.0000000000
43421  -31.246  -27.102  47.611 0.0000000000
42420  -31.507  -27.248  47.360 0.0000000000
43423  -32.925  -26.898  46.979 0.0000000000
44478  -33.707  -27.078  46.516 0.0000000000
43459  -35.990  -27.759  44.861 0.0000000000
44574  -28.809  -25.609  38.410 0.0000000000
43572  -28.645  -26.411  38.610 0.0000000000
42574  -28.603  -28.081  38.949 0.0000000000
41615  -29.464  -29.050  38.929 0.0000000000
41616  -30.151  -29.379  39.278 0.0000000000
40701  -30.815  -29.404  38.158 0.0000000000
41634  -31.629  -28.808  37.875 0.0000000000
42619  -32.799  -27.628  37.551 0.0000000000
45521  -31.835  -23.997  39.475 0.0000000000
45537  -31.246  -24.164  38.844 0.0000000000
46517  -30.990  -23.831  35.304 0.0000000000
45573  -30.807  -24.728  34.747 0.0000000000
44677  -34.988  -26.394  32.965 0.0000000000
44676  -33.873  -26.403  33.019 0.0000000000
43714  -34.675  -26.667  33.862 0.0000000000
43695  -35.481  -26.987  34.784 0.0000000000
43673  -34.859  -27.086  35.806 0.0000000000
43674  -35.631  -27.427  35.712 0.0000000000
43647  -35.997  -27.478  36.487 0.0000000000
43623  -37.736  -27.012  37.358 0.0000000000
43600  -38.075  -27.046  38.505 0.0000000000
43625  -39.900  -27.155  37.404 0.0000000000
43626  -40.666  -26.796  37.664 0.0000000000
43401  -21.580  -27.425  48.985 0.0000000000
58826  -45.855  -10.700  24.406 0.0000000000
58810  -45.968  -11.265  24.962 0.0000000000
59809  -47.136  -10.246  24.872 0.0000000000
61953  -48.934  -7.658  25.560 0.0000000000
61934  -48.589  -8.136  25.942 0.0000000000
61935  -49.152  -7.507  26.366 0.0000000000
61914  -49.688  -7.539  27.250 0.0000000000
61896  -49.981  -7.989  27.913 0.0000000000
60824  -50.735  -8.455  28.378 0.0000000000
61897  -50.523  -7.334  28.234 0.0000000000
61882  -51.521  -7.344  28.930 0.0000000000
62885  -51.756  -6.780  29.509 0.0000000000
64744  -52.053  -4.806  23.276 0.0000000000
64732  -52.641  -4.588  24.251 0.0000000000
70512  -53.898  1.191  16.011 0.0000000000
70520  -54.643  1.828  15.924 0.0000000000
70519  -54.205  1.709  15.702 0.0000000000
72404  -53.894  3.378  15.130 0.0000000000
74400  -54.483  5.929  14.041 0.0000000000
75493  -54.771  5.899  13.528 0.0000000000
76516  -55.325  6.988  12.780 0.0000000000
75560  -54.333  5.718  7.981 0.0000000000
75543  -54.555  5.338  8.677 0.0000000000
76539  -55.762  7.056  11.024 0.0000000000
77531  -56.252  7.676  10.536 0.0000000000
79427  -57.757  9.743  7.202 0.0000000000
79419  -58.433  9.991  7.995 0.0000000000
79429  -58.642  9.737  7.451 0.0000000000
50867  -39.928  -18.816  44.120 0.0000000000
50902  -39.277  -18.877  42.414 0.0000000000
50979  -39.231  -18.850  37.276 0.0000000000
42518  -26.460  -27.980  42.097 0.0000000000
43549  -26.158  -26.807  40.665 0.0000000000
44557  -26.643  -26.452  40.294 0.0000000000
44558  -27.005  -26.294  40.399 0.0000000000
52846  -32.458  -17.074  38.208 0.0000000000
51853  -32.925  -18.124  39.762 0.0000000000
51837  -33.305  -18.460  40.659 0.0000000000
51873  -33.991  -17.792  39.616 0.0000000000
51838  -33.899  -18.038  41.013 0.0000000000
50045  -33.978  -19.627  42.629 0.0000000000
49150  -34.698  -20.179  42.688 0.0000000000
48210  -35.258  -20.807  42.370 0.0000000000
47302  -36.048  -21.780  41.360 0.0000000000
46443  -36.823  -22.261  39.865 0.0000000000
47303  -36.598  -21.523  41.547 0.0000000000
47283  -36.952  -20.990  42.063 0.0000000000
48199  -37.118  -20.759  43.572 0.0000000000
51813  -36.365  -18.762  42.962 0.0000000000
50864  -36.858  -19.163  44.002 0.0000000000
48200  -37.985  -21.051  44.032 0.0000000000
49133  -38.258  -20.398  44.327 0.0000000000
50866  -38.827  -18.942  44.192 0.0000000000
56797  -46.262  -13.129  31.854 0.0000000000
56779  -47.398  -13.167  32.714 0.0000000000
56798  -47.659  -13.624  31.409 0.0000000000
56817  -47.879  -13.690  30.009 0.0000000000
55885  -47.276  -14.150  29.369 0.0000000000
56818  -48.689  -13.319  30.445 0.0000000000
57817  -49.224  -12.844  29.687 0.0000000000
68548  -49.900  -0.771  21.194 0.0000000000
68539  -50.038  -0.561  21.665 0.0000000000
69489  -50.888  0.315  22.362 0.0000000000
69478  -51.847  0.663  22.823 0.0000000000
69491  -52.559  1.075  21.905 0.0000000000
69479  -52.760  1.117  23.137 0.0000000000
69466  -54.252  0.603  23.301 0.0000000000
69467  -55.144  0.342  23.239 0.0000000000
72371  -57.029  3.727  19.874 0.0000000000
73384  -55.832  5.263  17.573 0.0000000000
43413  -15.903  -28.378  46.992 0.0000000000
51890  -43.352  -17.812  38.207 0.0000000000
52835  -44.110  -17.480  39.072 0.0000000000
52855  -44.423  -17.527  37.816 0.0000000000
52875  -45.273  -16.729  37.349 0.0000000000
52894  -44.990  -16.446  36.180 0.0000000000
55816  -45.104  -13.700  34.608 0.0000000000
55831  -43.228  -12.974  33.296 0.0000000000
55840  -43.602  -14.082  32.693 0.0000000000
55839  -43.056  -13.304  32.662 0.0000000000
56795  -42.179  -12.296  31.456 0.0000000000
57784  -41.864  -11.980  30.730 0.0000000000
42480  -32.543  -27.729  44.845 0.0000000000
43455  -32.900  -27.073  45.729 0.0000000000
43474  -33.941  -27.544  45.058 0.0000000000
43476  -35.535  -27.542  44.191 0.0000000000
45517  -28.880  -24.572  38.591 0.0000000000
44590  -29.576  -26.108  38.193 0.0000000000
43594  -29.420  -26.836  37.900 0.0000000000
43641  -29.705  -27.556  36.649 0.0000000000
46549  -32.287  -22.895  33.795 0.0000000000
46583  -33.021  -24.197  32.190 0.0000000000
44711  -33.901  -25.264  31.903 0.0000000000
45638  -35.918  -24.661  31.177 0.0000000000
44713  -35.606  -25.231  31.760 0.0000000000
44699  -35.312  -25.875  32.269 0.0000000000
44678  -35.966  -26.183  32.961 0.0000000000
43697  -37.014  -26.439  33.978 0.0000000000
44630  -38.252  -26.405  35.013 0.0000000000
43677  -39.139  -26.617  35.256 0.0000000000
44631  -38.638  -26.685  34.668 0.0000000000
41655  -40.055  -28.604  35.425 0.0000000000
40725  -39.908  -29.356  35.477 0.0000000000
40742  -39.549  -29.589  33.807 0.0000000000
39819  -40.264  -30.673  34.892 0.0000000000
38791  -40.435  -30.958  36.375 0.0000000000
42436  -24.184  -28.179  46.153 0.0000000000
42377  -25.568  -27.844  49.402 0.0000000000
42365  -27.204  -27.587  50.023 0.0000000000
60928  -46.823  -8.997  22.555 0.0000000000
60912  -46.695  -9.619  23.543 0.0000000000
60913  -47.478  -9.123  23.463 0.0000000000
61965  -48.646  -8.333  24.267 0.0000000000
62972  -48.991  -8.032  23.865 0.0000000000
61966  -48.954  -7.961  24.975 0.0000000000
63831  -50.330  -5.944  26.518 0.0000000000
73409  -52.449  4.367  13.430 0.0000000000
77565  -56.779  8.111  9.024 0.0000000000
76566  -56.776  8.050  8.413 0.0000000000
77579  -56.778  8.824  7.054 0.0000000000
43375  -19.291  -27.025  49.636 0.0000000000
43374  -18.326  -26.888  49.486 0.0000000000
44416  -20.213  -26.335  52.948 0.0000000000
47311  -43.547  -20.610  41.244 0.0000000000
49154  -43.164  -19.995  43.103 0.0000000000
48205  -42.372  -20.230  43.413 0.0000000000
49138  -42.950  -19.747  43.228 0.0000000000
50870  -43.113  -19.000  43.050 0.0000000000
51815  -43.251  -18.142  42.298 0.0000000000
51830  -42.905  -17.909  41.705 0.0000000000
50884  -40.204  -18.700  43.204 0.0000000000
50903  -40.480  -18.611  42.044 0.0000000000
51828  -41.098  -18.210  41.333 0.0000000000
50950  -40.473  -18.457  39.066 0.0000000000
50934  -41.013  -18.277  39.766 0.0000000000
51844  -41.572  -18.152  40.546 0.0000000000
51859  -42.451  -18.255  39.910 0.0000000000
51877  -43.003  -18.021  39.133 0.0000000000
52933  -43.305  -17.107  33.478 0.0000000000
51983  -42.642  -17.475  32.173 0.0000000000
44459  -29.040  -27.496  47.271 0.0000000000
44474  -29.032  -27.459  46.545 0.0000000000
44475  -29.632  -27.350  46.665 0.0000000000
44490  -28.666  -27.315  45.550 0.0000000000
44476  -30.156  -27.250  46.852 0.0000000000
43437  -30.373  -27.254  46.656 0.0000000000
42458  -30.440  -27.391  46.130 0.0000000000
42459  -31.074  -27.554  46.001 0.0000000000
44518  -27.899  -27.059  43.321 0.0000000000
44519  -28.501  -26.972  43.535 0.0000000000
44504  -29.080  -27.251  44.808 0.0000000000
43472  -29.439  -27.319  45.127 0.0000000000
42504  -32.942  -28.156  43.744 0.0000000000
41547  -31.759  -28.482  43.020 0.0000000000
42521  -32.398  -28.432  42.898 0.0000000000
41580  -34.160  -28.111  42.073 0.0000000000
42558  -34.225  -28.256  41.232 0.0000000000
43553  -34.744  -27.840  40.730 0.0000000000
50960  -31.283  -19.146  38.524 0.0000000000
46423  -31.397  -22.359  40.394 0.0000000000
45508  -32.108  -23.856  39.933 0.0000000000
46478  -31.562  -23.109  38.854 0.0000000000
47438  -32.058  -22.302  37.098 0.0000000000
47451  -32.204  -22.293  35.911 0.0000000000
50063  -32.264  -19.747  41.196 0.0000000000
47325  -32.704  -21.500  40.860 0.0000000000
48245  -33.615  -21.199  40.543 0.0000000000
48267  -33.603  -21.276  39.720 0.0000000000
48266  -32.849  -21.546  39.461 0.0000000000
47421  -33.020  -21.722  37.709 0.0000000000
47439  -33.246  -21.939  36.620 0.0000000000
47465  -33.181  -22.579  34.515 0.0000000000
46550  -33.687  -22.987  33.888 0.0000000000
46568  -34.522  -22.808  33.041 0.0000000000
46536  -34.958  -22.664  35.001 0.0000000000
46569  -35.556  -22.922  33.506 0.0000000000
47504  -35.559  -22.577  31.686 0.0000000000
47521  -36.383  -22.793  31.259 0.0000000000
46611  -37.443  -23.310  30.581 0.0000000000
45642  -39.308  -24.540  30.791 0.0000000000
44718  -40.208  -25.329  31.011 0.0000000000
45659  -39.312  -23.700  30.687 0.0000000000
46598  -38.845  -22.702  31.198 0.0000000000
47535  -39.741  -22.621  31.157 0.0000000000
47524  -39.489  -22.239  31.669 0.0000000000
47536  -40.000  -22.515  31.232 0.0000000000
48414  -39.910  -22.021  32.527 0.0000000000
48402  -40.323  -21.987  33.132 0.0000000000
48383  -40.610  -22.005  33.709 0.0000000000
46482  -38.043  -22.004  38.216 0.0000000000
47354  -38.646  -21.970  40.716 0.0000000000
46483  -38.672  -22.006  38.474 0.0000000000
46541  -38.970  -22.332  36.477 0.0000000000
47455  -39.613  -22.136  36.068 0.0000000000
47469  -40.429  -22.075  35.089 0.0000000000
47379  -41.109  -21.337  39.337 0.0000000000
47380  -41.651  -21.613  39.020 0.0000000000
42474  -23.312  -28.609  43.895 0.0000000000
41519  -24.533  -28.636  45.028 0.0000000000
41520  -25.691  -28.741  45.285 0.0000000000
41522  -27.256  -28.601  46.088 0.0000000000
58650  -48.812  -10.998  38.535 0.0000000000
59627  -49.069  -10.217  36.393 0.0000000000
59617  -49.699  -9.784  36.631 0.0000000000
59618  -50.521  -9.432  36.640 0.0000000000
57771  -48.161  -12.882  32.946 0.0000000000
57756  -48.487  -11.972  33.514 0.0000000000
58713  -48.837  -11.534  33.449 0.0000000000
57773  -49.506  -11.557  32.448 0.0000000000
58714  -49.399  -11.157  32.989 0.0000000000
59653  -49.765  -10.398  34.247 0.0000000000
59641  -50.414  -9.961  34.703 0.0000000000
60707  -50.950  -9.765  34.694 0.0000000000
63022  -49.376  -5.531  20.839 0.0000000000
63884  -50.808  -4.979  21.268 0.0000000000
63885  -51.378  -4.534  21.716 0.0000000000
64750  -52.019  -4.487  22.354 0.0000000000
64746  -53.442  -4.131  23.169 0.0000000000
67541  -50.585  -1.066  22.727 0.0000000000
66595  -51.293  -1.966  22.463 0.0000000000
66596  -52.364  -2.348  22.427 0.0000000000
67544  -53.540  -1.491  22.759 0.0000000000
65665  -53.445  -3.212  22.254 0.0000000000
40530  -11.376  -30.225  53.169 0.0000000000
57885  -42.985  -12.603  25.157 0.0000000000
57886  -44.281  -12.513  25.490 0.0000000000
58825  -44.713  -10.693  24.194 0.0000000000
58837  -43.892  -10.414  23.599 0.0000000000
58838  -44.610  -10.118  23.753 0.0000000000
59834  -45.024  -9.885  23.424 0.0000000000
60927  -45.763  -9.484  22.716 0.0000000000
60926  -44.616  -9.320  22.168 0.0000000000
60944  -46.071  -8.892  22.163 0.0000000000
61987  -47.006  -8.755  22.036 0.0000000000
63895  -46.951  -5.252  19.769 0.0000000000
63896  -47.840  -5.188  20.232 0.0000000000
63897  -48.656  -4.995  20.578 0.0000000000
64767  -48.631  -4.115  20.815 0.0000000000
65691  -48.670  -3.337  21.168 0.0000000000
65675  -48.224  -2.661  21.070 0.0000000000
65676  -48.797  -2.675  21.295 0.0000000000
66607  -48.976  -2.065  21.190 0.0000000000
67555  -49.194  -1.469  20.968 0.0000000000
67584  -47.689  -2.103  19.385 0.0000000000
67568  -48.856  -1.340  20.249 0.0000000000
67571  -52.078  -1.104  20.305 0.0000000000
67588  -51.834  -1.862  19.388 0.0000000000
67589  -52.701  -1.328  19.526 0.0000000000
67572  -52.709  -0.961  20.099 0.0000000000
68564  -53.230  -0.945  19.654 0.0000000000
68579  -54.286  -0.234  18.851 0.0000000000
69524  -54.861  0.452  18.508 0.0000000000
69550  -54.111  0.548  16.950 0.0000000000
68596  -53.206  -0.471  16.727 0.0000000000
69549  -53.587  0.259  16.353 0.0000000000
43352  -17.063  -27.243  50.412 0.0000000000
42354  -16.422  -28.429  51.235 0.0000000000
44391  -18.130  -26.279  54.128 0.0000000000
44390  -17.361  -26.213  54.068 0.0000000000
43306  -16.648  -26.757  53.429 0.0000000000
43305  -16.027  -27.222  53.162 0.0000000000
42328  -16.180  -27.747  52.888 0.0000000000
41459  -15.085  -29.511  51.757 0.0000000000
41458  -14.460  -29.465  52.381 0.0000000000
41437  -13.983  -28.723  53.535 0.0000000000
41442  -13.629  -29.056  53.214 0.0000000000
39572  -11.641  -30.375  54.204 0.0000000000
38533  -11.864  -30.997  54.416 0.0000000000
39565  -12.737  -30.287  54.927 0.0000000000
38534  -12.501  -31.584  54.745 0.0000000000
53870  -49.034  -15.286  38.766 0.0000000000
55751  -48.850  -13.453  38.797 0.0000000000
47337  -45.138  -20.727  40.628 0.0000000000
50046  -44.944  -18.891  42.746 0.0000000000
52801  -45.109  -16.280  41.209 0.0000000000
53854  -45.264  -15.735  39.728 0.0000000000
53839  -45.303  -15.595  40.633 0.0000000000
53806  -45.300  -16.101  41.594 0.0000000000
53808  -46.403  -15.778  42.129 0.0000000000
52790  -47.196  -16.682  41.950 0.0000000000
54777  -47.870  -15.124  41.123 0.0000000000
55729  -47.865  -14.730  40.361 0.0000000000
55737  -47.186  -14.100  39.577 0.0000000000
55738  -47.596  -14.160  39.664 0.0000000000
55739  -47.931  -14.109  39.669 0.0000000000
56708  -48.146  -12.859  39.379 0.0000000000
57702  -47.705  -11.612  38.445 0.0000000000
58661  -47.394  -11.238  37.625 0.0000000000
58669  -46.796  -12.006  36.527 0.0000000000
58689  -46.651  -12.176  35.330 0.0000000000
57754  -46.505  -12.601  33.634 0.0000000000
57736  -45.092  -12.124  33.996 0.0000000000
57751  -44.060  -12.083  32.854 0.0000000000
57770  -45.970  -12.488  32.778 0.0000000000
56796  -45.615  -13.002  31.459 0.0000000000
55866  -45.330  -13.787  30.726 0.0000000000
55883  -44.917  -14.055  30.230 0.0000000000
56833  -44.155  -13.374  30.031 0.0000000000
55882  -44.334  -13.884  29.886 0.0000000000
56900  -43.781  -13.415  26.486 0.0000000000
52983  -41.867  -16.459  30.227 0.0000000000
54923  -41.480  -14.675  30.216 0.0000000000
55865  -41.030  -13.579  30.307 0.0000000000
56811  -40.661  -13.252  29.498 0.0000000000
57798  -40.741  -12.560  29.600 0.0000000000
57814  -41.162  -12.633  29.356 0.0000000000
57848  -40.389  -13.232  27.843 0.0000000000
57831  -41.032  -13.223  28.505 0.0000000000
56874  -42.499  -13.844  27.787 0.0000000000
56920  -41.245  -13.338  25.587 0.0000000000
56898  -41.580  -13.498  26.436 0.0000000000
56899  -42.728  -13.638  26.710 0.0000000000
56922  -43.339  -12.988  25.919 0.0000000000
44448  -30.580  -26.983  48.156 0.0000000000
44449  -30.995  -26.889  47.940 0.0000000000
43456  -33.651  -27.099  45.672 0.0000000000
43441  -33.950  -27.045  45.979 0.0000000000
44559  -27.436  -26.530  40.666 0.0000000000
41577  -30.679  -28.994  41.111 0.0000000000
42556  -32.426  -28.555  40.421 0.0000000000
43552  -34.332  -28.343  39.952 0.0000000000
43576  -35.308  -27.297  39.504 0.0000000000
45505  -29.813  -23.845  40.148 0.0000000000
44593  -31.503  -24.701  39.338 0.0000000000
44592  -30.938  -24.801  38.975 0.0000000000
44576  -30.717  -24.971  39.243 0.0000000000
44598  -30.140  -25.906  36.962 0.0000000000
43668  -30.207  -26.911  35.734 0.0000000000
42654  -30.463  -27.321  35.878 0.0000000000
46548  -31.583  -23.929  33.427 0.0000000000
45601  -31.399  -24.737  33.353 0.0000000000
44645  -30.985  -25.081  33.790 0.0000000000
44675  -32.758  -25.961  33.424 0.0000000000
44647  -31.879  -26.091  33.891 0.0000000000
43690  -30.892  -26.196  34.702 0.0000000000
43691  -31.368  -26.429  34.544 0.0000000000
42655  -31.016  -27.386  35.699 0.0000000000
42638  -31.540  -27.534  36.218 0.0000000000
43618  -32.802  -27.338  36.921 0.0000000000
43619  -33.538  -27.239  37.337 0.0000000000
43645  -34.178  -26.964  36.561 0.0000000000
43620  -34.523  -27.066  37.467 0.0000000000
43596  -34.013  -27.381  38.226 0.0000000000
43580  -39.276  -26.785  39.497 0.0000000000
43558  -39.569  -26.922  40.439 0.0000000000
43678  -39.720  -27.129  35.934 0.0000000000
43651  -40.237  -27.197  36.777 0.0000000000
43652  -41.170  -26.915  37.133 0.0000000000
43398  -18.890  -27.517  48.622 0.0000000000
42430  -18.293  -28.338  46.483 0.0000000000
42431  -18.702  -28.140  46.799 0.0000000000
42408  -19.010  -27.728  47.724 0.0000000000
57867  -45.256  -12.482  26.000 0.0000000000
57888  -46.338  -11.493  25.489 0.0000000000
57850  -47.294  -12.510  26.736 0.0000000000
57851  -47.904  -12.238  27.220 0.0000000000
57852  -48.760  -11.808  27.492 0.0000000000
60899  -47.685  -9.495  24.483 0.0000000000
59810  -47.630  -9.866  25.218 0.0000000000
59788  -47.833  -9.730  26.001 0.0000000000
60866  -48.294  -8.959  26.419 0.0000000000
59789  -48.251  -9.589  26.458 0.0000000000
59742  -49.352  -10.345  27.647 0.0000000000
58759  -50.802  -10.115  28.873 0.0000000000
59724  -51.633  -9.763  29.430 0.0000000000
59708  -51.994  -9.370  29.674 0.0000000000
60789  -52.056  -8.771  29.611 0.0000000000
63873  -50.084  -5.998  21.975 0.0000000000
62991  -50.277  -6.041  22.704 0.0000000000
63855  -50.631  -5.919  24.497 0.0000000000
63832  -50.978  -5.504  26.333 0.0000000000
63813  -51.169  -5.714  27.480 0.0000000000
63814  -51.840  -5.094  27.830 0.0000000000
63796  -51.457  -6.009  28.545 0.0000000000
70492  -55.118  1.439  18.522 0.0000000000
73383  -55.065  4.542  17.147 0.0000000000
73392  -55.206  5.311  16.739 0.0000000000
73396  -53.913  4.167  15.224 0.0000000000
74379  -55.625  6.116  16.424 0.0000000000
75459  -56.267  7.196  16.379 0.0000000000
75482  -55.116  6.885  14.615 0.0000000000
76490  -56.138  7.738  15.463 0.0000000000
76482  -56.425  7.930  16.015 0.0000000000
77484  -57.008  8.562  15.433 0.0000000000
74417  -54.410  5.147  11.869 0.0000000000
75510  -54.976  5.839  11.919 0.0000000000
76526  -55.367  6.640  11.937 0.0000000000
76517  -55.899  7.609  12.685 0.0000000000
77502  -56.807  8.865  13.577 0.0000000000
79387  -58.247  9.585  9.783 0.0000000000
38795  -40.544  -31.269  35.791 0.0000000000
39812  -39.752  -29.975  35.415 0.0000000000
39813  -40.079  -30.543  35.991 0.0000000000
39818  -39.633  -30.032  34.642 0.0000000000
39831  -39.526  -29.910  34.182 0.0000000000
39832  -39.828  -30.332  34.029 0.0000000000
40685  -29.661  -29.224  38.756 0.0000000000
40686  -29.893  -29.368  38.773 0.0000000000
40687  -30.455  -29.425  38.730 0.0000000000
40699  -29.594  -29.210  38.494 0.0000000000
40700  -30.075  -29.455  38.292 0.0000000000
40712  -30.155  -29.274  37.643 0.0000000000
40719  -40.803  -29.391  36.611 0.0000000000
40726  -40.271  -29.384  36.081 0.0000000000
40741  -39.451  -29.405  34.374 0.0000000000
40744  -41.187  -29.583  33.456 0.0000000000
41438  -14.614  -28.697  53.270 0.0000000000
41507  -24.443  -28.498  45.733 0.0000000000
41536  -26.986  -28.414  44.808 0.0000000000
41557  -26.307  -28.271  42.037 0.0000000000
41561  -33.978  -28.205  42.223 0.0000000000
41562  -34.183  -28.083  42.253 0.0000000000
41575  -26.136  -28.336  41.885 0.0000000000
41579  -34.050  -28.189  41.949 0.0000000000
41617  -31.223  -29.233  39.069 0.0000000000
41633  -29.023  -28.725  38.169 0.0000000000
41635  -31.854  -28.116  37.661 0.0000000000
41640  -28.988  -28.466  37.484 0.0000000000
41641  -29.371  -28.656  37.381 0.0000000000
41643  -31.070  -28.529  36.977 0.0000000000
41647  -29.396  -28.277  36.986 0.0000000000
41648  -29.797  -28.314  36.810 0.0000000000
41649  -30.387  -28.263  36.677 0.0000000000
41662  -39.610  -28.568  34.701 0.0000000000
41672  -39.281  -28.719  33.994 0.0000000000
42399  -28.974  -27.365  48.512 0.0000000000
42400  -29.161  -27.382  48.349 0.0000000000
42418  -28.973  -27.460  48.202 0.0000000000
42419  -31.227  -27.170  47.377 0.0000000000
42440  -30.585  -27.375  46.553 0.0000000000
42483  -35.715  -27.387  43.689 0.0000000000
42507  -35.917  -27.310  43.354 0.0000000000
42508  -36.348  -27.183  43.561 0.0000000000
42519  -29.497  -28.069  42.685 0.0000000000
42523  -34.154  -28.072  42.640 0.0000000000
42525  -36.559  -27.003  43.246 0.0000000000
42537  -26.350  -28.072  41.739 0.0000000000
42542  -34.323  -27.990  41.904 0.0000000000
42572  -28.308  -26.844  39.021 0.0000000000
42593  -28.863  -28.247  37.454 0.0000000000
42594  -28.647  -27.881  37.744 0.0000000000
42615  -29.055  -28.352  37.291 0.0000000000
42616  -29.059  -28.120  37.158 0.0000000000
42618  -32.053  -27.700  37.131 0.0000000000
42620  -39.448  -27.288  37.562 0.0000000000
42621  -39.680  -27.248  37.518 0.0000000000
42637  -30.823  -27.815  36.365 0.0000000000
42639  -35.382  -27.371  36.374 0.0000000000
42640  -35.600  -27.478  36.167 0.0000000000
42641  -40.811  -27.612  36.530 0.0000000000
42653  -30.113  -27.277  36.053 0.0000000000
42656  -35.094  -27.242  36.247 0.0000000000
42657  -35.288  -27.362  36.061 0.0000000000
42676  -39.645  -28.177  32.869 0.0000000000
42684  -39.335  -27.635  32.840 0.0000000000
42685  -39.985  -27.837  32.252 0.0000000000
43451  -27.648  -27.889  45.008 0.0000000000
43469  -27.707  -27.650  44.376 0.0000000000
43473  -33.302  -27.346  45.152 0.0000000000
43492  -27.423  -27.346  43.312 0.0000000000
43512  -26.997  -26.839  42.680 0.0000000000
43529  -25.812  -26.294  41.797 0.0000000000
43530  -27.897  -26.570  41.046 0.0000000000
43574  -33.896  -28.326  39.650 0.0000000000
43601  -39.069  -27.259  38.612 0.0000000000
43616  -29.404  -27.436  37.110 0.0000000000
43617  -29.777  -26.714  37.227 0.0000000000
43624  -39.013  -27.292  37.406 0.0000000000
43642  -29.905  -27.018  36.461 0.0000000000
43653  -41.790  -26.902  37.395 0.0000000000
43669  -30.751  -26.789  35.191 0.0000000000
43676  -38.567  -26.197  35.521 0.0000000000
43698  -38.802  -27.220  34.278 0.0000000000
43716  -36.568  -26.331  33.610 0.0000000000
43718  -38.796  -27.203  33.342 0.0000000000
44401  -17.119  -26.230  53.611 0.0000000000
44414  -18.387  -26.078  53.119 0.0000000000
44462  -30.893  -26.997  47.440 0.0000000000
44477  -30.581  -27.022  46.987 0.0000000000
44480  -34.394  -27.152  45.951 0.0000000000
44520  -29.017  -27.095  44.053 0.0000000000
44560  -32.059  -24.801  40.024 0.0000000000
44561  -32.066  -24.437  39.764 0.0000000000
44577  -31.548  -24.955  39.596 0.0000000000
44578  -31.925  -24.688  39.530 0.0000000000
44611  -30.462  -25.665  36.105 0.0000000000
44612  -37.924  -26.178  35.618 0.0000000000
44648  -32.467  -26.193  33.995 0.0000000000
44649  -37.157  -26.606  34.331 0.0000000000
44650  -37.547  -26.649  33.991 0.0000000000
44672  -31.140  -25.031  33.645 0.0000000000
44673  -31.233  -25.202  33.579 0.0000000000
44679  -36.745  -25.904  33.044 0.0000000000
44697  -33.244  -25.575  32.390 0.0000000000
44712  -34.683  -25.344  31.744 0.0000000000
44714  -36.486  -25.005  31.912 0.0000000000
44717  -39.192  -25.274  31.230 0.0000000000
45391  -30.070  -26.493  48.238 0.0000000000
45407  -30.207  -27.169  47.501 0.0000000000
45421  -30.212  -27.260  47.110 0.0000000000
45494  -31.133  -23.233  40.372 0.0000000000
45495  -31.432  -23.282  40.232 0.0000000000
45496  -31.697  -23.291  39.952 0.0000000000
45506  -30.774  -24.046  40.244 0.0000000000
45519  -30.494  -24.996  39.667 0.0000000000
45536  -30.643  -24.764  38.074 0.0000000000
45549  -30.438  -25.461  37.505 0.0000000000
45564  -30.899  -24.367  36.772 0.0000000000
45582  -31.123  -24.795  33.683 0.0000000000
45583  -30.979  -24.619  33.815 0.0000000000
45600  -31.248  -24.946  33.544 0.0000000000
45623  -33.391  -24.670  31.963 0.0000000000
45637  -34.974  -24.697  31.352 0.0000000000
45639  -36.788  -24.674  31.333 0.0000000000
45640  -37.570  -24.638  31.246 0.0000000000
45655  -36.420  -24.378  30.943 0.0000000000
45658  -38.417  -23.922  30.680 0.0000000000
46408  -31.681  -22.004  40.568 0.0000000000
46409  -31.950  -21.923  40.611 0.0000000000
46422  -30.895  -23.075  40.431 0.0000000000
46424  -31.763  -22.242  40.340 0.0000000000
46425  -32.117  -21.901  40.437 0.0000000000
46426  -37.452  -22.341  40.487 0.0000000000
46440  -31.885  -22.470  39.891 0.0000000000
46441  -32.362  -21.744  40.213 0.0000000000
46442  -36.557  -21.912  39.933 0.0000000000
46444  -37.446  -22.478  40.076 0.0000000000
46445  -38.396  -22.313  40.174 0.0000000000
46459  -31.693  -22.990  39.421 0.0000000000
46463  -38.830  -22.132  39.289 0.0000000000
46464  -39.374  -21.928  39.416 0.0000000000
46477  -28.532  -23.646  38.156 0.0000000000
46504  -38.578  -22.067  37.634 0.0000000000
46506  -39.851  -21.654  37.882 0.0000000000
46523  -38.466  -22.294  36.865 0.0000000000
46524  -39.300  -22.104  37.014 0.0000000000
46539  -37.465  -22.590  35.820 0.0000000000
46553  -36.474  -22.969  34.724 0.0000000000
46565  -31.844  -24.285  33.084 0.0000000000
46592  -34.512  -24.059  31.365 0.0000000000
46593  -35.195  -24.096  31.126 0.0000000000
46594  -35.998  -23.875  30.872 0.0000000000
46595  -36.508  -23.287  30.847 0.0000000000
46596  -36.887  -22.959  30.910 0.0000000000
46597  -38.545  -22.686  31.091 0.0000000000
46609  -36.534  -24.152  30.773 0.0000000000
46610  -36.829  -23.877  30.640 0.0000000000
46612  -38.456  -22.996  30.798 0.0000000000
46613  -39.410  -22.924  30.960 0.0000000000
46614  -40.087  -22.866  30.978 0.0000000000
47287  -40.317  -21.226  42.928 0.0000000000
47288  -40.900  -21.195  42.913 0.0000000000
47300  -32.231  -21.584  41.171 0.0000000000
47301  -32.848  -21.405  41.500 0.0000000000
47305  -38.333  -21.107  41.712 0.0000000000
47310  -42.714  -20.787  41.570 0.0000000000
47313  -44.945  -20.405  41.002 0.0000000000
47326  -36.034  -21.731  40.947 0.0000000000
47327  -36.459  -21.842  40.910 0.0000000000
47349  -32.351  -21.789  39.801 0.0000000000
47350  -32.922  -21.384  40.109 0.0000000000
47352  -36.667  -22.096  40.360 0.0000000000
47353  -37.012  -22.341  40.317 0.0000000000
47358  -41.790  -21.259  40.504 0.0000000000
47376  -35.303  -21.678  39.356 0.0000000000
47402  -40.349  -21.572  38.834 0.0000000000
47403  -41.204  -21.687  38.580 0.0000000000
47404  -42.075  -21.786  38.612 0.0000000000
47420  -32.053  -22.318  38.145 0.0000000000
47441  -39.697  -21.966  36.734 0.0000000000
47479  -34.816  -22.549  32.149 0.0000000000
47480  -35.546  -22.593  32.577 0.0000000000
47485  -40.312  -22.190  34.079 0.0000000000
47509  -39.897  -22.214  33.535 0.0000000000
47518  -34.824  -23.803  31.263 0.0000000000
47534  -37.944  -22.642  30.949 0.0000000000
48211  -36.080  -20.933  42.620 0.0000000000
48212  -36.915  -20.953  42.842 0.0000000000
48213  -37.825  -21.139  43.332 0.0000000000
48214  -38.732  -21.418  43.627 0.0000000000
48215  -39.689  -21.347  43.676 0.0000000000
48217  -41.548  -21.024  43.003 0.0000000000
48218  -42.563  -20.455  42.958 0.0000000000
48219  -43.339  -20.183  42.527 0.0000000000
48220  -43.844  -19.826  42.092 0.0000000000
48221  -44.223  -19.666  41.863 0.0000000000
48224  -31.948  -21.333  41.959 0.0000000000
48226  -33.662  -20.947  41.459 0.0000000000
48228  -35.782  -21.461  41.945 0.0000000000
48229  -36.424  -21.155  42.211 0.0000000000
48243  -31.010  -21.313  40.608 0.0000000000
48247  -35.530  -21.455  41.079 0.0000000000
48249  -42.758  -20.865  40.839 0.0000000000
48271  -42.250  -21.223  40.061 0.0000000000
48292  -32.736  -21.759  38.897 0.0000000000
48294  -34.450  -21.436  39.195 0.0000000000
48295  -34.832  -21.423  39.706 0.0000000000
48296  -41.651  -21.460  39.351 0.0000000000
48317  -32.662  -21.880  38.606 0.0000000000
48318  -33.166  -21.602  38.335 0.0000000000
48336  -33.292  -21.628  37.992 0.0000000000
48401  -39.900  -22.059  32.864 0.0000000000
49128  -34.356  -19.749  42.989 0.0000000000
49129  -34.578  -19.782  43.044 0.0000000000
49130  -35.249  -19.924  43.301 0.0000000000
49131  -36.215  -20.282  43.686 0.0000000000
49132  -37.258  -20.362  44.009 0.0000000000
49137  -42.230  -19.927  43.572 0.0000000000
49139  -43.560  -19.552  43.145 0.0000000000
49140  -44.047  -19.431  43.116 0.0000000000
49149  -33.995  -19.959  42.611 0.0000000000
49153  -42.692  -20.083  43.321 0.0000000000
49155  -43.670  -19.746  42.824 0.0000000000
49163  -32.073  -20.681  42.083 0.0000000000
49165  -33.720  -20.419  42.134 0.0000000000
49177  -31.282  -20.949  40.874 0.0000000000
50024  -34.398  -19.638  43.025 0.0000000000
50026  -35.587  -19.725  43.727 0.0000000000
50029  -38.556  -19.632  44.377 0.0000000000
50033  -42.573  -19.445  43.353 0.0000000000
50034  -43.453  -19.318  43.166 0.0000000000
50036  -44.559  -19.045  43.208 0.0000000000
50044  -33.469  -19.883  42.422 0.0000000000
50053  -32.344  -20.127  41.871 0.0000000000
50054  -32.990  -19.608  42.111 0.0000000000
50055  -33.581  -19.624  42.321 0.0000000000
50064  -32.506  -19.582  41.748 0.0000000000
50860  -34.427  -19.484  43.174 0.0000000000
50861  -34.654  -19.498  43.235 0.0000000000
50865  -37.811  -19.035  44.179 0.0000000000
50871  -44.076  -18.714  43.356 0.0000000000
50878  -34.671  -19.069  42.975 0.0000000000
50879  -35.437  -18.952  43.043 0.0000000000
50880  -36.337  -18.917  43.373 0.0000000000
50881  -37.160  -18.895  43.573 0.0000000000
50888  -44.356  -18.234  43.143 0.0000000000
50889  -45.011  -18.544  43.293 0.0000000000
50895  -33.169  -19.253  41.879 0.0000000000
50896  -33.830  -19.141  42.200 0.0000000000
50899  -36.706  -18.800  43.088 0.0000000000
50901  -38.162  -18.915  42.656 0.0000000000
50913  -33.643  -18.570  41.446 0.0000000000
50926  -32.463  -19.273  40.282 0.0000000000
50927  -32.861  -18.700  40.321 0.0000000000
50928  -35.652  -18.596  40.633 0.0000000000
50952  -41.744  -18.085  38.865 0.0000000000
50983  -42.356  -18.052  37.222 0.0000000000
51001  -42.177  -18.063  37.038 0.0000000000
51804  -44.728  -18.256  43.443 0.0000000000
51805  -44.970  -18.307  43.561 0.0000000000
51812  -35.962  -18.655  42.782 0.0000000000
51818  -45.244  -18.000  43.069 0.0000000000
51823  -34.173  -18.032  41.948 0.0000000000
51824  -35.062  -17.957  42.124 0.0000000000
51825  -35.818  -18.171  42.266 0.0000000000
51826  -36.490  -18.600  42.516 0.0000000000
51840  -35.535  -17.996  41.594 0.0000000000
51841  -36.274  -18.405  41.780 0.0000000000
51842  -36.704  -18.548  42.116 0.0000000000
51843  -40.945  -18.247  40.790 0.0000000000
51854  -33.557  -18.023  40.027 0.0000000000
51872  -33.628  -17.849  39.680 0.0000000000
51875  -41.706  -18.122  39.167 0.0000000000
51876  -42.116  -18.028  39.128 0.0000000000
51887  -34.801  -18.109  39.058 0.0000000000
51888  -42.069  -17.950  38.038 0.0000000000
51899  -42.278  -17.952  37.891 0.0000000000
51900  -42.632  -17.957  37.592 0.0000000000
51928  -42.091  -18.106  36.029 0.0000000000
52775  -44.510  -17.648  42.268 0.0000000000
52776  -44.804  -17.592  42.319 0.0000000000
52789  -46.388  -16.776  42.155 0.0000000000
52809  -33.052  -17.931  39.418 0.0000000000
52810  -33.204  -17.980  39.636 0.0000000000
52827  -32.794  -17.725  39.012 0.0000000000
52829  -33.872  -17.542  39.243 0.0000000000
52847  -33.424  -17.348  38.570 0.0000000000
52848  -33.750  -17.447  39.022 0.0000000000
52857  -45.413  -16.615  38.101 0.0000000000
52876  -45.356  -16.719  37.884 0.0000000000
52913  -44.902  -16.259  35.148 0.0000000000
52966  -43.657  -16.023  32.251 0.0000000000
53807  -45.703  -15.769  41.781 0.0000000000
53825  -45.401  -15.797  41.311 0.0000000000
53842  -48.428  -15.636  39.874 0.0000000000
53869  -45.525  -16.379  38.164 0.0000000000
53885  -45.625  -15.843  37.699 0.0000000000
53986  -42.343  -15.451  30.501 0.0000000000
54752  -46.014  -15.274  41.405 0.0000000000
54755  -47.558  -15.147  42.002 0.0000000000
54775  -46.857  -14.652  41.305 0.0000000000
54792  -48.482  -15.144  39.681 0.0000000000
54833  -45.887  -14.527  37.715 0.0000000000
54859  -45.130  -14.507  35.221 0.0000000000
55728  -47.633  -14.637  40.467 0.0000000000
55736  -46.642  -14.336  39.882 0.0000000000
55749  -46.930  -13.919  39.374 0.0000000000
55789  -45.454  -13.734  36.488 0.0000000000
55901  -42.982  -14.089  28.559 0.0000000000
55928  -46.721  -13.943  27.397 0.0000000000
56698  -47.366  -13.564  39.384 0.0000000000
56699  -47.545  -13.454  39.458 0.0000000000
56705  -46.986  -13.454  38.964 0.0000000000
56761  -43.059  -12.658  32.946 0.0000000000
56763  -46.685  -12.822  33.326 0.0000000000
56764  -46.987  -12.884  33.323 0.0000000000
56812  -40.789  -12.631  30.164 0.0000000000
56816  -45.736  -13.330  31.327 0.0000000000
56836  -48.700  -13.303  29.327 0.0000000000
56879  -47.657  -13.008  27.478 0.0000000000
57829  -39.522  -12.468  28.363 0.0000000000
57847  -39.707  -12.515  27.867 0.0000000000
57866  -44.738  -12.658  25.936 0.0000000000
58648  -47.592  -11.145  38.131 0.0000000000
58649  -48.123  -10.948  38.343 0.0000000000
58701  -47.791  -11.888  34.271 0.0000000000
58703  -49.019  -10.764  33.932 0.0000000000
58727  -51.102  -10.042  31.293 0.0000000000
58771  -47.946  -11.516  26.607 0.0000000000
58827  -46.589  -10.406  24.479 0.0000000000
59598  -48.208  -10.456  38.267 0.0000000000
59599  -48.477  -10.377  38.302 0.0000000000
59606  -48.122  -10.209  38.165 0.0000000000
59607  -48.616  -9.787  37.966 0.0000000000
59609  -50.070  -9.986  37.145 0.0000000000
59629  -50.166  -9.627  35.348 0.0000000000
59642  -50.941  -10.057  34.229 0.0000000000
59725  -51.844  -9.831  29.907 0.0000000000
59836  -46.365  -9.816  23.881 0.0000000000
59849  -45.366  -9.752  23.108 0.0000000000
60668  -50.224  -8.932  36.086 0.0000000000
60788  -51.922  -9.255  29.340 0.0000000000
60844  -48.748  -9.092  26.927 0.0000000000
60865  -47.895  -9.253  26.074 0.0000000000
60898  -47.107  -9.665  24.066 0.0000000000
61898  -51.065  -7.270  28.504 0.0000000000
62026  -47.371  -7.036  20.559 0.0000000000
62875  -52.245  -6.764  30.204 0.0000000000
62899  -51.077  -6.769  28.484 0.0000000000
62935  -49.646  -6.979  26.898 0.0000000000
64780  -47.518  -4.483  20.309 0.0000000000
65680  -51.691  -3.076  22.145 0.0000000000
67529  -52.716  -0.698  23.174 0.0000000000
67543  -52.550  -1.490  22.784 0.0000000000
67624  -51.475  -2.092  16.486 0.0000000000
68518  -53.973  -0.040  23.557 0.0000000000
68527  -50.235  -0.448  22.274 0.0000000000
68529  -51.901  0.436  23.180 0.0000000000
68530  -52.244  0.517  23.242 0.0000000000
68542  -52.395  0.493  21.361 0.0000000000
68567  -55.380  0.048  19.826 0.0000000000
69463  -51.468  0.282  23.041 0.0000000000
69464  -51.679  0.367  23.126 0.0000000000
69465  -53.473  0.692  23.563 0.0000000000
69477  -51.149  0.374  22.729 0.0000000000
69480  -53.599  1.126  23.251 0.0000000000
70417  -54.705  0.825  23.073 0.0000000000
70443  -53.021  1.275  22.542 0.0000000000
70476  -56.019  2.204  20.480 0.0000000000
70514  -54.746  1.778  16.223 0.0000000000
71411  -54.889  1.920  16.427 0.0000000000
71417  -54.873  2.133  16.128 0.0000000000
75526  -55.267  5.398  10.263 0.0000000000
75574  -54.339  6.278  7.197 0.0000000000
76583  -56.928  8.319  8.080 0.0000000000
77493  -56.835  8.738  14.576 0.0000000000
78509  -57.350  9.392  7.310 0.0000000000
