#!ascii label  , from subject 3201 vox2ras=TkReg
1921
7066  -38.462  -67.526  -17.659 0.1000000015
7046  -36.841  -67.100  -16.802 0.1000000015
6440  -35.406  -67.637  -16.945 0.1000000015
7045  -36.114  -67.112  -16.763 0.1000000015
7736  -34.828  -66.596  -15.873 0.1000000015
7716  -35.749  -65.415  -15.742 0.1000000015
8449  -33.311  -65.838  -15.592 0.1000000015
9181  -34.833  -64.688  -16.301 0.1000000015
9182  -35.302  -64.242  -16.711 0.1000000015
8477  -34.225  -65.146  -16.665 0.1000000015
8506  -34.223  -65.167  -17.364 0.1000000015
9203  -35.476  -64.039  -17.423 0.1000000015
9223  -34.906  -64.854  -18.192 0.1000000015
8527  -35.072  -65.056  -18.548 0.1000000015
8549  -36.585  -65.472  -19.965 0.1000000015
8526  -34.306  -65.513  -18.268 0.1000000015
8536  -35.503  -65.539  -19.280 0.1000000015
8535  -34.638  -66.100  -19.203 0.1000000015
7765  -39.602  -66.614  -17.192 0.1000000015
7763  -38.148  -67.081  -17.339 0.1000000015
7764  -38.736  -66.606  -17.213 0.1000000015
7738  -37.699  -66.451  -16.842 0.1000000015
8481  -39.039  -64.743  -16.683 0.1000000015
8480  -38.354  -65.362  -16.682 0.1000000015
8479  -37.243  -65.370  -16.003 0.1000000015
9183  -37.861  -64.712  -16.107 0.1000000015
8452  -36.010  -64.851  -15.543 0.1000000015
9926  -37.042  -63.734  -15.809 0.1000000015
9946  -35.985  -63.734  -16.756 0.1000000015
9224  -35.631  -64.370  -18.442 0.1000000015
9269  -40.802  -63.899  -21.704 0.1000000015
8563  -40.324  -64.873  -21.891 0.1000000015
8553  -40.315  -64.932  -20.845 0.1000000015
8552  -39.502  -65.238  -20.840 0.1000000015
8551  -38.633  -65.346  -20.558 0.1000000015
8550  -37.541  -65.372  -20.341 0.1000000015
9251  -37.040  -64.858  -20.004 0.1000000015
9237  -36.765  -64.271  -19.280 0.1000000015
8537  -36.194  -65.001  -19.433 0.1000000015
7717  -40.788  -66.546  -15.969 0.1000000015
8510  -41.767  -65.046  -16.847 0.2000000030
8483  -41.298  -65.650  -16.656 0.2000000030
7740  -40.782  -66.357  -16.460 0.1000000015
9206  -41.604  -64.413  -17.013 0.1000000015
8509  -40.701  -65.646  -16.982 0.1000000015
9205  -40.286  -64.237  -16.899 0.1000000015
9204  -39.530  -64.599  -16.866 0.1000000015
13250  -38.318  -59.783  -19.336 0.1000000015
12371  -38.842  -60.224  -19.906 0.1000000015
9186  -39.810  -63.433  -16.884 0.1000000015
9185  -39.290  -63.936  -16.685 0.1000000015
9927  -37.792  -63.752  -15.803 0.1000000015
12393  -38.841  -60.290  -20.703 0.1000000015
12372  -39.623  -60.319  -20.181 0.1000000015
12373  -40.194  -60.476  -20.427 0.1000000015
12396  -42.045  -60.795  -20.818 0.1000000015
11635  -42.003  -61.785  -21.031 0.1000000015
9950  -39.468  -62.992  -16.679 0.1000000015
10776  -38.143  -62.891  -17.161 0.1000000015
9966  -36.037  -63.632  -17.772 0.1000000015
12395  -40.764  -60.728  -20.818 0.1000000015
12419  -41.119  -61.263  -21.167 0.1000000015
10841  -41.979  -63.106  -20.502 0.1000000015
10827  -42.315  -63.046  -19.973 0.1000000015
10826  -41.700  -62.863  -19.573 0.1000000015
10019  -39.951  -63.637  -19.479 0.1000000015
10775  -37.294  -63.068  -17.460 0.1000000015
9994  -36.792  -63.376  -18.226 0.1000000015
11657  -41.276  -62.110  -21.321 0.1000000015
10037  -41.319  -63.672  -21.079 0.1000000015
9242  -41.638  -64.352  -20.391 0.1000000015
10020  -40.894  -63.723  -19.743 0.1000000015
10018  -38.855  -63.545  -19.077 0.1000000015
9238  -38.080  -64.406  -19.517 0.1000000015
8540  -41.071  -65.178  -20.303 0.1000000015
9255  -40.718  -65.114  -20.042 0.1000000015
9240  -39.842  -64.171  -19.951 0.1000000015
8539  -38.492  -64.886  -19.900 0.1000000015
10017  -37.806  -63.662  -18.955 0.1000000015
9225  -36.299  -63.896  -18.582 0.1000000015
9187  -42.509  -64.672  -16.434 0.1000000015
8484  -42.049  -65.137  -16.513 0.2000000030
8454  -41.373  -66.189  -15.268 0.1000000015
120216  -41.816  -65.974  -14.434 0.2000000030
7695  -41.256  -66.482  -13.907 0.2000000030
9207  -42.551  -64.448  -16.791 0.1000000015
13248  -36.788  -58.932  -18.991 0.1000000015
13275  -37.386  -59.438  -20.061 0.1000000015
9972  -41.385  -63.319  -17.096 0.1000000015
9971  -40.217  -63.035  -17.044 0.1000000015
10778  -40.160  -62.371  -17.229 0.1000000015
13251  -39.503  -59.857  -19.383 0.1000000015
13277  -41.561  -60.171  -20.355 0.1000000015
13278  -42.102  -60.123  -20.309 0.1000000015
10755  -38.748  -62.777  -16.686 0.1000000015
12374  -42.513  -60.064  -20.177 0.1000000015
12397  -42.380  -61.481  -20.419 0.1000000015
11621  -42.455  -61.963  -19.746 0.1000000015
11620  -41.778  -61.963  -19.042 0.1000000015
10824  -39.732  -62.740  -18.835 0.1000000015
10823  -38.960  -62.777  -18.557 0.1000000015
10016  -37.240  -63.603  -18.730 0.1000000015
9151  -43.636  -63.866  -14.415 0.1000000015
8433  -43.661  -64.615  -13.824 0.1000000015
9170  -43.780  -64.017  -15.045 0.1000000015
8456  -43.435  -64.677  -14.892 0.1000000015
7744  -42.910  -65.166  -14.937 0.2000000030
7719  -43.188  -65.371  -13.997 0.2000000030
8486  -43.004  -64.674  -15.561 0.2000000030
120210  -42.359  -65.834  -13.553 0.2000000030
7666  -42.495  -65.943  -12.151 0.2000000030
9974  -43.329  -63.635  -16.851 0.1000000015
9975  -43.754  -63.439  -16.524 0.1000000015
10782  -43.728  -63.183  -16.804 0.1000000015
10780  -42.399  -62.356  -17.162 0.1000000015
13249  -37.382  -59.370  -19.117 0.1000000015
13228  -39.160  -59.422  -18.487 0.1000000015
13205  -39.881  -58.868  -17.845 0.1000000015
13206  -40.558  -58.749  -18.053 0.1000000015
9973  -42.526  -63.554  -17.084 0.1000000015
10779  -41.043  -62.416  -17.243 0.1000000015
14188  -36.675  -58.422  -19.436 0.1000000015
14170  -36.619  -58.447  -18.850 0.1000000015
13253  -42.099  -59.543  -19.789 0.1000000015
14171  -42.874  -58.963  -19.504 0.1000000015
12376  -43.425  -59.855  -19.137 0.1000000015
12343  -43.437  -60.553  -18.039 0.1000000015
11606  -41.775  -61.623  -18.226 0.1000000015
11593  -41.533  -61.850  -17.586 0.1000000015
11591  -40.012  -62.067  -17.350 0.1000000015
15117  -36.743  -57.820  -19.906 0.1000000015
12375  -43.026  -60.536  -19.850 0.1000000015
11607  -42.688  -61.137  -18.726 0.1000000015
11619  -41.020  -61.754  -18.694 0.1000000015
11605  -40.627  -61.606  -18.006 0.1000000015
10804  -39.549  -62.098  -18.168 0.1000000015
16017  -36.888  -57.052  -19.686 0.1000000015
16018  -37.391  -56.294  -19.444 0.1000000015
16942  -38.202  -55.932  -20.115 0.1000000015
16927  -37.882  -55.434  -18.866 0.1000000015
10733  -43.276  -62.379  -14.370 0.1000000015
9929  -43.740  -63.159  -15.166 0.1000000015
10734  -43.931  -62.354  -14.881 0.1000000015
9140  -43.580  -64.057  -13.551 0.1000000015
120217  -43.895  -64.980  -12.883 0.2000000030
11559  -44.172  -61.638  -15.195 0.1000000015
10742  -44.588  -62.088  -15.708 0.1000000015
9952  -43.985  -63.359  -15.929 0.1000000015
7006  -43.522  -65.277  -12.956 0.2000000030
11572  -44.523  -61.125  -15.533 0.1000000015
15990  -35.982  -56.831  -17.315 0.1000000015
15089  -36.270  -57.598  -17.889 0.1000000015
14126  -36.507  -58.392  -17.330 0.1000000015
14127  -36.945  -58.886  -17.736 0.1000000015
13203  -37.709  -59.211  -17.582 0.1000000015
13204  -38.782  -59.079  -17.465 0.1000000015
12325  -43.899  -60.315  -15.608 0.1000000015
12327  -45.484  -60.652  -15.905 0.1000000015
10758  -44.095  -62.454  -16.539 0.1000000015
10781  -43.361  -62.936  -17.008 0.1000000015
14150  -36.805  -58.834  -18.224 0.1000000015
14130  -40.809  -58.535  -17.349 0.1000000015
14131  -42.035  -58.341  -17.651 0.1000000015
14132  -42.983  -58.493  -18.009 0.1000000015
11595  -43.904  -60.892  -17.283 0.1000000015
11580  -43.741  -61.604  -16.984 0.1000000015
16913  -36.243  -55.675  -17.139 0.1000000015
14151  -41.229  -58.693  -18.291 0.1000000015
14152  -42.278  -58.716  -18.796 0.1000000015
14133  -43.474  -58.728  -18.226 0.1000000015
12356  -43.724  -59.867  -18.438 0.1000000015
12344  -44.003  -60.115  -17.519 0.1000000015
11594  -42.832  -61.366  -17.490 0.1000000015
10756  -42.961  -61.793  -17.101 0.1000000015
16002  -36.645  -56.569  -18.434 0.1000000015
16003  -37.193  -55.949  -18.738 0.1000000015
16928  -38.559  -54.942  -18.773 0.1000000015
16943  -39.168  -55.072  -19.608 0.1000000015
9898  -43.333  -63.668  -13.394 0.1000000015
11558  -43.579  -61.634  -14.771 0.1000000015
11557  -42.763  -61.660  -14.544 0.1000000015
9907  -42.954  -63.157  -13.963 0.1000000015
8426  -43.848  -64.588  -12.809 0.1000000015
11570  -42.981  -61.037  -14.956 0.1000000015
12315  -41.766  -60.609  -14.780 0.1000000015
9884  -43.306  -63.786  -12.679 0.1000000015
13165  -41.885  -59.710  -15.044 0.1000000015
12324  -43.018  -60.298  -15.206 0.1000000015
8414  -44.102  -65.058  -12.265 0.2000000030
15078  -36.102  -57.690  -16.815 0.1000000015
14105  -37.327  -58.864  -16.744 0.1000000015
13183  -38.157  -59.094  -16.970 0.1000000015
14090  -43.136  -58.551  -15.958 0.1000000015
13168  -45.058  -60.129  -16.013 0.1000000015
8407  -44.252  -64.605  -11.488 0.1000000015
9119  -44.229  -64.588  -10.743 0.2000000030
14129  -39.691  -58.636  -16.977 0.1000000015
14108  -40.406  -58.481  -16.264 0.1000000015
14110  -42.919  -58.443  -17.017 0.1000000015
14091  -43.592  -58.801  -16.670 0.1000000015
13208  -44.033  -59.771  -17.103 0.1000000015
16926  -36.957  -55.517  -18.173 0.1000000015
17955  -37.382  -54.848  -18.087 0.1000000015
17937  -37.514  -54.207  -17.295 0.1000000015
17956  -38.110  -54.608  -18.246 0.1000000015
12309  -40.682  -61.014  -13.872 0.1000000015
11555  -40.986  -61.517  -14.072 0.1000000015
10731  -41.353  -62.313  -14.011 0.1000000015
12313  -40.474  -60.107  -14.246 0.1000000015
11556  -41.730  -61.563  -14.582 0.1000000015
10720  -41.839  -62.892  -13.511 0.1000000015
9897  -42.941  -63.475  -13.218 0.1000000015
13150  -41.420  -60.092  -14.585 0.1000000015
10721  -42.331  -63.010  -13.647 0.1000000015
9130  -43.766  -64.085  -12.515 0.1000000015
14088  -40.984  -58.937  -15.421 0.1000000015
13149  -40.828  -59.677  -14.602 0.1000000015
9883  -42.961  -63.643  -12.433 0.1000000015
16912  -35.740  -56.413  -16.635 0.1000000015
15077  -35.866  -57.465  -16.510 0.1000000015
15065  -36.333  -58.094  -16.120 0.1000000015
14104  -36.579  -58.387  -16.568 0.1000000015
14085  -37.788  -58.601  -15.796 0.1000000015
14107  -39.320  -58.540  -16.218 0.1000000015
14089  -42.225  -58.933  -15.605 0.1000000015
9871  -43.054  -63.595  -11.559 0.1000000015
14128  -38.961  -58.766  -16.771 0.1000000015
9120  -44.376  -63.975  -10.391 0.1000000015
16898  -36.087  -55.207  -16.402 0.1000000015
17919  -36.467  -54.418  -16.474 0.1000000015
17936  -36.829  -54.869  -17.488 0.1000000015
17920  -37.123  -53.878  -16.704 0.1000000015
18908  -37.575  -53.215  -16.666 0.1000000015
18918  -38.093  -53.672  -17.246 0.1000000015
18919  -38.814  -53.267  -17.304 0.1000000015
12308  -40.081  -60.546  -13.860 0.1000000015
11544  -40.425  -61.580  -13.728 0.1000000015
10730  -40.775  -62.101  -13.858 0.1000000015
12307  -39.030  -60.426  -13.585 0.1000000015
10719  -40.616  -62.740  -13.156 0.1000000015
13148  -39.967  -59.719  -14.340 0.1000000015
13139  -39.351  -59.626  -13.873 0.1000000015
9894  -41.361  -63.380  -12.633 0.1000000015
9896  -42.431  -63.348  -13.107 0.1000000015
14053  -39.556  -59.189  -14.155 0.1000000015
9881  -41.862  -63.587  -12.105 0.1000000015
16897  -35.680  -55.746  -15.983 0.1000000015
14084  -36.893  -58.571  -15.902 0.1000000015
14087  -39.725  -58.587  -15.449 0.1000000015
14070  -39.947  -59.011  -14.671 0.1000000015
9870  -42.452  -63.565  -11.396 0.1000000015
9872  -43.505  -63.854  -11.869 0.1000000015
17918  -35.995  -55.019  -16.011 0.1000000015
15976  -35.531  -56.791  -15.975 0.1000000015
15962  -35.560  -56.554  -15.184 0.1000000015
15051  -36.559  -57.979  -15.329 0.1000000015
15052  -37.340  -58.424  -15.277 0.1000000015
14086  -38.706  -58.509  -15.580 0.1000000015
9859  -43.022  -63.382  -10.761 0.1000000015
18889  -36.567  -53.265  -16.017 0.1000000015
17902  -36.102  -53.929  -15.763 0.1000000015
19816  -36.709  -52.292  -15.841 0.1000000015
18907  -36.935  -53.692  -16.443 0.1000000015
18890  -37.091  -52.779  -16.119 0.1000000015
18909  -38.233  -52.756  -16.961 0.1000000015
19829  -37.328  -52.240  -16.242 0.1000000015
14051  -37.737  -58.844  -13.278 0.1000000015
13138  -38.559  -59.515  -13.477 0.1000000015
12306  -38.223  -60.301  -13.378 0.1000000015
11529  -39.303  -62.088  -12.930 0.1000000015
10705  -39.373  -62.551  -12.384 0.1000000015
15036  -37.496  -58.179  -14.610 0.1000000015
15037  -38.196  -58.325  -14.618 0.1000000015
15020  -38.241  -58.289  -14.273 0.1000000015
10706  -40.303  -63.167  -11.943 0.1000000015
17901  -35.576  -54.665  -15.273 0.1000000015
16881  -35.478  -55.826  -14.987 0.1000000015
15050  -35.819  -57.301  -15.238 0.1000000015
14068  -38.081  -58.406  -15.062 0.1000000015
14069  -38.848  -58.503  -14.744 0.1000000015
9857  -41.536  -63.359  -10.708 0.1000000015
9846  -43.372  -63.248  -10.016 0.1000000015
18888  -35.779  -53.416  -15.292 0.1000000015
19815  -35.970  -52.457  -15.458 0.1000000015
20718  -36.071  -51.514  -15.706 0.1000000015
20719  -36.867  -51.457  -16.029 0.1000000015
21596  -36.317  -50.507  -15.960 0.1000000015
20730  -37.531  -51.413  -16.428 0.1000000015
11542  -38.454  -61.143  -13.347 0.1000000015
11543  -39.527  -61.587  -13.346 0.1000000015
10704  -38.325  -62.202  -12.247 0.1000000015
10690  -38.745  -62.340  -11.280 0.1000000015
16867  -35.263  -55.594  -14.188 0.1000000015
15035  -36.499  -57.439  -14.382 0.1000000015
15019  -37.579  -58.055  -13.811 0.1000000015
18867  -35.063  -53.598  -14.492 0.1000000015
17880  -34.866  -54.604  -13.920 0.1000000015
15034  -35.777  -57.036  -14.709 0.1000000015
9868  -40.995  -63.418  -11.311 0.1000000015
19814  -35.341  -52.626  -14.764 0.1000000015
20717  -35.402  -51.637  -15.029 0.1000000015
21581  -34.848  -50.719  -14.625 0.1000000015
21595  -35.572  -50.604  -15.285 0.1000000015
22505  -35.698  -49.573  -15.535 0.1000000015
14036  -36.890  -58.664  -12.622 0.1000000015
12303  -37.533  -60.372  -13.133 0.1000000015
11541  -37.877  -60.856  -13.298 0.1000000015
11527  -37.573  -61.390  -12.689 0.1000000015
11514  -36.869  -61.306  -12.021 0.1000000015
15001  -37.079  -58.079  -13.114 0.1000000015
15018  -36.687  -57.480  -13.475 0.1000000015
19801  -34.944  -52.782  -14.193 0.1000000015
13131  -37.178  -59.565  -12.946 0.1000000015
12300  -36.510  -60.522  -11.822 0.1000000015
18866  -34.692  -53.877  -13.743 0.1000000015
15949  -35.704  -56.639  -14.225 0.1000000015
20707  -34.754  -51.852  -14.172 0.1000000015
22496  -35.088  -49.674  -14.859 0.1000000015
23478  -35.284  -48.704  -15.060 0.1000000015
24378  -35.381  -47.756  -15.153 0.1000000015
15915  -35.910  -56.672  -12.685 0.1000000015
15000  -36.392  -57.560  -12.461 0.1000000015
18845  -34.784  -53.224  -13.856 0.1000000015
17879  -34.695  -54.261  -13.645 0.1000000015
16853  -35.236  -55.394  -13.250 0.1000000015
15932  -35.584  -56.213  -13.335 0.1000000015
19785  -34.703  -52.610  -13.668 0.1000000015
23477  -34.774  -48.741  -14.397 0.1000000015
24363  -34.711  -47.665  -13.980 0.1000000015
24377  -34.947  -48.019  -14.697 0.1000000015
15914  -35.593  -55.896  -12.379 0.1000000015
17855  -34.674  -54.244  -13.225 0.1000000015
17831  -34.863  -54.663  -12.515 0.1000000015
16831  -35.224  -55.158  -12.603 0.1000000015
20706  -34.382  -51.505  -13.460 0.1000000015
21580  -34.367  -50.755  -13.767 0.1000000015
22495  -34.564  -49.724  -14.083 0.1000000015
23468  -34.490  -48.710  -13.501 0.1000000015
24356  -34.496  -47.663  -12.927 0.1000000015
19784  -34.530  -52.462  -13.156 0.1000000015
22488  -34.406  -49.788  -13.081 0.1000000015
25174  -34.565  -46.628  -12.361 0.1000000015
24343  -34.433  -47.649  -11.863 0.1000000015
21568  -34.155  -50.921  -12.776 0.1000000015
23460  -34.428  -48.729  -12.439 0.1000000015
7064  -36.485  -67.610  -17.234 0.1000000015
7044  -35.337  -67.177  -16.484 0.1000000015
7737  -36.086  -66.184  -16.306 0.1000000015
7715  -35.055  -65.826  -15.658 0.1000000015
8453  -36.696  -64.849  -15.560 0.1000000015
8451  -35.280  -65.072  -15.685 0.1000000015
8450  -34.370  -65.366  -15.849 0.1000000015
9925  -36.339  -63.804  -15.992 0.1000000015
8507  -38.745  -65.876  -17.067 0.1000000015
8508  -39.406  -65.468  -17.073 0.1000000015
7739  -38.418  -66.085  -16.964 0.1000000015
9184  -38.464  -64.304  -16.295 0.1000000015
9167  -36.480  -64.266  -15.574 0.1000000015
9948  -37.575  -63.355  -16.222 0.1000000015
9968  -37.401  -63.117  -16.830 0.1000000015
8564  -40.754  -64.405  -21.445 0.1000000015
8561  -39.058  -65.683  -21.273 0.1000000015
9253  -39.332  -64.941  -20.394 0.1000000015
7741  -41.430  -65.796  -16.224 0.1000000015
7742  -41.896  -65.519  -15.662 0.2000000030
13227  -38.066  -59.447  -18.363 0.1000000015
13252  -40.678  -59.850  -19.908 0.1000000015
11658  -41.706  -62.372  -21.036 0.1000000015
9241  -41.259  -64.659  -19.884 0.1000000015
10825  -40.782  -62.624  -19.172 0.1000000015
9239  -39.199  -64.565  -19.765 0.1000000015
10802  -37.572  -63.074  -17.840 0.1000000015
9995  -37.700  -63.274  -18.370 0.1000000015
9188  -42.960  -64.411  -16.226 0.1000000015
7051  -42.491  -65.391  -15.044 0.2000000030
120213  -42.099  -65.675  -14.751 0.2000000030
9208  -43.439  -64.010  -16.490 0.1000000015
10777  -39.396  -62.494  -17.337 0.1000000015
13230  -41.336  -59.139  -19.121 0.1000000015
13254  -43.077  -59.482  -20.003 0.1000000015
10803  -38.487  -62.720  -18.009 0.1000000015
13229  -40.353  -59.243  -18.695 0.1000000015
15102  -36.567  -57.740  -18.946 0.1000000015
14172  -43.301  -59.065  -19.352 0.1000000015
13231  -43.553  -59.355  -18.845 0.1000000015
12355  -43.340  -60.360  -18.876 0.1000000015
10732  -42.379  -62.539  -14.112 0.1000000015
9908  -43.450  -63.274  -14.323 0.1000000015
10743  -45.293  -61.596  -15.977 0.1000000015
7667  -43.518  -65.429  -11.923 0.2000000030
10759  -44.967  -61.729  -16.219 0.1000000015
13166  -43.134  -59.400  -15.419 0.1000000015
11596  -44.420  -60.620  -16.951 0.1000000015
11581  -44.643  -61.315  -16.683 0.1000000015
10757  -43.345  -62.109  -16.942 0.1000000015
14109  -41.821  -58.552  -16.445 0.1000000015
13207  -43.807  -59.247  -17.939 0.1000000015
13167  -44.056  -59.569  -16.076 0.1000000015
9860  -43.721  -63.622  -10.829 0.1000000015
17938  -38.497  -54.055  -17.710 0.1000000015
14071  -40.695  -59.242  -14.960 0.1000000015
14052  -38.879  -58.636  -13.848 0.1000000015
21608  -36.906  -50.081  -16.307 0.1000000015
15950  -36.234  -57.130  -13.847 0.1000000015
18676  -46.953  -53.238  -3.392 0.5000000000
13002  -48.211  -60.051  0.118 0.5000000000
13865  -48.220  -59.038  0.529 0.5000000000
18675  -45.936  -53.217  -3.859 0.5000000000
18696  -47.516  -54.039  -3.852 0.5000000000
18677  -47.922  -53.765  -2.775 0.5000000000
13879  -48.360  -59.055  -0.414 0.5000000000
19656  -45.291  -53.194  -4.347 0.5000000000
18695  -46.638  -53.969  -4.408 0.5000000000
14844  -49.069  -57.254  -1.394 0.5000000000
18694  -45.740  -53.712  -4.667 0.5000000000
18713  -46.158  -54.209  -5.149 0.4000000060
17687  -47.386  -54.486  -4.665 0.4000000060
13059  -47.946  -59.629  -2.725 0.5000000000
12217  -47.375  -60.868  -2.958 0.5000000000
13058  -47.597  -60.145  -3.454 0.5000000000
12231  -47.471  -60.753  -4.104 0.5000000000
12238  -47.610  -59.984  -5.557 0.5000000000
13073  -47.923  -59.480  -5.331 0.5000000000
13084  -47.488  -59.699  -6.652 0.4000000060
13099  -47.644  -59.407  -7.473 0.4000000060
15787  -46.736  -57.247  -0.158 0.1000000015
18662  -45.702  -52.740  -3.443 0.5000000000
18663  -46.133  -52.848  -3.193 0.5000000000
19641  -47.357  -53.094  -2.601 0.5000000000
18678  -48.607  -54.016  -2.606 0.4000000060
14831  -49.376  -56.821  -0.583 0.5000000000
19655  -44.547  -52.859  -4.503 0.5000000000
19640  -45.259  -52.721  -3.764 0.5000000000
19668  -43.015  -52.371  -4.940 0.5000000000
19669  -43.587  -52.962  -5.328 0.5000000000
18693  -45.036  -53.523  -5.010 0.5000000000
18712  -45.521  -54.071  -5.410 0.4000000060
17705  -46.874  -54.794  -5.492 0.4000000060
19670  -44.365  -53.405  -5.318 0.3000000119
17707  -48.502  -55.201  -5.444 0.6999999881
17689  -48.995  -54.910  -4.597 0.5000000000
18710  -44.003  -53.596  -6.048 0.3000000119
18711  -44.765  -54.022  -5.842 0.3000000119
17704  -46.067  -54.509  -5.869 0.4000000060
17706  -47.764  -55.039  -5.298 0.5000000000
16727  -49.966  -55.251  -4.635 0.6000000238
15800  -49.964  -55.959  -3.032 0.6000000238
14843  -48.532  -58.192  -1.101 0.5000000000
13033  -47.927  -59.942  -1.760 0.3000000119
18725  -44.401  -54.008  -6.726 0.3000000119
17703  -45.464  -54.356  -6.083 0.3000000119
16743  -47.126  -55.283  -6.465 0.4000000060
16738  -48.787  -55.299  -6.372 0.5000000000
17691  -49.860  -55.370  -5.163 0.6000000238
15833  -49.619  -56.803  -4.728 0.6000000238
14871  -48.497  -57.936  -3.491 0.5000000000
13913  -48.328  -58.849  -3.109 0.5000000000
17736  -45.626  -54.663  -7.428 0.4000000060
16755  -46.855  -55.189  -6.900 0.4000000060
16745  -48.582  -55.228  -6.864 0.5000000000
17723  -49.594  -54.993  -7.222 0.5000000000
15842  -49.802  -56.624  -5.835 0.5000000000
14893  -49.081  -57.472  -4.918 0.5000000000
13928  -48.296  -58.555  -4.496 0.5000000000
17737  -46.625  -55.026  -7.435 0.4000000060
17738  -47.814  -54.934  -7.771 0.5000000000
17740  -49.729  -54.706  -7.855 0.5000000000
15849  -49.702  -56.130  -7.446 0.4000000060
14906  -49.062  -57.648  -5.796 0.5000000000
13939  -48.471  -58.445  -5.994 0.5000000000
17739  -48.785  -55.110  -8.105 0.5000000000
17741  -49.967  -54.726  -7.844 0.5000000000
14941  -49.686  -56.878  -7.666 0.4000000060
13958  -48.802  -58.023  -7.015 0.4000000060
16775  -49.229  -55.556  -8.864 0.5000000000
15857  -49.473  -56.286  -8.563 0.4000000060
13975  -48.509  -58.485  -7.654 0.4000000060
13100  -48.175  -59.067  -7.795 0.4000000060
15873  -49.075  -56.361  -9.606 0.3000000119
14958  -49.033  -57.201  -9.071 0.4000000060
13989  -48.721  -57.877  -8.730 0.3000000119
13123  -47.872  -58.821  -9.156 0.3000000119
13121  -47.440  -59.106  -8.562 0.3000000119
16676  -45.952  -56.011  -1.700 0.1000000015
15786  -46.245  -57.013  -1.035 0.1000000015
17628  -46.583  -55.350  -1.041 0.1000000015
16677  -46.706  -56.337  -0.756 0.1000000015
16664  -47.715  -56.372  0.259 0.4000000060
15771  -47.480  -57.191  0.315 0.4000000060
14829  -48.055  -57.880  0.575 0.4000000060
15755  -48.593  -56.807  0.526 0.4000000060
15773  -49.261  -56.537  0.288 0.5000000000
14830  -48.745  -57.383  0.009 0.5000000000
19625  -45.575  -52.200  -2.989 0.5000000000
19626  -46.714  -52.575  -2.557 0.5000000000
18664  -47.959  -53.370  -1.827 0.4000000060
15774  -49.687  -56.129  -0.159 0.5000000000
19638  -43.998  -52.110  -3.693 0.5000000000
19639  -44.548  -52.174  -3.487 0.5000000000
20568  -42.904  -51.922  -4.238 0.5000000000
19654  -43.671  -52.276  -4.215 0.5000000000
16678  -50.287  -55.252  -1.592 0.6000000238
20581  -42.420  -52.138  -5.239 0.4000000060
20597  -42.036  -52.036  -5.772 0.2000000030
20596  -41.608  -51.695  -6.541 0.2000000030
19684  -42.442  -52.594  -6.276 0.3000000119
18724  -43.759  -53.658  -6.893 0.3000000119
18723  -43.024  -53.411  -7.106 0.3000000119
19697  -42.438  -52.965  -7.835 0.3000000119
18739  -43.584  -53.712  -7.706 0.4000000060
17757  -44.475  -54.261  -8.020 0.4000000060
18756  -44.027  -53.850  -8.276 0.3000000119
17758  -45.171  -54.595  -8.159 0.4000000060
17760  -47.157  -54.886  -8.586 0.4000000060
17761  -48.205  -54.742  -8.981 0.4000000060
17778  -44.607  -54.180  -8.823 0.3000000119
17780  -46.511  -54.657  -9.236 0.3000000119
16791  -48.764  -54.795  -9.874 0.3000000119
16774  -48.867  -55.109  -8.981 0.4000000060
16792  -49.073  -55.401  -9.792 0.3000000119
14003  -48.625  -57.801  -9.295 0.3000000119
16802  -48.998  -54.982  -10.874 0.2000000030
15888  -48.897  -55.930  -10.549 0.2000000030
15872  -48.657  -56.723  -10.399 0.3000000119
14002  -48.255  -58.467  -9.438 0.3000000119
16816  -48.707  -55.655  -12.154 0.1000000015
14990  -48.194  -57.183  -11.561 0.2000000030
14013  -48.219  -58.160  -10.521 0.4000000060
16855  -47.056  -55.474  -14.387 0.1000000015
17595  -47.483  -54.795  0.131 0.1000000015
17614  -47.277  -55.651  -0.325 0.1000000015
17615  -47.841  -55.589  0.270 0.2000000030
17596  -48.208  -54.949  0.508 0.5000000000
16648  -48.405  -56.153  0.540 0.4000000060
15757  -49.407  -56.036  0.415 0.4000000060
19613  -46.251  -51.965  -2.035 0.5000000000
19614  -47.246  -52.004  -1.784 0.4000000060
19615  -47.763  -52.528  -1.193 0.4000000060
18636  -49.263  -53.348  -0.524 0.4000000060
17617  -50.087  -54.391  -0.532 0.5000000000
16650  -49.758  -55.264  0.319 0.5000000000
20552  -44.367  -51.875  -3.189 0.5000000000
19624  -44.965  -51.996  -3.054 0.5000000000
20534  -45.563  -51.806  -2.301 0.4000000060
16666  -50.221  -55.190  -0.422 0.4000000060
20567  -42.256  -51.260  -3.997 0.4000000060
20551  -43.784  -51.831  -3.415 0.5000000000
21460  -41.583  -50.942  -4.567 0.4000000060
20580  -41.932  -51.583  -5.130 0.4000000060
21469  -41.110  -50.893  -5.708 0.3000000119
21484  -41.058  -50.557  -7.152 0.2000000030
19696  -41.821  -52.220  -7.384 0.2000000030
20617  -41.533  -51.195  -8.247 0.1000000015
18754  -42.848  -53.335  -8.449 0.3000000119
19707  -42.149  -52.126  -8.598 0.2000000030
19722  -43.587  -52.992  -9.521 0.2000000030
17797  -45.051  -54.251  -9.536 0.2000000030
17799  -46.757  -54.401  -10.155 0.2000000030
120348  -44.673  -52.698  -10.505 0.2000000030
18791  -46.894  -53.831  -10.888 0.2000000030
17800  -47.582  -54.197  -10.492 0.2000000030
120347  -45.290  -52.910  -10.710 0.2000000030
18792  -47.594  -53.726  -11.142 0.1000000015
17802  -48.727  -54.407  -11.174 0.2000000030
18827  -47.746  -52.435  -11.716 0.1000000015
17817  -48.587  -53.870  -11.636 0.1000000015
16837  -48.958  -54.619  -12.280 0.1000000015
15919  -48.078  -55.962  -12.498 0.1000000015
18850  -48.406  -53.236  -12.766 0.1000000015
17861  -48.554  -53.937  -13.240 0.1000000015
16836  -48.555  -54.970  -12.769 0.1000000015
16856  -47.747  -55.169  -13.678 0.1000000015
17859  -47.462  -54.132  -14.517 0.1000000015
17858  -46.416  -53.257  -15.038 0.1000000015
17584  -47.426  -54.365  0.815 0.3000000119
19554  -46.873  -52.705  1.662 0.3000000119
17586  -48.241  -53.831  1.150 0.3000000119
17597  -48.860  -54.366  0.814 0.3000000119
16649  -49.022  -55.591  0.748 0.4000000060
20484  -47.100  -51.689  0.805 0.3000000119
19555  -47.880  -52.589  1.159 0.3000000119
18618  -49.000  -53.438  0.510 0.5000000000
17598  -49.862  -54.205  0.234 0.5000000000
20516  -45.625  -51.482  -1.473 0.4000000060
20517  -46.761  -51.648  -1.169 0.5000000000
19595  -47.821  -52.258  -0.528 0.4000000060
19616  -48.109  -52.622  -0.725 0.4000000060
18619  -49.526  -53.452  -0.012 0.5000000000
21443  -42.572  -50.910  -2.975 0.4000000060
20531  -43.133  -50.960  -2.637 0.4000000060
20533  -44.740  -51.679  -2.652 0.5000000000
21441  -41.002  -50.344  -2.979 0.4000000060
21442  -41.998  -50.831  -3.375 0.4000000060
20549  -42.366  -51.098  -3.517 0.4000000060
20550  -42.828  -51.183  -3.190 0.5000000000
21459  -40.726  -50.173  -4.594 0.4000000060
22383  -40.174  -49.612  -3.454 0.4000000060
22401  -40.057  -48.862  -4.572 0.3000000119
22411  -40.459  -49.036  -5.700 0.3000000119
21468  -40.678  -49.925  -6.240 0.2000000030
22420  -40.748  -48.976  -6.801 0.1000000015
21483  -40.954  -49.576  -7.423 0.1000000015
21506  -41.508  -49.787  -8.487 0.1000000015
20631  -42.648  -51.963  -9.242 0.2000000030
21521  -42.330  -50.262  -9.247 0.1000000015
19721  -43.530  -52.469  -9.944 0.2000000030
20630  -42.472  -51.278  -9.295 0.2000000030
20656  -43.788  -52.036  -10.324 0.2000000030
120350  -44.663  -52.042  -10.713 0.1000000015
120352  -47.157  -51.898  -11.658 0.1000000015
18828  -48.122  -53.001  -12.160 0.1000000015
19789  -48.331  -52.108  -12.658 0.1000000015
18872  -48.326  -52.997  -13.364 0.1000000015
17882  -47.561  -52.647  -14.557 0.1000000015
18870  -47.502  -51.161  -14.161 0.1000000015
17881  -47.002  -52.192  -14.862 0.1000000015
18869  -46.299  -51.700  -14.548 0.1000000015
18868  -45.269  -51.570  -14.297 0.1000000015
19802  -44.538  -50.820  -13.398 0.1000000015
19553  -46.024  -52.939  1.837 0.3000000119
18606  -45.721  -53.226  1.496 0.2000000030
20462  -46.295  -51.823  1.787 0.3000000119
20483  -45.882  -51.324  0.715 0.4000000060
20482  -45.135  -50.978  0.564 0.3000000119
21426  -41.901  -50.450  -2.139 0.3000000119
21427  -42.883  -50.750  -2.372 0.3000000119
21428  -43.382  -50.798  -2.002 0.4000000060
21415  -44.164  -50.837  -0.934 0.4000000060
21401  -44.797  -50.815  0.150 0.3000000119
21414  -43.595  -50.710  -1.345 0.4000000060
21400  -44.249  -50.632  -0.251 0.4000000060
21386  -43.952  -50.435  0.725 0.3000000119
22382  -39.476  -48.681  -3.652 0.3000000119
22400  -39.696  -48.324  -4.287 0.3000000119
23396  -41.090  -48.318  -7.228 0.1000000015
23375  -41.343  -47.760  -7.166 0.1000000015
23397  -41.986  -48.019  -7.635 0.1000000015
21505  -41.345  -49.248  -8.000 0.1000000015
22436  -41.976  -48.824  -8.328 0.1000000015
21528  -43.534  -50.876  -9.964 0.2000000030
120370  -43.792  -50.030  -9.998 0.2000000030
120362  -44.263  -50.650  -10.460 0.2000000030
120380  -45.340  -50.781  -10.925 0.1000000015
120369  -44.930  -50.072  -10.349 0.1000000015
19771  -47.957  -51.562  -11.677 0.1000000015
120358  -46.895  -50.966  -11.381 0.1000000015
120364  -47.613  -50.481  -11.414 0.1000000015
18871  -48.258  -51.801  -13.585 0.1000000015
19804  -48.181  -50.477  -13.423 0.1000000015
120367  -46.280  -50.301  -14.125 0.1000000015
120355  -46.797  -49.898  -13.689 0.1000000015
19803  -45.791  -50.454  -14.126 0.1000000015
120377  -46.196  -49.818  -13.707 0.1000000015
120366  -45.371  -50.374  -13.613 0.1000000015
120390  -45.686  -49.672  -13.362 0.1000000015
120391  -44.983  -48.406  -12.414 0.1000000015
120394  -45.747  -48.064  -12.776 0.1000000015
120383  -44.707  -47.690  -11.853 0.1000000015
19552  -45.125  -53.072  1.919 0.2000000030
18605  -45.342  -53.200  1.626 0.2000000030
19528  -43.728  -52.251  2.550 0.2000000030
20448  -45.370  -51.888  2.302 0.3000000119
20446  -43.392  -51.594  2.598 0.2000000030
20447  -44.313  -51.497  2.333 0.3000000119
20461  -45.084  -51.228  1.516 0.3000000119
21413  -42.617  -50.347  -1.229 0.3000000119
21387  -44.633  -50.739  0.688 0.3000000119
22366  -40.445  -50.043  -2.410 0.3000000119
21399  -43.239  -49.906  -0.145 0.3000000119
23300  -38.997  -48.581  -3.012 0.3000000119
22365  -39.446  -49.421  -2.456 0.3000000119
21398  -42.310  -50.100  -0.483 0.3000000119
22337  -42.887  -49.721  0.148 0.2000000030
21385  -43.355  -50.127  0.917 0.2000000030
23317  -38.892  -47.804  -3.418 0.2000000030
23338  -39.433  -47.787  -4.139 0.3000000119
23339  -39.883  -47.865  -4.733 0.3000000119
23357  -40.317  -48.027  -5.459 0.3000000119
23374  -40.710  -48.046  -6.523 0.1000000015
24271  -40.646  -47.163  -6.041 0.2000000030
24272  -41.457  -47.083  -6.778 0.1000000015
24292  -42.646  -47.058  -7.099 0.1000000015
25094  -42.725  -46.205  -6.355 0.1000000015
25083  -44.435  -47.011  -5.014 0.1000000015
25108  -43.544  -46.859  -6.766 0.1000000015
24262  -44.820  -47.394  -5.497 0.1000000015
24248  -44.939  -47.347  -4.876 0.1000000015
24250  -46.381  -47.548  -4.440 0.1000000015
23398  -43.121  -47.738  -7.658 0.1000000015
24321  -44.222  -47.559  -7.186 0.1000000015
24275  -44.619  -47.352  -6.224 0.1000000015
24263  -45.351  -47.671  -5.351 0.1000000015
23340  -46.061  -47.875  -5.222 0.1000000015
23424  -42.983  -48.365  -8.214 0.1000000015
22453  -43.420  -49.113  -9.179 0.1000000015
120371  -44.758  -49.554  -9.834 0.1000000015
25139  -46.286  -49.360  -10.713 0.1000000015
120387  -48.427  -50.229  -12.205 0.1000000015
120365  -47.953  -49.304  -13.111 0.1000000015
120368  -47.355  -49.915  -13.584 0.1000000015
120382  -46.764  -49.009  -13.374 0.1000000015
120399  -46.279  -47.909  -12.798 0.1000000015
120397  -45.916  -48.575  -12.991 0.1000000015
21348  -40.502  -50.997  2.305 0.2000000030
21351  -43.165  -50.999  2.297 0.2000000030
20460  -44.428  -51.007  1.809 0.3000000119
21366  -44.397  -50.783  1.342 0.3000000119
21361  -40.093  -50.483  1.567 0.2000000030
21349  -41.472  -51.035  2.242 0.2000000030
21365  -43.802  -50.701  1.755 0.3000000119
22351  -40.781  -49.967  -1.310 0.3000000119
22352  -41.372  -50.053  -0.875 0.3000000119
22335  -41.644  -49.983  -0.364 0.3000000119
22350  -39.587  -49.590  -1.198 0.3000000119
22334  -40.483  -49.700  -0.349 0.3000000119
22336  -42.555  -49.831  0.041 0.3000000119
23316  -38.380  -47.366  -3.080 0.2000000030
23299  -38.271  -48.282  -2.453 0.3000000119
22318  -42.800  -49.902  0.561 0.2000000030
24246  -39.194  -46.929  -3.956 0.2000000030
24231  -38.695  -46.824  -3.471 0.2000000030
24247  -39.699  -46.963  -4.588 0.3000000119
24261  -40.259  -47.075  -5.214 0.2000000030
25063  -40.168  -45.952  -4.950 0.2000000030
25079  -40.732  -46.370  -5.598 0.2000000030
25081  -42.152  -45.971  -5.796 0.1000000015
23426  -44.151  -47.770  -7.665 0.1000000015
23427  -44.530  -47.760  -7.264 0.1000000015
23377  -45.331  -47.941  -6.394 0.1000000015
22454  -43.851  -48.323  -8.483 0.1000000015
23428  -44.535  -48.009  -7.908 0.1000000015
23401  -45.322  -47.955  -7.097 0.1000000015
24329  -44.743  -48.414  -8.752 0.1000000015
24322  -45.329  -48.097  -7.909 0.1000000015
120381  -44.399  -48.842  -9.117 0.1000000015
120385  -44.978  -48.973  -9.403 0.1000000015
25137  -45.627  -47.925  -8.506 0.1000000015
25138  -45.687  -48.143  -9.355 0.1000000015
120359  -47.521  -49.146  -13.386 0.1000000015
21346  -38.539  -50.810  1.933 0.3000000119
21360  -39.112  -50.398  1.291 0.3000000119
21362  -41.070  -50.438  1.528 0.2000000030
21363  -42.003  -50.445  1.445 0.2000000030
21364  -42.867  -50.371  1.506 0.2000000030
22297  -39.712  -50.048  0.962 0.3000000119
22298  -40.454  -50.102  1.038 0.3000000119
21383  -41.563  -50.269  1.127 0.3000000119
22364  -38.843  -49.121  -1.738 0.3000000119
22349  -38.794  -49.202  -0.996 0.3000000119
22315  -40.095  -49.779  0.418 0.3000000119
22316  -41.203  -49.927  0.628 0.3000000119
22299  -42.165  -50.253  0.928 0.2000000030
24219  -37.599  -47.398  -2.246 0.2000000030
23283  -38.366  -48.746  -1.518 0.3000000119
23270  -38.192  -48.776  -0.941 0.3000000119
24220  -37.946  -47.095  -2.752 0.2000000030
25042  -37.896  -46.283  -3.058 0.2000000030
25047  -38.383  -46.033  -3.492 0.2000000030
25048  -38.998  -46.088  -3.787 0.2000000030
25062  -39.432  -46.053  -4.342 0.3000000119
25974  -45.815  -47.476  -9.001 0.1000000015
25975  -46.245  -46.704  -9.791 0.1000000015
25976  -47.606  -47.982  -11.991 0.1000000015
20439  -36.910  -51.177  2.420 0.1000000015
21344  -36.482  -50.483  2.248 0.2000000030
21345  -37.456  -50.285  2.066 0.3000000119
21358  -37.610  -49.838  1.543 0.3000000119
22295  -37.710  -49.676  1.143 0.3000000119
22332  -38.436  -49.248  -0.225 0.3000000119
22331  -37.790  -49.091  0.177 0.3000000119
24205  -37.271  -47.826  -1.139 0.3000000119
23269  -37.527  -48.464  -0.528 0.3000000119
25034  -36.736  -46.643  -1.614 0.2000000030
25041  -37.317  -46.453  -2.453 0.2000000030
25870  -37.537  -45.557  -3.031 0.1000000015
26769  -37.772  -44.978  -3.344 0.1000000015
25878  -38.832  -45.195  -3.725 0.2000000030
25893  -39.339  -45.478  -3.935 0.2000000030
25879  -39.504  -44.995  -3.628 0.3000000119
22294  -36.994  -49.504  1.375 0.3000000119
23250  -36.950  -48.850  0.835 0.3000000119
24204  -36.686  -47.515  -0.729 0.3000000119
23268  -36.896  -48.135  -0.075 0.3000000119
23257  -37.270  -48.648  0.304 0.3000000119
25030  -36.045  -46.517  -0.745 0.2000000030
26757  -36.312  -44.672  -1.387 0.1000000015
26762  -37.306  -44.399  -2.826 0.1000000015
26763  -37.759  -43.768  -3.014 0.1000000015
26770  -38.287  -44.318  -3.340 0.1000000015
26771  -39.236  -44.404  -3.499 0.1000000015
22293  -36.130  -49.294  1.813 0.3000000119
23248  -35.713  -48.455  1.983 0.2000000030
23249  -36.236  -48.597  1.160 0.3000000119
23256  -36.664  -48.281  0.521 0.3000000119
24196  -36.144  -47.864  0.720 0.3000000119
24203  -35.958  -47.166  -0.255 0.3000000119
25856  -35.687  -45.565  -0.321 0.2000000030
27678  -35.823  -43.783  0.102 0.1000000015
28636  -36.435  -43.140  0.810 0.1000000015
27692  -36.232  -43.647  -0.969 0.1000000015
27701  -36.420  -44.080  -1.614 0.1000000015
27693  -36.536  -43.051  -1.200 0.1000000015
27702  -36.735  -43.428  -1.863 0.1000000015
27703  -37.461  -43.213  -2.566 0.1000000015
27711  -38.110  -43.189  -3.037 0.1000000015
24189  -35.448  -47.553  2.396 0.2000000030
24195  -35.641  -47.562  1.341 0.2000000030
25848  -35.468  -45.583  0.555 0.2000000030
24198  -35.761  -47.250  0.452 0.2000000030
26730  -35.545  -44.731  1.068 0.1000000015
28617  -36.478  -43.361  1.514 0.1000000015
28666  -36.362  -42.908  -0.070 0.1000000015
28686  -36.898  -42.419  -1.099 0.1000000015
28693  -37.230  -42.343  -1.953 0.1000000015
28694  -37.789  -42.249  -2.581 0.1000000015
28637  -37.218  -42.296  0.670 0.1000000015
29665  -37.509  -41.748  -0.220 0.1000000015
29685  -37.599  -41.671  -1.238 0.1000000015
29698  -37.697  -41.598  -1.998 0.1000000015
28638  -38.360  -42.096  0.946 0.1000000015
29640  -38.510  -41.693  0.286 0.1000000015
29666  -38.540  -41.342  -0.596 0.1000000015
17668  -48.768  -54.313  -3.274 0.4000000060
17667  -48.098  -54.178  -3.561 0.5000000000
17688  -48.144  -54.612  -4.367 0.5000000000
17647  -50.213  -54.739  -2.434 0.5000000000
18665  -48.753  -53.809  -1.927 0.4000000060
13015  -48.146  -60.245  -0.741 0.5000000000
17646  -49.506  -54.250  -2.236 0.4000000060
16706  -49.925  -55.060  -4.237 0.5000000000
15788  -49.646  -56.400  -1.156 0.5000000000
17669  -49.749  -54.747  -3.592 0.6000000238
14857  -49.078  -57.340  -2.793 0.5000000000
13895  -48.365  -59.201  -1.717 0.3000000119
13032  -47.620  -60.297  -2.350 0.5000000000
15789  -49.991  -55.873  -1.903 0.5000000000
11328  -47.912  -61.005  0.459 0.5000000000
15799  -49.525  -56.553  -2.262 0.5000000000
16736  -47.566  -55.301  -6.008 0.4000000060
13066  -47.553  -60.000  -4.539 0.5000000000
13085  -48.063  -59.348  -6.658 0.4000000060
12248  -47.300  -60.093  -5.923 0.4000000060
13957  -48.383  -58.700  -7.040 0.4000000060
13112  -47.723  -59.190  -8.295 0.3000000119
13988  -48.398  -58.516  -8.406 0.4000000060
16663  -47.166  -56.579  -0.082 0.2000000030
19627  -47.541  -52.772  -1.974 0.5000000000
17645  -48.936  -54.091  -2.504 0.4000000060
17720  -46.522  -54.976  -6.464 0.3000000119
16737  -48.198  -55.300  -6.128 0.4000000060
17690  -49.630  -55.168  -4.905 0.6000000238
19685  -43.311  -53.317  -6.292 0.3000000119
17718  -45.125  -54.410  -6.682 0.4000000060
17719  -45.906  -54.637  -6.664 0.4000000060
17708  -49.273  -55.295  -6.071 0.6000000238
16728  -50.132  -55.577  -5.049 0.6000000238
16707  -50.166  -55.322  -3.814 0.6000000238
16687  -50.255  -55.334  -2.633 0.6000000238
14856  -48.582  -58.122  -2.249 0.5000000000
16756  -47.268  -55.220  -7.127 0.4000000060
16744  -47.885  -55.191  -6.837 0.4000000060
17722  -48.877  -54.920  -7.413 0.5000000000
16740  -50.127  -55.747  -6.194 0.6000000238
17724  -50.042  -54.857  -6.973 0.5000000000
14872  -49.046  -57.328  -3.971 0.5000000000
15815  -50.153  -56.144  -4.202 0.5000000000
14892  -48.594  -57.794  -4.412 0.5000000000
17735  -44.773  -54.395  -7.399 0.4000000060
17721  -48.445  -55.104  -7.402 0.5000000000
18773  -50.347  -53.695  -8.525 0.5000000000
14917  -49.668  -56.901  -6.463 0.4000000060
16761  -50.792  -54.985  -7.275 0.5000000000
14905  -48.618  -57.942  -5.140 0.5000000000
17759  -46.120  -54.745  -8.302 0.4000000060
16758  -49.380  -55.288  -7.943 0.5000000000
14928  -49.662  -56.874  -7.071 0.4000000060
13940  -48.875  -57.847  -6.363 0.5000000000
16757  -49.167  -55.153  -8.287 0.5000000000
14927  -49.371  -57.433  -7.439 0.4000000060
14940  -49.450  -57.250  -8.253 0.4000000060
18648  -47.912  -52.945  -1.464 0.4000000060
15775  -50.020  -55.776  -0.990 0.5000000000
17630  -50.170  -54.574  -1.386 0.5000000000
18740  -44.150  -53.966  -7.488 0.4000000060
18738  -43.003  -53.574  -7.927 0.3000000119
18771  -43.692  -53.296  -9.163 0.3000000119
18772  -44.038  -53.574  -9.000 0.3000000119
17779  -45.560  -54.514  -8.961 0.3000000119
17781  -47.471  -54.548  -9.585 0.3000000119
17798  -45.817  -54.449  -9.829 0.2000000030
17782  -48.211  -54.470  -10.084 0.3000000119
16801  -48.627  -54.567  -10.613 0.2000000030
14957  -48.601  -57.486  -9.898 0.4000000060
15904  -48.837  -55.750  -11.442 0.2000000030
15887  -48.566  -56.561  -11.131 0.3000000119
14975  -48.379  -57.380  -10.816 0.2000000030
17818  -48.957  -54.434  -11.654 0.2000000030
15903  -48.458  -56.391  -11.902 0.2000000030
15936  -47.271  -55.933  -13.917 0.1000000015
17860  -48.286  -54.171  -13.960 0.1000000015
20518  -47.443  -51.947  -1.010 0.5000000000
18635  -49.057  -52.912  -0.088 0.4000000060
18650  -49.262  -53.647  -1.117 0.5000000000
19708  -42.915  -52.744  -9.121 0.2000000030
18787  -43.956  -53.289  -9.511 0.2000000030
18789  -45.165  -53.874  -10.261 0.2000000030
18788  -44.470  -53.629  -9.687 0.2000000030
120346  -44.470  -52.525  -10.523 0.2000000030
18809  -46.162  -53.267  -10.941 0.1000000015
17801  -48.199  -54.182  -11.036 0.2000000030
120349  -46.032  -52.468  -11.276 0.1000000015
18810  -47.100  -53.013  -11.434 0.1000000015
18811  -47.937  -53.381  -11.581 0.1000000015
17836  -48.896  -54.011  -12.336 0.1000000015
17837  -49.053  -54.504  -12.053 0.1000000015
15918  -47.454  -56.356  -13.217 0.1000000015
16857  -48.301  -54.556  -13.432 0.1000000015
16835  -47.876  -55.594  -12.997 0.1000000015
17884  -48.406  -53.596  -13.728 0.1000000015
17883  -48.154  -53.236  -14.071 0.1000000015
17585  -47.898  -54.106  1.104 0.3000000119
20449  -45.866  -52.200  2.183 0.3000000119
20463  -47.106  -52.144  1.475 0.3000000119
18608  -47.743  -53.398  1.449 0.3000000119
19556  -48.516  -53.015  0.872 0.3000000119
19575  -47.853  -52.249  0.258 0.3000000119
20501  -47.343  -51.686  -0.306 0.3000000119
20500  -46.356  -51.386  -0.284 0.3000000119
19576  -48.504  -52.752  0.459 0.3000000119
20515  -44.403  -51.091  -1.424 0.4000000060
20498  -44.481  -50.897  -0.740 0.4000000060
20499  -45.137  -51.031  -0.351 0.4000000060
20532  -43.616  -51.109  -2.286 0.4000000060
20643  -43.233  -51.695  -9.860 0.2000000030
21527  -43.024  -50.582  -9.637 0.2000000030
21529  -43.885  -51.253  -10.315 0.1000000015
120351  -44.189  -51.541  -10.533 0.1000000015
120353  -45.981  -51.586  -11.389 0.1000000015
120378  -46.653  -50.498  -14.082 0.1000000015
19530  -45.553  -52.536  2.248 0.2000000030
18616  -45.910  -53.450  0.700 0.2000000030
20514  -43.840  -51.011  -1.638 0.4000000060
24291  -41.857  -47.491  -7.193 0.1000000015
22435  -41.262  -48.821  -7.607 0.1000000015
22462  -43.073  -49.952  -9.588 0.1000000015
19529  -44.711  -52.426  2.446 0.2000000030
21352  -43.681  -51.181  2.346 0.2000000030
21425  -41.155  -50.262  -1.864 0.3000000119
21411  -41.211  -50.167  -1.399 0.3000000119
21412  -41.675  -50.187  -1.100 0.3000000119
25092  -41.106  -46.513  -6.220 0.1000000015
24273  -42.156  -46.668  -6.676 0.1000000015
25107  -43.241  -46.555  -6.631 0.1000000015
25095  -43.843  -46.505  -5.865 0.1000000015
25096  -44.471  -47.038  -5.639 0.1000000015
24293  -43.747  -47.367  -7.204 0.1000000015
24274  -44.076  -47.079  -6.647 0.1000000015
24276  -45.125  -47.765  -5.955 0.1000000015
24249  -45.529  -47.407  -4.647 0.1000000015
23399  -43.759  -47.669  -7.608 0.1000000015
23425  -43.717  -47.947  -7.982 0.1000000015
23400  -44.844  -47.801  -6.698 0.1000000015
23376  -44.972  -47.795  -6.330 0.1000000015
23358  -45.708  -48.045  -5.866 0.1000000015
23341  -46.853  -48.217  -5.017 0.1000000015
21347  -39.547  -51.027  2.047 0.2000000030
21350  -42.383  -51.037  2.132 0.2000000030
22317  -42.158  -50.078  0.489 0.3000000119
24230  -38.274  -46.719  -3.155 0.2000000030
25080  -41.449  -46.087  -5.724 0.1000000015
25093  -41.815  -46.367  -6.316 0.1000000015
23378  -46.018  -48.099  -6.411 0.1000000015
21359  -38.221  -50.039  1.453 0.3000000119
21382  -38.892  -49.947  0.899 0.3000000119
22314  -39.163  -49.702  0.487 0.3000000119
22333  -39.429  -49.514  -0.312 0.3000000119
23298  -37.662  -47.920  -2.006 0.3000000119
24212  -37.307  -47.507  -1.692 0.3000000119
25035  -37.231  -47.010  -2.010 0.2000000030
23282  -37.759  -48.266  -1.487 0.3000000119
25894  -40.007  -45.276  -3.986 0.2000000030
25064  -41.224  -45.779  -5.049 0.2000000030
22286  -36.622  -49.865  1.997 0.2000000030
22313  -38.279  -49.662  0.694 0.3000000119
22312  -37.490  -49.269  0.736 0.3000000119
24211  -37.003  -47.379  -1.296 0.3000000119
25040  -36.843  -46.028  -2.147 0.2000000030
25869  -36.968  -45.436  -2.467 0.2000000030
25876  -37.827  -45.417  -3.393 0.1000000015
25877  -38.167  -45.280  -3.559 0.2000000030
24199  -36.373  -47.686  0.114 0.3000000119
25857  -36.183  -45.585  -1.115 0.2000000030
25863  -36.609  -45.495  -1.813 0.2000000030
26761  -36.666  -44.588  -2.047 0.1000000015
26747  -35.840  -44.629  -0.636 0.1000000015
25029  -35.639  -46.445  0.064 0.2000000030
26746  -35.570  -44.663  0.251 0.1000000015
27677  -35.681  -44.149  0.510 0.1000000015
28667  -36.790  -42.329  -0.288 0.1000000015
25020  -35.352  -46.583  1.910 0.2000000030
25025  -35.479  -46.514  0.947 0.2000000030
26731  -35.751  -44.287  1.636 0.1000000015
29639  -37.851  -41.829  0.492 0.1000000015
11380  -46.498  -62.290  -1.525 0.3000000119
9002  -44.972  -64.403  -1.340 0.3000000119
10569  -46.376  -63.145  -1.465 0.3000000119
5034  -39.799  -70.636  -4.415 0.2000000030
4460  -38.067  -70.521  -7.727 0.2000000030
8302  -44.169  -65.173  -1.480 0.4000000060
6301  -42.474  -67.556  -2.223 0.3000000119
9752  -45.959  -63.509  -2.104 0.4000000060
6888  -43.163  -67.217  -2.116 0.3000000119
6313  -41.224  -68.527  -3.098 0.3000000119
11404  -46.819  -61.452  -2.304 0.4000000060
8310  -43.843  -65.714  -2.667 0.4000000060
6329  -41.391  -68.664  -3.782 0.3000000119
5046  -40.063  -70.206  -4.935 0.2000000030
9768  -46.058  -63.295  -2.781 0.4000000060
9010  -44.647  -64.760  -2.420 0.4000000060
6330  -41.841  -67.939  -3.882 0.4000000060
11403  -46.450  -62.179  -3.018 0.4000000060
11428  -47.058  -61.457  -3.593 0.4000000060
6913  -42.909  -67.024  -3.474 0.4000000060
5060  -39.683  -69.831  -6.109 0.3000000119
9767  -45.438  -63.560  -3.203 0.4000000060
8320  -44.182  -65.175  -2.898 0.4000000060
6922  -41.690  -67.795  -4.610 0.3000000119
5687  -40.411  -69.475  -5.282 0.4000000060
8319  -43.595  -65.611  -3.273 0.4000000060
6348  -41.065  -68.364  -5.613 0.3000000119
9766  -44.898  -63.691  -3.482 0.4000000060
9023  -44.599  -64.215  -3.322 0.4000000060
7588  -42.271  -66.529  -4.916 0.4000000060
11427  -46.316  -61.658  -4.205 0.4000000060
8332  -43.282  -65.320  -4.436 0.4000000060
7601  -41.411  -67.289  -5.961 0.3000000119
12237  -47.358  -60.391  -5.099 0.4000000060
9783  -44.777  -63.566  -4.012 0.4000000060
7602  -41.621  -66.754  -5.688 0.4000000060
10607  -45.806  -63.074  -4.075 0.4000000060
10606  -45.075  -63.024  -4.641 0.4000000060
9038  -44.060  -64.319  -4.567 0.4000000060
8331  -42.691  -65.811  -5.079 0.4000000060
7611  -41.379  -67.014  -6.536 0.3000000119
9037  -43.439  -64.705  -5.090 0.4000000060
8346  -42.974  -65.127  -5.784 0.4000000060
8345  -42.218  -65.995  -5.799 0.3000000119
6957  -40.940  -67.292  -7.352 0.2000000030
11437  -46.484  -61.177  -5.041 0.3000000119
11426  -45.509  -62.232  -4.531 0.4000000060
11425  -44.867  -62.430  -4.914 0.4000000060
9054  -43.598  -64.241  -5.553 0.4000000060
8352  -42.421  -65.682  -6.761 0.4000000060
7619  -41.497  -66.644  -7.217 0.2000000030
7630  -41.551  -66.526  -8.042 0.2000000030
6968  -40.508  -67.546  -8.860 0.3000000119
12247  -46.913  -60.156  -5.977 0.3000000119
12236  -46.850  -60.578  -5.492 0.3000000119
11436  -45.711  -61.346  -5.001 0.3000000119
7620  -41.995  -66.105  -7.486 0.2000000030
6979  -40.907  -66.850  -9.203 0.2000000030
6987  -39.434  -68.051  -10.566 0.2000000030
13083  -46.965  -59.812  -6.416 0.3000000119
12235  -46.097  -60.636  -5.457 0.3000000119
9799  -43.877  -63.714  -5.525 0.4000000060
7631  -42.249  -65.923  -8.450 0.1000000015
13098  -47.100  -59.451  -7.192 0.3000000119
12234  -45.111  -60.593  -5.507 0.3000000119
10628  -43.832  -63.049  -6.048 0.2000000030
8353  -43.100  -65.037  -7.049 0.2000000030
7640  -41.087  -66.631  -9.919 0.1000000015
7005  -39.041  -67.287  -11.987 0.2000000030
10620  -43.839  -61.926  -5.783 0.2000000030
9087  -43.625  -64.328  -7.409 0.1000000015
7652  -40.588  -66.671  -10.763 0.1000000015
13111  -47.272  -59.288  -7.998 0.2000000030
13070  -45.809  -59.993  -5.741 0.3000000119
14001  -47.731  -58.778  -9.476 0.2000000030
13974  -46.764  -59.027  -7.746 0.1000000015
13956  -46.477  -59.235  -6.591 0.3000000119
12233  -44.160  -60.853  -5.857 0.2000000030
7642  -42.727  -65.710  -9.392 0.1000000015
7653  -41.697  -66.252  -10.749 0.1000000015
7664  -40.325  -66.573  -11.856 0.1000000015
14926  -46.801  -58.860  -8.272 0.2000000030
13955  -45.574  -58.651  -6.500 0.2000000030
12246  -44.402  -60.049  -6.013 0.2000000030
10627  -43.575  -62.546  -6.634 0.1000000015
8383  -43.568  -65.019  -8.874 0.1000000015
8393  -43.394  -65.357  -9.420 0.1000000015
7665  -41.268  -66.276  -11.874 0.1000000015
7697  -39.128  -66.548  -14.170 0.1000000015
13082  -44.513  -59.335  -5.991 0.1000000015
11445  -43.388  -61.255  -6.512 0.2000000030
9103  -43.921  -64.250  -8.794 0.1000000015
8402  -43.780  -65.203  -10.279 0.1000000015
7654  -42.871  -65.743  -10.588 0.1000000015
7684  -41.684  -66.202  -13.001 0.1000000015
7694  -40.346  -66.401  -13.613 0.1000000015
7028  -39.545  -67.463  -15.763 0.1000000015
11459  -43.143  -61.860  -7.181 0.1000000015
9115  -44.215  -64.497  -9.847 0.1000000015
7655  -43.617  -65.382  -11.034 0.1000000015
7700  -41.077  -66.508  -14.830 0.1000000015
7029  -40.385  -66.862  -15.734 0.1000000015
6997  -43.183  -65.610  -12.520 0.1000000015
26784  -40.637  -44.594  -3.737 0.2000000030
14012  -47.796  -58.568  -10.225 0.2000000030
14956  -46.786  -58.330  -9.438 0.1000000015
13973  -46.150  -58.425  -7.303 0.1000000015
13972  -45.065  -58.191  -7.309 0.1000000015
13081  -43.829  -59.380  -6.298 0.1000000015
9104  -44.065  -63.791  -9.238 0.1000000015
7699  -40.625  -66.551  -14.332 0.1000000015
7683  -40.816  -66.393  -12.825 0.1000000015
9116  -44.277  -63.925  -9.583 0.1000000015
9001  -44.615  -64.922  -1.898 0.3000000119
9011  -45.201  -64.493  -1.984 0.4000000060
5036  -40.794  -70.067  -4.003 0.3000000119
6898  -42.498  -67.568  -2.838 0.3000000119
7566  -43.475  -66.408  -2.606 0.3000000119
5677  -40.800  -69.461  -4.379 0.3000000119
9024  -45.086  -64.188  -2.607 0.4000000060
6340  -41.423  -68.367  -4.621 0.3000000119
10586  -46.201  -63.019  -3.295 0.4000000060
6924  -42.710  -66.703  -4.183 0.4000000060
6932  -41.523  -67.602  -5.259 0.3000000119
11402  -46.119  -62.452  -3.850 0.4000000060
9800  -44.318  -63.523  -5.012 0.4000000060
7612  -41.789  -66.337  -6.597 0.2000000030
10621  -44.225  -62.706  -5.431 0.3000000119
9070  -43.423  -64.486  -6.439 0.2000000030
6978  -40.398  -67.213  -9.729 0.2000000030
13071  -46.491  -59.999  -5.941 0.3000000119
11435  -44.645  -61.682  -5.268 0.3000000119
8365  -42.652  -65.515  -7.764 0.2000000030
7641  -41.780  -66.342  -9.329 0.1000000015
9816  -43.953  -63.328  -5.656 0.4000000060
9815  -43.699  -63.642  -6.375 0.2000000030
8382  -43.024  -65.475  -8.659 0.1000000015
7663  -39.546  -66.960  -11.911 0.1000000015
13069  -45.097  -59.678  -5.677 0.3000000119
9826  -43.555  -63.438  -7.737 0.1000000015
8401  -43.196  -65.519  -9.916 0.1000000015
7682  -39.932  -66.531  -12.712 0.1000000015
14925  -46.475  -58.487  -8.145 0.1000000015
12245  -43.638  -60.246  -6.382 0.1000000015
7015  -39.441  -66.954  -14.932 0.1000000015
7048  -39.781  -67.327  -16.585 0.1000000015
10632  -43.011  -62.408  -8.102 0.1000000015
12244  -43.008  -60.371  -6.741 0.1000000015
12179  -46.196  -60.719  -0.790 0.3000000119
11362  -45.720  -62.026  -0.658 0.2000000030
10552  -43.699  -62.832  -1.357 0.3000000119
10553  -45.111  -63.137  -0.585 0.2000000030
13864  -47.737  -59.085  0.815 0.4000000060
12165  -47.174  -60.407  0.463 0.2000000030
13001  -47.840  -59.601  0.834 0.4000000060
12180  -46.760  -60.838  0.171 0.3000000119
9739  -43.383  -63.837  -1.235 0.2000000030
12987  -48.047  -59.970  0.631 0.4000000060
9740  -44.313  -63.773  -0.918 0.2000000030
9009  -42.248  -64.705  -1.887 0.1000000015
8999  -42.960  -64.683  -1.356 0.2000000030
8299  -41.811  -65.841  -1.790 0.1000000015
10554  -46.051  -62.856  0.056 0.3000000119
8309  -41.851  -65.373  -1.948 0.1000000015
8301  -43.363  -65.435  -1.329 0.2000000030
7565  -41.057  -66.749  -2.004 0.1000000015
6895  -39.847  -67.622  -2.883 0.1000000015
6897  -41.361  -67.111  -1.836 0.1000000015
6896  -40.750  -67.646  -2.177 0.1000000015
6339  -39.211  -67.999  -4.018 0.1000000015
6311  -40.097  -68.568  -2.951 0.1000000015
6338  -38.938  -68.668  -4.461 0.1000000015
6328  -39.428  -68.472  -3.532 0.1000000015
11343  -47.833  -61.441  0.062 0.3000000119
8992  -44.698  -64.066  -0.880 0.2000000030
7554  -42.648  -66.474  -1.501 0.2000000030
7553  -41.774  -66.469  -1.748 0.2000000030
6886  -41.872  -67.405  -1.817 0.2000000030
5686  -38.758  -69.679  -5.381 0.1000000015
5699  -38.461  -69.276  -6.559 0.1000000015
12181  -47.855  -61.072  -0.577 0.2000000030
10555  -46.494  -63.051  -0.490 0.3000000119
8288  -44.382  -64.509  -1.094 0.2000000030
6312  -40.805  -68.491  -2.737 0.2000000030
5665  -39.188  -69.813  -3.746 0.1000000015
5698  -37.951  -69.860  -7.155 0.1000000015
9733  -46.083  -63.451  -0.457 0.3000000119
7555  -43.477  -66.307  -1.765 0.3000000119
13014  -47.759  -60.479  -1.406 0.2000000030
5667  -40.432  -69.750  -3.404 0.2000000030
5022  -40.102  -70.509  -3.610 0.1000000015
5057  -37.982  -70.321  -7.421 0.1000000015
5058  -38.474  -70.247  -6.663 0.1000000015
5045  -39.485  -70.291  -5.330 0.1000000015
4484  -37.478  -70.888  -8.571 0.1000000015
11381  -47.041  -61.419  -1.031 0.2000000030
4461  -38.778  -70.569  -7.471 0.1000000015
5059  -39.160  -70.431  -6.470 0.1000000015
3871  -37.454  -71.264  -8.808 0.1000000015
3858  -38.215  -70.675  -8.127 0.1000000015
12194  -47.305  -60.866  -1.732 0.2000000030
5070  -39.435  -70.287  -7.049 0.1000000015
3860  -38.996  -70.618  -8.170 0.1000000015
4485  -39.424  -70.282  -8.593 0.1000000015
3316  -36.161  -72.256  -10.956 0.1000000015
3283  -37.516  -71.421  -9.120 0.1000000015
3270  -38.333  -70.916  -8.817 0.1000000015
3874  -39.130  -70.537  -8.524 0.1000000015
5700  -40.484  -69.031  -6.460 0.3000000119
3319  -38.189  -71.338  -10.837 0.1000000015
12167  -48.268  -60.930  -0.096 0.3000000119
12152  -47.611  -60.501  0.627 0.3000000119
11342  -47.436  -61.027  0.401 0.2000000030
8303  -44.629  -64.469  -1.172 0.3000000119
5033  -39.173  -70.321  -4.776 0.1000000015
6300  -41.678  -67.936  -2.443 0.2000000030
10542  -45.413  -63.410  -0.391 0.2000000030
10544  -46.105  -63.435  -0.032 0.3000000119
5657  -39.972  -68.976  -3.210 0.1000000015
3902  -37.019  -71.675  -9.226 0.1000000015
3301  -37.051  -72.123  -9.879 0.1000000015
3303  -38.374  -71.079  -9.656 0.1000000015
3914  -36.080  -72.100  -10.453 0.1000000015
3302  -37.759  -71.589  -9.883 0.1000000015
5071  -39.877  -69.797  -7.618 0.2000000030
4502  -38.679  -70.210  -11.215 0.1000000015
4516  -38.301  -70.607  -12.336 0.1000000015
4508  -38.483  -70.304  -11.826 0.2000000030
3955  -37.607  -71.129  -13.828 0.1000000015
5098  -39.521  -69.774  -9.369 0.2000000030
4496  -38.918  -70.135  -10.373 0.2000000030
4525  -38.042  -70.639  -13.053 0.2000000030
5103  -38.944  -69.876  -10.878 0.1000000015
4535  -37.644  -70.722  -14.086 0.1000000015
5119  -38.339  -70.164  -12.353 0.2000000030
5740  -38.549  -69.486  -11.564 0.1000000015
5097  -39.295  -69.730  -9.950 0.1000000015
5126  -37.927  -70.136  -13.381 0.1000000015
5752  -38.160  -69.645  -12.837 0.1000000015
5707  -40.590  -68.684  -6.888 0.2000000030
5715  -40.081  -69.180  -8.534 0.2000000030
5733  -39.207  -69.386  -10.500 0.1000000015
5739  -38.272  -69.284  -11.936 0.1000000015
5727  -39.693  -69.432  -9.344 0.1000000015
6395  -39.260  -68.653  -10.604 0.1000000015
6944  -41.187  -67.786  -6.311 0.2000000030
5706  -40.482  -68.823  -7.484 0.2000000030
6376  -40.360  -68.309  -8.334 0.2000000030
6403  -38.733  -68.613  -11.339 0.1000000015
6389  -39.924  -68.472  -9.603 0.1000000015
6365  -40.517  -68.051  -7.582 0.2000000030
6396  -39.644  -68.210  -10.272 0.1000000015
5757  -38.072  -68.833  -13.498 0.1000000015
4497  -39.301  -70.157  -9.437 0.1000000015
13863  -47.167  -59.058  0.276 0.2000000030
11361  -44.567  -61.878  -1.283 0.1000000015
18607  -46.796  -53.620  1.340 0.2000000030
18633  -46.064  -53.693  -0.441 0.1000000015
20442  -39.886  -51.651  2.624 0.1000000015
19550  -43.127  -52.593  2.089 0.1000000015
19573  -43.675  -52.693  1.267 0.1000000015
20445  -42.724  -51.488  2.538 0.1000000015
19551  -44.127  -52.785  2.044 0.1000000015
19549  -42.146  -52.257  2.017 0.1000000015
20441  -38.966  -51.567  2.426 0.2000000030
20443  -40.800  -51.756  2.766 0.1000000015
19526  -41.540  -52.002  2.444 0.1000000015
19527  -42.662  -52.081  2.623 0.1000000015
14828  -47.246  -58.134  0.176 0.2000000030
18617  -46.739  -54.121  0.422 0.1000000015
20444  -41.942  -51.613  2.472 0.1000000015
20440  -37.941  -51.358  2.365 0.2000000030
19572  -42.574  -52.378  1.093 0.1000000015
13894  -46.435  -58.855  -0.720 0.1000000015
13012  -46.280  -59.869  -0.817 0.1000000015
23242  -35.470  -48.515  2.888 0.1000000015
22284  -35.630  -49.616  3.135 0.1000000015
21336  -35.548  -50.672  3.548 0.1000000015
22292  -35.744  -49.150  2.421 0.1000000015
22285  -36.026  -49.846  2.349 0.1000000015
23231  -35.184  -48.753  4.001 0.1000000015
22264  -35.325  -49.614  4.851 0.1000000015
21325  -35.300  -50.607  4.570 0.1000000015
24181  -35.343  -47.578  3.422 0.1000000015
22275  -35.421  -49.852  4.017 0.1000000015
19507  -35.860  -52.507  3.761 0.1000000015
21292  -34.960  -50.600  6.111 0.1000000015
24171  -35.438  -47.391  4.692 0.1000000015
23221  -35.365  -48.631  5.153 0.1000000015
21313  -35.052  -50.391  5.612 0.1000000015
20412  -35.160  -51.471  5.416 0.1000000015
25011  -35.425  -46.646  2.871 0.1000000015
25821  -35.527  -45.576  2.518 0.1000000015
23183  -36.353  -48.442  6.695 0.1000000015
23205  -35.524  -48.667  5.879 0.1000000015
22249  -35.359  -49.441  5.782 0.1000000015
24153  -36.323  -47.004  5.702 0.1000000015
25801  -35.580  -45.981  3.282 0.1000000015
25837  -35.425  -45.634  1.469 0.1000000015
25895  -40.997  -45.332  -4.263 0.1000000015
25896  -42.221  -45.394  -4.560 0.1000000015
25783  -35.742  -45.892  3.861 0.1000000015
26772  -39.889  -44.518  -3.462 0.1000000015
25897  -43.518  -45.680  -4.019 0.1000000015
24152  -35.613  -47.916  5.742 0.1000000015
22226  -35.762  -49.080  6.452 0.1000000015
21293  -35.594  -50.357  6.660 0.1000000015
25065  -41.890  -45.791  -5.242 0.1000000015
20438  -36.245  -51.036  2.444 0.1000000015
20426  -36.141  -51.646  3.027 0.1000000015
21343  -35.869  -50.584  2.699 0.1000000015
20421  -35.441  -51.643  4.105 0.1000000015
24999  -35.508  -46.629  3.757 0.1000000015
24980  -35.806  -46.297  4.479 0.1000000015
25914  -42.536  -45.766  -5.294 0.1000000015
14024  -47.648  -58.119  -10.980 0.1000000015
14023  -47.305  -58.270  -10.597 0.1000000015
14025  -48.043  -57.808  -11.183 0.1000000015
13056  -43.333  -59.516  -3.136 0.1000000015
12190  -43.029  -60.947  -2.678 0.1000000015
12191  -43.639  -60.816  -2.507 0.1000000015
13055  -42.536  -59.639  -3.294 0.1000000015
12214  -42.334  -60.638  -3.048 0.1000000015
11401  -41.908  -61.589  -2.920 0.1000000015
12216  -43.780  -60.177  -2.787 0.1000000015
13909  -42.011  -58.889  -3.693 0.1000000015
13911  -43.630  -58.683  -3.224 0.1000000015
13912  -44.486  -58.640  -2.727 0.1000000015
13053  -40.821  -59.806  -3.500 0.1000000015
13927  -41.528  -58.574  -3.817 0.1000000015
13910  -42.791  -58.810  -3.462 0.1000000015
13926  -41.026  -58.427  -3.919 0.1000000015
14867  -42.399  -58.372  -3.733 0.1000000015
14795  -36.902  -58.142  1.088 0.1000000015
15763  -33.874  -56.920  -1.075 0.1000000015
14840  -33.498  -57.170  -1.691 0.1000000015
15794  -34.094  -56.640  -1.967 0.1000000015
14862  -34.463  -57.668  -3.221 0.1000000015
12192  -44.485  -60.625  -2.070 0.1000000015
14861  -33.755  -57.821  -3.134 0.1000000015
13907  -40.431  -58.998  -3.681 0.1000000015
13906  -39.503  -58.856  -3.813 0.1000000015
11360  -43.746  -61.914  -1.753 0.1000000015
13922  -34.453  -58.937  -3.714 0.1000000015
13048  -35.787  -59.509  -3.489 0.1000000015
13049  -36.760  -59.551  -3.494 0.1000000015
13051  -38.871  -59.682  -3.661 0.1000000015
13925  -40.208  -58.257  -4.076 0.1000000015
14890  -41.881  -57.956  -3.960 0.1000000015
10551  -43.001  -63.284  -1.525 0.1000000015
13064  -33.693  -59.492  -4.343 0.1000000015
12208  -36.432  -60.459  -3.396 0.1000000015
13905  -38.332  -58.527  -4.056 0.1000000015
13924  -39.343  -58.111  -4.421 0.1000000015
14810  -36.334  -57.362  0.842 0.1000000015
14809  -35.024  -57.428  0.986 0.1000000015
15764  -34.396  -56.567  -0.668 0.1000000015
14870  -44.752  -57.737  -2.465 0.1000000015
13892  -45.270  -58.609  -2.094 0.1000000015
13029  -44.975  -59.580  -2.206 0.1000000015
15784  -34.058  -56.694  -1.406 0.1000000015
14852  -34.019  -57.134  -2.605 0.1000000015
11379  -43.978  -61.352  -2.004 0.1000000015
13903  -36.069  -58.522  -3.588 0.1000000015
13904  -37.131  -58.568  -3.721 0.1000000015
14889  -40.931  -57.701  -4.272 0.1000000015
14864  -36.476  -57.458  -3.857 0.1000000015
14865  -37.445  -57.709  -4.111 0.1000000015
13923  -38.680  -57.745  -4.498 0.1000000015
14888  -40.062  -57.466  -4.441 0.1000000015
14811  -37.451  -57.385  0.621 0.1000000015
14812  -38.460  -57.487  0.171 0.1000000015
14798  -39.600  -58.068  0.339 0.1000000015
14854  -45.390  -57.724  -1.849 0.1000000015
15749  -35.806  -56.689  0.327 0.1000000015
15765  -35.355  -56.239  -0.366 0.1000000015
14869  -44.019  -57.777  -3.156 0.1000000015
14855  -46.008  -57.687  -1.274 0.1000000015
14868  -42.979  -57.868  -3.780 0.1000000015
13893  -46.015  -58.546  -1.424 0.1000000015
15785  -34.535  -56.240  -1.568 0.1000000015
15795  -34.730  -56.311  -2.405 0.1000000015
15808  -35.212  -56.577  -3.017 0.1000000015
14863  -35.366  -57.407  -3.457 0.1000000015
14886  -38.485  -57.074  -4.524 0.1000000015
14887  -39.245  -57.253  -4.503 0.1000000015
14885  -37.708  -56.998  -4.496 0.1000000015
15752  -38.715  -57.067  -0.250 0.1000000015
15797  -45.075  -56.927  -2.204 0.1000000015
15750  -36.920  -56.614  0.382 0.1000000015
15751  -37.997  -56.824  0.024 0.1000000015
14813  -39.575  -57.422  -0.185 0.1000000015
14814  -40.528  -57.328  -0.075 0.1000000015
15812  -43.667  -56.898  -3.581 0.1000000015
15813  -44.486  -56.875  -2.887 0.1000000015
16686  -45.339  -56.442  -1.992 0.1000000015
15766  -36.354  -56.181  -0.296 0.1000000015
15767  -37.467  -56.086  -0.205 0.1000000015
14891  -42.428  -57.462  -3.995 0.1000000015
13030  -45.869  -59.602  -1.518 0.1000000015
16673  -35.370  -55.696  -1.529 0.1000000015
16658  -35.855  -55.861  -0.962 0.1000000015
15829  -39.914  -56.617  -4.499 0.1000000015
16726  -42.095  -56.635  -4.150 0.1000000015
16682  -34.907  -55.827  -1.877 0.1000000015
15827  -38.232  -56.369  -4.236 0.1000000015
15809  -36.008  -56.313  -3.417 0.1000000015
15825  -36.679  -56.574  -3.945 0.1000000015
15768  -38.733  -56.378  -0.527 0.1000000015
15811  -42.720  -56.830  -3.913 0.1000000015
14841  -46.432  -57.750  -0.596 0.1000000015
15828  -39.078  -56.507  -4.248 0.1000000015
16724  -40.669  -55.949  -4.435 0.1000000015
15810  -36.758  -55.947  -3.763 0.1000000015
16683  -35.513  -55.631  -2.192 0.1000000015
16696  -36.001  -55.674  -2.756 0.1000000015
16703  -42.370  -55.870  -3.798 0.1000000015
17644  -44.227  -55.053  -3.025 0.1000000015
16702  -41.470  -55.393  -3.966 0.1000000015
16722  -38.878  -55.739  -3.947 0.1000000015
16723  -39.748  -55.787  -4.254 0.1000000015
16701  -40.525  -55.099  -4.030 0.1000000015
16659  -36.812  -55.529  -0.766 0.1000000015
16720  -37.290  -55.578  -3.737 0.1000000015
16721  -38.009  -55.653  -3.852 0.1000000015
16674  -36.261  -55.283  -1.522 0.1000000015
16697  -36.776  -55.289  -3.132 0.1000000015
16698  -37.767  -55.023  -3.411 0.1000000015
16684  -36.336  -55.146  -2.327 0.1000000015
17665  -43.259  -55.190  -3.399 0.1000000015
17643  -43.457  -54.083  -2.635 0.1000000015
17662  -40.357  -54.408  -3.374 0.1000000015
17663  -41.346  -54.560  -3.435 0.1000000015
16660  -37.892  -55.490  -0.598 0.1000000015
17660  -38.520  -54.545  -2.916 0.1000000015
17661  -39.418  -54.413  -3.157 0.1000000015
16699  -38.645  -54.934  -3.671 0.1000000015
17642  -42.206  -53.960  -2.820 0.1000000015
17641  -41.178  -53.743  -2.890 0.1000000015
17659  -37.632  -54.663  -2.708 0.1000000015
17608  -36.782  -55.115  -1.119 0.1000000015
18644  -43.447  -53.135  -1.360 0.1000000015
14801  -41.246  -57.838  2.007 0.1000000015
14816  -41.002  -57.674  1.198 0.1000000015
14815  -40.635  -57.240  0.525 0.1000000015
13851  -41.042  -57.847  0.492 0.1000000015
14824  -34.278  -57.052  0.210 0.1000000015
14853  -34.709  -56.974  -2.977 0.1000000015
13901  -34.091  -58.312  -3.585 0.1000000015
13902  -35.014  -58.544  -3.509 0.1000000015
13047  -34.983  -59.507  -3.600 0.1000000015
13050  -37.801  -59.568  -3.479 0.1000000015
12210  -38.376  -60.580  -3.450 0.1000000015
15748  -34.874  -56.566  0.273 0.1000000015
15830  -40.780  -56.841  -4.473 0.1000000015
15826  -37.356  -56.268  -4.125 0.1000000015
17666  -43.712  -55.588  -3.315 0.1000000015
16725  -41.525  -56.265  -4.311 0.1000000015
17664  -42.361  -54.800  -3.418 0.1000000015
16700  -39.561  -54.966  -3.883 0.1000000015
13852  -41.066  -57.766  0.830 0.1000000015
1995  -30.615  -75.428  -20.895 0.1000000015
1984  -30.329  -75.474  -19.843 0.1000000015
4040  -26.803  -72.834  -20.685 0.1000000015
3461  -27.521  -73.888  -20.461 0.1000000015
3446  -28.316  -73.552  -19.913 0.1000000015
3463  -29.543  -73.845  -20.715 0.1000000015
2876  -30.198  -75.091  -22.155 0.1000000015
4039  -26.634  -72.368  -20.513 0.1000000015
5223  -26.295  -70.482  -21.304 0.1000000015
5853  -26.781  -69.813  -21.428 0.1000000015
2361  -30.822  -74.998  -20.241 0.1000000015
1976  -31.062  -75.313  -19.029 0.1000000015
1968  -30.679  -75.916  -18.353 0.1000000015
2373  -31.088  -75.039  -20.918 0.1000000015
3477  -29.986  -73.985  -21.159 0.1000000015
2864  -30.665  -74.584  -21.795 0.1000000015
2877  -30.981  -75.171  -22.188 0.1000000015
1606  -30.020  -76.065  -19.266 0.1000000015
4022  -27.611  -72.865  -19.680 0.1000000015
2863  -29.656  -74.598  -21.547 0.1000000015
2852  -28.898  -74.340  -20.920 0.1000000015
4584  -27.143  -72.082  -19.310 0.1000000015
5823  -26.544  -70.274  -19.663 0.1000000015
5837  -26.571  -70.012  -20.460 0.1000000015
5838  -27.307  -69.617  -20.457 0.1000000015
3344  -32.599  -73.472  -12.934 0.1000000015
1895  -31.312  -75.589  -13.272 0.1000000015
2759  -32.825  -74.458  -13.103 0.1000000015
2347  -31.478  -75.029  -18.468 0.1000000015
1958  -31.235  -75.741  -17.302 0.1000000015
1585  -31.104  -76.315  -16.631 0.1000000015
1548  -31.328  -76.333  -15.341 0.1000000015
1920  -31.183  -76.169  -14.164 0.1000000015
1906  -31.777  -75.647  -13.622 0.1000000015
2354  -31.521  -74.672  -19.090 0.1000000015
1563  -31.247  -76.659  -15.809 0.1000000015
2853  -31.508  -74.241  -19.833 0.1000000015
1584  -30.582  -76.516  -17.306 0.1000000015
3478  -30.435  -74.067  -21.262 0.1000000015
3479  -31.024  -74.137  -21.177 0.1000000015
4583  -26.552  -71.605  -19.737 0.1000000015
3345  -33.549  -73.536  -13.156 0.1000000015
2278  -32.178  -75.183  -13.075 0.1000000015
3929  -33.360  -72.573  -13.077 0.1000000015
1946  -31.618  -75.582  -16.272 0.1000000015
1934  -31.761  -75.790  -15.386 0.1000000015
1921  -31.968  -75.709  -14.489 0.1000000015
1959  -31.706  -75.056  -16.944 0.1000000015
1970  -31.622  -75.034  -17.730 0.1000000015
4041  -29.999  -73.373  -20.412 0.1000000015
4024  -29.842  -72.978  -19.765 0.1000000015
4023  -28.736  -73.041  -19.458 0.1000000015
4006  -28.252  -72.397  -18.988 0.1000000015
4573  -27.682  -71.723  -18.649 0.1000000015
3480  -31.188  -74.248  -20.943 0.1000000015
2758  -31.956  -74.353  -12.897 0.1000000015
2289  -32.503  -75.470  -13.504 0.1000000015
3465  -30.943  -73.482  -20.843 0.1000000015
2757  -31.193  -74.373  -13.149 0.1000000015
2348  -31.874  -74.393  -18.194 0.1000000015
2841  -31.834  -74.083  -19.090 0.1000000015
3343  -31.518  -73.318  -12.822 0.1000000015
3467  -32.954  -73.060  -19.922 0.1000000015
4045  -33.530  -72.122  -19.836 0.1000000015
1908  -33.274  -76.125  -13.854 0.1000000015
1947  -32.066  -74.854  -16.315 0.1000000015
2842  -32.292  -73.735  -18.589 0.1000000015
2337  -32.141  -74.273  -17.094 0.1000000015
3449  -32.191  -73.634  -19.475 0.1000000015
3450  -32.880  -73.062  -18.952 0.1000000015
2326  -32.593  -74.369  -15.989 0.1000000015
1922  -33.127  -75.809  -14.561 0.1000000015
1935  -32.502  -75.171  -15.395 0.1000000015
2814  -32.811  -73.563  -16.499 0.1000000015
4044  -32.581  -72.475  -20.261 0.1000000015
2834  -32.385  -73.762  -17.836 0.1000000015
1574  -31.335  -76.380  -16.084 0.1000000015
1896  -31.658  -75.432  -13.191 0.1000000015
1907  -32.595  -75.761  -13.810 0.1000000015
1957  -30.773  -76.016  -17.923 0.1000000015
1969  -31.090  -75.562  -18.249 0.1000000015
1975  -30.568  -75.764  -18.837 0.1000000015
1985  -30.946  -75.000  -19.573 0.1000000015
2277  -31.468  -75.111  -13.025 0.1000000015
2355  -31.863  -74.228  -18.698 0.1000000015
2362  -31.178  -74.711  -19.802 0.1000000015
2372  -29.460  -75.076  -21.969 0.1000000015
2374  -31.124  -74.656  -20.312 0.1000000015
2386  -30.343  -75.716  -22.129 0.1000000015
2865  -31.171  -74.769  -21.448 0.1000000015
2866  -31.218  -74.417  -20.675 0.1000000015
2875  -29.720  -75.053  -22.066 0.1000000015
3256  -38.276  -70.755  -8.340 0.1000000015
3257  -38.406  -70.785  -8.545 0.1000000015
3268  -37.677  -71.131  -8.782 0.1000000015
3269  -38.019  -71.023  -8.654 0.1000000015
3284  -38.124  -71.261  -9.166 0.1000000015
3285  -38.470  -70.897  -9.083 0.1000000015
3300  -36.463  -72.177  -10.323 0.1000000015
3447  -29.142  -73.529  -20.034 0.1000000015
3448  -29.644  -73.425  -20.240 0.1000000015
3464  -30.263  -73.612  -20.838 0.1000000015
3859  -38.647  -70.665  -8.150 0.1000000015
3872  -37.742  -70.889  -8.494 0.1000000015
3873  -38.707  -70.689  -8.629 0.1000000015
3885  -37.210  -71.220  -8.837 0.1000000015
3886  -37.497  -71.101  -8.712 0.1000000015
3887  -38.783  -70.617  -9.106 0.1000000015
3888  -39.174  -70.444  -8.842 0.1000000015
3943  -37.798  -71.012  -13.442 0.1000000015
4005  -27.655  -72.297  -19.120 0.1000000015
4021  -26.725  -72.386  -19.994 0.1000000015
4459  -37.778  -70.462  -7.832 0.1000000015
4462  -38.981  -70.633  -7.880 0.1000000015
4470  -37.599  -70.488  -8.073 0.1000000015
4471  -37.657  -70.612  -8.206 0.1000000015
4472  -39.188  -70.502  -7.194 0.1000000015
4473  -39.305  -70.509  -7.802 0.1000000015
4523  -33.548  -72.124  -13.089 0.1000000015
4534  -37.481  -71.019  -14.449 0.1000000015
4543  -37.297  -70.901  -14.985 0.1000000015
4594  -26.386  -71.880  -20.554 0.1000000015
4595  -26.552  -72.324  -20.815 0.1000000015
5021  -39.370  -70.304  -3.915 0.1000000015
5023  -40.606  -70.135  -3.777 0.3000000119
5024  -40.799  -69.974  -3.787 0.3000000119
5035  -40.490  -70.390  -4.218 0.3000000119
5044  -38.999  -70.315  -5.678 0.1000000015
5084  -39.715  -69.845  -8.819 0.2000000030
5108  -38.625  -70.042  -11.551 0.1000000015
5191  -26.555  -70.889  -19.537 0.1000000015
5192  -26.969  -71.275  -19.071 0.1000000015
5209  -26.278  -70.866  -20.323 0.1000000015
5658  -40.244  -69.000  -3.083 0.1000000015
5659  -40.700  -69.053  -3.316 0.2000000030
5666  -39.743  -69.487  -3.387 0.1000000015
5668  -40.866  -69.533  -3.746 0.3000000119
5675  -38.873  -69.809  -4.251 0.1000000015
5676  -40.442  -69.961  -4.645 0.3000000119
5688  -40.839  -68.871  -5.072 0.4000000060
5701  -40.649  -68.593  -6.655 0.2000000030
5705  -37.973  -69.311  -7.131 0.1000000015
5726  -39.531  -69.230  -9.895 0.1000000015
5751  -38.173  -69.180  -12.445 0.1000000015
6299  -41.252  -68.278  -2.566 0.2000000030
6302  -42.844  -67.482  -2.324 0.3000000119
6314  -41.994  -67.866  -2.990 0.3000000119
6315  -42.579  -67.548  -2.543 0.3000000119
6327  -39.138  -69.296  -3.798 0.1000000015
6341  -41.759  -67.867  -4.345 0.3000000119
6347  -40.688  -68.832  -5.673 0.3000000119
6355  -40.748  -68.621  -6.015 0.3000000119
6356  -40.789  -68.421  -6.325 0.3000000119
6366  -40.684  -68.235  -6.920 0.2000000030
6388  -39.514  -68.980  -10.139 0.1000000015
6402  -38.321  -68.750  -11.967 0.1000000015
6885  -41.287  -68.062  -2.204 0.2000000030
6887  -42.792  -67.104  -1.776 0.3000000119
6899  -42.907  -67.333  -2.690 0.3000000119
6912  -42.406  -67.529  -3.331 0.4000000060
6923  -42.096  -67.334  -4.304 0.3000000119
6933  -41.770  -67.008  -4.985 0.4000000060
6956  -40.571  -67.591  -8.067 0.2000000030
6969  -40.957  -66.927  -8.432 0.2000000030
6988  -39.808  -67.578  -10.415 0.2000000030
6994  -39.099  -67.726  -11.231 0.2000000030
6995  -39.849  -67.039  -11.193 0.1000000015
6996  -42.988  -65.629  -13.038 0.2000000030
7016  -40.446  -66.700  -14.968 0.1000000015
7017  -40.848  -66.577  -15.209 0.1000000015
7030  -40.699  -66.628  -15.398 0.1000000015
7031  -41.911  -65.674  -15.080 0.2000000030
7032  -42.235  -65.547  -14.947 0.2000000030
7033  -42.460  -65.569  -14.533 0.2000000030
7049  -41.981  -65.536  -15.360 0.2000000030
7050  -42.194  -65.466  -15.271 0.2000000030
7063  -35.804  -67.501  -17.001 0.1000000015
7556  -43.884  -65.802  -1.888 0.3000000119
7567  -43.782  -66.068  -2.090 0.3000000119
7577  -43.109  -66.215  -3.700 0.4000000060
7589  -42.794  -66.121  -4.446 0.4000000060
7681  -39.062  -66.873  -12.648 0.1000000015
7693  -39.485  -66.452  -13.491 0.1000000015
7698  -39.892  -66.413  -14.318 0.1000000015
7718  -41.137  -66.355  -15.593 0.1000000015
7743  -42.526  -65.185  -15.441 0.2000000030
7832  -39.022  -65.946  -21.724 0.1000000015
8287  -43.988  -64.917  -1.046 0.2000000030
8289  -44.657  -64.265  -0.981 0.3000000119
8300  -42.385  -65.602  -1.562 0.1000000015
8308  -41.267  -65.840  -2.259 0.1000000015
8311  -44.169  -65.585  -2.186 0.3000000119
8333  -43.977  -64.939  -3.701 0.4000000060
8366  -43.334  -64.943  -8.099 0.1000000015
8394  -43.784  -64.854  -9.453 0.1000000015
8406  -44.135  -65.021  -11.362 0.2000000030
8415  -44.158  -64.591  -11.976 0.1000000015
8432  -41.233  -66.349  -15.141 0.1000000015
8455  -41.439  -66.185  -14.912 0.1000000015
8478  -36.353  -65.325  -15.738 0.1000000015
8482  -41.005  -65.953  -16.816 0.1000000015
8485  -42.504  -64.913  -16.018 0.2000000030
8511  -42.135  -64.862  -16.787 0.1000000015
8538  -38.039  -65.086  -19.909 0.1000000015
8541  -41.372  -64.895  -20.296 0.1000000015
8554  -41.024  -64.792  -20.883 0.1000000015
8991  -44.325  -64.296  -0.964 0.2000000030
8993  -44.979  -64.035  -0.905 0.3000000119
9000  -43.763  -64.540  -1.096 0.2000000030
9055  -43.968  -63.949  -5.120 0.4000000060
9123  -44.264  -64.603  -11.237 0.2000000030
9124  -44.151  -64.186  -11.386 0.1000000015
9165  -34.995  -64.836  -15.849 0.1000000015
9166  -35.575  -64.312  -15.883 0.1000000015
9168  -37.319  -64.406  -15.701 0.1000000015
9169  -37.974  -64.209  -15.864 0.1000000015
9189  -43.627  -64.182  -15.839 0.1000000015
9202  -34.819  -64.695  -17.408 0.1000000015
9209  -43.807  -63.804  -16.263 0.1000000015
9236  -35.991  -64.767  -19.136 0.1000000015
9243  -41.922  -64.019  -20.562 0.1000000015
9252  -37.472  -64.784  -19.826 0.1000000015
9254  -39.995  -64.577  -20.371 0.1000000015
9256  -41.173  -64.106  -21.080 0.1000000015
9257  -41.593  -64.005  -20.764 0.1000000015
9268  -40.611  -64.334  -21.884 0.1000000015
9730  -44.723  -63.892  -0.809 0.2000000030
9731  -45.151  -63.606  -0.616 0.2000000030
9732  -45.527  -63.539  -0.731 0.3000000119
9741  -44.879  -63.627  -0.713 0.2000000030
9742  -45.521  -63.906  -1.552 0.4000000060
9743  -46.044  -63.506  -1.053 0.3000000119
9751  -45.474  -63.945  -2.277 0.4000000060
9784  -45.309  -63.272  -4.000 0.4000000060
9856  -40.927  -63.209  -10.730 0.1000000015
9869  -41.762  -63.548  -11.350 0.1000000015
9880  -41.121  -63.477  -12.134 0.1000000015
9882  -42.439  -63.614  -12.233 0.1000000015
9895  -41.789  -63.306  -12.833 0.1000000015
9906  -42.614  -63.145  -13.660 0.1000000015
9928  -38.203  -63.885  -15.976 0.1000000015
9947  -36.813  -63.419  -16.432 0.1000000015
9949  -38.448  -63.372  -16.265 0.1000000015
9951  -39.806  -63.116  -16.923 0.1000000015
9967  -36.713  -63.276  -17.310 0.1000000015
9969  -37.978  -63.113  -16.586 0.1000000015
9970  -39.802  -62.677  -17.082 0.1000000015
9993  -36.153  -63.767  -18.280 0.1000000015
9996  -38.357  -63.190  -18.566 0.1000000015
10021  -41.627  -63.749  -19.808 0.1000000015
10022  -42.185  -63.774  -20.256 0.1000000015
10035  -40.278  -64.061  -20.001 0.1000000015
10036  -40.666  -64.535  -19.906 0.1000000015
10038  -41.777  -63.630  -20.685 0.1000000015
10053  -41.105  -63.467  -21.329 0.1000000015
10543  -45.611  -63.403  -0.227 0.3000000119
10587  -46.389  -62.980  -2.387 0.4000000060
10678  -42.892  -63.277  -10.258 0.1000000015
10689  -38.010  -62.167  -11.706 0.1000000015
10692  -40.445  -63.153  -11.112 0.1000000015
10718  -39.666  -62.280  -13.010 0.1000000015
10754  -38.313  -62.951  -16.600 0.1000000015
10774  -36.923  -63.144  -17.704 0.1000000015
10801  -37.121  -63.092  -17.831 0.1000000015
10805  -40.279  -61.976  -18.652 0.1000000015
10840  -41.438  -63.134  -21.016 0.1000000015
10856  -41.707  -62.751  -20.867 0.1000000015
11327  -47.736  -60.804  0.555 0.3000000119
11329  -48.111  -61.106  0.204 0.5000000000
11344  -48.200  -61.269  0.157 0.3000000119
11363  -46.810  -61.855  -0.242 0.3000000119
11364  -47.489  -61.576  -0.366 0.2000000030
11378  -43.375  -61.445  -2.257 0.1000000015
11434  -43.959  -61.405  -5.767 0.2000000030
11502  -36.881  -61.148  -11.235 0.1000000015
11526  -36.791  -60.997  -12.414 0.1000000015
11528  -38.764  -61.820  -12.828 0.1000000015
11569  -42.308  -61.124  -14.893 0.1000000015
11571  -43.735  -61.017  -15.231 0.1000000015
11573  -45.252  -61.201  -15.782 0.1000000015
11579  -43.247  -61.668  -17.102 0.1000000015
11582  -45.503  -61.172  -16.263 0.1000000015
11592  -40.551  -61.938  -17.451 0.1000000015
11604  -39.993  -61.897  -17.612 0.1000000015
11636  -42.178  -62.376  -20.535 0.1000000015
12153  -47.881  -60.530  0.634 0.4000000060
12154  -48.097  -60.673  0.374 0.5000000000
12166  -48.140  -61.260  -0.076 0.3000000119
12178  -45.262  -61.157  -1.181 0.1000000015
12182  -48.127  -60.822  -0.428 0.3000000119
12215  -43.102  -60.283  -2.933 0.1000000015
12230  -47.117  -61.200  -4.701 0.4000000060
12249  -47.806  -59.879  -6.082 0.5000000000
12302  -36.862  -60.431  -12.681 0.1000000015
12314  -41.041  -60.591  -14.233 0.1000000015
12323  -42.387  -60.543  -14.995 0.1000000015
12326  -44.849  -60.458  -15.751 0.1000000015
12335  -45.014  -60.601  -16.601 0.1000000015
12336  -45.490  -60.610  -16.257 0.1000000015
12345  -44.362  -60.238  -16.864 0.1000000015
12420  -41.419  -61.574  -21.158 0.1000000015
12985  -47.507  -60.158  0.672 0.4000000060
12986  -47.769  -59.936  0.786 0.4000000060
13000  -47.408  -59.731  0.629 0.4000000060
13013  -46.632  -59.727  -0.077 0.2000000030
13031  -46.293  -59.324  -0.944 0.1000000015
13057  -44.186  -59.554  -2.845 0.1000000015
13067  -47.803  -59.374  -3.944 0.5000000000
13072  -47.587  -59.963  -5.171 0.5000000000
13113  -48.031  -58.885  -8.722 0.3000000119
13122  -47.704  -58.959  -8.901 0.3000000119
13137  -37.852  -59.673  -13.271 0.1000000015
13164  -41.097  -59.357  -15.010 0.1000000015
13169  -45.439  -60.383  -16.088 0.1000000015
13184  -38.578  -58.931  -16.885 0.1000000015
13185  -43.915  -59.304  -16.942 0.1000000015
13186  -44.474  -60.050  -16.477 0.1000000015
13187  -45.187  -60.322  -16.285 0.1000000015
13225  -36.744  -58.769  -18.542 0.1000000015
13226  -37.160  -59.146  -18.360 0.1000000015
13255  -43.306  -59.497  -19.424 0.1000000015
13853  -47.812  -59.557  0.951 0.4000000060
13854  -47.986  -59.570  0.910 0.4000000060
13877  -46.315  -58.234  -0.852 0.1000000015
13878  -46.701  -58.512  -0.268 0.1000000015
13908  -41.239  -59.073  -3.682 0.1000000015
13936  -45.091  -59.003  -5.954 0.2000000030
13937  -45.806  -59.296  -5.912 0.3000000119
13938  -46.198  -59.622  -5.994 0.3000000119
13954  -44.454  -58.645  -6.535 0.1000000015
13976  -48.860  -57.936  -7.923 0.4000000060
13987  -47.031  -59.015  -8.397 0.3000000119
14000  -47.317  -58.804  -9.063 0.2000000030
14106  -38.404  -58.753  -16.401 0.1000000015
14111  -43.555  -58.693  -17.472 0.1000000015
14149  -36.532  -58.409  -18.236 0.1000000015
14153  -43.125  -58.802  -18.799 0.1000000015
14154  -43.471  -58.982  -18.753 0.1000000015
14173  -43.415  -59.150  -19.140 0.1000000015
14817  -48.475  -57.201  0.453 0.4000000060
14818  -48.704  -56.986  0.456 0.5000000000
14842  -46.741  -57.894  -0.202 0.1000000015
14866  -38.096  -57.628  -4.421 0.1000000015
14884  -37.086  -57.001  -4.179 0.1000000015
14907  -49.536  -57.197  -6.039 0.5000000000
14916  -49.337  -57.446  -6.607 0.5000000000
14939  -46.799  -58.644  -8.700 0.2000000030
15064  -35.862  -57.560  -16.082 0.1000000015
15756  -48.990  -56.562  0.601 0.4000000060
15772  -48.172  -56.966  0.414 0.4000000060
15796  -35.444  -56.049  -2.778 0.1000000015
15798  -45.663  -56.971  -1.732 0.1000000015
15814  -49.576  -56.685  -3.489 0.5000000000
15831  -41.580  -57.102  -4.290 0.1000000015
15832  -42.158  -57.201  -4.121 0.1000000015
15834  -50.136  -56.208  -5.203 0.6000000238
15841  -49.475  -57.185  -5.464 0.5000000000
15846  -49.842  -56.305  -6.690 0.4000000060
15848  -49.648  -56.010  -7.995 0.5000000000
15858  -49.668  -56.502  -7.992 0.4000000060
15933  -36.064  -56.962  -13.335 0.1000000015
15989  -35.738  -57.136  -16.592 0.1000000015
16651  -50.149  -54.845  0.099 0.5000000000
16657  -35.007  -55.994  -1.068 0.1000000015
16665  -49.980  -55.549  -0.020 0.5000000000
16672  -34.916  -55.909  -1.520 0.1000000015
16704  -43.266  -56.070  -3.499 0.1000000015
16739  -49.167  -55.262  -6.693 0.5000000000
16741  -50.030  -55.309  -6.575 0.6000000238
16746  -48.856  -55.116  -7.152 0.5000000000
16747  -50.097  -55.587  -6.968 0.5000000000
16748  -50.273  -55.084  -6.994 0.5000000000
16749  -50.680  -55.015  -7.020 0.5000000000
16759  -50.010  -54.959  -7.740 0.4000000060
16760  -50.538  -55.062  -7.477 0.5000000000
16776  -50.920  -54.638  -8.199 0.5000000000
16777  -51.069  -54.872  -8.064 0.5000000000
16778  -51.125  -55.123  -7.797 0.5000000000
16817  -48.997  -54.993  -11.912 0.1000000015
17599  -50.207  -54.644  -0.107 0.5000000000
17616  -49.716  -53.807  -0.504 0.5000000000
17629  -49.708  -54.099  -1.204 0.5000000000
17670  -50.228  -54.950  -3.128 0.6000000238
17709  -50.032  -55.416  -5.969 0.6000000238
17710  -50.235  -55.118  -6.700 0.5000000000
17725  -50.762  -54.767  -6.977 0.5000000000
17726  -51.045  -55.158  -7.108 0.5000000000
17742  -51.332  -54.329  -7.463 0.5000000000
17743  -51.137  -54.805  -7.398 0.5000000000
17762  -50.179  -53.928  -8.218 0.5000000000
17763  -50.522  -54.397  -8.349 0.5000000000
17764  -51.473  -54.215  -8.150 0.5000000000
17765  -51.469  -54.644  -7.782 0.5000000000
17783  -50.105  -53.846  -8.593 0.5000000000
17784  -50.570  -53.932  -8.730 0.5000000000
17785  -51.150  -53.873  -8.463 0.5000000000
17856  -34.932  -54.845  -13.107 0.1000000015
17957  -39.043  -54.519  -18.497 0.1000000015
18609  -48.413  -53.432  1.064 0.3000000119
18615  -45.208  -53.236  1.230 0.2000000030
18649  -48.509  -53.081  -0.994 0.4000000060
18666  -49.334  -53.944  -1.605 0.4000000060
18726  -49.955  -53.991  -7.445 0.5000000000
18727  -50.674  -53.967  -7.239 0.5000000000
18728  -51.057  -53.858  -7.049 0.5000000000
18741  -49.889  -53.911  -7.990 0.5000000000
18742  -50.572  -53.677  -7.661 0.5000000000
18743  -51.166  -53.842  -7.572 0.5000000000
18755  -43.450  -53.477  -8.641 0.3000000119
18757  -49.964  -53.946  -8.379 0.5000000000
18758  -50.442  -53.635  -8.166 0.5000000000
18759  -51.096  -53.658  -7.963 0.5000000000
18774  -50.826  -53.663  -8.387 0.5000000000
18775  -51.061  -53.710  -8.248 0.5000000000
18790  -46.037  -53.974  -10.548 0.2000000030
18808  -45.560  -53.471  -10.624 0.2000000030
19531  -46.151  -52.448  2.074 0.3000000119
19596  -48.367  -52.583  -0.253 0.4000000060
19642  -47.655  -53.268  -2.270 0.5000000000
19653  -43.188  -52.208  -4.445 0.5000000000
19683  -41.879  -52.208  -6.711 0.2000000030
19709  -43.395  -53.157  -9.128 0.2000000030
19737  -43.988  -52.366  -10.368 0.2000000030
19738  -44.169  -52.868  -10.215 0.2000000030
19739  -45.202  -53.329  -10.472 0.2000000030
19755  -47.411  -51.425  -11.558 0.1000000015
19770  -47.724  -51.959  -11.712 0.1000000015
19830  -37.896  -52.215  -16.766 0.1000000015
20569  -43.441  -52.031  -3.939 0.5000000000
20642  -43.068  -51.094  -9.671 0.2000000030
20644  -43.913  -51.688  -10.379 0.2000000030
20695  -34.367  -51.862  -12.945 0.1000000015
20696  -34.548  -52.063  -13.491 0.1000000015
21381  -38.638  -49.995  1.094 0.3000000119
21384  -41.858  -50.239  0.890 0.2000000030
21397  -41.923  -50.181  -0.551 0.3000000119
22296  -39.234  -49.996  0.919 0.3000000119
22300  -42.441  -50.165  0.980 0.2000000030
23182  -35.774  -48.305  6.225 0.1000000015
24131  -35.752  -47.973  6.094 0.1000000015
24294  -44.379  -47.493  -6.897 0.1000000015
24320  -44.109  -47.613  -7.406 0.1000000015
25784  -36.341  -45.542  4.254 0.1000000015
25871  -37.943  -45.754  -3.367 0.1000000015
27648  -35.629  -44.341  0.707 0.1000000015
27649  -35.865  -43.891  1.039 0.1000000015
28685  -36.525  -42.845  -0.739 0.1000000015
120211  -41.784  -66.124  -13.721 0.2000000030
120212  -43.802  -65.183  -12.501 0.2000000030
120214  -41.664  -65.938  -14.921 0.1000000015
120215  -41.402  -66.309  -14.520 0.1000000015
120218  -41.553  -65.965  -15.249 0.1000000015
120345  -44.817  -53.191  -10.305 0.2000000030
120354  -44.432  -51.226  -10.659 0.1000000015
120360  -46.407  -50.021  -13.874 0.1000000015
120376  -47.600  -48.635  -13.116 0.1000000015
120379  -47.883  -50.168  -13.662 0.1000000015
