#!ascii label  , from subject 3201 vox2ras=TkReg
1020
58402  -24.955  -11.495  -19.718 0.4285714328
58436  -26.057  -11.169  -21.211 0.2857142985
58424  -25.617  -11.331  -20.376 0.4285714328
58425  -26.876  -11.590  -19.999 0.4285714328
58426  -27.846  -11.646  -20.441 0.4285714328
59315  -26.399  -10.545  -21.817 0.2857142985
58437  -27.109  -11.125  -21.170 0.4285714328
58438  -28.095  -11.189  -21.252 0.4285714328
60335  -26.901  -9.625  -22.121 0.4285714328
60336  -27.483  -10.015  -22.457 0.4285714328
60344  -27.850  -9.362  -22.772 0.4285714328
60354  -28.174  -8.665  -23.060 0.4285714328
62534  -27.743  -7.322  -23.343 0.5714285970
61487  -27.732  -8.225  -22.982 0.5714285970
60355  -28.618  -8.946  -23.314 0.4285714328
60356  -29.501  -9.156  -23.376 0.2857142985
62535  -28.579  -7.189  -23.829 0.7142857313
61489  -28.994  -8.380  -23.928 0.7142857313
62546  -30.139  -7.387  -24.425 0.7142857313
61499  -31.078  -8.425  -24.568 0.4285714328
62536  -29.469  -7.696  -24.065 0.7142857313
62537  -30.047  -7.821  -23.942 0.5714285970
63483  -31.121  -6.562  -24.980 0.5714285970
63476  -29.511  -6.284  -24.564 0.5714285970
63477  -30.306  -6.505  -24.868 0.5714285970
64360  -30.444  -5.694  -24.935 0.5714285970
64359  -29.695  -5.524  -24.796 0.5714285970
63484  -31.988  -6.508  -24.929 0.4285714328
64365  -32.099  -5.451  -24.977 0.5714285970
64366  -32.930  -5.355  -25.292 0.5714285970
65282  -30.150  -4.208  -25.079 0.7142857313
65284  -32.156  -4.444  -25.323 0.7142857313
65285  -32.971  -4.508  -25.673 0.7142857313
65293  -33.659  -4.509  -25.824 0.5714285970
65283  -31.128  -4.487  -25.040 0.5714285970
66160  -28.876  -3.261  -24.997 0.5714285970
66163  -31.312  -3.495  -25.374 0.8571428657
66165  -33.021  -3.896  -25.979 0.7142857313
66172  -33.499  -3.511  -26.076 0.5714285970
67120  -30.521  -2.532  -25.340 0.7142857313
67119  -29.626  -2.515  -25.092 0.5714285970
67129  -33.518  -2.434  -26.338 0.7142857313
66173  -34.457  -3.349  -26.144 0.5714285970
67121  -31.399  -2.540  -25.614 0.7142857313
67128  -32.751  -2.546  -26.151 0.7142857313
68092  -33.458  -1.406  -26.753 0.5714285970
67122  -32.110  -2.580  -25.945 0.7142857313
67130  -34.443  -2.291  -26.559 0.5714285970
68085  -31.361  -1.643  -25.998 0.5714285970
68090  -31.711  -1.331  -26.303 0.7142857313
68091  -32.510  -1.530  -26.382 0.7142857313
69069  -33.801  -0.374  -26.943 0.7142857313
68098  -33.821  -1.028  -27.169 0.7142857313
70018  -31.510  0.269  -26.640 0.7142857313
69059  -32.444  -0.562  -26.622 0.7142857313
70020  -33.144  0.188  -26.850 0.7142857313
70981  -33.295  1.515  -27.237 0.7142857313
70033  -34.337  0.613  -26.986 0.5714285970
70019  -32.387  0.382  -26.750 0.7142857313
70008  -30.157  0.118  -26.337 0.5714285970
71909  -33.309  2.403  -27.484 0.5714285970
71910  -34.439  2.509  -27.486 0.5714285970
70971  -31.444  1.037  -26.948 0.8571428657
70970  -30.639  1.037  -26.788 0.8571428657
72904  -32.905  3.037  -27.699 0.7142857313
72903  -32.640  2.763  -27.833 0.7142857313
70979  -31.387  1.573  -27.410 0.8571428657
71908  -32.310  2.371  -27.971 0.7142857313
73887  -31.598  4.732  -28.860 0.8571428657
73876  -33.379  4.164  -28.571 0.5714285970
72920  -32.236  3.197  -28.300 0.8571428657
73866  -30.862  3.654  -28.230 0.8571428657
71907  -31.317  2.284  -27.868 0.8571428657
71918  -31.547  2.762  -28.186 0.8571428657
74899  -31.526  5.532  -29.174 0.8571428657
74911  -31.662  5.998  -29.721 0.8571428657
76996  -31.317  7.459  -28.759 0.8571428657
73874  -31.212  4.106  -28.569 0.8571428657
75958  -31.349  6.384  -28.574 0.8571428657
76991  -31.477  7.314  -27.754 1.0000000000
74892  -30.994  5.340  -28.469 0.8571428657
78905  -31.495  9.496  -27.908 1.0000000000
79783  -30.773  11.136  -26.472 0.7142857313
77976  -31.499  8.399  -27.837 1.0000000000
78897  -31.396  9.377  -26.877 1.0000000000
83686  -30.895  14.425  -27.328 1.0000000000
83685  -30.237  14.864  -26.540 0.8571428657
85412  -30.408  16.257  -27.945 0.8571428657
85406  -30.370  15.931  -27.482 1.0000000000
88383  -29.522  19.214  -29.748 0.8571428657
86422  -29.877  17.524  -28.793 0.8571428657
89238  -28.878  20.331  -30.762 0.8571428657
89239  -29.408  19.991  -30.070 0.8571428657
90022  -28.476  21.425  -30.299 0.7142857313
90005  -28.199  20.978  -28.280 0.5714285970
90823  -27.693  22.246  -30.313 0.7142857313
90836  -27.627  22.061  -31.099 0.5714285970
90786  -27.022  22.579  -27.633 0.5714285970
90004  -27.962  21.677  -28.571 0.5714285970
91676  -26.548  23.450  -28.295 0.4285714328
91679  -26.078  24.098  -28.755 0.4285714328
92553  -25.941  24.162  -30.460 0.4285714328
92532  -25.485  24.248  -26.793 0.2857142985
92531  -25.215  24.744  -26.570 0.2857142985
91671  -25.785  23.878  -27.042 0.2857142985
64364  -31.210  -5.624  -24.890 0.5714285970
71921  -33.906  3.110  -27.708 0.5714285970
70980  -32.334  1.478  -27.398 0.7142857313
73875  -32.314  4.035  -28.641 0.8571428657
73888  -32.397  4.782  -29.011 0.8571428657
75964  -31.257  6.575  -29.429 0.8571428657
80766  -31.384  11.655  -27.410 0.8571428657
93275  -24.893  25.648  -25.573 0.1428571492
59314  -25.272  -10.734  -21.984 0.2857142985
59316  -27.453  -10.541  -21.966 0.4285714328
59326  -28.618  -10.298  -22.595 0.4285714328
61481  -27.123  -8.432  -22.668 0.5714285970
61488  -28.330  -8.114  -23.367 0.5714285970
61490  -30.056  -8.331  -23.507 0.4285714328
63466  -27.757  -6.409  -23.698 0.2857142985
62544  -28.730  -6.582  -24.103 0.7142857313
62545  -29.197  -6.881  -24.255 0.7142857313
64358  -28.888  -5.336  -24.582 0.5714285970
62557  -33.491  -7.371  -25.175 0.4285714328
65273  -29.064  -4.503  -24.881 0.7142857313
65281  -29.514  -4.140  -25.047 0.7142857313
63485  -32.990  -6.414  -24.973 0.4285714328
66164  -32.275  -3.530  -25.728 0.7142857313
67118  -29.078  -2.816  -24.990 0.5714285970
67139  -35.304  -1.648  -26.702 0.5714285970
68083  -29.799  -1.586  -25.310 0.5714285970
66174  -35.329  -3.182  -26.260 0.5714285970
69058  -31.531  -0.606  -26.453 0.7142857313
69070  -34.448  -0.258  -27.102 0.5714285970
69048  -30.458  -0.740  -26.076 0.8571428657
70972  -32.057  1.131  -27.055 0.7142857313
73873  -30.523  4.128  -28.181 1.0000000000
77002  -30.702  7.705  -29.774 1.0000000000
76985  -31.396  7.194  -26.800 1.0000000000
79784  -31.228  10.586  -26.953 0.8571428657
81766  -30.447  12.773  -26.408 0.7142857313
81767  -31.127  12.671  -26.930 1.0000000000
80774  -31.502  11.677  -28.418 1.0000000000
82825  -30.733  13.692  -26.646 0.7142857313
81787  -31.541  12.673  -28.331 1.0000000000
82824  -29.775  13.868  -25.964 0.7142857313
84503  -30.587  15.347  -27.729 0.8571428657
87459  -29.557  18.344  -28.345 0.8571428657
86423  -30.216  16.869  -28.396 1.0000000000
85418  -30.307  16.145  -28.852 1.0000000000
89232  -28.998  20.689  -29.719 0.7142857313
90806  -27.738  22.162  -29.165 0.7142857313
90805  -27.192  22.727  -29.599 0.7142857313
92536  -25.416  24.666  -27.380 0.2857142985
90822  -26.916  22.886  -30.301 0.4285714328
92544  -25.715  24.471  -29.673 0.4285714328
92535  -25.152  25.068  -27.153 0.2857142985
92540  -25.430  24.808  -28.450 0.4285714328
64357  -28.057  -5.408  -24.493 0.4285714328
65272  -28.136  -4.534  -24.918 0.4285714328
91675  -25.980  24.088  -27.861 0.2857142985
93291  -25.154  25.266  -27.802 0.2857142985
58403  -26.073  -11.844  -19.149 0.4285714328
58435  -25.193  -11.181  -21.289 0.2857142985
57475  -27.771  -11.983  -19.704 0.4285714328
61480  -26.683  -8.652  -22.199 0.2857142985
60343  -27.235  -8.995  -22.305 0.4285714328
59325  -27.927  -10.253  -22.451 0.4285714328
62528  -27.000  -7.563  -23.077 0.4285714328
63475  -28.797  -6.084  -24.305 0.5714285970
65274  -29.901  -4.824  -24.899 0.5714285970
65275  -30.564  -4.950  -24.876 0.5714285970
64373  -33.653  -5.324  -25.474 0.5714285970
66161  -29.505  -3.467  -25.105 0.7142857313
66162  -30.356  -3.460  -25.213 0.7142857313
66155  -29.043  -3.785  -25.049 0.7142857313
69060  -33.232  -0.470  -26.792 0.7142857313
68084  -30.565  -1.601  -25.639 0.7142857313
69057  -30.785  -0.365  -26.334 0.8571428657
70032  -33.442  0.573  -26.972 0.7142857313
70017  -30.737  0.228  -26.535 0.8571428657
72921  -33.210  3.482  -27.967 0.8571428657
72902  -31.012  3.116  -27.991 0.8571428657
75953  -31.297  6.292  -27.650 1.0000000000
80754  -30.860  11.783  -26.715 0.8571428657
89233  -29.371  19.978  -29.224 0.8571428657
90014  -28.355  21.371  -29.193 0.7142857313
90824  -28.113  21.854  -29.650 0.7142857313
90807  -28.052  21.794  -29.272 0.5714285970
90792  -27.157  22.841  -28.719 0.5714285970
90793  -27.542  22.162  -28.215 0.5714285970
90783  -26.355  22.554  -26.777 0.4285714328
91672  -26.304  23.331  -27.354 0.4285714328
91680  -26.520  23.507  -29.522 0.4285714328
91667  -25.094  24.092  -25.769 0.2857142985
92528  -25.032  24.756  -25.632 0.2857142985
60334  -25.783  -9.794  -21.971 0.2857142985
64347  -27.758  -5.734  -24.024 0.2857142985
82826  -31.304  13.446  -27.237 1.0000000000
93301  -22.461  25.962  -31.174 0.2857142985
94859  -22.668  27.365  -30.415 0.1428571492
93303  -24.044  25.594  -30.350 0.2857142985
93307  -22.992  25.326  -31.496 0.2857142985
94063  -23.041  26.716  -30.122 0.1428571492
95629  -22.693  28.320  -30.311 0.1428571492
93290  -24.570  25.717  -28.460 0.1428571492
93296  -24.332  25.692  -29.503 0.2857142985
93289  -23.912  26.180  -29.108 0.1428571492
92578  -23.786  24.452  -32.698 0.2857142985
93308  -23.721  25.359  -31.032 0.2857142985
90077  -25.678  20.881  -34.560 0.2857142985
90854  -25.781  22.435  -33.548 0.2857142985
95630  -22.973  28.130  -29.912 0.1428571492
92552  -25.349  24.490  -30.750 0.2857142985
90030  -26.954  21.802  -32.212 0.2857142985
92579  -24.670  24.162  -32.290 0.2857142985
92551  -24.447  24.969  -30.894 0.2857142985
88410  -26.968  19.011  -33.207 0.1428571492
90855  -26.242  21.935  -33.219 0.2857142985
91721  -25.971  23.203  -32.360 0.2857142985
94056  -23.406  26.743  -29.350 0.1428571492
91705  -25.606  23.841  -31.660 0.2857142985
92565  -24.801  24.453  -31.458 0.2857142985
84575  -27.229  15.714  -34.277 0.1428571492
86461  -26.427  17.241  -33.919 0.1428571492
89259  -26.650  20.584  -33.303 0.4285714328
90835  -26.988  22.480  -31.339 0.2857142985
85446  -28.904  16.006  -32.052 0.2857142985
88402  -28.285  18.689  -32.021 0.4285714328
90031  -27.655  21.571  -31.717 0.2857142985
92545  -26.225  23.989  -30.110 0.2857142985
83740  -28.862  14.537  -33.143 0.1428571492
86451  -27.521  17.146  -32.845 0.2857142985
89247  -27.870  20.404  -32.065 0.4285714328
87479  -29.168  17.911  -31.156 0.5714285970
89248  -28.367  20.172  -31.487 0.7142857313
82868  -29.701  13.379  -31.913 0.1428571492
83732  -29.197  14.510  -32.218 0.1428571492
88393  -28.546  19.288  -31.482 0.7142857313
90021  -28.013  21.723  -30.964 0.4285714328
85435  -29.324  16.272  -31.077 0.4285714328
81820  -29.999  12.317  -32.640 0.2857142985
87470  -29.548  18.316  -30.393 0.7142857313
84511  -30.580  15.336  -28.511 0.8571428657
84530  -29.883  15.220  -30.542 0.8571428657
86439  -29.454  17.269  -30.761 0.5714285970
80793  -31.023  10.984  -32.393 0.2857142985
81812  -30.210  11.461  -32.371 0.2857142985
85426  -29.611  16.616  -30.356 0.7142857313
87456  -29.271  18.440  -27.391 0.5714285970
86431  -30.078  16.833  -29.117 0.8571428657
82861  -30.181  13.178  -30.746 0.7142857313
79822  -32.095  10.240  -32.529 0.1428571492
76957  -29.312  7.355  -24.528 0.5714285970
77969  -31.271  8.609  -25.911 0.8571428657
78896  -31.279  9.083  -26.233 0.8571428657
78885  -31.171  9.693  -26.192 0.5714285970
83687  -31.322  13.824  -27.569 0.8571428657
79808  -30.693  10.372  -29.776 0.8571428657
83707  -31.150  14.014  -28.569 0.8571428657
78934  -31.655  9.397  -31.553 0.2857142985
81795  -30.767  12.062  -29.643 0.8571428657
82852  -30.949  13.174  -29.576 0.8571428657
85427  -29.900  16.197  -29.760 0.8571428657
78010  -33.533  8.715  -32.370 0.4285714328
80786  -30.271  11.081  -30.935 0.7142857313
81804  -30.362  12.102  -30.401 0.7142857313
76975  -29.134  7.007  -24.586 0.2857142985
76977  -31.250  7.177  -25.857 0.5714285970
77945  -30.465  7.882  -24.318 0.5714285970
77970  -31.432  8.269  -26.780 0.8571428657
79801  -31.152  10.498  -29.006 0.8571428657
80780  -30.993  11.375  -29.314 0.8571428657
81796  -31.287  12.463  -29.031 0.8571428657
78002  -31.099  9.050  -31.419 0.4285714328
78919  -30.603  9.433  -30.296 0.8571428657
80779  -30.487  11.200  -30.058 0.8571428657
78003  -33.108  8.421  -31.707 0.4285714328
71868  -29.306  1.860  -24.738 0.7142857313
72852  -28.703  3.129  -24.303 0.4285714328
71883  -29.620  1.355  -25.465 0.7142857313
72887  -30.205  2.840  -26.819 0.8571428657
73836  -30.275  3.607  -25.936 0.5714285970
74866  -29.041  5.263  -24.540 0.5714285970
73854  -30.401  3.665  -27.042 0.8571428657
74867  -30.162  5.004  -25.082 0.5714285970
75925  -29.740  6.806  -24.513 0.5714285970
74891  -30.525  4.767  -28.176 0.8571428657
75948  -31.448  6.216  -26.659 0.7142857313
75942  -31.281  6.203  -25.590 0.5714285970
75972  -31.305  6.615  -30.222 0.7142857313
77988  -30.561  8.540  -30.042 0.7142857313
78920  -30.771  9.498  -29.564 0.8571428657
75975  -34.886  6.580  -31.012 0.2857142985
75983  -32.823  7.167  -31.067 0.4285714328
77010  -32.083  7.695  -30.969 0.5714285970
69039  -29.124  -0.772  -25.344 0.4285714328
70952  -29.144  0.800  -25.001 0.4285714328
71867  -28.165  2.511  -23.938 0.4285714328
71906  -30.650  2.155  -27.364 0.7142857313
71897  -30.270  1.943  -26.671 0.7142857313
72901  -30.563  2.940  -27.584 0.7142857313
74883  -30.527  4.510  -27.411 0.8571428657
74900  -32.386  5.420  -29.529 0.7142857313
74914  -34.580  5.872  -30.577 0.2857142985
74913  -33.325  5.932  -30.515 0.5714285970
74912  -32.314  6.001  -30.118 0.5714285970
68076  -29.053  -1.532  -25.069 0.4285714328
69987  -28.309  0.227  -24.300 0.5714285970
70953  -29.483  0.531  -25.560 0.5714285970
70961  -29.461  1.063  -25.341 0.5714285970
70978  -30.806  1.527  -27.139 0.7142857313
73877  -34.522  4.326  -28.769 0.4285714328
73890  -34.527  5.011  -29.650 0.4285714328
73899  -34.857  5.321  -30.265 0.4285714328
74901  -33.329  5.451  -29.870 0.4285714328
66154  -28.373  -3.563  -24.972 0.5714285970
65295  -35.435  -4.242  -25.856 0.4285714328
67131  -35.319  -2.367  -26.555 0.4285714328
70983  -35.326  1.478  -27.131 0.4285714328
70982  -34.321  1.533  -27.192 0.4285714328
71911  -35.570  2.301  -27.350 0.4285714328
72922  -34.480  3.454  -27.939 0.4285714328
59327  -29.495  -10.408  -22.611 0.1428571492
68100  -35.260  -0.911  -26.839 0.4285714328
69072  -35.833  -0.109  -26.929 0.4285714328
70035  -36.055  0.509  -26.901 0.4285714328
60357  -30.690  -9.519  -23.388 0.1428571492
61491  -30.781  -8.736  -23.937 0.1428571492
61507  -32.559  -8.233  -25.014 0.2857142985
63488  -35.186  -6.182  -24.815 0.2857142985
65276  -36.451  -4.390  -25.332 0.2857142985
65287  -36.327  -4.483  -25.549 0.2857142985
63494  -34.093  -6.308  -25.405 0.4285714328
67123  -37.231  -2.787  -26.088 0.2857142985
65288  -36.707  -3.938  -26.071 0.2857142985
64375  -35.004  -5.199  -25.431 0.2857142985
68087  -37.113  -1.849  -26.067 0.2857142985
67133  -36.640  -2.176  -26.395 0.4285714328
60347  -30.538  -10.124  -22.971 0.1428571492
59346  -31.952  -10.108  -24.654 0.2857142985
60364  -32.162  -9.324  -24.841 0.2857142985
59358  -34.381  -9.416  -25.076 0.2857142985
60379  -34.799  -8.366  -24.838 0.2857142985
60387  -34.496  -8.067  -24.989 0.2857142985
61509  -33.906  -7.909  -25.283 0.2857142985
62568  -34.901  -7.141  -25.123 0.2857142985
59336  -31.127  -10.500  -23.073 0.1428571492
58469  -33.432  -10.783  -25.247 0.2857142985
58455  -32.297  -11.431  -24.174 0.2857142985
59356  -33.340  -10.163  -25.313 0.2857142985
59347  -32.720  -10.345  -25.005 0.2857142985
60358  -31.459  -9.389  -24.176 0.2857142985
60376  -33.125  -9.223  -25.014 0.2857142985
59318  -29.284  -10.877  -22.078 0.1428571492
59317  -28.406  -10.766  -21.974 0.2857142985
59319  -30.006  -10.976  -22.247 0.1428571492
58379  -25.732  -12.322  -18.667 0.2857142985
58378  -25.146  -12.041  -18.943 0.2857142985
58439  -29.191  -11.427  -21.209 0.2857142985
57461  -26.665  -12.434  -19.017 0.1428571492
57435  -25.312  -12.626  -18.401 0.2857142985
57414  -24.630  -13.053  -18.179 0.1428571492
59337  -31.711  -10.416  -23.889 0.1428571492
58462  -33.027  -11.415  -24.930 0.2857142985
59357  -34.064  -10.124  -25.492 0.2857142985
62559  -35.231  -7.267  -24.812 0.2857142985
64368  -35.736  -5.294  -24.756 0.2857142985
65294  -34.427  -4.401  -25.873 0.4285714328
66166  -36.933  -3.324  -26.158 0.2857142985
69062  -37.046  -0.830  -26.355 0.2857142985
72853  -29.420  2.960  -24.846 0.7142857313
69061  -36.478  -0.483  -26.708 0.4285714328
74868  -30.877  5.394  -25.545 0.5714285970
73891  -35.673  5.086  -30.075 0.2857142985
74915  -35.724  5.671  -30.788 0.2857142985
75974  -33.634  6.666  -30.834 0.5714285970
85411  -30.170  16.773  -27.685 0.7142857313
77994  -30.750  8.627  -30.690 0.7142857313
83706  -30.804  14.349  -29.043 0.8571428657
89226  -28.802  20.531  -28.725 0.4285714328
89227  -29.269  19.882  -28.310 0.5714285970
87463  -29.687  18.337  -29.315 0.7142857313
77018  -32.912  7.744  -31.302 0.2857142985
83715  -30.388  14.245  -30.071 0.8571428657
86430  -29.822  17.321  -29.799 0.8571428657
81811  -29.848  11.985  -31.524 0.5714285970
91706  -26.283  23.130  -31.745 0.2857142985
84549  -28.711  15.120  -32.424 0.4285714328
85445  -28.310  16.573  -32.543 0.4285714328
94853  -23.411  27.508  -28.944 0.1428571492
86450  -26.921  17.419  -33.395 0.1428571492
58404  -26.807  -12.124  -19.293 0.1428571492
59328  -30.434  -10.638  -22.632 0.1428571492
58454  -31.799  -11.411  -23.369 0.1428571492
57497  -32.167  -12.023  -23.887 0.1428571492
61506  -31.853  -8.286  -24.881 0.2857142985
60365  -32.835  -9.792  -25.096 0.2857142985
60377  -33.923  -8.919  -25.082 0.2857142985
60367  -35.052  -8.592  -24.627 0.2857142985
62556  -32.719  -7.390  -24.996 0.2857142985
63479  -35.578  -6.135  -24.522 0.2857142985
69038  -28.623  -0.671  -24.779 0.5714285970
63486  -33.750  -6.798  -25.258 0.2857142985
62566  -33.964  -7.117  -25.330 0.2857142985
71849  -28.462  1.593  -24.181 0.2857142985
70010  -37.417  -0.360  -25.935 0.2857142985
71869  -29.719  2.352  -25.239 0.7142857313
71885  -30.166  1.399  -26.520 0.5714285970
73834  -28.685  4.680  -24.552 0.4285714328
73835  -29.471  3.991  -24.819 0.5714285970
70021  -36.992  0.209  -26.553 0.4285714328
76974  -28.552  7.389  -24.688 0.2857142985
75940  -29.359  6.365  -24.590 0.5714285970
70984  -36.212  1.411  -26.912 0.2857142985
69071  -35.244  -0.200  -27.231 0.4285714328
74876  -30.665  4.516  -26.240 0.7142857313
77943  -29.145  7.834  -24.647 0.2857142985
71912  -36.432  2.600  -27.198 0.1428571492
72924  -36.546  3.997  -28.595 0.4285714328
72923  -35.638  3.824  -28.304 0.4285714328
73879  -36.436  4.794  -29.155 0.1428571492
78912  -31.226  9.539  -28.834 0.8571428657
73892  -36.227  5.163  -30.004 0.1428571492
75973  -32.291  6.758  -30.683 0.5714285970
77011  -34.160  7.155  -30.994 0.2857142985
77995  -31.393  8.619  -31.009 0.5714285970
79814  -30.691  10.232  -31.273 0.7142857313
84519  -30.353  15.267  -29.461 0.8571428657
78939  -33.559  9.361  -32.781 0.2857142985
79823  -32.879  9.720  -32.854 0.1428571492
79821  -31.016  10.145  -31.897 0.4285714328
78935  -32.731  9.260  -32.169 0.4285714328
80800  -31.774  11.253  -32.916 0.1428571492
84540  -29.730  14.774  -31.180 0.5714285970
81821  -30.747  11.639  -33.189 0.1428571492
82877  -29.445  13.925  -32.690 0.1428571492
94051  -23.759  26.585  -28.458 0.1428571492
82878  -29.733  13.163  -33.067 0.1428571492
89260  -27.225  19.985  -32.886 0.2857142985
87484  -27.368  18.156  -33.080 0.2857142985
84562  -27.411  15.131  -33.864 0.1428571492
84561  -27.000  15.652  -34.015 0.1428571492
85470  -26.777  16.264  -34.131 0.1428571492
89267  -25.783  19.983  -33.844 0.2857142985
88418  -26.243  19.114  -34.562 0.1428571492
87493  -26.318  18.185  -34.207 0.1428571492
57476  -28.394  -12.665  -20.016 0.1428571492
58445  -30.763  -11.631  -22.361 0.1428571492
63468  -35.876  -6.022  -24.451 0.2857142985
75985  -35.220  7.004  -31.380 0.2857142985
85481  -27.182  17.192  -34.767 0.1428571492
89281  -26.018  20.077  -34.934 0.2857142985
58427  -28.578  -11.851  -20.698 0.1428571492
60345  -28.955  -9.754  -23.068 0.1428571492
60346  -29.921  -9.863  -22.881 0.1428571492
61498  -30.412  -8.149  -24.112 0.2857142985
62547  -31.024  -7.470  -24.917 0.4285714328
62555  -31.860  -7.433  -25.006 0.2857142985
64374  -34.305  -5.340  -25.530 0.4285714328
70962  -29.701  0.810  -25.938 0.5714285970
69047  -29.748  -0.810  -25.749 0.4285714328
72905  -35.051  2.872  -27.511 0.4285714328
70963  -30.076  0.883  -26.488 0.7142857313
73865  -30.482  3.655  -27.850 0.7142857313
77960  -31.365  7.914  -26.062 0.8571428657
74884  -30.905  5.411  -27.507 0.8571428657
77989  -30.795  8.734  -29.416 0.8571428657
79794  -31.454  10.573  -28.084 0.8571428657
88378  -29.486  19.179  -28.810 0.5714285970
88382  -29.247  19.328  -30.635 0.7142857313
90032  -28.330  21.010  -31.288 0.5714285970
91691  -25.846  24.048  -30.929 0.2857142985
73889  -33.430  4.963  -29.126 0.4285714328
61508  -33.324  -8.193  -25.162 0.2857142985
67140  -35.978  -1.602  -26.781 0.4285714328
82853  -31.289  12.992  -29.113 0.8571428657
92539  -25.007  25.209  -29.237 0.2857142985
91692  -26.322  23.531  -30.765 0.2857142985
92543  -24.879  25.157  -30.091 0.2857142985
93302  -23.133  25.905  -30.626 0.2857142985
94062  -22.499  26.656  -30.774 0.1428571492
94860  -23.066  27.597  -29.815 0.1428571492
93295  -23.623  26.141  -29.831 0.2857142985
92563  -23.223  24.861  -32.204 0.2857142985
92564  -23.956  24.822  -31.727 0.2857142985
90062  -26.119  21.295  -33.758 0.2857142985
91720  -25.361  23.397  -32.863 0.2857142985
90844  -25.930  22.921  -32.864 0.2857142985
90845  -26.374  22.448  -32.542 0.2857142985
90046  -27.214  21.004  -32.573 0.2857142985
88401  -27.917  19.197  -32.489 0.2857142985
88409  -26.367  18.993  -33.795 0.1428571492
87494  -26.667  18.136  -33.603 0.1428571492
85469  -26.849  17.049  -34.443 0.1428571492
85454  -26.936  16.593  -33.528 0.1428571492
86460  -26.600  17.660  -34.453 0.1428571492
89268  -26.613  19.699  -33.445 0.1428571492
85456  -28.331  15.712  -32.736 0.1428571492
87469  -29.044  18.618  -31.079 0.5714285970
87478  -28.547  18.162  -31.672 0.4285714328
88392  -28.185  19.770  -31.875 0.5714285970
83746  -28.842  14.278  -33.877 0.1428571492
82867  -29.527  14.063  -32.122 0.1428571492
85455  -27.606  15.969  -33.227 0.2857142985
86445  -28.304  17.442  -32.288 0.4285714328
86446  -28.891  17.102  -31.662 0.5714285970
83725  -29.966  14.210  -31.031 0.4285714328
84539  -29.336  15.235  -31.477 0.5714285970
85436  -29.585  15.990  -30.475 0.7142857313
80792  -30.334  10.892  -31.786 0.5714285970
76976  -30.783  7.180  -25.012 0.5714285970
77959  -30.884  8.299  -25.161 0.5714285970
78883  -30.095  9.384  -24.969 0.4285714328
77958  -29.840  8.605  -24.554 0.4285714328
79807  -30.604  10.288  -30.569 0.8571428657
78933  -30.932  9.494  -31.441 0.4285714328
78927  -32.442  9.073  -31.314 0.5714285970
71850  -28.887  1.271  -24.583 0.5714285970
71896  -30.090  2.285  -26.144 0.7142857313
72872  -30.100  2.946  -26.219 0.7142857313
74865  -27.905  5.279  -24.890 0.2857142985
74877  -31.060  5.325  -26.489 0.8571428657
77009  -31.150  7.642  -30.621 0.7142857313
69999  -29.324  -0.037  -25.455 0.5714285970
69998  -28.833  0.068  -24.919 0.5714285970
74903  -36.088  5.318  -30.335 0.2857142985
66176  -36.434  -2.849  -26.319 0.4285714328
70034  -35.210  0.621  -27.065 0.4285714328
72906  -35.684  3.098  -27.640 0.4285714328
68101  -36.091  -0.906  -26.811 0.4285714328
60375  -32.429  -8.783  -24.911 0.2857142985
65286  -35.630  -4.809  -25.135 0.2857142985
63487  -34.978  -5.744  -24.995 0.2857142985
65277  -36.912  -4.094  -25.860 0.2857142985
62567  -34.469  -7.069  -25.263 0.2857142985
68095  -36.599  -1.221  -26.538 0.4285714328
58453  -31.195  -11.172  -22.738 0.1428571492
59338  -32.370  -10.728  -24.519 0.2857142985
60378  -34.395  -8.501  -24.998 0.2857142985
58470  -33.772  -10.622  -25.456 0.2857142985
57436  -26.326  -12.996  -18.472 0.1428571492
57437  -26.909  -13.527  -18.844 0.1428571492
73878  -35.626  4.588  -29.052 0.2857142985
57462  -27.402  -12.822  -19.174 0.1428571492
94052  -24.242  26.227  -27.810 0.1428571492
86409  -28.775  17.574  -26.520 0.5714285970
84492  -28.902  15.958  -26.508 0.4285714328
85403  -28.339  16.793  -26.153 0.4285714328
85404  -29.268  16.729  -26.692 0.5714285970
84493  -29.728  16.029  -26.778 0.4285714328
86416  -29.845  17.359  -27.840 0.4285714328
81765  -29.840  12.864  -25.869 0.4285714328
82823  -29.319  13.882  -26.071 0.4285714328
83684  -29.462  15.000  -26.105 0.5714285970
84494  -30.349  15.534  -27.132 0.5714285970
79771  -30.792  10.435  -26.156 0.5714285970
65264  -36.174  -4.542  -24.535 0.1428571492
67113  -37.246  -2.819  -25.587 0.1428571492
68078  -37.064  -1.923  -25.455 0.1428571492
63465  -26.953  -6.515  -23.307 0.2857142985
64361  -35.890  -5.105  -24.784 0.1428571492
64340  -35.659  -5.509  -22.785 0.1428571492
64348  -35.950  -5.527  -23.764 0.1428571492
65257  -35.613  -4.525  -22.606 0.1428571492
65263  -35.935  -4.591  -23.583 0.1428571492
66140  -35.558  -3.513  -22.473 0.1428571492
63458  -26.493  -6.926  -22.871 0.2857142985
61500  -35.288  -7.950  -24.350 0.1428571492
62529  -35.577  -7.356  -23.278 0.1428571492
63478  -35.766  -6.608  -24.357 0.1428571492
63459  -35.591  -6.456  -23.007 0.1428571492
64332  -35.500  -5.462  -21.766 0.1428571492
65213  -35.539  -4.003  -19.809 0.1428571492
64324  -35.375  -5.346  -20.793 0.1428571492
66113  -35.559  -3.225  -20.658 0.1428571492
62527  -26.314  -7.720  -22.500 0.2857142985
62526  -25.778  -7.254  -22.243 0.2857142985
58464  -34.568  -11.921  -25.244 0.1428571492
59349  -34.751  -10.323  -24.866 0.1428571492
59350  -35.061  -9.337  -24.590 0.1428571492
60359  -35.310  -8.850  -24.144 0.1428571492
61482  -35.440  -8.246  -22.762 0.1428571492
60349  -35.297  -9.133  -23.171 0.1428571492
62521  -35.407  -7.460  -22.103 0.1428571492
62509  -34.910  -7.590  -21.006 0.1428571492
63430  -34.934  -6.314  -19.805 0.1428571492
64307  -35.421  -5.038  -19.931 0.1428571492
62519  -26.214  -8.276  -22.066 0.2857142985
62518  -25.638  -7.854  -21.849 0.2857142985
61472  -25.301  -8.888  -21.634 0.2857142985
58463  -34.027  -11.386  -25.383 0.1428571492
57510  -35.406  -12.974  -26.036 0.1428571492
58456  -34.981  -11.646  -24.478 0.1428571492
60348  -35.139  -9.760  -22.799 0.1428571492
59340  -35.260  -9.737  -24.076 0.1428571492
61474  -34.969  -8.608  -21.249 0.1428571492
63429  -34.915  -6.867  -20.270 0.1428571492
65197  -35.878  -3.998  -19.121 0.1428571492
64290  -35.641  -4.654  -19.315 0.1428571492
57508  -34.632  -12.681  -25.990 0.1428571492
56493  -34.235  -13.551  -25.509 0.1428571492
56484  -34.722  -13.699  -24.577 0.1428571492
56494  -34.783  -13.451  -25.663 0.1428571492
58441  -34.673  -11.494  -21.960 0.1428571492
58447  -34.924  -11.578  -23.252 0.1428571492
59320  -34.653  -10.465  -21.394 0.1428571492
62495  -35.005  -7.167  -19.353 0.1428571492
61464  -34.580  -8.551  -20.306 0.1428571492
63412  -35.667  -5.675  -19.175 0.1428571492
56492  -33.302  -13.617  -24.973 0.1428571492
55529  -34.484  -14.776  -24.265 0.1428571492
55536  -34.310  -14.566  -25.028 0.1428571492
57491  -35.050  -12.650  -23.890 0.1428571492
56503  -34.791  -13.244  -26.167 0.1428571492
57478  -34.507  -12.454  -21.226 0.1428571492
56470  -34.487  -13.496  -21.745 0.1428571492
58428  -34.572  -11.435  -20.717 0.1428571492
59306  -34.620  -10.484  -20.219 0.1428571492
61452  -34.638  -8.537  -19.395 0.1428571492
60326  -34.700  -9.526  -20.780 0.1428571492
54569  -33.975  -15.990  -23.780 0.1428571492
54588  -34.033  -15.237  -24.733 0.1428571492
54587  -33.716  -15.100  -24.780 0.1428571492
55515  -34.495  -14.512  -22.225 0.1428571492
55522  -34.525  -14.588  -23.426 0.1428571492
60313  -34.742  -9.604  -19.525 0.1428571492
57499  -35.230  -12.737  -25.289 0.1428571492
59329  -34.895  -10.469  -22.674 0.1428571492
60366  -34.713  -9.105  -24.859 0.1428571492
64291  -36.108  -4.988  -18.699 0.1428571492
67051  -36.060  -2.185  -19.348 0.1428571492
63451  -35.444  -6.409  -21.992 0.1428571492
64349  -36.023  -5.363  -24.531 0.1428571492
66147  -36.410  -3.674  -24.275 0.1428571492
61473  -26.184  -8.872  -21.733 0.2857142985
62477  -34.984  -7.869  -19.019 0.1428571492
67032  -36.670  -2.634  -18.873 0.1428571492
80752  -29.739  11.825  -25.532 0.4285714328
67050  -35.706  -2.651  -19.707 0.1428571492
66098  -35.622  -3.129  -19.902 0.1428571492
66127  -35.471  -3.377  -21.560 0.1428571492
68077  -36.825  -1.871  -24.704 0.1428571492
69050  -37.284  -1.088  -25.924 0.1428571492
87453  -29.065  18.054  -26.833 0.4285714328
88372  -29.068  19.380  -27.432 0.4285714328
89288  -26.206  20.309  -35.809 0.1428571492
90076  -25.303  21.573  -35.063 0.1428571492
66156  -36.800  -3.681  -25.132 0.1428571492
59348  -34.355  -10.953  -25.248 0.1428571492
57507  -33.768  -12.566  -25.164 0.1428571492
57498  -32.692  -12.584  -24.393 0.1428571492
70973  -36.618  1.393  -26.499 0.1428571492
67112  -36.858  -2.809  -24.877 0.1428571492
63467  -35.964  -6.432  -23.942 0.1428571492
67103  -36.579  -2.742  -23.958 0.1428571492
67102  -36.022  -2.641  -23.168 0.1428571492
65245  -35.414  -4.413  -21.655 0.1428571492
61492  -35.430  -8.150  -23.661 0.1428571492
62538  -35.584  -7.275  -24.101 0.1428571492
63445  -35.103  -6.508  -20.944 0.1428571492
65233  -35.455  -4.238  -20.731 0.1428571492
61475  -35.360  -8.463  -21.977 0.1428571492
59330  -35.200  -9.966  -23.334 0.1428571492
62520  -35.240  -8.052  -21.528 0.1428571492
63444  -34.914  -7.119  -20.505 0.1428571492
59339  -35.063  -10.631  -23.836 0.1428571492
60337  -35.082  -9.423  -22.039 0.1428571492
62494  -34.622  -7.478  -19.915 0.1428571492
55535  -33.669  -14.453  -25.094 0.1428571492
57484  -34.669  -12.542  -22.533 0.1428571492
54570  -34.347  -15.376  -23.616 0.1428571492
56477  -34.638  -13.589  -23.078 0.1428571492
59290  -34.738  -10.523  -19.361 0.1428571492
56430  -23.922  -12.844  -18.475 0.1428571492
57434  -24.483  -12.381  -18.636 0.1428571492
57460  -23.120  -11.929  -19.499 0.1428571492
58376  -23.613  -11.685  -19.538 0.1428571492
58377  -24.296  -11.754  -19.215 0.1428571492
58423  -24.541  -11.261  -20.780 0.1428571492
59305  -24.593  -11.044  -21.613 0.1428571492
59304  -23.892  -10.916  -21.340 0.1428571492
60333  -24.792  -9.766  -21.978 0.1428571492
59312  -23.672  -10.284  -21.423 0.1428571492
60332  -24.001  -9.665  -21.526 0.1428571492
62516  -23.924  -7.825  -21.341 0.1428571492
63449  -24.223  -6.918  -21.399 0.1428571492
63456  -25.358  -6.777  -21.959 0.1428571492
63450  -24.934  -7.103  -21.637 0.1428571492
63457  -25.862  -6.623  -22.508 0.2857142985
63464  -26.274  -6.244  -22.941 0.1428571492
64339  -25.853  -5.597  -22.530 0.2857142985
64346  -27.177  -5.507  -23.607 0.2857142985
68074  -27.979  -1.900  -24.444 0.4285714328
67111  -28.938  -2.193  -24.891 0.4285714328
79770  -30.344  10.161  -25.263 0.2857142985
80751  -29.107  11.705  -25.186 0.2857142985
80737  -29.989  10.924  -25.841 0.2857142985
84490  -26.512  15.777  -26.587 0.2857142985
86408  -27.747  17.670  -26.400 0.4285714328
64338  -25.404  -5.778  -21.872 0.1428571492
58422  -23.612  -11.192  -20.701 0.1428571492
64331  -24.699  -6.022  -21.341 0.1428571492
65251  -25.502  -4.770  -21.830 0.2857142985
64345  -26.449  -5.526  -23.068 0.2857142985
65252  -26.094  -4.679  -22.435 0.2857142985
65261  -26.669  -4.618  -23.075 0.2857142985
64356  -27.528  -5.154  -24.107 0.2857142985
66153  -27.699  -3.603  -24.511 0.4285714328
68066  -27.589  -1.620  -23.673 0.2857142985
78882  -28.986  9.470  -24.776 0.2857142985
79768  -28.434  10.378  -25.288 0.2857142985
80736  -29.596  11.017  -25.206 0.2857142985
81750  -27.930  11.673  -25.331 0.2857142985
81751  -28.491  11.966  -25.230 0.2857142985
83682  -27.190  14.798  -26.469 0.2857142985
83681  -26.099  14.727  -26.518 0.2857142985
84491  -27.806  15.911  -26.143 0.2857142985
65262  -27.243  -4.532  -23.665 0.2857142985
80734  -28.032  11.074  -25.560 0.2857142985
78881  -27.747  9.606  -25.578 0.2857142985
81763  -27.797  12.529  -25.774 0.2857142985
82821  -26.940  13.654  -26.507 0.2857142985
81764  -28.933  12.224  -25.701 0.2857142985
82822  -27.995  13.916  -25.696 0.2857142985
83683  -28.527  15.012  -26.010 0.2857142985
80749  -26.255  11.518  -26.717 0.2857142985
81762  -26.526  12.515  -26.512 0.2857142985
67109  -27.865  -2.653  -24.470 0.4285714328
67110  -28.483  -2.569  -24.813 0.4285714328
65271  -27.605  -4.498  -24.355 0.4285714328
58401  -24.015  -11.417  -20.023 0.1428571492
62517  -24.773  -7.918  -21.459 0.1428571492
57433  -23.583  -12.200  -18.912 0.1428571492
59313  -24.277  -10.493  -21.902 0.1428571492
61471  -24.444  -8.863  -21.326 0.1428571492
61470  -23.620  -8.720  -21.193 0.1428571492
67101  -27.445  -2.686  -23.751 0.4285714328
66145  -27.357  -3.645  -23.746 0.4285714328
69986  -27.648  0.459  -23.609 0.2857142985
69028  -28.114  -0.527  -24.135 0.2857142985
70936  -28.610  0.849  -24.469 0.2857142985
93357  -22.808  25.463  -36.127 0.1428571492
92620  -23.790  24.478  -35.889 0.1428571492
92612  -23.467  24.361  -34.837 0.1428571492
91745  -24.816  23.132  -34.966 0.1428571492
93369  -22.355  25.988  -36.580 0.1428571492
91734  -24.124  23.606  -34.324 0.1428571492
92577  -22.902  24.820  -33.029 0.1428571492
94869  -20.712  27.270  -33.178 0.1428571492
70935  -27.959  1.133  -23.887 0.2857142985
90087  -25.161  21.535  -35.921 0.1428571492
91756  -24.567  24.090  -36.172 0.1428571492
90061  -25.571  21.680  -34.306 0.1428571492
90880  -24.984  22.323  -35.499 0.1428571492
92596  -23.523  24.194  -33.675 0.1428571492
90867  -25.242  22.378  -34.574 0.1428571492
92594  -22.474  25.208  -34.318 0.1428571492
94075  -21.153  26.582  -33.002 0.1428571492
92576  -22.510  25.189  -33.624 0.1428571492
93306  -22.175  25.701  -31.844 0.1428571492
94069  -21.866  26.557  -31.468 0.1428571492
93318  -22.659  25.241  -32.269 0.1428571492
91735  -24.992  23.166  -33.938 0.1428571492
91719  -24.414  23.838  -33.297 0.1428571492
68067  -27.933  -1.207  -24.089 0.2857142985
92619  -23.150  24.977  -35.614 0.1428571492
93356  -22.064  25.639  -35.985 0.1428571492
91744  -24.287  23.835  -35.374 0.1428571492
94132  -21.918  26.714  -36.438 0.1428571492
92595  -22.849  24.691  -34.042 0.1428571492
91757  -24.784  23.201  -35.902 0.1428571492
79780  -25.941  10.707  -26.621 0.1428571492
79782  -27.746  10.580  -26.049 0.1428571492
79781  -26.949  10.747  -26.519 0.1428571492
82820  -25.682  13.508  -26.736 0.1428571492
82817  -22.917  13.387  -27.168 0.1428571492
83679  -23.847  14.500  -26.939 0.1428571492
84487  -23.415  15.487  -27.051 0.1428571492
84488  -24.210  15.565  -26.939 0.1428571492
85400  -23.807  16.523  -26.955 0.2857142985
73811  -28.263  4.197  -24.460 0.2857142985
73810  -27.153  4.324  -24.735 0.1428571492
76973  -27.269  7.343  -25.040 0.1428571492
77956  -27.509  8.428  -25.149 0.1428571492
78880  -26.562  9.247  -25.803 0.1428571492
78004  -34.138  8.224  -32.029 0.1428571492
83696  -25.536  15.238  -26.684 0.1428571492
85409  -25.736  16.452  -26.759 0.1428571492
85408  -25.160  16.316  -26.769 0.1428571492
86413  -24.825  16.756  -26.673 0.2857142985
86406  -25.614  17.716  -26.672 0.2857142985
89205  -25.487  20.508  -26.461 0.2857142985
89204  -24.812  20.476  -26.020 0.2857142985
89987  -25.773  21.602  -26.350 0.2857142985
91663  -24.548  23.782  -25.147 0.1428571492
87451  -27.307  18.559  -26.648 0.2857142985
89217  -28.552  20.217  -27.669 0.2857142985
88363  -26.931  19.560  -26.557 0.2857142985
88361  -24.925  19.625  -26.559 0.2857142985
89994  -27.621  21.359  -27.672 0.2857142985
89206  -26.522  20.639  -26.768 0.2857142985
89988  -26.867  21.698  -27.040 0.2857142985
91669  -25.922  23.208  -26.726 0.1428571492
89982  -24.651  21.630  -25.615 0.2857142985
93285  -24.806  25.563  -27.342 0.1428571492
93282  -24.773  25.632  -26.414 0.1428571492
88360  -24.209  19.611  -25.910 0.1428571492
88359  -23.660  19.477  -25.613 0.1428571492
89986  -25.156  21.058  -26.165 0.2857142985
90782  -25.706  22.634  -26.265 0.1428571492
89983  -25.310  22.135  -26.023 0.2857142985
91664  -25.089  23.424  -25.489 0.1428571492
90778  -25.246  22.684  -25.703 0.1428571492
85398  -22.487  15.945  -26.613 0.2857142985
89981  -24.009  21.070  -25.092 0.1428571492
91659  -23.807  23.809  -24.555 0.1428571492
89979  -24.164  22.263  -25.057 0.1428571492
84463  -19.980  15.440  -24.062 0.1428571492
78011  -34.293  8.699  -32.691 0.1428571492
74916  -36.261  5.949  -30.884 0.1428571492
78879  -25.919  8.946  -26.039 0.1428571492
78005  -34.932  8.234  -32.236 0.1428571492
79792  -24.460  10.814  -26.878 0.1428571492
80764  -24.099  11.643  -26.746 0.1428571492
81777  -24.716  12.032  -26.882 0.1428571492
82834  -23.344  12.898  -27.158 0.1428571492
83680  -24.953  14.731  -26.788 0.1428571492
84485  -22.218  15.382  -26.493 0.1428571492
83695  -25.233  15.403  -26.784 0.1428571492
85399  -22.877  16.488  -26.750 0.2857142985
87449  -25.215  18.638  -26.763 0.1428571492
88362  -25.874  19.602  -26.548 0.1428571492
89978  -23.563  21.666  -24.521 0.1428571492
90777  -24.595  22.788  -25.260 0.1428571492
91668  -25.467  23.628  -26.264 0.1428571492
77012  -34.664  7.201  -31.320 0.1428571492
77019  -33.928  7.682  -31.420 0.1428571492
89216  -27.943  20.670  -27.586 0.2857142985
89993  -27.231  21.931  -27.502 0.2857142985
87452  -28.464  18.539  -26.813 0.2857142985
75939  -28.199  6.307  -24.840 0.1428571492
75938  -27.002  6.182  -24.966 0.1428571492
89218  -29.154  19.717  -27.791 0.2857142985
77957  -28.775  8.374  -24.786 0.1428571492
74904  -36.405  5.540  -30.131 0.1428571492
88371  -28.551  19.435  -27.130 0.2857142985
84502  -26.057  16.165  -26.841 0.1428571492
85402  -27.131  16.774  -26.471 0.1428571492
86407  -26.608  17.566  -26.664 0.1428571492
78894  -26.697  10.029  -26.352 0.1428571492
80748  -25.416  11.352  -26.882 0.1428571492
81760  -24.598  12.590  -26.801 0.1428571492
78904  -24.896  10.340  -27.011 0.1428571492
78893  -25.443  9.734  -26.611 0.1428571492
82819  -24.372  13.218  -26.832 0.1428571492
82818  -23.485  13.529  -27.047 0.1428571492
83678  -23.136  14.451  -27.159 0.1428571492
84500  -24.939  15.707  -26.843 0.1428571492
77955  -26.401  8.321  -25.538 0.1428571492
86415  -25.910  17.033  -26.595 0.2857142985
86405  -24.580  17.435  -26.758 0.2857142985
87450  -26.247  18.604  -26.563 0.2857142985
88364  -27.852  19.404  -26.912 0.2857142985
89207  -27.631  20.383  -27.112 0.2857142985
89989  -27.165  21.032  -27.135 0.2857142985
94048  -24.349  26.496  -27.109 0.1428571492
90774  -23.882  22.929  -24.859 0.1428571492
66120  -23.973  -3.854  -21.400 0.1428571492
66133  -25.621  -3.762  -21.777 0.1428571492
66134  -26.248  -3.696  -22.408 0.1428571492
67075  -24.055  -3.047  -21.727 0.1428571492
68048  -23.351  -1.420  -22.682 0.1428571492
69007  -23.827  -1.165  -22.716 0.1428571492
67089  -25.306  -2.657  -22.094 0.1428571492
69008  -24.368  -1.018  -22.677 0.1428571492
68050  -25.250  -1.797  -22.491 0.1428571492
66144  -26.799  -3.682  -23.108 0.1428571492
69024  -24.409  -0.262  -23.244 0.1428571492
68051  -26.078  -1.857  -22.835 0.1428571492
69010  -26.027  -1.064  -22.899 0.1428571492
68065  -26.888  -1.761  -23.066 0.1428571492
69023  -23.461  -0.538  -23.146 0.1428571492
69025  -25.361  -0.236  -23.087 0.1428571492
69026  -26.551  -0.566  -23.114 0.1428571492
69985  -26.622  0.511  -23.322 0.1428571492
71848  -27.634  1.937  -23.802 0.1428571492
67090  -26.192  -2.725  -22.586 0.1428571492
67088  -24.171  -2.385  -22.192 0.1428571492
89201  -24.234  20.502  -25.392 0.1428571492
66121  -24.846  -3.864  -21.425 0.1428571492
67100  -26.888  -2.750  -23.113 0.1428571492
69027  -27.490  -0.480  -23.520 0.1428571492
67076  -24.837  -3.050  -21.639 0.1428571492
68047  -22.433  -1.454  -22.468 0.1428571492
68049  -24.341  -1.695  -22.416 0.1428571492
69009  -25.240  -0.963  -22.685 0.1428571492
66119  -23.107  -3.719  -21.166 0.1428571492
56485  -35.151  -13.254  -25.558 0.1428571492
56495  -35.281  -13.231  -26.027 0.1428571492
56504  -35.093  -13.252  -26.331 0.1428571492
56505  -35.272  -13.166  -26.262 0.1428571492
57500  -35.335  -13.071  -25.800 0.1428571492
57509  -35.195  -12.621  -26.040 0.1428571492
57516  -34.917  -13.071  -26.486 0.1428571492
57517  -35.146  -12.933  -26.435 0.1428571492
57518  -35.338  -12.976  -26.259 0.1428571492
58409  -34.576  -11.321  -19.600 0.1428571492
60301  -34.831  -9.087  -19.062 0.1428571492
60338  -35.337  -8.832  -22.466 0.1428571492
60388  -34.593  -8.203  -24.912 0.2857142985
61510  -35.078  -7.691  -24.804 0.2857142985
61511  -34.940  -7.423  -25.098 0.2857142985
61517  -34.320  -7.750  -25.170 0.2857142985
61518  -34.712  -7.697  -25.031 0.2857142985
61519  -34.949  -7.573  -25.384 0.2857142985
62510  -35.245  -7.000  -21.482 0.1428571492
62548  -35.419  -7.093  -24.638 0.2857142985
62549  -35.316  -6.683  -24.798 0.2857142985
62558  -33.873  -7.318  -25.333 0.2857142985
62560  -35.206  -7.047  -24.920 0.2857142985
63474  -28.299  -6.202  -24.045 0.2857142985
63493  -33.551  -6.039  -25.250 0.4285714328
63495  -34.711  -6.229  -25.121 0.2857142985
63496  -34.989  -6.720  -25.030 0.2857142985
64367  -35.247  -5.379  -24.974 0.2857142985
65196  -35.652  -4.211  -19.408 0.1428571492
65214  -35.690  -3.560  -19.538 0.1428571492
65296  -36.152  -3.814  -26.181 0.2857142985
65297  -36.505  -3.410  -26.233 0.2857142985
66099  -35.855  -3.119  -19.364 0.1428571492
66157  -37.072  -3.593  -25.730 0.2857142985
66171  -32.735  -3.243  -26.020 0.7142857313
66175  -35.975  -2.979  -26.297 0.4285714328
67132  -35.955  -2.308  -26.568 0.4285714328
67138  -34.761  -1.756  -26.721 0.5714285970
67141  -36.368  -1.435  -26.658 0.4285714328
68075  -28.425  -1.513  -24.647 0.4285714328
68086  -32.104  -1.897  -26.086 0.7142857313
68093  -34.204  -1.524  -26.927 0.5714285970
68094  -36.411  -0.884  -26.680 0.4285714328
68099  -34.516  -1.085  -27.014 0.5714285970
68102  -36.373  -1.172  -26.661 0.4285714328
69049  -31.169  -0.916  -26.215 0.7142857313
70007  -29.721  -0.029  -25.964 0.5714285970
70022  -37.251  -0.538  -26.199 0.2857142985
70031  -32.696  0.792  -27.014 0.7142857313
71884  -29.912  1.739  -25.881 0.7142857313
71919  -31.864  2.868  -28.318 0.8571428657
71920  -33.534  2.928  -27.617 0.7142857313
72871  -29.933  2.811  -25.671 0.7142857313
72886  -30.110  2.592  -26.331 0.7142857313
72919  -31.416  3.271  -28.331 0.8571428657
73812  -29.033  3.594  -24.505 0.4285714328
73900  -35.263  5.470  -30.461 0.4285714328
74864  -27.313  5.600  -24.903 0.1428571492
74902  -34.134  5.520  -30.176 0.4285714328
75924  -29.371  6.899  -24.517 0.5714285970
75941  -30.390  6.296  -24.926 0.5714285970
75976  -35.839  6.520  -31.217 0.1428571492
75984  -33.473  7.282  -31.102 0.2857142985
76956  -28.958  7.738  -24.792 0.2857142985
76958  -30.133  7.182  -24.324 0.5714285970
77001  -30.532  8.066  -30.047 0.7142857313
77008  -30.659  8.084  -30.246 0.7142857313
77020  -34.877  7.616  -31.666 0.1428571492
77944  -29.560  7.877  -24.214 0.2857142985
77982  -31.235  8.537  -28.806 1.0000000000
77996  -32.314  8.459  -31.100 0.4285714328
78001  -30.845  8.969  -31.232 0.4285714328
78884  -30.869  9.396  -25.631 0.8571428657
78895  -27.354  10.213  -26.281 0.1428571492
78903  -24.693  10.186  -26.954 0.1428571492
78925  -30.739  9.466  -30.957 0.8571428657
78926  -31.937  9.050  -30.936 0.5714285970
79769  -29.389  10.285  -24.958 0.2857142985
79772  -31.225  10.044  -26.463 1.0000000000
79793  -25.123  10.733  -26.970 0.1428571492
80735  -28.718  11.181  -25.122 0.2857142985
80750  -27.352  11.532  -26.143 0.2857142985
80753  -30.385  11.714  -26.131 0.2857142985
80765  -24.736  11.576  -26.921 0.1428571492
81761  -25.166  12.277  -26.846 0.1428571492
81776  -24.316  12.350  -26.829 0.1428571492
81778  -31.549  12.579  -27.645 1.0000000000
82835  -23.781  12.850  -26.982 0.1428571492
82836  -24.050  12.780  -26.883 0.1428571492
82837  -31.506  13.327  -27.885 0.8571428657
82844  -31.113  13.727  -28.972 0.8571428657
82845  -31.360  13.313  -28.691 0.8571428657
83697  -30.908  14.584  -28.168 0.8571428657
83698  -31.356  13.996  -28.014 0.8571428657
83733  -29.569  14.360  -31.639 0.5714285970
84486  -22.762  15.369  -26.935 0.1428571492
84489  -25.940  15.416  -26.649 0.2857142985
84501  -25.644  15.823  -26.839 0.1428571492
84529  -29.535  15.684  -30.876 0.5714285970
84548  -28.004  15.036  -33.101 0.1428571492
85401  -24.544  16.385  -26.853 0.1428571492
85405  -30.015  16.544  -27.269 0.8571428657
85410  -26.303  16.612  -26.663 0.1428571492
85471  -27.048  15.849  -33.775 0.1428571492
86410  -29.387  17.457  -27.078 0.5714285970
86414  -25.277  16.935  -26.560 0.2857142985
86417  -30.223  16.846  -27.936 0.7142857313
86471  -27.486  17.661  -35.143 0.1428571492
87455  -28.926  18.986  -27.105 0.2857142985
87485  -27.999  18.124  -32.412 0.4285714328
88375  -29.374  19.191  -27.973 0.5714285970
89208  -28.206  19.915  -27.085 0.2857142985
89995  -28.046  20.780  -27.820 0.2857142985
90013  -28.014  21.749  -29.037 0.5714285970
90045  -26.598  21.514  -32.943 0.2857142985
90787  -27.371  22.029  -27.735 0.5714285970
92610  -22.463  25.267  -34.673 0.1428571492
92632  -23.461  25.105  -36.158 0.1428571492
93286  -25.165  25.176  -27.406 0.2857142985
93368  -21.774  26.236  -36.197 0.1428571492
94074  -20.793  26.886  -33.244 0.1428571492
94870  -20.925  27.555  -32.342 0.1428571492
