#!ascii label  , from subject 3201 vox2ras=TkReg
1073
49684  17.591  -21.752  40.590 0.0000000000
59807  23.574  -12.652  47.475 0.0000000000
63736  34.812  -7.412  25.012 0.0000000000
57258  27.666  -15.115  31.200 0.0000000000
52580  27.906  -18.845  39.271 0.0000000000
74424  41.351  3.551  19.440 0.0000000000
61724  33.811  -8.179  29.197 0.0000000000
63635  29.425  -7.162  29.221 0.0000000000
50633  12.496  -21.276  41.048 0.0000000000
54294  20.700  -18.928  45.200 0.0000000000
58034  20.682  -14.007  42.127 0.0000000000
50684  19.805  -22.097  38.422 0.0000000000
68890  39.272  -2.635  22.284 0.0000000000
49577  19.844  -21.527  46.011 0.0000000000
48625  15.218  -22.090  46.022 0.0000000000
64727  39.301  -6.729  24.939 0.0000000000
49606  10.807  -21.585  45.732 0.0000000000
47664  6.446  -24.615  46.481 0.0000000000
61637  29.012  -10.389  34.923 0.0000000000
53579  30.992  -19.107  33.517 0.0000000000
53567  25.834  -19.543  34.810 0.0000000000
56260  23.792  -15.623  38.384 0.0000000000
61663  34.188  -7.673  31.614 0.0000000000
62648  32.189  -7.607  29.837 0.0000000000
62618  32.154  -6.811  31.822 0.0000000000
60817  36.155  -8.225  31.312 0.0000000000
49742  16.624  -22.489  38.234 0.0000000000
49726  13.598  -22.547  38.332 0.0000000000
49686  16.180  -21.285  40.731 0.0000000000
49682  19.535  -21.764  41.983 0.0000000000
52565  19.748  -20.534  41.189 0.0000000000
48738  18.829  -23.236  39.380 0.0000000000
48780  17.715  -23.794  37.429 0.0000000000
65582  34.935  -6.494  23.487 0.0000000000
61777  36.715  -8.285  26.888 0.0000000000
64730  36.356  -6.927  24.983 0.0000000000
66337  36.291  -5.523  23.451 0.0000000000
49557  15.093  -22.737  47.384 0.0000000000
49583  13.758  -21.968  46.159 0.0000000000
49536  12.528  -22.350  48.398 0.0000000000
48553  7.872  -24.049  50.759 0.0000000000
48565  8.288  -22.951  48.770 0.0000000000
47626  5.992  -24.977  49.023 0.0000000000
46538  5.066  -26.276  49.095 0.0000000000
46484  4.832  -25.969  51.227 0.0000000000
54396  30.922  -18.253  36.220 0.0000000000
52634  29.805  -20.396  36.342 0.0000000000
52672  28.233  -20.308  34.574 0.0000000000
53540  26.539  -19.772  37.458 0.0000000000
57140  19.080  -15.369  40.096 0.0000000000
58042  22.856  -13.422  40.472 0.0000000000
58080  20.651  -13.950  38.089 0.0000000000
56304  23.168  -15.456  36.466 0.0000000000
59957  26.859  -13.157  33.194 0.0000000000
60819  26.373  -10.940  32.044 0.0000000000
59076  26.097  -13.357  31.144 0.0000000000
77083  43.849  6.326  17.646 0.0000000000
75301  41.804  5.156  16.841 0.0000000000
62698  33.986  -8.117  27.110 0.0000000000
63689  32.725  -8.137  26.926 0.0000000000
61722  36.422  -8.759  28.905 0.0000000000
57051  21.261  -15.426  47.044 0.0000000000
58888  21.470  -12.803  45.845 0.0000000000
56181  19.781  -16.623  44.047 0.0000000000
55286  19.856  -17.735  40.911 0.0000000000
52618  19.680  -20.335  37.836 0.0000000000
68881  41.277  -3.171  23.782 0.0000000000
68012  41.655  -2.292  21.688 0.0000000000
70814  41.151  -0.658  20.026 0.0000000000
72608  40.224  1.297  18.752 0.0000000000
48658  18.638  -21.872  43.253 0.0000000000
49642  16.911  -21.821  43.408 0.0000000000
48601  17.724  -21.617  45.164 0.0000000000
51582  20.981  -20.173  44.870 0.0000000000
67146  39.566  -4.788  23.937 0.0000000000
49644  14.531  -21.532  43.743 0.0000000000
49647  11.358  -21.301  43.100 0.0000000000
49649  8.893  -22.071  43.596 0.0000000000
49538  10.178  -22.019  48.426 0.0000000000
49608  8.435  -22.538  45.797 0.0000000000
47583  1.069  -25.978  52.996 0.0000000000
62576  31.464  -8.943  34.193 0.0000000000
58143  29.594  -14.480  34.289 0.0000000000
57210  30.833  -15.985  34.855 0.0000000000
56359  29.807  -16.438  32.606 0.0000000000
53619  29.097  -19.022  31.660 0.0000000000
53606  26.721  -19.919  32.526 0.0000000000
54445  24.451  -18.875  31.957 0.0000000000
58021  24.643  -13.179  42.896 0.0000000000
57135  25.399  -15.504  41.145 0.0000000000
53495  25.290  -18.626  40.077 0.0000000000
54370  23.752  -18.047  37.515 0.0000000000
55343  23.171  -16.815  34.682 0.0000000000
63594  28.989  -8.014  32.280 0.0000000000
62668  26.525  -9.012  28.461 0.0000000000
62587  33.979  -7.360  32.573 0.0000000000
62617  32.842  -7.245  31.354 0.0000000000
62588  33.040  -7.310  33.180 0.0000000000
61661  35.422  -7.742  32.038 0.0000000000
49703  17.670  -22.392  39.591 0.0000000000
49724  16.056  -21.933  39.078 0.0000000000
49685  16.803  -21.455  41.205 0.0000000000
48696  18.790  -22.259  41.408 0.0000000000
48716  19.039  -22.379  41.025 0.0000000000
48718  18.473  -22.734  39.690 0.0000000000
49721  18.153  -23.351  39.016 0.0000000000
64732  34.579  -7.210  24.348 0.0000000000
63711  35.277  -8.016  25.808 0.0000000000
63710  36.462  -7.897  25.701 0.0000000000
63735  35.769  -7.387  25.284 0.0000000000
65568  35.979  -6.566  24.417 0.0000000000
48554  7.146  -24.790  51.080 0.0000000000
48562  7.085  -24.200  50.345 0.0000000000
47613  5.916  -24.867  50.014 0.0000000000
46553  5.660  -25.867  48.539 0.0000000000
46517  5.567  -25.356  50.173 0.0000000000
46501  5.085  -25.919  50.624 0.0000000000
52596  30.537  -20.125  38.364 0.0000000000
52598  28.685  -20.350  38.806 0.0000000000
52636  28.043  -20.410  36.806 0.0000000000
52617  27.174  -20.057  38.193 0.0000000000
58868  24.024  -12.328  46.160 0.0000000000
55306  18.582  -16.828  38.164 0.0000000000
58082  19.446  -14.601  39.099 0.0000000000
56292  18.637  -16.037  37.772 0.0000000000
57191  19.485  -15.012  36.230 0.0000000000
59074  27.501  -13.913  32.302 0.0000000000
59075  27.029  -13.330  31.826 0.0000000000
73512  41.767  2.553  20.179 0.0000000000
75278  42.484  4.107  20.576 0.0000000000
75291  42.421  4.586  19.768 0.0000000000
76179  42.646  5.466  18.379 0.0000000000
75296  41.453  4.445  18.635 0.0000000000
61740  33.880  -8.387  28.511 0.0000000000
62699  33.391  -8.219  27.769 0.0000000000
61741  33.264  -8.135  28.532 0.0000000000
63634  30.615  -7.221  29.619 0.0000000000
63653  30.464  -7.145  28.154 0.0000000000
64657  29.538  -7.197  27.285 0.0000000000
60848  34.914  -8.295  30.288 0.0000000000
60871  34.900  -8.664  28.714 0.0000000000
60870  35.464  -8.657  28.263 0.0000000000
50669  13.192  -21.943  39.110 0.0000000000
50634  11.512  -21.983  40.841 0.0000000000
56151  20.913  -16.712  46.059 0.0000000000
57064  20.532  -15.478  46.098 0.0000000000
55239  20.420  -17.846  44.300 0.0000000000
51662  19.512  -21.029  39.983 0.0000000000
53479  19.728  -18.953  41.235 0.0000000000
52584  19.580  -20.266  39.645 0.0000000000
54362  19.157  -18.744  39.046 0.0000000000
51689  19.938  -21.200  38.081 0.0000000000
49774  19.535  -23.121  37.389 0.0000000000
54484  27.460  -18.198  30.199 0.0000000000
68002  40.133  -3.039  22.866 0.0000000000
68001  41.290  -2.612  22.447 0.0000000000
68013  40.784  -2.362  21.762 0.0000000000
68917  40.282  -2.014  19.728 0.0000000000
69854  40.025  -1.616  19.175 0.0000000000
71673  40.577  0.018  19.490 0.0000000000
48640  18.885  -21.789  44.103 0.0000000000
48642  17.978  -21.614  43.747 0.0000000000
49600  18.354  -21.462  45.230 0.0000000000
49597  20.117  -21.100  45.094 0.0000000000
49639  19.153  -21.755  43.917 0.0000000000
66332  40.372  -5.346  24.491 0.0000000000
66334  39.340  -5.776  23.896 0.0000000000
67149  36.903  -4.534  23.140 0.0000000000
49601  16.309  -21.759  44.778 0.0000000000
50585  15.973  -21.286  43.825 0.0000000000
49602  15.500  -21.698  45.202 0.0000000000
49605  12.072  -21.608  45.697 0.0000000000
49626  12.368  -21.544  44.590 0.0000000000
49627  11.080  -21.486  44.550 0.0000000000
49648  9.981  -21.541  43.365 0.0000000000
49628  9.762  -21.485  44.683 0.0000000000
49520  10.434  -22.231  49.369 0.0000000000
48588  7.579  -23.485  47.493 0.0000000000
48587  8.047  -22.906  47.131 0.0000000000
48609  7.662  -23.324  46.613 0.0000000000
48627  8.078  -22.829  44.996 0.0000000000
59015  28.173  -13.378  35.272 0.0000000000
54409  31.037  -18.247  34.709 0.0000000000
55342  30.721  -17.576  35.139 0.0000000000
55382  30.814  -17.464  33.872 0.0000000000
56343  30.251  -16.465  33.207 0.0000000000
55401  29.972  -17.112  32.793 0.0000000000
54444  29.469  -18.248  31.804 0.0000000000
53603  29.686  -19.163  32.280 0.0000000000
53582  26.557  -20.009  34.076 0.0000000000
52713  27.486  -20.104  32.731 0.0000000000
53583  25.784  -19.385  33.541 0.0000000000
53607  25.483  -19.458  32.232 0.0000000000
54424  24.913  -18.671  33.187 0.0000000000
58914  21.078  -13.195  43.970 0.0000000000
58905  23.744  -12.516  43.983 0.0000000000
58913  22.326  -12.587  43.453 0.0000000000
58052  23.596  -14.008  39.740 0.0000000000
57125  24.659  -14.248  41.037 0.0000000000
56241  24.862  -15.866  39.714 0.0000000000
55271  25.706  -16.637  40.649 0.0000000000
55284  24.718  -16.908  39.313 0.0000000000
54359  24.486  -18.394  39.303 0.0000000000
55303  23.286  -17.534  38.220 0.0000000000
56318  21.671  -14.821  35.035 0.0000000000
55325  23.181  -15.791  35.777 0.0000000000
62578  30.052  -10.041  34.105 0.0000000000
62605  30.457  -8.154  33.182 0.0000000000
62592  28.602  -9.263  33.730 0.0000000000
60834  25.526  -11.561  30.189 0.0000000000
61693  26.236  -9.370  30.522 0.0000000000
77096  44.059  6.272  16.051 0.0000000000
61691  33.707  -7.731  30.418 0.0000000000
61707  33.016  -7.596  29.793 0.0000000000
62631  32.831  -7.484  30.337 0.0000000000
62632  32.206  -7.306  30.778 0.0000000000
63620  30.667  -7.219  30.817 0.0000000000
61660  36.101  -7.858  32.295 0.0000000000
61676  35.146  -7.838  31.385 0.0000000000
49725  14.798  -22.139  38.396 0.0000000000
50667  15.176  -21.656  39.099 0.0000000000
50631  14.626  -20.864  41.206 0.0000000000
51614  20.292  -20.212  43.533 0.0000000000
53462  20.206  -19.177  42.728 0.0000000000
50646  19.682  -21.343  41.477 0.0000000000
49719  19.263  -22.044  40.380 0.0000000000
48758  19.349  -23.354  39.148 0.0000000000
48778  19.478  -23.719  37.929 0.0000000000
48760  18.273  -23.793  38.362 0.0000000000
48761  17.667  -23.390  38.164 0.0000000000
68015  38.183  -3.373  20.978 0.0000000000
49552  19.459  -21.238  46.412 0.0000000000
62718  37.967  -7.827  26.494 0.0000000000
64710  37.972  -7.321  25.475 0.0000000000
64728  38.413  -6.782  24.972 0.0000000000
65566  37.841  -6.140  24.382 0.0000000000
65567  36.673  -6.426  24.390 0.0000000000
65581  35.639  -6.179  23.667 0.0000000000
49582  15.232  -22.697  46.960 0.0000000000
48626  14.716  -22.243  46.253 0.0000000000
48584  14.712  -22.569  47.066 0.0000000000
48586  13.572  -22.150  47.093 0.0000000000
49560  12.181  -22.288  47.551 0.0000000000
49507  9.300  -22.829  50.194 0.0000000000
48561  7.728  -23.652  50.007 0.0000000000
48571  7.119  -23.697  48.865 0.0000000000
47649  6.557  -24.518  47.526 0.0000000000
47637  6.203  -25.234  48.036 0.0000000000
52632  31.252  -19.511  36.031 0.0000000000
52669  30.634  -19.849  34.341 0.0000000000
52688  29.789  -20.180  33.521 0.0000000000
52653  28.993  -20.459  35.447 0.0000000000
52655  27.316  -20.099  35.996 0.0000000000
53555  25.870  -19.760  35.782 0.0000000000
58044  19.952  -14.517  41.511 0.0000000000
58929  21.617  -13.211  41.695 0.0000000000
58054  20.892  -13.171  39.911 0.0000000000
58053  22.542  -13.583  39.587 0.0000000000
57152  22.762  -14.440  38.290 0.0000000000
56275  23.291  -15.531  37.689 0.0000000000
57164  21.641  -14.156  37.562 0.0000000000
57201  20.166  -14.709  35.218 0.0000000000
60779  27.687  -11.544  34.896 0.0000000000
61652  26.874  -10.016  33.524 0.0000000000
59958  26.561  -12.322  32.794 0.0000000000
59970  25.750  -12.336  30.739 0.0000000000
77077  43.784  6.143  18.496 0.0000000000
76182  42.549  5.554  17.406 0.0000000000
63687  34.596  -8.060  26.338 0.0000000000
63713  33.221  -7.903  25.532 0.0000000000
63688  33.858  -7.905  26.403 0.0000000000
63651  32.193  -7.695  28.612 0.0000000000
63672  31.531  -7.601  27.496 0.0000000000
60815  37.937  -8.441  31.234 0.0000000000
60845  37.195  -9.136  29.903 0.0000000000
61720  37.513  -8.819  29.024 0.0000000000
61737  36.629  -8.520  27.756 0.0000000000
61756  35.458  -8.491  27.009 0.0000000000
58850  22.126  -13.070  47.351 0.0000000000
58869  22.558  -12.478  46.389 0.0000000000
57959  21.177  -14.045  46.637 0.0000000000
57982  20.537  -14.280  45.611 0.0000000000
57097  19.727  -15.584  43.162 0.0000000000
55272  21.394  -18.283  42.314 0.0000000000
56221  20.468  -17.164  42.523 0.0000000000
57126  19.705  -15.626  41.781 0.0000000000
56261  19.129  -16.950  40.350 0.0000000000
55305  18.724  -17.658  38.651 0.0000000000
53543  18.785  -19.824  36.970 0.0000000000
69837  42.908  -1.477  21.501 0.0000000000
68911  40.681  -2.122  20.651 0.0000000000
69847  41.290  -1.518  20.412 0.0000000000
70803  42.035  -0.839  20.320 0.0000000000
71671  42.073  0.731  20.010 0.0000000000
72594  41.706  1.392  19.794 0.0000000000
73529  40.905  2.039  18.789 0.0000000000
74427  40.363  3.815  18.433 0.0000000000
48677  18.480  -21.915  41.851 0.0000000000
49664  17.519  -21.502  41.865 0.0000000000
49620  17.622  -21.663  43.333 0.0000000000
48643  17.328  -21.950  44.162 0.0000000000
48603  16.512  -22.035  45.891 0.0000000000
49579  18.071  -21.468  45.804 0.0000000000
48582  16.203  -22.211  46.668 0.0000000000
49556  15.770  -22.440  47.154 0.0000000000
58833  22.597  -13.229  48.123 0.0000000000
57912  21.940  -14.223  48.564 0.0000000000
57050  21.634  -15.802  47.540 0.0000000000
55197  21.531  -17.597  46.296 0.0000000000
53410  21.656  -18.966  46.011 0.0000000000
51595  21.316  -19.929  44.646 0.0000000000
49660  19.883  -20.905  43.290 0.0000000000
48675  19.134  -21.969  42.999 0.0000000000
67136  41.019  -4.369  24.767 0.0000000000
67991  40.460  -3.786  23.661 0.0000000000
67157  39.398  -4.114  23.115 0.0000000000
66335  38.169  -5.441  23.890 0.0000000000
67158  38.431  -4.043  22.870 0.0000000000
68004  38.073  -3.357  22.058 0.0000000000
50629  16.545  -21.289  42.197 0.0000000000
50609  15.049  -20.832  42.507 0.0000000000
50610  13.785  -20.945  42.113 0.0000000000
49625  13.590  -21.713  44.645 0.0000000000
49646  12.836  -21.371  43.721 0.0000000000
50589  12.410  -21.051  42.830 0.0000000000
49667  10.778  -21.821  41.493 0.0000000000
49668  10.122  -22.159  42.165 0.0000000000
49537  11.402  -22.201  48.409 0.0000000000
49561  11.015  -22.070  47.544 0.0000000000
50535  9.237  -22.000  47.222 0.0000000000
49607  9.482  -21.796  45.940 0.0000000000
49629  8.677  -22.263  44.775 0.0000000000
46486  3.421  -26.416  51.950 0.0000000000
62575  32.398  -8.200  34.244 0.0000000000
60767  29.087  -11.299  35.701 0.0000000000
59925  27.724  -12.552  35.072 0.0000000000
59053  28.142  -14.543  33.919 0.0000000000
58163  28.432  -14.747  33.024 0.0000000000
58142  29.977  -14.878  34.797 0.0000000000
57237  29.306  -15.496  32.702 0.0000000000
57256  28.927  -15.976  31.843 0.0000000000
56381  28.606  -16.528  31.263 0.0000000000
55429  28.672  -17.761  30.924 0.0000000000
54467  28.001  -18.340  30.902 0.0000000000
52711  28.703  -20.103  32.941 0.0000000000
53605  27.771  -19.973  32.046 0.0000000000
53621  27.379  -19.417  31.169 0.0000000000
53622  26.238  -19.619  31.160 0.0000000000
53623  25.130  -19.865  31.126 0.0000000000
53459  28.005  -17.484  40.470 0.0000000000
58887  23.082  -12.414  45.286 0.0000000000
58904  24.751  -13.155  44.131 0.0000000000
57078  25.633  -14.418  43.832 0.0000000000
58918  23.699  -12.602  41.982 0.0000000000
57112  25.291  -13.857  41.953 0.0000000000
56198  25.785  -15.367  42.636 0.0000000000
55253  26.251  -16.290  41.870 0.0000000000
53476  26.274  -17.806  40.469 0.0000000000
53493  27.277  -18.614  39.346 0.0000000000
53509  26.454  -19.145  38.955 0.0000000000
53525  25.090  -19.179  37.593 0.0000000000
54385  24.606  -18.663  36.805 0.0000000000
54371  23.097  -17.513  37.158 0.0000000000
54386  23.736  -17.859  36.456 0.0000000000
54399  24.425  -18.307  35.523 0.0000000000
55364  23.699  -17.616  33.575 0.0000000000
62589  32.031  -7.936  33.465 0.0000000000
63593  29.993  -7.623  32.556 0.0000000000
63622  28.315  -7.549  30.218 0.0000000000
62608  27.268  -8.684  32.022 0.0000000000
63623  27.344  -8.012  30.533 0.0000000000
62649  27.311  -8.112  28.657 0.0000000000
74431  40.504  4.044  17.020 0.0000000000
62574  33.716  -7.355  34.004 0.0000000000
61648  34.723  -7.457  32.769 0.0000000000
49704  17.029  -21.858  39.895 0.0000000000
48697  18.494  -22.126  40.728 0.0000000000
49683  18.039  -22.211  40.065 0.0000000000
63737  33.759  -7.585  24.339 0.0000000000
47597  6.677  -25.021  50.889 0.0000000000
47612  6.647  -24.841  50.518 0.0000000000
47598  5.993  -25.140  51.055 0.0000000000
46500  5.423  -25.554  50.442 0.0000000000
52579  28.567  -19.421  39.324 0.0000000000
52597  29.615  -20.370  38.605 0.0000000000
52616  27.913  -20.500  37.957 0.0000000000
52599  27.811  -20.021  38.999 0.0000000000
58849  24.134  -12.422  47.088 0.0000000000
55316  18.571  -17.335  37.407 0.0000000000
56306  18.807  -16.041  36.610 0.0000000000
58181  27.973  -14.627  32.347 0.0000000000
58182  27.504  -14.490  31.629 0.0000000000
74411  41.504  2.957  19.961 0.0000000000
74410  41.964  3.431  20.240 0.0000000000
75292  41.907  4.282  19.269 0.0000000000
63654  29.260  -7.108  27.901 0.0000000000
63674  29.256  -7.528  26.969 0.0000000000
63655  28.090  -7.468  27.745 0.0000000000
61705  34.192  -8.104  29.893 0.0000000000
60861  34.775  -8.461  29.472 0.0000000000
60872  34.321  -8.444  28.912 0.0000000000
50649  12.867  -21.626  40.026 0.0000000000
50670  12.453  -22.131  39.274 0.0000000000
50650  11.838  -22.255  39.770 0.0000000000
55221  20.803  -17.667  45.548 0.0000000000
56165  20.646  -17.116  45.428 0.0000000000
54282  20.598  -18.053  45.174 0.0000000000
50666  19.493  -21.890  39.339 0.0000000000
51675  19.674  -21.143  38.971 0.0000000000
52601  19.789  -20.331  38.670 0.0000000000
50697  19.523  -22.170  37.561 0.0000000000
49758  19.994  -22.936  37.951 0.0000000000
54468  27.399  -18.747  30.649 0.0000000000
68889  39.978  -2.469  21.972 0.0000000000
70822  39.594  -0.799  18.631 0.0000000000
49598  19.651  -21.397  45.128 0.0000000000
49599  18.989  -21.472  45.042 0.0000000000
50558  20.190  -21.244  45.646 0.0000000000
65564  39.715  -6.629  24.379 0.0000000000
65577  40.141  -6.380  23.884 0.0000000000
65578  39.494  -6.382  23.987 0.0000000000
48624  16.171  -21.846  45.483 0.0000000000
49506  10.793  -22.396  50.489 0.0000000000
47663  6.904  -23.836  47.073 0.0000000000
47675  7.033  -23.996  45.975 0.0000000000
53578  31.175  -18.789  34.278 0.0000000000
55363  30.875  -17.681  34.452 0.0000000000
54422  31.022  -18.251  33.978 0.0000000000
55383  30.336  -17.316  33.306 0.0000000000
54423  30.600  -18.194  33.332 0.0000000000
54443  30.067  -18.051  32.576 0.0000000000
53602  30.372  -18.896  32.866 0.0000000000
54410  25.195  -18.697  34.516 0.0000000000
58920  21.326  -13.216  42.806 0.0000000000
56242  24.157  -15.429  39.213 0.0000000000
57137  24.156  -14.766  40.038 0.0000000000
56259  24.475  -16.156  38.833 0.0000000000
54352  24.025  -17.683  39.524 0.0000000000
55293  24.211  -17.079  38.146 0.0000000000
61649  29.572  -10.082  34.330 0.0000000000
62591  29.838  -9.316  33.873 0.0000000000
61650  28.814  -9.873  34.347 0.0000000000
61678  33.981  -7.771  31.131 0.0000000000
62630  33.270  -7.539  30.447 0.0000000000
62616  33.380  -7.507  30.917 0.0000000000
63619  31.524  -7.074  31.259 0.0000000000
61659  36.708  -7.820  32.369 0.0000000000
61662  34.608  -7.625  31.915 0.0000000000
61677  34.580  -7.818  31.267 0.0000000000
61689  34.955  -7.965  30.956 0.0000000000
49705  16.353  -21.560  40.181 0.0000000000
50647  15.392  -21.198  40.046 0.0000000000
50648  13.969  -21.439  40.100 0.0000000000
50628  19.864  -21.239  42.425 0.0000000000
50645  20.070  -20.830  42.146 0.0000000000
48737  18.937  -22.612  39.914 0.0000000000
49701  19.054  -22.370  40.410 0.0000000000
49720  19.245  -22.371  39.848 0.0000000000
48759  18.944  -24.053  38.736 0.0000000000
48739  18.440  -23.545  39.081 0.0000000000
49741  17.350  -22.863  38.473 0.0000000000
49759  17.072  -22.947  37.800 0.0000000000
62719  37.057  -8.004  26.375 0.0000000000
64712  36.410  -7.445  25.334 0.0000000000
63709  37.501  -7.762  25.879 0.0000000000
64711  37.027  -7.455  25.336 0.0000000000
64729  37.385  -6.880  24.917 0.0000000000
64740  35.063  -6.630  23.804 0.0000000000
49559  13.326  -22.284  47.575 0.0000000000
49498  8.605  -23.528  51.051 0.0000000000
49508  8.417  -23.476  50.356 0.0000000000
47625  6.548  -24.493  49.670 0.0000000000
48567  6.981  -23.787  49.479 0.0000000000
47636  6.695  -24.176  48.504 0.0000000000
47635  7.226  -24.117  48.085 0.0000000000
46537  5.626  -25.600  49.471 0.0000000000
46502  4.324  -26.400  50.766 0.0000000000
46485  4.285  -26.231  51.595 0.0000000000
52613  30.541  -20.155  37.203 0.0000000000
52612  31.164  -19.644  36.930 0.0000000000
52633  30.679  -20.154  36.129 0.0000000000
52651  30.789  -19.825  35.097 0.0000000000
52652  29.896  -20.309  35.232 0.0000000000
52637  27.228  -20.179  37.104 0.0000000000
52654  28.161  -20.178  35.693 0.0000000000
53554  26.509  -19.924  36.376 0.0000000000
57139  19.322  -15.246  40.913 0.0000000000
58043  20.794  -13.701  41.078 0.0000000000
58055  19.810  -14.139  40.452 0.0000000000
58081  19.931  -14.060  38.525 0.0000000000
58068  21.189  -13.663  38.662 0.0000000000
58067  22.164  -13.738  38.577 0.0000000000
57153  21.960  -13.911  38.180 0.0000000000
57163  22.692  -14.713  37.691 0.0000000000
57190  20.206  -14.307  35.910 0.0000000000
59938  26.871  -12.612  34.153 0.0000000000
59939  26.613  -11.536  33.711 0.0000000000
59969  26.259  -12.296  31.643 0.0000000000
75298  41.901  5.135  17.981 0.0000000000
76185  42.505  5.548  16.318 0.0000000000
62680  34.340  -8.102  26.739 0.0000000000
63690  31.320  -8.297  26.230 0.0000000000
62647  32.623  -7.623  29.538 0.0000000000
62665  32.524  -7.761  28.784 0.0000000000
63652  31.744  -7.551  28.899 0.0000000000
63673  30.376  -7.452  26.820 0.0000000000
63691  30.419  -8.359  26.314 0.0000000000
62700  30.638  -8.755  25.868 0.0000000000
60802  37.327  -7.984  32.037 0.0000000000
60816  36.908  -8.264  31.234 0.0000000000
60846  36.442  -8.852  29.982 0.0000000000
60859  36.692  -8.949  29.400 0.0000000000
60858  37.329  -9.019  29.344 0.0000000000
61721  36.934  -9.098  29.089 0.0000000000
63667  37.033  -8.605  28.088 0.0000000000
62679  36.424  -8.639  28.447 0.0000000000
61757  34.696  -8.477  27.418 0.0000000000
60883  35.269  -8.626  27.635 0.0000000000
62697  34.713  -8.266  26.832 0.0000000000
57936  21.511  -14.201  47.357 0.0000000000
58851  21.560  -13.536  47.042 0.0000000000
56166  20.222  -16.562  45.036 0.0000000000
57079  20.232  -15.380  45.253 0.0000000000
58006  20.196  -14.207  44.621 0.0000000000
57096  19.710  -15.539  44.214 0.0000000000
52552  20.175  -19.842  42.337 0.0000000000
54328  20.631  -18.538  42.808 0.0000000000
53478  19.956  -19.320  41.807 0.0000000000
53480  19.664  -18.860  40.858 0.0000000000
55285  20.605  -18.132  41.162 0.0000000000
55274  20.145  -17.263  41.513 0.0000000000
56222  19.993  -16.786  42.054 0.0000000000
56243  19.587  -16.553  41.170 0.0000000000
53526  19.380  -19.579  38.451 0.0000000000
54372  18.859  -18.761  38.247 0.0000000000
53527  18.931  -19.613  37.681 0.0000000000
48779  18.494  -23.999  37.661 0.0000000000
68871  41.567  -2.930  24.130 0.0000000000
68000  42.102  -2.342  22.443 0.0000000000
68011  42.350  -2.214  21.916 0.0000000000
68010  42.700  -1.987  21.996 0.0000000000
68899  42.456  -1.843  21.514 0.0000000000
68912  39.661  -2.606  20.548 0.0000000000
68901  40.134  -2.382  21.268 0.0000000000
69853  40.628  -1.515  19.833 0.0000000000
70804  41.625  -1.167  20.290 0.0000000000
69846  41.912  -1.432  20.662 0.0000000000
70813  41.957  -0.041  20.062 0.0000000000
71685  40.564  0.715  19.269 0.0000000000
72595  41.006  1.400  19.334 0.0000000000
48659  18.283  -21.747  42.822 0.0000000000
49640  17.940  -21.608  42.392 0.0000000000
48622  17.510  -21.806  44.621 0.0000000000
48623  16.952  -22.150  45.008 0.0000000000
48602  17.184  -22.007  45.413 0.0000000000
49553  18.681  -21.200  46.533 0.0000000000
49554  17.499  -21.541  46.491 0.0000000000
49555  16.595  -22.056  46.899 0.0000000000
58816  22.363  -13.642  48.650 0.0000000000
51568  21.148  -20.336  45.439 0.0000000000
51567  21.513  -19.971  45.148 0.0000000000
52505  21.490  -19.748  44.986 0.0000000000
51581  21.517  -20.008  44.799 0.0000000000
51596  20.679  -20.078  44.425 0.0000000000
50584  20.272  -20.462  44.401 0.0000000000
48657  18.948  -21.912  43.788 0.0000000000
48676  18.770  -22.150  42.400 0.0000000000
67145  40.140  -4.593  24.172 0.0000000000
67156  39.981  -4.092  23.526 0.0000000000
65579  37.484  -5.672  23.971 0.0000000000
66336  37.078  -5.156  23.697 0.0000000000
67160  36.291  -4.602  22.400 0.0000000000
67159  37.316  -3.993  22.553 0.0000000000
68005  37.377  -3.753  21.861 0.0000000000
49641  17.363  -21.664  42.963 0.0000000000
49665  16.870  -21.540  42.586 0.0000000000
49666  16.692  -21.600  43.184 0.0000000000
50586  15.204  -21.332  43.554 0.0000000000
50587  14.293  -21.364  43.135 0.0000000000
49603  14.387  -21.935  45.645 0.0000000000
50612  11.801  -21.166  41.872 0.0000000000
49669  9.181  -22.475  42.385 0.0000000000
48678  8.358  -23.118  42.713 0.0000000000
49588  8.383  -22.627  46.639 0.0000000000
49563  8.776  -22.275  47.317 0.0000000000
50548  8.988  -22.226  46.819 0.0000000000
49587  9.680  -21.734  46.747 0.0000000000
50560  8.942  -22.265  46.357 0.0000000000
47581  3.206  -25.721  52.733 0.0000000000
47582  2.069  -25.888  52.870 0.0000000000
46487  2.388  -26.333  52.089 0.0000000000
61618  30.906  -10.253  35.352 0.0000000000
59919  28.366  -12.304  35.734 0.0000000000
60768  28.291  -11.564  35.387 0.0000000000
59029  28.695  -14.006  34.399 0.0000000000
58162  29.073  -14.583  33.559 0.0000000000
56329  30.807  -16.828  34.552 0.0000000000
57236  30.058  -15.923  33.010 0.0000000000
56360  29.252  -16.521  31.987 0.0000000000
55428  29.046  -17.434  31.442 0.0000000000
54466  28.873  -18.381  31.248 0.0000000000
53620  28.331  -19.198  31.474 0.0000000000
52690  28.441  -20.290  33.596 0.0000000000
53581  29.242  -19.800  32.804 0.0000000000
58005  24.630  -13.098  43.690 0.0000000000
58903  25.144  -13.615  44.129 0.0000000000
58004  25.160  -13.754  43.698 0.0000000000
58928  22.805  -12.992  41.142 0.0000000000
58919  22.507  -12.692  42.340 0.0000000000
58927  23.688  -13.030  41.286 0.0000000000
57124  25.257  -14.870  41.516 0.0000000000
57111  25.571  -14.831  42.414 0.0000000000
57110  25.722  -15.447  42.313 0.0000000000
56197  25.999  -16.021  42.311 0.0000000000
56219  25.885  -16.129  41.610 0.0000000000
54339  25.409  -17.432  40.696 0.0000000000
54338  26.351  -17.080  40.424 0.0000000000
53494  26.321  -18.599  39.691 0.0000000000
54369  24.477  -18.544  38.105 0.0000000000
53542  25.089  -19.139  36.920 0.0000000000
56290  23.331  -15.692  37.115 0.0000000000
55304  23.260  -16.917  37.675 0.0000000000
55314  23.282  -16.500  36.801 0.0000000000
54401  23.228  -16.657  35.450 0.0000000000
54387  23.260  -17.036  36.224 0.0000000000
54400  23.752  -17.341  35.319 0.0000000000
54411  24.226  -18.019  34.206 0.0000000000
54412  23.657  -17.319  34.329 0.0000000000
62590  31.051  -8.690  33.557 0.0000000000
62606  29.304  -8.488  33.186 0.0000000000
63606  29.762  -7.365  31.570 0.0000000000
63607  28.744  -7.690  31.308 0.0000000000
61665  26.905  -9.711  32.717 0.0000000000
61679  26.644  -9.623  31.597 0.0000000000
61708  25.837  -9.812  29.378 0.0000000000
62650  26.485  -8.641  29.496 0.0000000000
62633  27.315  -7.898  29.691 0.0000000000
77088  44.619  6.607  16.509 0.0000000000
77095  44.473  6.486  15.655 0.0000000000
77087  45.294  6.909  16.165 0.0000000000
74432  39.790  3.364  17.427 0.0000000000
62601  34.096  -7.597  31.978 0.0000000000
62602  33.561  -7.434  31.883 0.0000000000
62603  32.621  -7.089  32.515 0.0000000000
49723  17.166  -22.428  39.044 0.0000000000
48695  19.100  -22.328  42.007 0.0000000000
48715  19.281  -22.162  41.673 0.0000000000
48717  18.727  -22.461  40.273 0.0000000000
49702  18.048  -22.993  39.314 0.0000000000
49722  17.776  -23.073  38.942 0.0000000000
64741  34.433  -6.933  23.569 0.0000000000
62720  36.063  -8.413  26.341 0.0000000000
64731  35.314  -6.886  24.423 0.0000000000
49534  14.475  -22.445  48.014 0.0000000000
46518  5.279  -25.987  49.947 0.0000000000
52614  29.770  -20.508  37.487 0.0000000000
52635  28.925  -20.553  36.563 0.0000000000
52615  28.836  -20.720  37.717 0.0000000000
56278  18.682  -16.298  38.830 0.0000000000
58070  19.323  -14.630  39.785 0.0000000000
57166  19.157  -15.041  38.375 0.0000000000
57165  19.960  -14.139  37.722 0.0000000000
57177  19.273  -15.050  37.261 0.0000000000
59054  27.506  -13.908  33.254 0.0000000000
59055  27.095  -13.362  32.626 0.0000000000
58183  26.787  -14.106  31.231 0.0000000000
73527  41.935  1.966  20.051 0.0000000000
73510  42.933  2.194  21.222 0.0000000000
73511  42.334  2.268  20.524 0.0000000000
76173  42.784  5.310  19.147 0.0000000000
75295  42.196  4.881  18.869 0.0000000000
75299  41.145  4.628  17.564 0.0000000000
61758  34.063  -8.481  27.899 0.0000000000
62682  32.823  -7.998  28.027 0.0000000000
63633  31.510  -7.455  30.198 0.0000000000
64672  29.876  -7.293  26.989 0.0000000000
60832  35.468  -8.235  30.863 0.0000000000
60831  36.295  -8.511  30.668 0.0000000000
60847  35.619  -8.547  30.079 0.0000000000
60860  35.786  -8.644  29.179 0.0000000000
60884  34.759  -8.748  28.040 0.0000000000
50668  14.324  -21.636  39.067 0.0000000000
50651  11.246  -22.493  40.162 0.0000000000
49687  10.794  -22.615  40.553 0.0000000000
56133  21.121  -16.237  46.670 0.0000000000
57052  20.858  -15.110  46.603 0.0000000000
55240  20.065  -17.311  44.102 0.0000000000
52583  19.641  -20.234  40.752 0.0000000000
53497  19.691  -19.585  41.148 0.0000000000
53498  19.534  -19.290  40.403 0.0000000000
53499  19.604  -18.858  40.542 0.0000000000
54353  19.431  -18.788  39.773 0.0000000000
53511  19.482  -19.518  39.295 0.0000000000
51690  19.447  -21.152  37.444 0.0000000000
54483  27.770  -17.823  30.559 0.0000000000
67990  41.104  -3.165  23.251 0.0000000000
67989  41.741  -2.547  23.014 0.0000000000
70815  40.252  -0.744  19.344 0.0000000000
71686  39.908  0.233  18.908 0.0000000000
48641  18.583  -21.755  43.927 0.0000000000
48621  18.230  -21.555  44.516 0.0000000000
50571  20.507  -20.583  45.032 0.0000000000
49617  19.876  -20.899  44.481 0.0000000000
49618  19.490  -21.313  44.516 0.0000000000
65576  40.653  -5.938  24.336 0.0000000000
66333  40.184  -5.568  23.890 0.0000000000
66343  36.393  -5.002  23.129 0.0000000000
49622  16.661  -21.877  44.099 0.0000000000
49643  16.490  -21.599  43.660 0.0000000000
49623  15.992  -21.473  44.361 0.0000000000
50573  15.588  -21.434  44.093 0.0000000000
49624  14.836  -21.631  44.410 0.0000000000
49604  13.231  -21.709  45.618 0.0000000000
48570  7.444  -23.614  48.310 0.0000000000
48569  8.146  -22.896  47.886 0.0000000000
48608  7.987  -22.940  46.822 0.0000000000
49609  7.972  -22.909  46.246 0.0000000000
48628  7.677  -23.299  45.548 0.0000000000
59000  28.435  -13.073  36.037 0.0000000000
58999  28.958  -13.325  36.423 0.0000000000
59014  28.931  -13.849  35.280 0.0000000000
54397  30.998  -18.271  35.484 0.0000000000
55341  30.519  -17.610  35.968 0.0000000000
57221  31.012  -16.126  34.190 0.0000000000
56342  30.718  -16.584  33.792 0.0000000000
55402  29.572  -17.305  32.205 0.0000000000
52673  27.365  -20.163  34.852 0.0000000000
52691  27.519  -20.167  33.576 0.0000000000
58906  22.042  -12.476  44.600 0.0000000000
58912  23.428  -12.535  42.952 0.0000000000
58041  23.613  -13.647  40.600 0.0000000000
57136  24.857  -15.291  40.731 0.0000000000
56220  25.786  -16.234  41.038 0.0000000000
56240  25.412  -16.011  40.592 0.0000000000
55283  25.130  -16.764  40.154 0.0000000000
54351  24.554  -18.166  40.379 0.0000000000
54360  23.766  -17.939  38.465 0.0000000000
56305  22.386  -14.727  35.914 0.0000000000
55326  22.576  -15.015  35.411 0.0000000000
55344  22.941  -16.021  34.943 0.0000000000
55366  22.722  -16.123  33.996 0.0000000000
55365  23.186  -17.058  33.800 0.0000000000
62577  30.724  -9.875  33.995 0.0000000000
62607  27.971  -8.700  33.047 0.0000000000
60820  25.925  -11.343  31.071 0.0000000000
61680  26.120  -10.345  31.165 0.0000000000
61694  25.671  -10.498  30.400 0.0000000000
76184  43.242  5.903  16.948 0.0000000000
77089  43.920  6.338  16.702 0.0000000000
61706  33.487  -7.775  29.768 0.0000000000
61692  33.234  -7.573  30.140 0.0000000000
60803  36.547  -8.035  31.835 0.0000000000
60804  35.986  -8.025  31.793 0.0000000000
60833  34.972  -8.126  30.691 0.0000000000
50632  13.451  -21.178  41.069 0.0000000000
52538  20.479  -19.615  44.187 0.0000000000
53425  20.299  -18.721  44.293 0.0000000000
52539  20.332  -19.695  43.414 0.0000000000
51646  20.040  -20.343  41.964 0.0000000000
51647  19.859  -20.712  41.536 0.0000000000
49700  19.316  -22.053  40.905 0.0000000000
51661  19.675  -20.949  40.887 0.0000000000
50665  19.395  -21.669  40.401 0.0000000000
49740  19.929  -22.911  38.835 0.0000000000
48740  18.107  -23.502  38.758 0.0000000000
68903  38.708  -2.838  21.658 0.0000000000
68902  39.439  -2.576  21.433 0.0000000000
68014  38.964  -3.086  20.758 0.0000000000
49551  19.935  -21.240  46.574 0.0000000000
61775  38.447  -7.841  27.017 0.0000000000
62717  38.693  -7.634  26.753 0.0000000000
65565  38.994  -6.402  24.376 0.0000000000
65580  36.846  -5.918  23.860 0.0000000000
65589  35.244  -5.923  22.936 0.0000000000
48604  15.655  -22.293  46.536 0.0000000000
48605  14.958  -22.504  46.579 0.0000000000
48606  14.237  -22.202  46.584 0.0000000000
49558  14.289  -22.439  47.617 0.0000000000
48585  14.055  -22.273  47.162 0.0000000000
49584  13.101  -21.967  46.695 0.0000000000
49585  11.660  -21.874  46.697 0.0000000000
48560  8.459  -23.169  49.633 0.0000000000
48566  7.683  -23.512  49.168 0.0000000000
47648  7.258  -24.111  47.892 0.0000000000
47650  5.946  -25.263  47.012 0.0000000000
53539  31.704  -18.993  36.723 0.0000000000
53552  31.615  -18.865  35.780 0.0000000000
53553  31.183  -19.259  35.158 0.0000000000
53564  31.054  -19.412  34.412 0.0000000000
53565  30.604  -19.756  33.859 0.0000000000
53580  30.045  -19.771  33.199 0.0000000000
52670  30.060  -20.238  34.084 0.0000000000
52671  29.120  -20.483  34.370 0.0000000000
53566  26.536  -20.020  35.289 0.0000000000
58937  21.850  -13.213  40.631 0.0000000000
58069  19.998  -13.930  39.385 0.0000000000
57138  23.588  -14.569  39.126 0.0000000000
56276  22.811  -14.905  37.359 0.0000000000
56291  22.590  -14.734  36.792 0.0000000000
57176  20.177  -14.195  36.826 0.0000000000
57175  21.389  -14.233  36.420 0.0000000000
57200  20.848  -14.841  35.162 0.0000000000
61638  28.073  -10.542  34.754 0.0000000000
61651  27.608  -9.874  34.149 0.0000000000
60790  27.097  -11.093  34.450 0.0000000000
60805  26.573  -10.865  33.100 0.0000000000
76178  43.333  5.657  18.780 0.0000000000
76181  43.261  5.827  17.943 0.0000000000
76189  42.529  5.450  15.670 0.0000000000
63712  34.253  -7.748  25.591 0.0000000000
61725  33.090  -7.804  29.259 0.0000000000
63671  32.264  -7.778  28.129 0.0000000000
60830  37.112  -8.702  30.536 0.0000000000
63665  37.672  -8.375  27.938 0.0000000000
61754  37.365  -8.308  27.626 0.0000000000
61755  36.124  -8.529  27.326 0.0000000000
60869  35.683  -8.600  27.706 0.0000000000
60882  35.607  -8.561  27.402 0.0000000000
61778  36.083  -8.476  26.856 0.0000000000
62696  35.187  -8.303  26.394 0.0000000000
63686  35.022  -8.190  26.163 0.0000000000
59808  23.068  -12.753  47.467 0.0000000000
59818  23.623  -12.535  47.036 0.0000000000
58870  21.657  -13.026  46.685 0.0000000000
57960  20.715  -14.539  46.256 0.0000000000
57981  20.872  -13.771  46.062 0.0000000000
58907  20.970  -13.300  45.061 0.0000000000
58022  20.127  -14.335  43.256 0.0000000000
54312  20.364  -18.338  43.809 0.0000000000
55255  21.085  -18.050  42.986 0.0000000000
55256  20.614  -17.596  43.054 0.0000000000
54342  20.409  -18.493  41.632 0.0000000000
55273  21.077  -17.685  41.783 0.0000000000
56199  20.031  -17.035  43.235 0.0000000000
56200  19.867  -16.514  42.766 0.0000000000
58023  19.848  -15.117  42.809 0.0000000000
58035  20.005  -14.876  42.336 0.0000000000
56244  19.074  -16.034  40.439 0.0000000000
55295  18.996  -17.996  39.985 0.0000000000
56277  18.742  -17.039  39.549 0.0000000000
56262  18.850  -16.188  39.800 0.0000000000
55315  18.702  -18.090  37.951 0.0000000000
54373  18.585  -18.579  37.437 0.0000000000
48790  19.223  -23.561  37.192 0.0000000000
57257  28.312  -15.462  31.556 0.0000000000
69836  43.392  -1.005  21.535 0.0000000000
68023  41.356  -2.068  21.204 0.0000000000
68910  41.698  -1.905  21.117 0.0000000000
68909  42.172  -1.659  21.046 0.0000000000
69845  42.552  -1.177  21.027 0.0000000000
69844  42.917  -0.645  21.144 0.0000000000
70802  42.509  -0.131  20.727 0.0000000000
71670  42.570  0.744  20.378 0.0000000000
71672  41.274  0.523  19.757 0.0000000000
72593  42.348  1.421  20.127 0.0000000000
73528  41.401  2.322  19.553 0.0000000000
73538  40.725  2.829  19.075 0.0000000000
49663  18.089  -21.704  41.232 0.0000000000
49621  17.134  -21.982  43.763 0.0000000000
48644  16.784  -22.073  44.542 0.0000000000
49578  18.905  -21.332  45.823 0.0000000000
49580  17.434  -21.739  45.772 0.0000000000
48581  16.941  -22.091  46.181 0.0000000000
48583  15.757  -22.503  46.914 0.0000000000
49581  15.489  -22.715  46.984 0.0000000000
49533  15.320  -22.394  47.800 0.0000000000
58832  23.571  -12.630  47.883 0.0000000000
59796  23.286  -12.784  47.746 0.0000000000
57935  21.706  -14.099  48.055 0.0000000000
57034  21.663  -15.018  47.648 0.0000000000
57033  21.920  -15.269  48.111 0.0000000000
56132  21.292  -16.660  46.897 0.0000000000
55198  21.312  -17.452  46.017 0.0000000000
54281  21.015  -18.522  45.513 0.0000000000
54272  21.566  -18.405  45.882 0.0000000000
53413  21.414  -19.205  45.525 0.0000000000
53416  21.059  -19.350  45.163 0.0000000000
52520  20.496  -19.905  44.086 0.0000000000
50606  19.915  -20.994  43.047 0.0000000000
49661  19.584  -21.506  42.992 0.0000000000
49638  19.475  -21.348  43.859 0.0000000000
48674  19.334  -21.848  42.771 0.0000000000
48694  19.328  -21.973  42.401 0.0000000000
67979  41.487  -3.559  24.483 0.0000000000
68872  41.304  -3.330  24.109 0.0000000000
67144  40.394  -4.746  24.716 0.0000000000
67981  40.503  -4.117  24.080 0.0000000000
68003  39.020  -3.363  22.601 0.0000000000
66325  38.764  -5.991  24.157 0.0000000000
67147  38.786  -4.748  23.623 0.0000000000
67148  37.787  -4.607  23.344 0.0000000000
68891  38.702  -2.909  22.270 0.0000000000
50630  15.934  -20.954  41.546 0.0000000000
50608  16.221  -21.237  42.901 0.0000000000
51632  13.317  -20.937  41.606 0.0000000000
49645  13.892  -21.666  43.769 0.0000000000
50588  13.346  -21.219  42.996 0.0000000000
50611  12.814  -20.789  42.113 0.0000000000
49586  10.478  -21.700  46.719 0.0000000000
49521  9.236  -22.497  49.174 0.0000000000
49539  8.963  -22.202  48.263 0.0000000000
49562  9.739  -21.815  47.468 0.0000000000
48660  8.200  -22.835  43.856 0.0000000000
46504  2.613  -26.761  51.326 0.0000000000
61636  29.948  -10.405  34.661 0.0000000000
61620  28.819  -10.948  35.320 0.0000000000
59030  27.675  -13.687  34.474 0.0000000000
57238  28.638  -14.957  32.322 0.0000000000
57222  30.342  -15.534  33.869 0.0000000000
57223  29.761  -14.874  33.491 0.0000000000
56382  28.265  -16.079  31.030 0.0000000000
55448  28.664  -17.207  30.945 0.0000000000
55449  28.161  -17.374  30.635 0.0000000000
53604  28.675  -19.654  32.255 0.0000000000
52712  28.055  -20.136  32.826 0.0000000000
53637  26.907  -19.081  30.230 0.0000000000
53474  27.945  -18.021  39.524 0.0000000000
58886  24.488  -12.595  44.846 0.0000000000
58885  25.274  -13.342  44.483 0.0000000000
57093  25.991  -14.868  43.661 0.0000000000
58033  24.393  -13.288  41.577 0.0000000000
58020  25.278  -13.838  43.225 0.0000000000
57094  25.583  -14.557  43.241 0.0000000000
56179  26.073  -15.352  43.092 0.0000000000
55270  26.191  -16.455  41.266 0.0000000000
54326  26.818  -16.765  40.986 0.0000000000
53461  27.063  -16.873  40.598 0.0000000000
53460  27.403  -17.205  40.620 0.0000000000
53475  27.191  -17.842  39.918 0.0000000000
53492  27.729  -18.482  39.364 0.0000000000
53508  27.060  -19.171  38.994 0.0000000000
53523  26.764  -19.488  38.399 0.0000000000
53524  25.953  -19.405  38.009 0.0000000000
53510  25.331  -19.056  38.898 0.0000000000
53541  25.639  -19.474  36.789 0.0000000000
54384  25.109  -19.134  36.565 0.0000000000
54398  25.216  -19.118  35.807 0.0000000000
55294  23.694  -16.350  37.805 0.0000000000
54361  23.417  -17.553  37.904 0.0000000000
54425  23.965  -18.181  32.950 0.0000000000
55385  23.338  -17.433  33.069 0.0000000000
55403  23.534  -17.821  32.665 0.0000000000
62604  31.552  -7.494  32.822 0.0000000000
63592  30.941  -7.377  32.592 0.0000000000
64615  31.246  -6.985  32.191 0.0000000000
63605  30.808  -7.006  31.959 0.0000000000
63621  29.597  -7.304  30.463 0.0000000000
61664  27.411  -9.464  33.450 0.0000000000
62619  26.945  -8.642  31.065 0.0000000000
63608  27.693  -7.939  31.263 0.0000000000
63636  28.230  -7.400  28.907 0.0000000000
74435  40.745  3.922  15.990 0.0000000000
48607  13.764  -22.121  46.867 0.0000000000
48620  18.768  -21.648  44.363 0.0000000000
48645  8.140  -22.815  44.488 0.0000000000
49589  7.965  -22.939  46.571 0.0000000000
49619  19.130  -21.618  44.396 0.0000000000
49637  19.759  -20.880  43.763 0.0000000000
49662  19.308  -21.693  43.450 0.0000000000
50533  19.771  -20.991  46.807 0.0000000000
50534  19.319  -21.049  46.679 0.0000000000
50536  9.095  -22.131  47.066 0.0000000000
50547  9.344  -21.970  46.980 0.0000000000
50559  9.306  -22.011  46.570 0.0000000000
50572  15.890  -21.369  44.142 0.0000000000
50605  20.042  -20.548  43.625 0.0000000000
50607  16.584  -21.376  42.593 0.0000000000
50627  20.088  -20.720  42.911 0.0000000000
51615  13.231  -20.807  41.885 0.0000000000
51616  12.968  -20.881  41.602 0.0000000000
51631  20.206  -20.303  42.703 0.0000000000
51633  13.055  -21.027  41.328 0.0000000000
52493  21.581  -19.602  45.520 0.0000000000
52519  20.875  -19.790  44.667 0.0000000000
52563  28.228  -18.290  39.435 0.0000000000
52564  19.878  -20.111  41.530 0.0000000000
52581  27.424  -19.037  39.152 0.0000000000
52582  19.737  -19.945  41.222 0.0000000000
52600  27.343  -19.464  38.890 0.0000000000
52650  31.205  -19.359  35.533 0.0000000000
52689  29.311  -20.245  33.445 0.0000000000
53424  20.455  -19.194  44.607 0.0000000000
53445  20.340  -19.379  44.005 0.0000000000
53446  20.173  -18.982  43.699 0.0000000000
53477  25.290  -18.221  40.741 0.0000000000
53481  19.671  -18.631  40.618 0.0000000000
53496  19.798  -19.753  41.434 0.0000000000
53528  18.592  -19.276  37.062 0.0000000000
53563  31.253  -18.823  34.958 0.0000000000
54295  20.467  -18.475  44.803 0.0000000000
54327  26.129  -16.842  40.649 0.0000000000
54329  21.050  -18.470  42.011 0.0000000000
54340  24.548  -17.404  40.207 0.0000000000
54341  20.414  -18.765  42.203 0.0000000000
54343  19.979  -18.391  41.120 0.0000000000
54344  19.778  -18.381  40.713 0.0000000000
54354  19.566  -18.481  40.336 0.0000000000
55220  21.339  -17.936  45.863 0.0000000000
55222  20.383  -17.369  44.955 0.0000000000
55269  26.093  -16.292  41.668 0.0000000000
55287  19.728  -18.111  40.545 0.0000000000
55296  19.482  -17.931  40.413 0.0000000000
55384  23.628  -17.789  33.078 0.0000000000
55450  27.693  -17.556  30.228 0.0000000000
56150  21.366  -17.181  46.292 0.0000000000
56152  20.454  -16.090  45.668 0.0000000000
56180  25.749  -15.047  42.877 0.0000000000
56182  19.727  -16.295  43.468 0.0000000000
56196  26.112  -16.191  42.139 0.0000000000
56218  25.986  -16.158  41.926 0.0000000000
56239  25.640  -15.888  41.223 0.0000000000
56245  18.950  -15.845  40.057 0.0000000000
56263  18.914  -15.724  39.805 0.0000000000
57063  20.916  -15.879  46.559 0.0000000000
57095  25.365  -14.010  42.789 0.0000000000
57113  19.802  -15.754  42.478 0.0000000000
57123  25.653  -15.524  41.794 0.0000000000
57141  18.966  -15.602  40.003 0.0000000000
57154  19.023  -15.410  39.444 0.0000000000
57155  18.991  -15.488  39.815 0.0000000000
57189  21.117  -14.471  35.563 0.0000000000
58056  19.298  -14.794  40.317 0.0000000000
58889  20.902  -13.478  45.662 0.0000000000
58936  22.510  -13.322  40.468 0.0000000000
59795  23.497  -12.749  47.697 0.0000000000
59819  23.108  -12.545  46.901 0.0000000000
60791  26.762  -10.628  33.880 0.0000000000
60818  35.649  -8.031  31.471 0.0000000000
60844  37.747  -8.912  29.597 0.0000000000
60857  37.793  -8.670  29.108 0.0000000000
60862  34.278  -8.357  29.228 0.0000000000
60885  34.365  -8.570  28.406 0.0000000000
61621  28.348  -10.936  35.121 0.0000000000
61635  30.602  -10.206  34.735 0.0000000000
61690  34.477  -8.003  30.669 0.0000000000
61719  38.008  -8.344  28.431 0.0000000000
61723  34.249  -8.278  29.456 0.0000000000
61738  36.085  -8.590  28.002 0.0000000000
61739  35.917  -8.659  28.587 0.0000000000
61759  33.614  -8.350  28.168 0.0000000000
62593  27.929  -9.341  33.605 0.0000000000
62634  26.745  -8.417  30.294 0.0000000000
62662  37.486  -8.635  28.582 0.0000000000
62663  37.150  -9.004  28.929 0.0000000000
62664  36.773  -8.836  28.693 0.0000000000
62666  32.258  -7.654  29.267 0.0000000000
62677  37.015  -8.507  27.893 0.0000000000
62678  36.573  -8.506  27.883 0.0000000000
62681  34.077  -7.990  26.735 0.0000000000
63591  31.385  -7.272  32.573 0.0000000000
63595  28.007  -7.890  32.136 0.0000000000
63604  31.479  -6.940  32.191 0.0000000000
63648  37.565  -8.467  28.234 0.0000000000
63649  37.265  -8.652  28.370 0.0000000000
63650  37.038  -8.749  28.517 0.0000000000
63666  37.325  -8.455  28.004 0.0000000000
63668  36.787  -8.693  28.354 0.0000000000
63669  34.436  -8.070  26.534 0.0000000000
63670  34.217  -7.993  26.549 0.0000000000
64602  31.277  -7.126  32.403 0.0000000000
64603  31.056  -7.095  32.297 0.0000000000
64616  31.014  -6.961  32.097 0.0000000000
64656  29.879  -7.160  27.328 0.0000000000
64673  29.663  -7.249  27.103 0.0000000000
66324  39.152  -6.150  23.995 0.0000000000
67137  40.540  -4.303  24.408 0.0000000000
67980  40.929  -3.726  24.070 0.0000000000
68024  41.172  -2.178  21.339 0.0000000000
68870  41.931  -2.511  23.888 0.0000000000
68880  41.565  -2.748  23.530 0.0000000000
68900  42.062  -2.144  21.552 0.0000000000
70812  42.299  0.330  20.251 0.0000000000
74423  41.963  3.951  19.660 0.0000000000
