#!ascii label  , from subject 3321 vox2ras=TkReg
771
38101  -18.856  -30.231  80.406 0.0000000000
51980  -39.414  -17.233  69.120 0.0000000000
52039  -45.135  -17.532  64.954 0.0000000000
55940  -47.828  -13.700  59.332 0.0000000000
48704  -37.439  -20.152  71.325 0.0000000000
52076  -46.351  -17.459  60.977 0.0000000000
61778  -46.584  -7.163  54.342 0.0000000000
66413  -48.243  -2.572  52.181 0.0000000000
46737  -39.928  -22.310  66.668 0.0000000000
47752  -44.079  -20.804  65.658 0.0000000000
52000  -42.388  -17.169  67.564 0.0000000000
40210  -19.880  -28.311  81.400 0.0000000000
41260  -24.237  -27.788  81.475 0.0000000000
41297  -28.368  -27.221  79.589 0.0000000000
42386  -30.631  -25.916  77.012 0.0000000000
44582  -33.786  -23.873  75.998 0.0000000000
47650  -37.608  -21.498  75.375 0.0000000000
47672  -41.208  -20.890  71.868 0.0000000000
48832  -47.560  -20.198  62.445 0.0000000000
67297  -49.961  -1.377  50.923 0.0000000000
48733  -39.873  -20.476  68.429 0.0000000000
49847  -41.494  -19.492  67.651 0.0000000000
51991  -40.628  -17.507  67.904 0.0000000000
41290  -21.244  -27.765  79.914 0.0000000000
41239  -22.349  -27.852  81.697 0.0000000000
47655  -33.754  -21.966  74.760 0.0000000000
46630  -35.937  -22.419  75.355 0.0000000000
48657  -35.425  -20.860  74.108 0.0000000000
51965  -38.180  -17.796  70.495 0.0000000000
50849  -39.342  -18.509  73.144 0.0000000000
50879  -40.889  -17.864  71.152 0.0000000000
46685  -40.724  -21.834  70.144 0.0000000000
49870  -45.305  -18.762  66.007 0.0000000000
48817  -46.347  -21.156  63.551 0.0000000000
50981  -47.661  -18.087  64.246 0.0000000000
53937  -47.326  -15.544  59.472 0.0000000000
53002  -48.535  -17.139  60.790 0.0000000000
53954  -48.503  -15.978  59.312 0.0000000000
54926  -49.022  -14.418  58.522 0.0000000000
63576  -49.241  -5.589  56.439 0.0000000000
60861  -47.924  -7.913  57.243 0.0000000000
47678  -36.578  -21.248  72.462 0.0000000000
54894  -44.957  -14.859  58.729 0.0000000000
64541  -47.736  -4.698  53.559 0.0000000000
65462  -49.283  -3.727  54.697 0.0000000000
65505  -51.189  -2.665  51.045 0.0000000000
43718  -43.341  -25.689  65.470 0.0000000000
47764  -41.911  -21.500  65.250 0.0000000000
49849  -42.874  -19.302  66.773 0.0000000000
39127  -19.246  -29.146  82.075 0.0000000000
38125  -25.589  -29.801  79.717 0.0000000000
41262  -26.666  -27.614  81.096 0.0000000000
38142  -27.152  -30.096  78.606 0.0000000000
39194  -28.674  -29.716  76.995 0.0000000000
39204  -30.538  -29.348  76.288 0.0000000000
41354  -32.006  -27.375  76.019 0.0000000000
43506  -32.016  -24.809  77.241 0.0000000000
43533  -35.514  -25.388  74.710 0.0000000000
49748  -37.226  -19.478  73.807 0.0000000000
47670  -39.589  -20.892  73.141 0.0000000000
44645  -40.551  -24.271  71.321 0.0000000000
44664  -41.710  -23.951  70.394 0.0000000000
44719  -41.541  -24.894  68.046 0.0000000000
52062  -48.527  -17.622  62.021 0.0000000000
59027  -47.258  -10.502  59.020 0.0000000000
58025  -48.406  -11.349  60.210 0.0000000000
39142  -17.984  -30.105  81.912 0.0000000000
50902  -40.377  -17.868  69.422 0.0000000000
50914  -40.534  -17.683  68.718 0.0000000000
51981  -40.095  -17.189  68.903 0.0000000000
46647  -34.154  -22.181  73.584 0.0000000000
47648  -34.481  -21.243  74.728 0.0000000000
47667  -35.215  -21.586  73.336 0.0000000000
51966  -38.667  -17.344  70.295 0.0000000000
51942  -40.131  -17.433  71.353 0.0000000000
51956  -40.166  -17.303  70.599 0.0000000000
48718  -40.454  -19.799  69.618 0.0000000000
50961  -46.485  -18.299  65.406 0.0000000000
52957  -46.966  -17.573  64.964 0.0000000000
54897  -47.794  -14.684  59.379 0.0000000000
53938  -48.379  -15.681  59.717 0.0000000000
54898  -48.733  -14.709  59.500 0.0000000000
53955  -48.759  -15.501  59.058 0.0000000000
54899  -49.191  -14.269  59.425 0.0000000000
63578  -49.814  -5.472  56.161 0.0000000000
62645  -49.632  -6.780  57.142 0.0000000000
61771  -49.178  -7.185  55.458 0.0000000000
64562  -46.753  -4.549  51.763 0.0000000000
65480  -48.306  -3.372  52.900 0.0000000000
64529  -48.368  -4.260  54.931 0.0000000000
65472  -48.936  -2.836  53.742 0.0000000000
65464  -49.935  -3.176  54.290 0.0000000000
67271  -49.370  -2.634  53.344 0.0000000000
67281  -50.859  -1.694  51.695 0.0000000000
44758  -40.525  -23.830  65.797 0.0000000000
45753  -41.337  -23.038  64.777 0.0000000000
46738  -40.562  -21.919  66.082 0.0000000000
50916  -41.760  -18.374  68.154 0.0000000000
49848  -42.717  -19.253  67.850 0.0000000000
50939  -43.019  -18.363  67.531 0.0000000000
50930  -44.045  -17.406  67.354 0.0000000000
52947  -42.891  -16.620  67.091 0.0000000000
38079  -20.600  -29.371  81.068 0.0000000000
39110  -20.731  -28.573  81.194 0.0000000000
41240  -23.274  -27.945  81.751 0.0000000000
42345  -28.621  -26.289  80.399 0.0000000000
41281  -27.470  -27.692  80.240 0.0000000000
40248  -26.994  -28.568  80.138 0.0000000000
40260  -27.306  -28.021  78.900 0.0000000000
39192  -27.865  -29.454  77.837 0.0000000000
40291  -28.152  -28.518  77.784 0.0000000000
40310  -30.843  -28.228  76.335 0.0000000000
40327  -31.648  -28.178  75.937 0.0000000000
41340  -31.310  -27.084  76.548 0.0000000000
45612  -33.190  -23.359  75.583 0.0000000000
45584  -32.230  -23.955  77.229 0.0000000000
44581  -33.287  -24.378  76.311 0.0000000000
42389  -33.044  -25.766  76.404 0.0000000000
43520  -33.939  -25.370  75.695 0.0000000000
42403  -34.471  -26.283  75.318 0.0000000000
44597  -34.152  -24.393  75.724 0.0000000000
47639  -36.363  -21.418  75.743 0.0000000000
45615  -36.634  -23.004  75.147 0.0000000000
46632  -37.124  -22.644  75.073 0.0000000000
46648  -38.012  -22.213  73.664 0.0000000000
49765  -36.751  -19.699  73.243 0.0000000000
49766  -37.182  -19.286  72.865 0.0000000000
48675  -41.066  -20.215  72.332 0.0000000000
48661  -39.672  -19.664  73.361 0.0000000000
47671  -40.618  -21.074  72.340 0.0000000000
46663  -39.856  -21.809  72.271 0.0000000000
46664  -40.506  -22.014  71.619 0.0000000000
46675  -41.401  -22.282  70.871 0.0000000000
47722  -39.930  -21.651  68.727 0.0000000000
45703  -40.968  -23.178  68.574 0.0000000000
44718  -40.872  -24.253  67.283 0.0000000000
44743  -41.428  -24.729  66.706 0.0000000000
41273  -19.357  -27.909  80.638 0.0000000000
41236  -19.166  -28.332  81.791 0.0000000000
40209  -18.662  -28.606  82.092 0.0000000000
46772  -43.271  -22.199  64.426 0.0000000000
46774  -44.749  -22.237  63.976 0.0000000000
47797  -47.370  -20.785  63.178 0.0000000000
52067  -46.554  -17.612  62.382 0.0000000000
52060  -47.349  -17.432  63.014 0.0000000000
52069  -48.496  -16.955  61.837 0.0000000000
52094  -47.228  -17.872  59.338 0.0000000000
51059  -47.416  -18.413  60.194 0.0000000000
60853  -48.821  -8.504  58.511 0.0000000000
59948  -47.684  -8.888  57.708 0.0000000000
60831  -48.427  -9.233  59.747 0.0000000000
59010  -47.949  -10.506  60.123 0.0000000000
59028  -49.056  -10.533  59.438 0.0000000000
57017  -49.330  -12.552  58.975 0.0000000000
66423  -47.820  -2.732  51.390 0.0000000000
66414  -49.139  -2.281  52.079 0.0000000000
66432  -49.057  -2.304  50.635 0.0000000000
67304  -50.182  -1.146  50.232 0.0000000000
48732  -39.505  -20.831  68.089 0.0000000000
47738  -40.181  -20.735  67.047 0.0000000000
49846  -40.530  -19.675  68.028 0.0000000000
50915  -41.039  -17.993  68.136 0.0000000000
51999  -41.337  -17.148  67.399 0.0000000000
41256  -20.399  -27.816  81.000 0.0000000000
41219  -21.167  -27.638  81.593 0.0000000000
41278  -23.993  -27.278  81.091 0.0000000000
46628  -33.930  -22.611  75.694 0.0000000000
46629  -34.735  -22.785  75.812 0.0000000000
47637  -34.387  -21.977  75.588 0.0000000000
48634  -35.532  -20.821  75.603 0.0000000000
48635  -36.552  -20.343  75.687 0.0000000000
50877  -38.141  -18.525  71.758 0.0000000000
50862  -37.915  -18.744  72.663 0.0000000000
51940  -38.879  -17.521  72.115 0.0000000000
50865  -40.283  -18.085  72.073 0.0000000000
49768  -41.172  -19.682  71.918 0.0000000000
47695  -41.144  -21.513  70.797 0.0000000000
48705  -40.903  -19.995  70.405 0.0000000000
47708  -40.312  -21.101  69.458 0.0000000000
41305  -19.724  -27.961  79.241 0.0000000000
48784  -44.829  -19.897  65.174 0.0000000000
47783  -45.372  -21.361  63.889 0.0000000000
48785  -45.848  -20.008  64.853 0.0000000000
48786  -46.779  -19.661  64.514 0.0000000000
48802  -47.719  -19.347  63.520 0.0000000000
53000  -47.385  -16.564  60.556 0.0000000000
52990  -48.354  -16.740  61.301 0.0000000000
53016  -47.769  -16.324  59.988 0.0000000000
53017  -48.176  -16.622  59.886 0.0000000000
62657  -48.104  -6.126  55.912 0.0000000000
60869  -47.583  -7.755  56.297 0.0000000000
62650  -48.842  -6.361  56.771 0.0000000000
61758  -49.795  -7.455  57.756 0.0000000000
51987  -38.023  -17.885  68.507 0.0000000000
51978  -38.080  -17.788  69.540 0.0000000000
50979  -45.810  -17.588  64.469 0.0000000000
52093  -45.631  -17.172  59.999 0.0000000000
53015  -46.616  -16.498  59.747 0.0000000000
53936  -46.133  -15.443  59.149 0.0000000000
54884  -46.117  -14.101  60.136 0.0000000000
62664  -46.988  -6.138  54.268 0.0000000000
63589  -48.043  -5.293  55.109 0.0000000000
64521  -48.991  -4.569  55.270 0.0000000000
64523  -49.828  -4.942  55.636 0.0000000000
67280  -50.375  -1.801  52.163 0.0000000000
65493  -51.307  -2.571  52.032 0.0000000000
43736  -43.334  -25.472  64.185 0.0000000000
46789  -42.656  -22.801  64.045 0.0000000000
47765  -42.707  -21.555  65.086 0.0000000000
48767  -41.580  -20.167  66.640 0.0000000000
48768  -42.788  -20.460  66.392 0.0000000000
48769  -43.649  -20.405  66.299 0.0000000000
49869  -44.324  -18.938  66.209 0.0000000000
50941  -44.530  -17.807  66.907 0.0000000000
51997  -39.553  -17.303  67.439 0.0000000000
51998  -40.335  -17.229  67.356 0.0000000000
52011  -41.723  -16.827  66.705 0.0000000000
38087  -19.062  -30.218  81.344 0.0000000000
38103  -20.342  -30.021  80.836 0.0000000000
36165  -26.413  -31.959  79.467 0.0000000000
42361  -24.028  -27.538  79.939 0.0000000000
41279  -25.011  -27.177  81.159 0.0000000000
41261  -25.672  -27.593  81.547 0.0000000000
39172  -26.173  -29.665  79.551 0.0000000000
37177  -29.895  -31.303  76.532 0.0000000000
38167  -30.192  -30.436  76.140 0.0000000000
43504  -30.497  -24.876  77.236 0.0000000000
44566  -31.473  -23.982  77.638 0.0000000000
42387  -31.589  -25.860  76.801 0.0000000000
41341  -32.062  -26.692  76.467 0.0000000000
41355  -32.756  -26.915  75.794 0.0000000000
45614  -35.787  -23.556  75.069 0.0000000000
48670  -35.747  -20.839  73.424 0.0000000000
49735  -36.663  -19.796  74.661 0.0000000000
49723  -37.795  -19.971  75.210 0.0000000000
50848  -38.506  -18.788  73.222 0.0000000000
49749  -38.308  -19.424  73.974 0.0000000000
47659  -38.304  -21.083  74.133 0.0000000000
46662  -38.842  -21.885  72.784 0.0000000000
45654  -38.841  -22.867  72.233 0.0000000000
43630  -42.452  -25.512  69.047 0.0000000000
45688  -41.827  -22.882  69.825 0.0000000000
44696  -42.065  -24.137  68.834 0.0000000000
43648  -42.841  -25.733  68.436 0.0000000000
43673  -43.550  -26.269  67.209 0.0000000000
39109  -18.197  -28.970  82.187 0.0000000000
52053  -47.734  -17.343  64.098 0.0000000000
50996  -47.989  -18.044  63.460 0.0000000000
49937  -47.924  -18.876  62.366 0.0000000000
53003  -48.840  -17.261  61.150 0.0000000000
51041  -48.308  -18.485  61.253 0.0000000000
49952  -46.830  -19.325  61.139 0.0000000000
55938  -45.830  -13.639  59.427 0.0000000000
56971  -46.656  -13.022  60.811 0.0000000000
60860  -47.473  -8.620  56.658 0.0000000000
59947  -47.018  -9.501  57.056 0.0000000000
58047  -47.135  -11.303  59.388 0.0000000000
58023  -47.044  -12.039  60.390 0.0000000000
55924  -48.139  -12.911  60.666 0.0000000000
57018  -49.401  -13.585  59.230 0.0000000000
38121  -18.378  -30.536  79.762 0.0000000000
51968  -39.928  -17.461  69.733 0.0000000000
50903  -40.331  -17.637  69.398 0.0000000000
46657  -33.835  -22.957  73.234 0.0000000000
47666  -34.590  -21.976  73.598 0.0000000000
46658  -34.448  -22.645  72.744 0.0000000000
51967  -39.385  -17.240  70.029 0.0000000000
50891  -40.409  -17.936  70.214 0.0000000000
52029  -45.717  -17.317  65.478 0.0000000000
52950  -46.237  -17.409  65.643 0.0000000000
52956  -46.435  -17.249  65.005 0.0000000000
55939  -47.230  -13.977  59.333 0.0000000000
55941  -48.619  -13.490  59.537 0.0000000000
62659  -49.623  -6.266  55.828 0.0000000000
66412  -47.610  -2.947  51.760 0.0000000000
65481  -48.802  -2.993  53.338 0.0000000000
66389  -49.130  -2.767  54.118 0.0000000000
66401  -48.999  -2.682  52.979 0.0000000000
45743  -40.151  -23.353  66.130 0.0000000000
46753  -40.339  -22.593  65.862 0.0000000000
50927  -41.783  -17.784  67.677 0.0000000000
50928  -42.522  -18.127  67.661 0.0000000000
52001  -43.259  -17.179  67.642 0.0000000000
52938  -42.300  -16.645  67.222 0.0000000000
40193  -20.356  -28.371  81.270 0.0000000000
41241  -23.678  -28.084  81.559 0.0000000000
41282  -28.348  -26.908  80.479 0.0000000000
41296  -27.588  -27.674  79.115 0.0000000000
40261  -27.214  -28.324  79.359 0.0000000000
40277  -27.499  -28.468  78.550 0.0000000000
40278  -27.932  -28.156  78.371 0.0000000000
41339  -30.269  -27.176  76.844 0.0000000000
45597  -33.665  -23.454  75.922 0.0000000000
45596  -32.526  -23.841  76.520 0.0000000000
44596  -33.671  -24.853  76.027 0.0000000000
47649  -37.086  -21.618  75.646 0.0000000000
46631  -36.857  -22.254  75.256 0.0000000000
46641  -37.261  -21.917  75.270 0.0000000000
46642  -37.492  -22.383  74.889 0.0000000000
47658  -38.000  -21.677  74.722 0.0000000000
48688  -37.231  -20.076  72.241 0.0000000000
49787  -37.787  -19.428  72.032 0.0000000000
48674  -40.275  -20.034  73.012 0.0000000000
47680  -40.934  -21.442  71.535 0.0000000000
46674  -41.116  -22.220  71.243 0.0000000000
46704  -39.817  -22.105  68.128 0.0000000000
46723  -40.071  -22.753  67.693 0.0000000000
45733  -40.235  -23.505  67.069 0.0000000000
44742  -40.573  -24.140  66.381 0.0000000000
41255  -19.544  -28.166  81.310 0.0000000000
47781  -43.863  -21.856  64.438 0.0000000000
46773  -44.013  -22.285  64.103 0.0000000000
47782  -44.457  -21.684  64.410 0.0000000000
47805  -47.465  -20.823  62.951 0.0000000000
47804  -46.906  -21.133  62.677 0.0000000000
47813  -46.507  -20.960  62.226 0.0000000000
48848  -46.736  -20.332  61.612 0.0000000000
52068  -47.675  -17.071  61.928 0.0000000000
60876  -46.736  -8.169  55.130 0.0000000000
60854  -49.506  -8.685  58.437 0.0000000000
60840  -48.844  -9.138  59.100 0.0000000000
59928  -48.784  -9.667  59.602 0.0000000000
48748  -40.034  -20.350  67.516 0.0000000000
49832  -40.308  -18.831  68.702 0.0000000000
41274  -20.360  -27.718  80.579 0.0000000000
41292  -23.342  -27.447  80.349 0.0000000000
46646  -33.688  -22.515  73.959 0.0000000000
46640  -33.503  -22.546  75.059 0.0000000000
47636  -34.061  -22.194  75.588 0.0000000000
47646  -33.892  -22.048  75.362 0.0000000000
48647  -34.917  -20.789  74.908 0.0000000000
48633  -34.749  -21.228  75.387 0.0000000000
48648  -35.805  -20.360  74.887 0.0000000000
51953  -38.369  -18.012  71.233 0.0000000000
50878  -38.511  -17.821  71.847 0.0000000000
51954  -38.795  -17.574  71.253 0.0000000000
49788  -40.815  -18.983  71.595 0.0000000000
48706  -41.387  -20.302  70.882 0.0000000000
49804  -41.310  -19.755  70.905 0.0000000000
41289  -20.213  -27.744  79.714 0.0000000000
49885  -44.847  -19.369  65.736 0.0000000000
49886  -45.723  -19.134  65.481 0.0000000000
50980  -47.144  -18.209  64.746 0.0000000000
49887  -46.656  -19.078  65.003 0.0000000000
49902  -47.425  -18.975  64.521 0.0000000000
48801  -47.361  -19.732  63.913 0.0000000000
49903  -47.770  -18.823  63.844 0.0000000000
53035  -47.953  -16.536  58.996 0.0000000000
52112  -47.383  -17.212  59.185 0.0000000000
61750  -49.862  -7.974  58.232 0.0000000000
53935  -45.232  -15.340  58.902 0.0000000000
54896  -46.689  -14.452  59.363 0.0000000000
54895  -45.743  -14.366  59.455 0.0000000000
64553  -47.290  -4.460  52.615 0.0000000000
63598  -47.395  -5.511  53.349 0.0000000000
62674  -46.871  -6.364  53.343 0.0000000000
63588  -47.630  -5.431  54.272 0.0000000000
64528  -47.983  -4.718  54.388 0.0000000000
65461  -48.941  -3.628  54.753 0.0000000000
65454  -49.145  -4.208  54.829 0.0000000000
64522  -49.582  -4.775  55.384 0.0000000000
64530  -49.519  -4.394  54.706 0.0000000000
63590  -49.749  -5.215  54.963 0.0000000000
64531  -49.635  -4.194  54.588 0.0000000000
65473  -50.202  -3.106  53.695 0.0000000000
67296  -49.483  -1.848  51.612 0.0000000000
67287  -49.490  -2.027  52.021 0.0000000000
67288  -49.810  -1.677  51.747 0.0000000000
66415  -51.228  -2.041  51.464 0.0000000000
66403  -51.024  -2.046  52.166 0.0000000000
43737  -44.281  -26.091  64.783 0.0000000000
44771  -42.227  -24.714  64.508 0.0000000000
46770  -41.620  -22.043  64.779 0.0000000000
45754  -42.033  -23.407  64.288 0.0000000000
47779  -42.011  -21.822  64.829 0.0000000000
46755  -42.677  -21.861  64.827 0.0000000000
48783  -42.548  -21.064  65.677 0.0000000000
49865  -40.655  -19.829  67.379 0.0000000000
48766  -40.569  -20.246  66.924 0.0000000000
49866  -41.025  -19.823  67.059 0.0000000000
48750  -42.661  -19.824  67.100 0.0000000000
48751  -43.499  -20.065  67.139 0.0000000000
48752  -44.054  -19.914  66.739 0.0000000000
49850  -43.586  -19.540  66.556 0.0000000000
52941  -44.043  -16.853  67.384 0.0000000000
38077  -19.188  -29.929  81.970 0.0000000000
38088  -19.892  -30.117  81.414 0.0000000000
41238  -21.495  -27.633  81.513 0.0000000000
41221  -22.213  -28.158  81.879 0.0000000000
38107  -25.207  -30.000  79.581 0.0000000000
38108  -25.449  -30.545  79.346 0.0000000000
37117  -25.596  -31.221  79.312 0.0000000000
38126  -25.811  -30.275  79.323 0.0000000000
42352  -24.420  -27.222  80.206 0.0000000000
41294  -24.554  -27.037  80.742 0.0000000000
40231  -26.072  -28.320  81.307 0.0000000000
40232  -26.489  -28.192  80.995 0.0000000000
39173  -26.709  -29.475  79.124 0.0000000000
39160  -26.553  -29.143  79.920 0.0000000000
38127  -26.437  -30.199  78.845 0.0000000000
37136  -26.844  -30.690  78.482 0.0000000000
37119  -27.825  -31.753  78.759 0.0000000000
39193  -28.335  -29.468  77.349 0.0000000000
38153  -28.152  -30.157  77.581 0.0000000000
38154  -28.581  -30.220  77.120 0.0000000000
37176  -29.022  -31.011  76.744 0.0000000000
38166  -29.376  -30.350  76.586 0.0000000000
40309  -29.992  -28.390  76.698 0.0000000000
39212  -31.277  -29.212  75.864 0.0000000000
39213  -32.040  -29.075  75.441 0.0000000000
40328  -32.409  -28.075  75.513 0.0000000000
39214  -32.829  -28.932  74.975 0.0000000000
44568  -32.171  -24.079  77.639 0.0000000000
45582  -31.711  -23.834  77.576 0.0000000000
43497  -32.018  -24.178  77.844 0.0000000000
43505  -31.180  -24.988  77.485 0.0000000000
42388  -32.478  -25.939  76.586 0.0000000000
42402  -33.464  -26.135  75.822 0.0000000000
42401  -32.927  -26.205  76.193 0.0000000000
40329  -33.216  -27.968  74.988 0.0000000000
42404  -35.151  -26.034  74.927 0.0000000000
45613  -34.786  -23.694  75.554 0.0000000000
47668  -35.950  -21.319  72.933 0.0000000000
49747  -36.524  -19.809  73.753 0.0000000000
49736  -37.597  -19.558  74.733 0.0000000000
50863  -38.612  -18.124  72.556 0.0000000000
48673  -39.679  -20.139  73.282 0.0000000000
48660  -39.158  -20.009  73.623 0.0000000000
47660  -38.848  -20.643  73.678 0.0000000000
48659  -38.658  -20.174  74.304 0.0000000000
46649  -38.513  -21.617  73.520 0.0000000000
47669  -38.820  -21.222  73.450 0.0000000000
45656  -40.151  -22.611  71.905 0.0000000000
45655  -39.528  -22.537  72.204 0.0000000000
45669  -39.792  -23.386  71.778 0.0000000000
43629  -41.945  -24.865  69.513 0.0000000000
46686  -41.319  -22.481  70.418 0.0000000000
46694  -41.092  -22.613  69.713 0.0000000000
45721  -41.618  -23.895  68.474 0.0000000000
43647  -42.067  -25.200  68.715 0.0000000000
43671  -42.415  -25.377  68.160 0.0000000000
43672  -42.971  -25.577  67.638 0.0000000000
44720  -42.330  -25.333  67.788 0.0000000000
44760  -42.205  -25.142  65.950 0.0000000000
47768  -45.545  -20.647  64.412 0.0000000000
47795  -46.150  -21.891  63.484 0.0000000000
50995  -45.867  -17.867  63.911 0.0000000000
52974  -46.806  -16.966  63.928 0.0000000000
52061  -48.153  -17.526  62.557 0.0000000000
51009  -48.289  -18.101  62.658 0.0000000000
51010  -48.446  -18.082  62.074 0.0000000000
52991  -48.837  -16.989  61.368 0.0000000000
51040  -47.901  -18.564  60.773 0.0000000000
51023  -47.206  -18.834  60.954 0.0000000000
49953  -47.611  -19.261  61.581 0.0000000000
56970  -46.428  -13.331  60.375 0.0000000000
56993  -46.271  -13.150  60.085 0.0000000000
60868  -47.229  -8.315  55.890 0.0000000000
59941  -47.560  -9.117  58.849 0.0000000000
59042  -47.424  -9.831  58.041 0.0000000000
59041  -46.610  -10.734  57.603 0.0000000000
58061  -46.558  -11.279  58.232 0.0000000000
58024  -47.760  -11.354  60.319 0.0000000000
56973  -47.973  -12.318  60.738 0.0000000000
56949  -47.638  -12.768  61.113 0.0000000000
56995  -48.538  -12.462  59.779 0.0000000000
56996  -49.233  -13.245  59.409 0.0000000000
49818  -40.390  -18.383  69.538 0.0000000000
49831  -40.415  -18.128  69.098 0.0000000000
51990  -40.077  -17.440  68.076 0.0000000000
47656  -34.227  -21.826  74.268 0.0000000000
47657  -34.892  -21.480  74.194 0.0000000000
51955  -39.439  -17.180  70.930 0.0000000000
49803  -41.003  -19.151  70.613 0.0000000000
50942  -45.572  -18.067  66.438 0.0000000000
50960  -45.913  -18.390  65.940 0.0000000000
50943  -46.313  -18.002  66.097 0.0000000000
52030  -46.626  -17.733  65.377 0.0000000000
52031  -47.401  -17.416  64.953 0.0000000000
53939  -48.794  -15.371  59.455 0.0000000000
54914  -49.139  -14.751  59.222 0.0000000000
54915  -49.347  -14.172  59.249 0.0000000000
63577  -49.642  -5.401  56.270 0.0000000000
62651  -49.394  -6.259  56.631 0.0000000000
62652  -49.571  -6.311  56.526 0.0000000000
65479  -47.569  -3.637  52.487 0.0000000000
64554  -47.764  -4.003  53.059 0.0000000000
64542  -48.132  -4.022  53.859 0.0000000000
65471  -48.692  -3.256  54.180 0.0000000000
66388  -48.954  -2.969  54.807 0.0000000000
65463  -49.581  -3.367  54.606 0.0000000000
66378  -49.540  -2.880  54.357 0.0000000000
66390  -49.592  -2.619  53.771 0.0000000000
66391  -50.110  -2.629  53.261 0.0000000000
68200  -50.416  -0.851  50.409 0.0000000000
67289  -50.396  -1.473  51.369 0.0000000000
67298  -50.587  -1.062  50.610 0.0000000000
67290  -50.997  -1.597  50.968 0.0000000000
65519  -51.332  -2.948  49.749 0.0000000000
44759  -41.189  -24.231  65.454 0.0000000000
44770  -41.577  -23.939  64.666 0.0000000000
45744  -40.648  -23.235  65.469 0.0000000000
46754  -40.973  -22.168  65.335 0.0000000000
47750  -41.292  -21.319  66.010 0.0000000000
49834  -42.066  -18.961  68.287 0.0000000000
49867  -42.843  -18.603  66.981 0.0000000000
50940  -43.629  -18.090  67.275 0.0000000000
50929  -43.424  -17.639  67.495 0.0000000000
52002  -43.939  -17.036  67.583 0.0000000000
52948  -43.619  -16.756  67.313 0.0000000000
38078  -19.989  -29.654  81.655 0.0000000000
39128  -20.168  -28.886  81.187 0.0000000000
39129  -20.599  -29.059  81.076 0.0000000000
38071  -21.072  -28.984  81.059 0.0000000000
39158  -25.522  -29.480  80.266 0.0000000000
41280  -26.805  -28.147  80.648 0.0000000000
39174  -27.146  -29.025  78.968 0.0000000000
38143  -27.748  -30.146  78.113 0.0000000000
39184  -27.451  -29.393  78.426 0.0000000000
40290  -27.583  -28.951  78.002 0.0000000000
40307  -28.441  -28.910  77.215 0.0000000000
45611  -32.058  -23.644  75.804 0.0000000000
44580  -32.386  -24.348  76.905 0.0000000000
43507  -32.818  -25.115  76.734 0.0000000000
43521  -34.719  -25.324  75.218 0.0000000000
44598  -35.140  -24.474  75.124 0.0000000000
45616  -36.936  -22.788  75.149 0.0000000000
48687  -36.816  -20.525  72.475 0.0000000000
48672  -36.804  -19.925  72.777 0.0000000000
49751  -40.039  -19.076  73.392 0.0000000000
45670  -40.879  -23.122  71.670 0.0000000000
45671  -41.483  -23.045  70.971 0.0000000000
45678  -41.905  -22.945  70.361 0.0000000000
46693  -40.505  -22.138  69.354 0.0000000000
46706  -40.898  -22.678  69.169 0.0000000000
46705  -40.525  -22.695  68.610 0.0000000000
45720  -40.956  -23.528  68.076 0.0000000000
44744  -42.341  -25.188  67.137 0.0000000000
41254  -18.447  -28.214  81.520 0.0000000000
41235  -18.511  -28.386  81.977 0.0000000000
48818  -47.077  -20.641  63.489 0.0000000000
47796  -46.872  -21.458  63.150 0.0000000000
52983  -48.640  -17.248  61.750 0.0000000000
52095  -47.867  -17.763  60.009 0.0000000000
52078  -48.323  -17.791  60.657 0.0000000000
61748  -48.863  -7.853  58.019 0.0000000000
60852  -48.186  -8.315  58.236 0.0000000000
60839  -48.135  -8.771  59.412 0.0000000000
59927  -47.823  -9.590  59.632 0.0000000000
60830  -48.153  -9.324  59.923 0.0000000000
59019  -48.768  -10.423  59.861 0.0000000000
58036  -48.808  -11.345  59.537 0.0000000000
66424  -49.031  -2.212  51.200 0.0000000000
66425  -49.679  -1.548  50.726 0.0000000000
66433  -49.544  -1.862  50.154 0.0000000000
68208  -50.274  -0.699  50.073 0.0000000000
46722  -39.737  -21.919  67.454 0.0000000000
47748  -39.943  -21.607  66.842 0.0000000000
49833  -41.195  -18.928  68.304 0.0000000000
40227  -20.013  -28.075  81.282 0.0000000000
40211  -20.849  -27.665  81.488 0.0000000000
40228  -20.632  -27.879  81.369 0.0000000000
41257  -21.046  -27.385  81.045 0.0000000000
41258  -22.272  -27.444  81.319 0.0000000000
41259  -23.206  -27.524  81.446 0.0000000000
45598  -34.168  -23.469  75.853 0.0000000000
46617  -34.102  -22.887  75.900 0.0000000000
47638  -35.285  -21.751  75.604 0.0000000000
47647  -34.144  -21.467  75.082 0.0000000000
47640  -37.209  -21.012  75.959 0.0000000000
49802  -37.863  -19.348  71.020 0.0000000000
50864  -39.443  -17.923  72.515 0.0000000000
51941  -39.481  -17.472  71.773 0.0000000000
50850  -40.019  -18.489  72.858 0.0000000000
49767  -40.644  -19.178  72.573 0.0000000000
48689  -41.383  -20.354  71.607 0.0000000000
47681  -41.276  -21.268  71.252 0.0000000000
47694  -40.766  -20.759  70.304 0.0000000000
47721  -39.535  -21.270  68.006 0.0000000000
47753  -44.393  -20.431  65.343 0.0000000000
47767  -44.844  -20.880  64.955 0.0000000000
48800  -46.344  -20.472  64.097 0.0000000000
48819  -47.802  -20.021  63.176 0.0000000000
52077  -47.651  -16.641  61.137 0.0000000000
53001  -48.140  -16.524  60.651 0.0000000000
61779  -47.253  -6.817  54.779 0.0000000000
61769  -47.201  -7.457  54.996 0.0000000000
61770  -47.596  -7.011  55.604 0.0000000000
61764  -47.931  -6.939  56.718 0.0000000000
61756  -48.586  -7.333  57.474 0.0000000000
62644  -49.405  -6.802  57.311 0.0000000000
62643  -49.038  -6.843  57.450 0.0000000000
61757  -49.258  -7.340  57.699 0.0000000000
61749  -49.465  -7.904  58.176 0.0000000000
51988  -38.690  -17.445  68.377 0.0000000000
48717  -37.825  -20.231  70.349 0.0000000000
50890  -38.098  -18.540  70.714 0.0000000000
50901  -37.839  -18.461  69.750 0.0000000000
51979  -38.666  -17.399  69.330 0.0000000000
52050  -44.873  -18.234  64.471 0.0000000000
50994  -45.243  -18.478  63.912 0.0000000000
51008  -45.726  -17.993  63.081 0.0000000000
55922  -46.747  -13.514  60.127 0.0000000000
62665  -47.573  -6.126  55.008 0.0000000000
63582  -48.744  -5.273  55.856 0.0000000000
63583  -49.306  -5.056  56.011 0.0000000000
64516  -50.019  -5.144  55.993 0.0000000000
62667  -49.588  -6.000  55.058 0.0000000000
64532  -49.846  -3.582  54.457 0.0000000000
67278  -49.405  -2.385  52.601 0.0000000000
67272  -49.687  -2.513  52.993 0.0000000000
67273  -50.079  -2.241  52.697 0.0000000000
66402  -50.578  -2.356  52.575 0.0000000000
45763  -42.650  -23.683  63.682 0.0000000000
47766  -43.665  -21.362  64.861 0.0000000000
47749  -40.401  -21.141  66.567 0.0000000000
48782  -41.991  -20.715  65.804 0.0000000000
48749  -42.147  -19.594  67.302 0.0000000000
47751  -43.292  -21.057  65.799 0.0000000000
48770  -44.144  -19.912  65.737 0.0000000000
49868  -43.497  -18.673  66.661 0.0000000000
52038  -44.177  -17.593  65.295 0.0000000000
51989  -39.450  -17.330  68.241 0.0000000000
52010  -40.687  -17.100  66.739 0.0000000000
52946  -42.363  -16.581  66.937 0.0000000000
52049  -44.365  -17.952  64.718 0.0000000000
38102  -19.793  -30.107  80.686 0.0000000000
40194  -20.894  -28.116  81.386 0.0000000000
40195  -21.570  -28.269  81.505 0.0000000000
41293  -23.893  -27.107  80.676 0.0000000000
39171  -25.822  -29.690  79.843 0.0000000000
37156  -27.889  -30.634  77.665 0.0000000000
40292  -28.667  -28.049  77.654 0.0000000000
39201  -28.605  -29.215  76.968 0.0000000000
39202  -29.015  -29.546  76.777 0.0000000000
38178  -31.664  -30.099  75.511 0.0000000000
44579  -31.315  -23.856  76.709 0.0000000000
43495  -31.200  -24.391  77.439 0.0000000000
44610  -35.873  -24.598  74.626 0.0000000000
48671  -36.367  -20.415  73.097 0.0000000000
48658  -36.036  -20.271  73.975 0.0000000000
49722  -37.202  -19.908  75.246 0.0000000000
48637  -37.988  -20.471  75.317 0.0000000000
50847  -37.785  -19.095  73.298 0.0000000000
49750  -39.188  -19.205  73.500 0.0000000000
49737  -38.212  -19.821  74.826 0.0000000000
48649  -38.285  -20.426  74.867 0.0000000000
47651  -38.134  -21.038  75.119 0.0000000000
46661  -38.349  -22.550  72.757 0.0000000000
44678  -42.055  -23.557  69.632 0.0000000000
45704  -41.418  -23.233  68.995 0.0000000000
42580  -44.103  -27.260  66.847 0.0000000000
43696  -43.073  -25.674  66.644 0.0000000000
43697  -43.843  -26.188  66.445 0.0000000000
39126  -18.146  -29.585  82.178 0.0000000000
38076  -18.478  -30.112  81.843 0.0000000000
52040  -45.979  -17.194  64.734 0.0000000000
52967  -47.586  -16.856  64.917 0.0000000000
52043  -48.233  -16.969  64.882 0.0000000000
49920  -47.861  -18.826  63.165 0.0000000000
52984  -48.709  -17.449  61.623 0.0000000000
52079  -48.708  -17.800  61.080 0.0000000000
51025  -48.502  -18.139  61.633 0.0000000000
49954  -48.168  -18.630  61.709 0.0000000000
48849  -47.311  -20.142  61.954 0.0000000000
55937  -45.029  -14.157  58.845 0.0000000000
54883  -45.837  -14.073  60.134 0.0000000000
55921  -46.165  -13.713  60.192 0.0000000000
59955  -46.660  -8.942  56.026 0.0000000000
59055  -46.422  -10.072  56.198 0.0000000000
58045  -46.372  -11.993  58.616 0.0000000000
57016  -46.586  -12.096  59.438 0.0000000000
58035  -47.296  -11.217  59.870 0.0000000000
58034  -46.835  -11.757  59.733 0.0000000000
56994  -46.570  -12.447  59.994 0.0000000000
56972  -47.385  -12.511  60.849 0.0000000000
55911  -47.656  -13.039  61.175 0.0000000000
55923  -47.654  -13.119  60.374 0.0000000000
55942  -49.306  -13.808  59.430 0.0000000000
55958  -49.516  -13.920  59.025 0.0000000000
55974  -48.972  -13.461  58.244 0.0000000000
55973  -48.641  -14.124  58.009 0.0000000000
37175  -28.703  -30.683  76.955 0.0000000000
38070  -20.851  -29.105  81.057 0.0000000000
38080  -21.193  -29.117  80.919 0.0000000000
38155  -28.933  -30.068  76.877 0.0000000000
38165  -28.920  -30.474  76.829 0.0000000000
39111  -21.043  -28.755  81.126 0.0000000000
39161  -26.972  -28.957  79.549 0.0000000000
39183  -27.104  -29.505  78.793 0.0000000000
40196  -22.214  -28.287  81.650 0.0000000000
40212  -21.103  -27.527  81.633 0.0000000000
40229  -20.989  -27.500  81.389 0.0000000000
40245  -25.277  -29.009  80.696 0.0000000000
40247  -26.401  -28.681  80.640 0.0000000000
40276  -27.432  -28.169  78.762 0.0000000000
41237  -20.999  -27.105  81.843 0.0000000000
41295  -27.546  -27.950  78.785 0.0000000000
41309  -27.619  -28.193  78.623 0.0000000000
41310  -27.764  -27.991  78.649 0.0000000000
42351  -23.940  -27.368  80.313 0.0000000000
42418  -35.109  -26.652  74.876 0.0000000000
43496  -31.659  -24.261  77.666 0.0000000000
44567  -31.917  -23.882  77.948 0.0000000000
45583  -32.085  -23.816  77.470 0.0000000000
45594  -31.457  -23.901  77.378 0.0000000000
45630  -37.088  -23.042  74.929 0.0000000000
46618  -34.143  -23.067  75.936 0.0000000000
46736  -39.788  -21.766  67.018 0.0000000000
46756  -42.948  -21.879  64.828 0.0000000000
46771  -42.334  -22.193  64.605 0.0000000000
47641  -37.765  -20.889  75.606 0.0000000000
47737  -39.754  -21.184  67.228 0.0000000000
47780  -42.248  -21.740  64.925 0.0000000000
48636  -37.436  -20.399  75.554 0.0000000000
48646  -34.486  -21.049  75.065 0.0000000000
48747  -39.530  -20.784  67.831 0.0000000000
48831  -46.985  -20.532  62.254 0.0000000000
49724  -38.112  -20.132  75.120 0.0000000000
49789  -41.318  -19.718  71.244 0.0000000000
49817  -40.395  -18.044  69.330 0.0000000000
49938  -48.329  -18.314  62.095 0.0000000000
49969  -48.080  -18.969  61.019 0.0000000000
49970  -48.085  -18.826  61.372 0.0000000000
50913  -40.434  -17.832  69.184 0.0000000000
51024  -47.431  -19.013  61.092 0.0000000000
52013  -43.424  -16.831  66.762 0.0000000000
52014  -44.368  -16.929  67.098 0.0000000000
52016  -46.215  -17.629  66.076 0.0000000000
52032  -48.046  -17.118  65.131 0.0000000000
52041  -46.935  -17.788  64.928 0.0000000000
52042  -47.840  -17.498  64.825 0.0000000000
52051  -46.331  -17.259  63.982 0.0000000000
52054  -48.038  -16.828  64.668 0.0000000000
52070  -48.654  -17.695  61.617 0.0000000000
52939  -43.078  -16.783  67.419 0.0000000000
52940  -43.734  -16.865  67.521 0.0000000000
52949  -43.885  -16.691  67.435 0.0000000000
52951  -46.472  -17.547  65.529 0.0000000000
52958  -47.749  -16.980  65.140 0.0000000000
52959  -48.038  -16.860  65.100 0.0000000000
52965  -46.617  -17.001  64.384 0.0000000000
52966  -46.981  -17.001  64.630 0.0000000000
52968  -48.002  -16.656  64.980 0.0000000000
52975  -47.155  -16.942  64.045 0.0000000000
52976  -47.653  -16.887  64.564 0.0000000000
52977  -47.882  -16.722  64.820 0.0000000000
52992  -48.798  -17.343  61.398 0.0000000000
55910  -47.081  -13.186  61.092 0.0000000000
55912  -47.900  -12.788  61.084 0.0000000000
55959  -49.405  -13.960  59.231 0.0000000000
56947  -46.959  -12.897  61.196 0.0000000000
56948  -47.200  -12.949  61.244 0.0000000000
58046  -46.750  -11.630  58.853 0.0000000000
59011  -48.207  -10.505  60.108 0.0000000000
59018  -47.684  -10.441  59.958 0.0000000000
59020  -49.098  -10.044  59.480 0.0000000000
59026  -46.867  -11.058  58.398 0.0000000000
59915  -48.029  -9.956  60.017 0.0000000000
59916  -48.380  -9.792  59.892 0.0000000000
60877  -47.353  -7.796  55.536 0.0000000000
63584  -49.869  -5.455  55.705 0.0000000000
64515  -49.916  -5.003  56.111 0.0000000000
65455  -49.356  -4.311  54.858 0.0000000000
65483  -50.994  -2.465  52.405 0.0000000000
66376  -49.048  -3.142  55.013 0.0000000000
66377  -49.242  -2.973  54.836 0.0000000000
66379  -49.905  -2.802  53.998 0.0000000000
66400  -48.664  -2.884  52.774 0.0000000000
67279  -49.746  -2.058  52.368 0.0000000000
67305  -50.320  -0.753  49.831 0.0000000000
