#!ascii label  , from subject 3321 vox2ras=TkReg
1289
53061  -37.826  -17.346  55.073 0.0000000000
65542  -47.823  -4.114  46.046 0.0000000000
60001  -41.922  -9.846  52.061 0.0000000000
38160  -14.306  -31.114  76.502 0.0000000000
49983  -34.301  -20.233  59.799 0.0000000000
42400  -28.276  -26.987  75.184 0.0000000000
46658  -34.448  -22.645  72.744 0.0000000000
48781  -36.824  -20.686  65.317 0.0000000000
50970  -36.658  -18.727  64.725 0.0000000000
41420  -20.908  -27.513  71.407 0.0000000000
41336  -25.158  -28.113  76.758 0.0000000000
43591  -23.893  -26.759  70.660 0.0000000000
43644  -31.307  -26.162  68.902 0.0000000000
44715  -35.099  -24.344  67.426 0.0000000000
49986  -41.649  -20.141  59.258 0.0000000000
54911  -42.665  -15.756  57.747 0.0000000000
62714  -44.073  -6.564  49.068 0.0000000000
56032  -39.621  -13.505  52.376 0.0000000000
63748  -45.958  -6.037  41.809 0.0000000000
34498  -11.802  -34.690  76.962 0.0000000000
48814  -39.589  -21.132  63.336 0.0000000000
47856  -37.046  -21.202  57.412 0.0000000000
43595  -27.250  -25.672  70.021 0.0000000000
42436  -31.807  -26.539  73.504 0.0000000000
58072  -44.902  -11.621  56.180 0.0000000000
67428  -50.465  -1.290  36.865 0.0000000000
46768  -35.529  -22.662  64.116 0.0000000000
48812  -34.915  -20.462  63.744 0.0000000000
42463  -22.207  -26.755  70.720 0.0000000000
43713  -32.549  -25.466  65.409 0.0000000000
44769  -34.846  -24.764  64.842 0.0000000000
46720  -37.044  -22.827  66.891 0.0000000000
51088  -39.498  -18.721  57.001 0.0000000000
52108  -42.449  -17.959  58.322 0.0000000000
53973  -40.373  -16.435  56.504 0.0000000000
63662  -46.100  -5.576  48.281 0.0000000000
65500  -46.257  -4.051  50.488 0.0000000000
67351  -49.481  -2.468  45.312 0.0000000000
36283  -13.502  -32.357  73.737 0.0000000000
35366  -13.020  -33.229  76.641 0.0000000000
51019  -35.947  -19.346  62.196 0.0000000000
50990  -38.621  -19.565  64.181 0.0000000000
48840  -36.585  -21.085  61.147 0.0000000000
48859  -38.011  -22.116  59.814 0.0000000000
47854  -35.533  -21.832  57.919 0.0000000000
42398  -26.753  -27.363  75.457 0.0000000000
43462  -27.134  -25.937  79.584 0.0000000000
43485  -28.388  -25.804  78.596 0.0000000000
43503  -29.618  -25.623  77.016 0.0000000000
44691  -24.979  -25.122  68.355 0.0000000000
43662  -26.690  -25.858  67.340 0.0000000000
44657  -33.982  -25.137  70.576 0.0000000000
43598  -31.785  -26.624  70.705 0.0000000000
44629  -33.581  -24.466  72.904 0.0000000000
45626  -32.547  -23.773  75.156 0.0000000000
39221  -17.304  -29.054  74.245 0.0000000000
40300  -19.022  -28.354  76.566 0.0000000000
41287  -18.635  -28.125  80.014 0.0000000000
58118  -40.738  -11.614  52.386 0.0000000000
56014  -42.973  -13.626  54.293 0.0000000000
59073  -42.944  -11.031  53.912 0.0000000000
69295  -51.666  0.392  35.432 0.0000000000
38117  -12.927  -30.916  79.809 0.0000000000
50926  -37.357  -18.662  67.518 0.0000000000
52007  -38.158  -17.845  66.675 0.0000000000
49882  -35.993  -19.398  65.552 0.0000000000
49928  -34.790  -19.596  62.784 0.0000000000
41370  -20.924  -28.274  73.911 0.0000000000
40304  -23.378  -28.668  77.038 0.0000000000
41372  -23.357  -27.982  74.304 0.0000000000
41393  -24.808  -27.339  73.548 0.0000000000
42430  -26.512  -26.883  73.319 0.0000000000
43664  -28.514  -26.258  67.100 0.0000000000
43691  -30.869  -25.909  66.553 0.0000000000
44692  -32.895  -24.858  67.993 0.0000000000
45675  -35.701  -24.210  70.608 0.0000000000
45687  -37.642  -23.177  69.390 0.0000000000
48731  -37.759  -20.231  69.226 0.0000000000
40384  -18.967  -28.139  71.292 0.0000000000
49936  -43.916  -19.826  62.816 0.0000000000
52059  -46.494  -17.498  63.334 0.0000000000
51036  -44.264  -19.131  60.197 0.0000000000
53013  -44.290  -17.058  59.075 0.0000000000
60032  -43.115  -9.055  50.147 0.0000000000
60892  -44.082  -8.609  52.951 0.0000000000
61808  -45.422  -7.496  51.304 0.0000000000
30784  -7.548  -38.336  79.005 0.0000000000
53103  -38.932  -16.187  52.892 0.0000000000
58130  -37.567  -11.807  51.503 0.0000000000
60044  -40.642  -9.902  49.422 0.0000000000
60967  -41.942  -8.376  47.809 0.0000000000
62757  -43.688  -7.039  46.406 0.0000000000
63712  -44.776  -5.687  44.750 0.0000000000
63713  -46.850  -5.339  44.446 0.0000000000
62780  -43.506  -6.546  43.327 0.0000000000
35328  -12.102  -33.293  80.743 0.0000000000
33565  -9.330  -34.952  79.429 0.0000000000
33570  -6.876  -36.078  79.283 0.0000000000
52013  -43.424  -16.831  66.762 0.0000000000
52022  -39.183  -17.752  66.199 0.0000000000
50959  -41.309  -18.071  65.552 0.0000000000
50991  -42.253  -19.098  64.381 0.0000000000
48844  -41.040  -21.366  61.386 0.0000000000
48896  -39.847  -20.717  58.287 0.0000000000
51100  -37.164  -19.262  55.681 0.0000000000
42353  -25.470  -26.967  80.180 0.0000000000
43593  -25.226  -26.204  70.026 0.0000000000
42451  -27.654  -26.498  72.150 0.0000000000
42514  -29.166  -26.334  69.148 0.0000000000
42453  -29.733  -26.597  72.236 0.0000000000
43529  -29.643  -26.624  74.414 0.0000000000
44593  -30.808  -24.435  76.799 0.0000000000
37227  -14.937  -31.547  73.640 0.0000000000
38186  -16.210  -30.435  74.273 0.0000000000
39198  -15.610  -30.097  76.491 0.0000000000
53986  -41.761  -15.544  55.058 0.0000000000
55970  -44.216  -14.439  56.742 0.0000000000
57015  -46.376  -12.656  58.924 0.0000000000
59066  -46.087  -9.379  55.598 0.0000000000
64648  -48.808  -4.476  43.209 0.0000000000
66484  -49.780  -2.477  41.807 0.0000000000
67383  -50.366  -1.382  40.039 0.0000000000
66521  -48.904  -2.699  38.261 0.0000000000
69241  -51.451  0.660  38.988 0.0000000000
46786  -34.490  -23.158  62.537 0.0000000000
47792  -34.200  -21.763  62.596 0.0000000000
46802  -33.919  -22.723  61.792 0.0000000000
44783  -33.356  -24.833  63.511 0.0000000000
45761  -34.374  -24.180  63.440 0.0000000000
45750  -35.147  -23.988  64.410 0.0000000000
52132  -38.713  -17.515  56.352 0.0000000000
52120  -39.900  -17.699  56.936 0.0000000000
53050  -38.816  -16.632  56.080 0.0000000000
64609  -47.184  -5.156  47.430 0.0000000000
65527  -47.451  -4.167  48.944 0.0000000000
65535  -48.382  -3.878  47.793 0.0000000000
66451  -48.621  -3.109  46.640 0.0000000000
66460  -48.415  -2.758  45.974 0.0000000000
36236  -13.604  -32.298  75.266 0.0000000000
36235  -13.055  -32.655  75.475 0.0000000000
36189  -14.027  -32.173  76.699 0.0000000000
49945  -35.473  -19.739  61.541 0.0000000000
49946  -36.249  -20.120  61.763 0.0000000000
48856  -35.963  -20.572  60.169 0.0000000000
47819  -36.675  -21.684  59.888 0.0000000000
48892  -35.074  -21.099  59.343 0.0000000000
40257  -21.111  -28.117  79.306 0.0000000000
42399  -27.326  -26.992  75.308 0.0000000000
43492  -27.510  -26.433  77.591 0.0000000000
43493  -28.402  -26.029  77.424 0.0000000000
43494  -29.103  -25.689  78.135 0.0000000000
43502  -28.976  -26.460  76.123 0.0000000000
44640  -34.381  -24.409  71.521 0.0000000000
44639  -33.779  -24.968  71.692 0.0000000000
45651  -33.871  -23.455  72.760 0.0000000000
45639  -33.518  -23.413  73.586 0.0000000000
40322  -20.485  -28.481  75.830 0.0000000000
40286  -20.202  -28.391  77.720 0.0000000000
41305  -19.724  -27.961  79.241 0.0000000000
52016  -46.215  -17.629  66.076 0.0000000000
59097  -40.748  -10.364  52.371 0.0000000000
58104  -41.713  -11.738  53.222 0.0000000000
59099  -42.227  -10.249  52.500 0.0000000000
48745  -37.233  -19.730  67.374 0.0000000000
50925  -36.907  -19.079  66.922 0.0000000000
48780  -36.118  -20.080  65.809 0.0000000000
49910  -34.557  -19.786  62.856 0.0000000000
49927  -33.987  -19.562  62.180 0.0000000000
51001  -34.260  -19.263  61.782 0.0000000000
41390  -21.278  -27.909  73.317 0.0000000000
40363  -22.315  -28.364  74.155 0.0000000000
41406  -21.706  -27.508  72.417 0.0000000000
42465  -23.550  -26.451  71.321 0.0000000000
42446  -23.138  -26.660  71.760 0.0000000000
42448  -24.713  -26.681  72.606 0.0000000000
42429  -25.544  -27.046  73.384 0.0000000000
42467  -24.983  -26.496  71.822 0.0000000000
43710  -29.392  -26.131  65.375 0.0000000000
44737  -33.650  -25.042  66.359 0.0000000000
43693  -32.818  -25.228  66.509 0.0000000000
44714  -34.178  -24.713  67.438 0.0000000000
44676  -34.601  -24.719  69.455 0.0000000000
44695  -35.501  -24.458  69.008 0.0000000000
45676  -36.574  -23.595  70.613 0.0000000000
45700  -35.896  -24.012  68.501 0.0000000000
47746  -37.382  -21.535  65.929 0.0000000000
46721  -37.618  -22.236  67.256 0.0000000000
48765  -37.740  -20.954  66.883 0.0000000000
49830  -37.599  -19.314  68.940 0.0000000000
41419  -19.751  -27.812  71.540 0.0000000000
48846  -42.493  -20.405  60.908 0.0000000000
49950  -43.920  -19.629  61.741 0.0000000000
51035  -43.607  -19.299  59.908 0.0000000000
53032  -42.642  -16.832  58.192 0.0000000000
52109  -43.131  -17.480  58.516 0.0000000000
53952  -43.069  -16.031  58.091 0.0000000000
53935  -45.232  -15.340  58.902 0.0000000000
54912  -43.475  -15.385  57.867 0.0000000000
61828  -44.114  -7.625  49.604 0.0000000000
60929  -44.951  -8.397  50.971 0.0000000000
62702  -44.851  -6.882  50.148 0.0000000000
66422  -47.464  -3.170  51.408 0.0000000000
60059  -41.530  -9.433  48.444 0.0000000000
60980  -41.193  -9.062  46.503 0.0000000000
62767  -42.495  -7.231  45.584 0.0000000000
63699  -43.147  -6.247  45.226 0.0000000000
63700  -44.052  -5.909  45.456 0.0000000000
63711  -43.812  -5.762  44.639 0.0000000000
63724  -44.692  -5.855  43.874 0.0000000000
34516  -11.720  -34.173  75.436 0.0000000000
33590  -10.603  -35.847  77.178 0.0000000000
38082  -11.763  -30.506  82.045 0.0000000000
37092  -12.435  -31.712  80.684 0.0000000000
37086  -11.869  -31.543  81.483 0.0000000000
35325  -9.288  -33.463  81.087 0.0000000000
34478  -8.319  -34.502  80.756 0.0000000000
33572  -8.713  -35.693  78.915 0.0000000000
33560  -8.139  -34.932  81.038 0.0000000000
31718  -7.336  -36.310  80.617 0.0000000000
50955  -37.688  -18.702  65.647 0.0000000000
52008  -38.952  -17.508  66.772 0.0000000000
50956  -38.515  -18.362  65.590 0.0000000000
49914  -39.046  -20.293  63.803 0.0000000000
50973  -39.931  -18.978  65.115 0.0000000000
49899  -40.515  -19.562  64.429 0.0000000000
50975  -42.064  -18.560  64.934 0.0000000000
49916  -41.152  -20.125  63.543 0.0000000000
49933  -41.308  -20.354  62.850 0.0000000000
48828  -40.254  -21.364  62.406 0.0000000000
47835  -37.635  -21.681  58.853 0.0000000000
48879  -39.241  -21.448  58.980 0.0000000000
48894  -38.286  -20.861  57.791 0.0000000000
50023  -38.249  -20.059  57.153 0.0000000000
48919  -37.087  -20.415  56.480 0.0000000000
41335  -24.553  -28.624  77.396 0.0000000000
41308  -24.407  -27.595  78.908 0.0000000000
42363  -25.431  -26.796  78.924 0.0000000000
42511  -26.001  -25.961  68.854 0.0000000000
43617  -25.580  -26.178  68.847 0.0000000000
43594  -26.306  -25.887  70.113 0.0000000000
43556  -27.016  -26.041  71.783 0.0000000000
42469  -27.582  -26.185  71.636 0.0000000000
42555  -29.549  -26.508  67.920 0.0000000000
42534  -29.016  -26.375  68.317 0.0000000000
42536  -30.473  -26.374  69.065 0.0000000000
42456  -32.399  -26.408  72.851 0.0000000000
42473  -31.286  -26.828  71.688 0.0000000000
42454  -30.680  -26.739  72.408 0.0000000000
42434  -30.185  -26.614  73.142 0.0000000000
43543  -30.457  -26.578  73.995 0.0000000000
43530  -30.572  -25.988  74.923 0.0000000000
43531  -31.575  -25.580  75.141 0.0000000000
47679  -37.139  -21.031  71.805 0.0000000000
39220  -16.790  -29.694  74.037 0.0000000000
39200  -16.834  -29.562  75.537 0.0000000000
38175  -15.888  -30.377  75.183 0.0000000000
41272  -18.344  -28.172  80.643 0.0000000000
54967  -39.585  -15.005  52.650 0.0000000000
53999  -40.312  -16.070  54.080 0.0000000000
54958  -40.800  -15.157  53.493 0.0000000000
57057  -43.659  -12.398  55.123 0.0000000000
56000  -43.747  -13.324  55.135 0.0000000000
55987  -44.545  -13.313  56.336 0.0000000000
55972  -45.352  -13.620  57.505 0.0000000000
57032  -45.699  -12.782  57.643 0.0000000000
60894  -45.222  -8.101  53.638 0.0000000000
59976  -45.134  -8.860  54.424 0.0000000000
59965  -46.266  -8.850  55.276 0.0000000000
63738  -46.599  -6.072  42.758 0.0000000000
64647  -47.839  -4.608  44.009 0.0000000000
63739  -47.632  -5.600  42.639 0.0000000000
64670  -48.701  -4.427  41.414 0.0000000000
65589  -49.128  -3.363  40.730 0.0000000000
67371  -50.181  -1.513  41.285 0.0000000000
66491  -49.364  -3.035  39.813 0.0000000000
66553  -48.719  -2.666  36.455 0.0000000000
66536  -47.877  -3.250  37.129 0.0000000000
66539  -50.110  -1.488  37.510 0.0000000000
67411  -49.878  -1.684  38.269 0.0000000000
68309  -50.943  0.170  38.372 0.0000000000
68325  -51.785  0.068  36.878 0.0000000000
69269  -53.295  0.501  35.958 0.0000000000
47778  -36.515  -21.650  64.527 0.0000000000
48798  -35.992  -20.471  64.747 0.0000000000
46788  -35.619  -21.942  63.411 0.0000000000
41421  -22.056  -27.107  71.309 0.0000000000
44766  -32.707  -25.286  64.307 0.0000000000
44754  -33.461  -25.247  65.207 0.0000000000
44739  -35.419  -24.525  66.487 0.0000000000
44717  -36.360  -24.044  66.924 0.0000000000
45741  -35.901  -23.979  65.505 0.0000000000
45752  -36.596  -22.873  64.921 0.0000000000
50008  -41.353  -19.610  58.430 0.0000000000
51075  -42.397  -18.960  58.656 0.0000000000
51073  -40.749  -18.631  58.054 0.0000000000
53030  -41.125  -17.246  57.701 0.0000000000
53963  -41.253  -16.346  57.386 0.0000000000
63661  -44.833  -5.637  48.584 0.0000000000
63632  -45.246  -5.298  49.853 0.0000000000
65525  -45.811  -4.617  49.343 0.0000000000
65514  -46.685  -3.958  49.890 0.0000000000
67352  -49.876  -1.781  44.709 0.0000000000
36234  -12.521  -33.201  75.488 0.0000000000
35365  -12.401  -34.069  77.095 0.0000000000
51004  -36.375  -19.209  63.055 0.0000000000
50988  -36.941  -19.057  63.969 0.0000000000
51005  -37.255  -19.440  63.323 0.0000000000
49931  -37.539  -20.361  62.887 0.0000000000
48826  -38.023  -21.320  62.235 0.0000000000
48827  -39.135  -21.665  62.435 0.0000000000
48841  -37.518  -21.607  61.187 0.0000000000
47834  -36.948  -21.721  58.985 0.0000000000
47855  -36.377  -21.554  57.418 0.0000000000
41337  -25.925  -28.073  76.264 0.0000000000
42364  -26.309  -26.689  78.370 0.0000000000
43483  -26.954  -26.334  77.977 0.0000000000
43473  -27.736  -25.826  79.126 0.0000000000
42375  -29.499  -26.141  77.638 0.0000000000
43661  -25.871  -25.460  67.467 0.0000000000
43619  -27.311  -26.012  69.115 0.0000000000
43623  -32.345  -25.724  69.873 0.0000000000
43622  -31.609  -26.331  70.147 0.0000000000
43600  -33.271  -25.648  70.690 0.0000000000
43576  -33.164  -25.678  71.695 0.0000000000
44628  -33.083  -24.952  73.691 0.0000000000
43532  -32.265  -25.039  75.216 0.0000000000
44619  -33.251  -24.168  74.090 0.0000000000
40382  -17.723  -28.701  72.189 0.0000000000
40360  -18.401  -28.613  73.763 0.0000000000
40284  -18.236  -28.457  77.327 0.0000000000
40270  -18.436  -28.549  78.452 0.0000000000
40271  -19.394  -28.271  78.744 0.0000000000
57090  -39.953  -12.434  52.269 0.0000000000
56022  -41.211  -13.558  52.812 0.0000000000
57079  -41.848  -12.402  52.962 0.0000000000
58094  -42.595  -11.814  54.237 0.0000000000
59063  -43.716  -11.201  54.846 0.0000000000
64666  -44.202  -5.260  41.045 0.0000000000
64667  -45.314  -5.302  41.076 0.0000000000
64679  -44.795  -5.012  39.975 0.0000000000
67441  -49.791  -1.553  35.558 0.0000000000
68342  -51.336  -0.340  36.045 0.0000000000
68341  -50.752  -0.828  35.382 0.0000000000
68372  -50.871  -0.549  34.111 0.0000000000
39180  -14.363  -30.298  78.462 0.0000000000
38150  -13.718  -31.172  78.225 0.0000000000
51988  -38.690  -17.445  68.377 0.0000000000
51995  -37.963  -17.808  67.522 0.0000000000
49884  -37.601  -19.120  65.963 0.0000000000
50954  -36.406  -18.820  65.262 0.0000000000
48797  -34.990  -20.079  64.599 0.0000000000
50986  -35.389  -19.094  64.447 0.0000000000
50987  -35.781  -19.053  63.887 0.0000000000
51003  -35.446  -19.410  62.785 0.0000000000
51017  -34.504  -19.164  61.551 0.0000000000
40323  -21.527  -28.524  75.813 0.0000000000
40288  -22.378  -28.680  77.910 0.0000000000
40324  -22.642  -28.542  75.861 0.0000000000
40325  -23.735  -28.452  75.765 0.0000000000
41351  -24.342  -28.300  75.304 0.0000000000
41407  -22.970  -27.167  72.388 0.0000000000
41392  -23.673  -27.478  73.543 0.0000000000
41352  -25.214  -28.336  75.557 0.0000000000
41375  -26.346  -27.645  74.897 0.0000000000
42414  -26.429  -27.232  74.358 0.0000000000
42415  -27.375  -26.954  74.250 0.0000000000
43689  -29.006  -26.537  66.204 0.0000000000
43667  -31.534  -25.650  67.636 0.0000000000
43712  -31.413  -25.890  65.499 0.0000000000
43668  -32.515  -25.267  67.443 0.0000000000
43645  -32.626  -25.388  68.612 0.0000000000
43646  -33.465  -25.288  69.012 0.0000000000
44658  -34.491  -24.699  70.448 0.0000000000
45665  -35.231  -23.894  71.518 0.0000000000
46659  -35.715  -22.227  72.715 0.0000000000
45666  -36.026  -23.581  71.467 0.0000000000
46673  -37.522  -21.804  71.361 0.0000000000
47693  -37.625  -21.118  70.856 0.0000000000
45702  -37.700  -22.894  68.536 0.0000000000
46692  -37.762  -22.171  69.139 0.0000000000
48717  -37.825  -20.231  70.349 0.0000000000
49816  -38.023  -19.341  69.973 0.0000000000
41403  -18.862  -27.992  72.372 0.0000000000
50993  -44.135  -18.907  64.163 0.0000000000
51007  -45.014  -18.754  62.987 0.0000000000
51022  -45.524  -18.055  62.067 0.0000000000
52075  -45.458  -17.799  60.289 0.0000000000
51055  -43.029  -18.741  59.261 0.0000000000
52092  -44.799  -17.847  59.615 0.0000000000
60018  -42.450  -9.437  51.535 0.0000000000
60002  -42.784  -9.672  52.274 0.0000000000
60917  -43.749  -8.756  51.513 0.0000000000
60907  -44.828  -8.326  52.339 0.0000000000
61789  -46.370  -7.147  53.329 0.0000000000
63619  -46.002  -5.513  51.030 0.0000000000
62684  -46.616  -6.481  52.380 0.0000000000
53089  -36.482  -17.216  53.330 0.0000000000
53076  -38.453  -16.998  54.419 0.0000000000
53090  -37.802  -16.988  53.208 0.0000000000
54026  -38.780  -15.526  52.447 0.0000000000
56030  -38.095  -13.942  51.641 0.0000000000
57089  -38.861  -12.478  51.844 0.0000000000
58117  -39.583  -11.584  51.806 0.0000000000
59096  -39.988  -10.680  51.908 0.0000000000
60015  -39.901  -9.783  51.286 0.0000000000
60029  -40.736  -9.867  50.470 0.0000000000
60045  -41.562  -9.626  49.567 0.0000000000
60937  -42.696  -8.544  49.104 0.0000000000
61839  -43.099  -7.607  48.426 0.0000000000
61871  -42.063  -7.897  45.807 0.0000000000
62742  -43.162  -7.294  46.788 0.0000000000
62743  -43.482  -7.026  47.349 0.0000000000
62745  -45.515  -6.451  46.962 0.0000000000
63688  -46.080  -5.995  46.267 0.0000000000
64629  -46.970  -5.097  45.457 0.0000000000
65554  -47.321  -4.720  45.203 0.0000000000
64646  -46.130  -5.483  44.520 0.0000000000
63725  -45.964  -5.673  43.805 0.0000000000
63736  -44.755  -6.573  42.447 0.0000000000
63746  -43.518  -5.995  41.554 0.0000000000
37126  -13.369  -31.674  78.426 0.0000000000
35334  -13.221  -33.098  79.163 0.0000000000
34487  -12.252  -34.186  78.727 0.0000000000
35320  -10.733  -33.097  81.481 0.0000000000
35331  -10.791  -33.808  80.429 0.0000000000
33574  -11.011  -34.867  78.118 0.0000000000
32673  -10.281  -35.943  78.083 0.0000000000
32671  -8.184  -36.673  78.468 0.0000000000
31743  -8.016  -37.246  78.155 0.0000000000
31741  -6.652  -37.482  79.079 0.0000000000
52028  -44.810  -17.380  65.944 0.0000000000
52010  -40.687  -17.100  66.739 0.0000000000
50972  -38.754  -18.944  64.870 0.0000000000
50958  -40.482  -18.256  65.757 0.0000000000
52025  -41.992  -17.535  65.900 0.0000000000
52036  -42.673  -17.962  65.456 0.0000000000
50977  -43.777  -17.976  64.813 0.0000000000
49918  -43.367  -19.658  63.632 0.0000000000
49948  -42.303  -20.782  62.008 0.0000000000
48862  -41.563  -20.789  60.316 0.0000000000
48843  -39.894  -21.723  61.356 0.0000000000
48861  -40.625  -21.358  60.306 0.0000000000
49985  -40.953  -20.232  58.944 0.0000000000
50006  -39.610  -19.925  57.619 0.0000000000
50039  -39.063  -19.027  56.426 0.0000000000
51114  -37.268  -18.472  55.424 0.0000000000
48890  -33.584  -20.868  58.665 0.0000000000
48903  -34.029  -21.670  58.131 0.0000000000
47868  -34.702  -21.630  56.509 0.0000000000
48917  -35.883  -21.415  55.841 0.0000000000
48931  -35.913  -20.618  55.456 0.0000000000
50051  -36.405  -19.812  55.340 0.0000000000
51113  -36.640  -18.689  54.995 0.0000000000
52160  -36.717  -17.876  54.222 0.0000000000
42354  -26.452  -26.594  79.368 0.0000000000
44672  -23.693  -25.870  68.993 0.0000000000
44655  -24.539  -26.613  69.476 0.0000000000
43592  -24.438  -26.752  70.178 0.0000000000
42468  -25.729  -26.471  71.784 0.0000000000
42450  -26.615  -26.547  72.280 0.0000000000
42416  -28.363  -26.943  74.114 0.0000000000
43663  -27.612  -26.208  67.202 0.0000000000
43620  -28.202  -26.208  68.919 0.0000000000
43596  -28.046  -25.862  69.772 0.0000000000
42492  -31.111  -26.874  70.697 0.0000000000
42490  -29.259  -26.337  70.001 0.0000000000
43573  -28.082  -25.928  70.642 0.0000000000
42452  -28.729  -26.575  72.184 0.0000000000
42417  -28.975  -26.791  73.842 0.0000000000
43514  -28.904  -26.365  74.932 0.0000000000
43515  -29.748  -25.998  75.629 0.0000000000
43504  -30.497  -24.876  77.236 0.0000000000
36284  -14.493  -32.317  73.899 0.0000000000
37186  -14.637  -31.375  75.299 0.0000000000
38217  -16.522  -30.417  72.334 0.0000000000
37266  -15.334  -31.045  72.190 0.0000000000
38185  -15.430  -30.888  74.434 0.0000000000
38174  -15.163  -30.877  75.399 0.0000000000
38161  -14.956  -30.509  76.331 0.0000000000
39181  -15.168  -29.938  78.213 0.0000000000
40243  -17.871  -28.441  80.188 0.0000000000
53984  -39.868  -16.501  55.285 0.0000000000
53985  -40.906  -16.132  55.226 0.0000000000
53975  -42.489  -15.468  56.486 0.0000000000
54960  -42.132  -14.472  53.839 0.0000000000
54934  -43.233  -14.703  56.167 0.0000000000
54923  -43.932  -15.044  57.044 0.0000000000
54913  -44.474  -14.892  58.050 0.0000000000
59084  -43.508  -9.696  53.382 0.0000000000
59064  -44.509  -10.573  55.224 0.0000000000
59054  -45.482  -10.935  56.349 0.0000000000
65556  -48.478  -3.450  44.968 0.0000000000
66472  -49.272  -3.013  44.904 0.0000000000
66473  -49.600  -2.660  44.036 0.0000000000
63750  -48.052  -5.252  41.845 0.0000000000
65571  -49.618  -3.510  42.360 0.0000000000
67358  -50.065  -1.536  43.603 0.0000000000
68266  -50.499  -0.491  42.514 0.0000000000
68267  -51.079  0.009  41.999 0.0000000000
66501  -48.458  -3.117  38.604 0.0000000000
67399  -50.200  -1.629  38.862 0.0000000000
67384  -50.776  -0.136  40.064 0.0000000000
69267  -52.272  0.460  36.537 0.0000000000
45776  -33.911  -24.015  62.190 0.0000000000
45775  -33.698  -24.494  62.963 0.0000000000
52144  -38.123  -17.492  55.844 0.0000000000
53062  -38.139  -17.073  55.470 0.0000000000
64621  -47.657  -4.566  46.811 0.0000000000
64610  -47.721  -4.587  47.699 0.0000000000
65543  -48.269  -4.042  46.698 0.0000000000
66444  -49.126  -3.037  47.418 0.0000000000
66450  -48.068  -3.340  46.177 0.0000000000
37185  -14.035  -31.630  75.565 0.0000000000
37184  -13.558  -32.154  75.843 0.0000000000
37147  -14.248  -31.830  76.982 0.0000000000
49961  -34.487  -19.897  60.565 0.0000000000
49962  -35.137  -20.420  60.740 0.0000000000
49984  -34.884  -20.397  60.042 0.0000000000
48876  -35.548  -20.849  59.661 0.0000000000
48875  -34.854  -20.790  59.629 0.0000000000
40273  -21.647  -28.421  78.670 0.0000000000
42384  -28.071  -26.848  76.272 0.0000000000
45664  -34.644  -23.687  71.937 0.0000000000
45652  -34.294  -23.614  72.240 0.0000000000
60000  -41.069  -9.701  52.141 0.0000000000
59098  -41.490  -10.230  52.487 0.0000000000
48764  -37.141  -20.163  66.469 0.0000000000
48763  -36.450  -19.952  66.163 0.0000000000
48824  -33.222  -19.894  61.891 0.0000000000
42466  -24.219  -26.380  71.752 0.0000000000
43569  -24.429  -26.338  71.127 0.0000000000
44694  -34.911  -24.381  68.455 0.0000000000
45699  -35.268  -23.893  68.012 0.0000000000
45717  -35.597  -23.956  67.751 0.0000000000
41434  -20.062  -27.530  70.457 0.0000000000
41405  -20.570  -27.712  72.482 0.0000000000
49963  -42.221  -20.328  59.828 0.0000000000
49964  -42.870  -19.943  60.192 0.0000000000
53951  -41.954  -16.059  58.100 0.0000000000
53953  -44.265  -15.741  58.502 0.0000000000
61827  -43.656  -7.290  48.991 0.0000000000
61817  -44.590  -7.442  50.092 0.0000000000
62715  -44.625  -6.623  49.525 0.0000000000
65491  -47.687  -3.108  52.188 0.0000000000
60076  -40.453  -9.637  47.237 0.0000000000
63710  -42.969  -6.193  44.571 0.0000000000
63723  -43.676  -6.180  43.983 0.0000000000
34506  -11.533  -34.364  76.035 0.0000000000
33599  -11.105  -35.252  75.770 0.0000000000
33591  -11.000  -35.318  76.764 0.0000000000
38081  -11.131  -30.796  82.652 0.0000000000
32650  -7.795  -35.868  80.589 0.0000000000
50971  -37.720  -18.827  64.790 0.0000000000
49898  -39.478  -19.615  64.381 0.0000000000
49915  -40.068  -20.375  63.891 0.0000000000
48815  -40.545  -20.758  63.141 0.0000000000
47846  -37.138  -21.639  58.081 0.0000000000
47847  -37.841  -21.469  58.154 0.0000000000
48893  -37.607  -21.117  57.634 0.0000000000
48906  -37.863  -20.573  57.355 0.0000000000
48905  -37.355  -20.554  57.091 0.0000000000
41322  -24.936  -28.029  77.575 0.0000000000
42371  -25.483  -27.441  77.885 0.0000000000
43618  -26.456  -25.972  69.169 0.0000000000
43572  -27.232  -26.019  71.098 0.0000000000
43666  -30.393  -26.366  67.707 0.0000000000
42535  -29.868  -26.452  68.610 0.0000000000
43643  -30.523  -26.381  68.571 0.0000000000
42455  -31.621  -26.938  72.654 0.0000000000
42435  -30.998  -26.693  73.340 0.0000000000
43544  -31.248  -26.081  74.107 0.0000000000
48704  -37.439  -20.152  71.325 0.0000000000
40269  -17.446  -28.726  78.191 0.0000000000
54982  -39.664  -14.331  52.411 0.0000000000
54012  -40.105  -15.326  53.224 0.0000000000
54968  -40.365  -14.401  52.723 0.0000000000
57058  -44.133  -12.363  55.704 0.0000000000
57044  -44.006  -12.915  55.878 0.0000000000
57045  -44.728  -12.436  56.252 0.0000000000
57046  -45.248  -12.552  56.941 0.0000000000
58073  -45.440  -11.906  56.956 0.0000000000
60886  -46.231  -7.975  54.471 0.0000000000
60875  -46.109  -8.494  54.794 0.0000000000
65588  -48.798  -3.563  40.173 0.0000000000
66492  -49.670  -2.708  40.576 0.0000000000
65598  -48.421  -3.614  39.441 0.0000000000
66554  -49.758  -2.132  36.644 0.0000000000
66555  -50.106  -1.821  37.212 0.0000000000
68324  -51.114  -0.424  37.356 0.0000000000
46769  -36.477  -22.334  64.523 0.0000000000
47777  -36.102  -21.470  64.057 0.0000000000
47803  -33.636  -21.485  61.731 0.0000000000
44782  -32.053  -25.370  63.301 0.0000000000
44768  -34.295  -24.802  64.346 0.0000000000
44767  -33.423  -25.082  64.309 0.0000000000
44755  -34.395  -25.095  65.441 0.0000000000
44756  -35.280  -24.639  65.482 0.0000000000
44757  -35.672  -24.377  65.940 0.0000000000
45740  -35.468  -24.240  65.082 0.0000000000
46767  -34.924  -23.103  64.064 0.0000000000
45751  -36.160  -23.308  64.666 0.0000000000
51072  -40.069  -19.101  57.765 0.0000000000
51089  -40.104  -18.395  57.548 0.0000000000
53052  -40.085  -16.842  56.848 0.0000000000
53041  -40.568  -17.026  57.242 0.0000000000
53962  -40.701  -16.527  57.083 0.0000000000
63676  -44.799  -5.958  47.922 0.0000000000
64597  -45.490  -5.095  49.271 0.0000000000
64598  -45.840  -5.023  49.034 0.0000000000
65515  -47.817  -3.495  50.023 0.0000000000
65501  -47.225  -3.467  50.858 0.0000000000
65502  -48.118  -2.735  50.770 0.0000000000
67343  -49.668  -1.601  45.483 0.0000000000
36211  -13.388  -32.577  76.220 0.0000000000
35375  -12.851  -33.080  75.958 0.0000000000
35374  -12.085  -33.557  76.104 0.0000000000
35353  -13.158  -33.256  77.522 0.0000000000
49930  -36.723  -19.707  62.518 0.0000000000
49947  -37.007  -20.759  62.050 0.0000000000
47833  -36.240  -21.472  59.425 0.0000000000
47845  -36.271  -21.729  58.461 0.0000000000
42382  -26.593  -27.471  76.456 0.0000000000
42372  -26.432  -26.908  77.426 0.0000000000
42373  -27.116  -26.910  77.081 0.0000000000
43484  -27.617  -25.878  78.219 0.0000000000
43639  -26.470  -25.785  68.390 0.0000000000
43624  -33.309  -25.460  69.679 0.0000000000
43559  -33.445  -25.173  72.273 0.0000000000
43558  -32.923  -25.460  72.750 0.0000000000
45627  -33.030  -23.356  74.751 0.0000000000
40374  -18.576  -28.264  72.925 0.0000000000
40340  -18.923  -28.686  74.540 0.0000000000
40285  -19.204  -28.418  77.586 0.0000000000
41289  -20.213  -27.744  79.714 0.0000000000
57091  -40.580  -12.396  52.469 0.0000000000
57078  -41.245  -12.459  52.648 0.0000000000
58103  -41.278  -11.930  52.709 0.0000000000
58105  -42.430  -11.179  53.481 0.0000000000
58093  -42.222  -11.919  53.693 0.0000000000
58095  -43.169  -11.283  54.466 0.0000000000
58084  -43.122  -11.788  54.946 0.0000000000
66566  -48.741  -2.277  35.681 0.0000000000
67440  -48.811  -1.743  35.107 0.0000000000
39179  -13.775  -30.327  78.919 0.0000000000
39138  -12.302  -29.517  82.066 0.0000000000
51987  -38.023  -17.885  68.507 0.0000000000
49863  -36.858  -19.599  66.263 0.0000000000
49864  -37.334  -19.236  66.210 0.0000000000
49883  -37.067  -19.285  65.710 0.0000000000
50953  -35.743  -18.944  65.089 0.0000000000
48813  -35.439  -20.668  64.152 0.0000000000
49911  -34.778  -19.555  63.784 0.0000000000
49912  -35.246  -19.344  63.447 0.0000000000
40343  -22.106  -28.188  74.872 0.0000000000
41371  -22.700  -28.195  74.354 0.0000000000
40344  -23.045  -28.197  75.016 0.0000000000
40345  -23.781  -28.207  74.951 0.0000000000
41408  -24.103  -27.052  72.843 0.0000000000
41373  -24.402  -27.903  74.512 0.0000000000
41374  -25.599  -27.668  74.494 0.0000000000
42449  -25.675  -26.591  72.561 0.0000000000
42586  -29.764  -26.217  65.784 0.0000000000
42572  -29.623  -26.416  65.908 0.0000000000
43690  -29.848  -26.097  66.343 0.0000000000
44713  -33.214  -24.879  67.387 0.0000000000
44659  -34.977  -24.394  70.456 0.0000000000
44641  -34.795  -24.345  71.247 0.0000000000
45677  -37.300  -23.299  70.207 0.0000000000
46683  -37.043  -22.930  70.788 0.0000000000
46684  -37.483  -22.279  70.413 0.0000000000
45719  -36.689  -23.432  67.331 0.0000000000
46702  -37.233  -22.824  67.756 0.0000000000
47720  -37.766  -21.205  68.599 0.0000000000
46703  -37.621  -22.113  68.139 0.0000000000
47707  -37.716  -21.202  69.748 0.0000000000
49845  -37.132  -19.300  67.999 0.0000000000
50912  -37.647  -18.523  68.710 0.0000000000
41418  -19.071  -27.888  71.947 0.0000000000
40342  -21.013  -28.638  74.762 0.0000000000
49919  -43.982  -19.573  63.437 0.0000000000
50994  -45.243  -18.478  63.912 0.0000000000
51006  -44.365  -19.315  62.901 0.0000000000
49966  -44.330  -19.333  60.865 0.0000000000
51021  -44.649  -18.821  61.863 0.0000000000
51037  -44.977  -18.581  60.651 0.0000000000
51038  -45.426  -18.309  61.332 0.0000000000
52090  -43.089  -17.998  58.765 0.0000000000
52091  -43.676  -17.765  59.104 0.0000000000
52093  -45.631  -17.172  59.999 0.0000000000
53014  -45.139  -16.443  59.197 0.0000000000
60031  -42.537  -9.202  50.635 0.0000000000
60916  -43.073  -9.154  51.595 0.0000000000
60927  -43.388  -8.914  50.623 0.0000000000
60919  -45.129  -8.186  51.428 0.0000000000
61800  -45.636  -7.702  52.274 0.0000000000
61801  -46.165  -7.255  52.649 0.0000000000
64584  -45.534  -4.702  49.803 0.0000000000
63633  -45.659  -5.631  50.299 0.0000000000
64572  -45.756  -4.759  50.314 0.0000000000
63609  -46.918  -5.466  52.489 0.0000000000
30793  -7.259  -38.851  78.016 0.0000000000
29864  -7.371  -39.629  78.597 0.0000000000
54995  -37.581  -14.537  51.263 0.0000000000
54980  -37.987  -14.525  51.986 0.0000000000
56048  -38.237  -12.934  51.559 0.0000000000
57106  -38.269  -12.458  51.564 0.0000000000
58116  -38.598  -11.432  51.633 0.0000000000
59095  -39.127  -10.823  51.539 0.0000000000
59997  -38.874  -10.599  51.440 0.0000000000
59998  -39.463  -10.193  51.637 0.0000000000
60014  -39.018  -10.426  51.117 0.0000000000
60030  -41.649  -9.558  50.541 0.0000000000
60948  -41.815  -8.780  48.008 0.0000000000
60060  -42.078  -9.308  48.958 0.0000000000
60949  -42.347  -8.495  48.453 0.0000000000
60950  -42.829  -8.237  48.876 0.0000000000
61838  -42.565  -7.720  48.029 0.0000000000
62768  -43.484  -6.781  45.786 0.0000000000
62756  -43.047  -7.458  46.285 0.0000000000
62744  -44.690  -6.451  47.415 0.0000000000
62758  -44.400  -6.792  46.554 0.0000000000
63701  -45.203  -6.196  45.498 0.0000000000
64628  -46.256  -5.549  45.377 0.0000000000
64619  -46.560  -5.363  45.763 0.0000000000
64636  -45.756  -5.568  44.838 0.0000000000
62781  -44.279  -6.433  43.458 0.0000000000
62782  -44.752  -6.403  43.380 0.0000000000
63737  -45.268  -6.586  42.902 0.0000000000
32696  -10.402  -36.163  76.693 0.0000000000
38136  -13.492  -30.930  78.963 0.0000000000
37105  -13.156  -31.661  79.234 0.0000000000
36152  -12.555  -32.531  80.330 0.0000000000
36156  -12.931  -32.443  79.513 0.0000000000
35333  -12.436  -33.341  79.674 0.0000000000
35340  -12.880  -33.702  78.940 0.0000000000
34482  -12.376  -33.877  79.187 0.0000000000
37084  -10.523  -31.985  82.532 0.0000000000
34475  -9.413  -33.870  80.585 0.0000000000
35326  -10.171  -33.535  80.809 0.0000000000
34480  -10.352  -34.301  79.820 0.0000000000
33566  -10.071  -34.737  79.140 0.0000000000
33573  -10.305  -35.306  78.557 0.0000000000
33571  -7.407  -35.903  79.045 0.0000000000
32670  -6.785  -36.612  78.914 0.0000000000
31742  -7.501  -37.625  78.502 0.0000000000
32659  -6.632  -36.660  79.381 0.0000000000
31719  -7.856  -36.526  80.801 0.0000000000
52014  -44.368  -16.929  67.098 0.0000000000
52015  -45.406  -17.498  66.282 0.0000000000
52027  -43.838  -17.431  66.169 0.0000000000
51996  -38.761  -17.454  67.499 0.0000000000
52009  -39.777  -17.277  66.763 0.0000000000
52023  -40.083  -17.613  66.248 0.0000000000
50989  -37.966  -18.973  63.947 0.0000000000
52024  -41.025  -17.466  66.162 0.0000000000
52012  -42.544  -16.865  66.593 0.0000000000
50976  -43.126  -18.314  64.865 0.0000000000
50992  -42.845  -19.080  64.366 0.0000000000
48829  -41.185  -20.660  62.311 0.0000000000
49934  -41.946  -20.231  62.570 0.0000000000
48830  -41.925  -20.783  62.140 0.0000000000
48845  -41.944  -20.710  61.404 0.0000000000
48842  -38.674  -22.045  61.272 0.0000000000
48860  -39.498  -21.771  60.144 0.0000000000
48880  -40.354  -21.026  59.116 0.0000000000
50007  -40.659  -20.085  57.978 0.0000000000
50037  -37.686  -19.874  56.433 0.0000000000
50024  -38.945  -19.528  57.072 0.0000000000
50038  -38.387  -19.266  56.590 0.0000000000
51101  -37.812  -18.684  56.042 0.0000000000
48915  -33.036  -21.231  56.741 0.0000000000
48929  -34.095  -21.112  55.648 0.0000000000
47863  -35.553  -21.724  56.751 0.0000000000
47869  -35.103  -21.595  55.895 0.0000000000
50050  -35.417  -20.070  54.877 0.0000000000
50069  -35.155  -19.283  54.434 0.0000000000
40289  -23.268  -28.665  78.205 0.0000000000
42362  -24.575  -27.207  79.414 0.0000000000
44656  -24.850  -26.521  68.998 0.0000000000
43570  -25.154  -26.381  71.055 0.0000000000
43571  -26.170  -26.127  71.212 0.0000000000
42431  -27.492  -27.103  73.124 0.0000000000
42432  -28.439  -26.884  73.071 0.0000000000
42533  -28.555  -26.291  68.522 0.0000000000
43621  -28.685  -26.293  69.138 0.0000000000
43597  -28.654  -26.202  69.568 0.0000000000
42516  -30.760  -26.633  69.732 0.0000000000
42472  -30.321  -26.724  71.413 0.0000000000
42471  -29.158  -26.177  71.102 0.0000000000
43542  -29.913  -26.703  73.708 0.0000000000
42433  -29.370  -26.631  73.221 0.0000000000
43528  -29.002  -26.837  74.420 0.0000000000
43516  -30.852  -25.288  76.234 0.0000000000
44608  -32.261  -24.181  75.226 0.0000000000
43518  -31.894  -24.456  75.423 0.0000000000
45611  -32.058  -23.644  75.804 0.0000000000
46660  -36.334  -21.874  72.632 0.0000000000
36263  -14.624  -32.062  74.454 0.0000000000
37208  -14.914  -31.482  74.624 0.0000000000
39230  -17.326  -29.315  73.456 0.0000000000
39237  -17.335  -29.581  72.441 0.0000000000
38200  -16.293  -30.330  73.290 0.0000000000
38216  -15.748  -30.775  72.586 0.0000000000
38199  -15.594  -30.818  73.491 0.0000000000
38162  -15.569  -30.315  75.890 0.0000000000
39190  -15.269  -30.139  77.232 0.0000000000
40255  -18.588  -28.243  79.493 0.0000000000
40254  -17.639  -28.618  79.333 0.0000000000
40244  -18.381  -28.246  80.096 0.0000000000
52052  -47.062  -17.119  63.692 0.0000000000
53091  -38.775  -16.595  53.451 0.0000000000
53983  -38.896  -16.537  55.471 0.0000000000
53998  -39.370  -16.677  54.307 0.0000000000
54000  -41.242  -15.596  54.252 0.0000000000
53974  -41.601  -15.842  56.267 0.0000000000
54933  -42.399  -15.207  55.638 0.0000000000
56013  -42.067  -13.578  53.200 0.0000000000
56023  -41.579  -14.093  53.355 0.0000000000
55986  -43.879  -13.925  56.107 0.0000000000
55999  -43.341  -14.012  55.512 0.0000000000
55985  -43.337  -14.092  56.040 0.0000000000
54935  -43.831  -14.545  56.475 0.0000000000
54924  -44.494  -14.549  57.336 0.0000000000
55957  -45.572  -13.565  58.430 0.0000000000
55938  -45.830  -13.639  59.427 0.0000000000
60891  -43.553  -8.820  52.805 0.0000000000
59983  -43.052  -9.178  53.020 0.0000000000
59984  -43.691  -9.056  53.226 0.0000000000
59963  -44.910  -9.527  54.804 0.0000000000
59065  -45.505  -9.944  55.517 0.0000000000
64638  -47.462  -4.722  44.656 0.0000000000
65555  -47.742  -4.035  45.046 0.0000000000
63727  -48.065  -5.177  43.300 0.0000000000
65563  -48.600  -3.738  44.322 0.0000000000
65564  -49.594  -3.594  43.442 0.0000000000
63749  -47.174  -5.832  41.697 0.0000000000
64669  -47.612  -4.906  41.085 0.0000000000
65578  -49.341  -3.487  41.331 0.0000000000
64671  -49.219  -3.939  41.839 0.0000000000
66479  -49.941  -2.511  42.975 0.0000000000
67364  -50.010  -1.305  42.440 0.0000000000
67365  -50.500  -0.721  41.855 0.0000000000
67372  -50.817  -0.580  41.014 0.0000000000
66537  -48.899  -2.746  37.398 0.0000000000
66520  -48.199  -3.279  38.055 0.0000000000
66503  -49.792  -2.434  39.463 0.0000000000
66522  -49.571  -2.277  38.589 0.0000000000
67400  -50.641  -0.599  39.091 0.0000000000
68297  -50.998  0.288  39.385 0.0000000000
68285  -51.246  0.220  40.080 0.0000000000
69231  -51.577  0.420  39.840 0.0000000000
69284  -51.683  0.405  35.834 0.0000000000
68343  -51.782  0.396  36.187 0.0000000000
69285  -52.135  0.616  35.749 0.0000000000
46787  -34.897  -22.725  63.355 0.0000000000
44784  -33.771  -24.610  63.925 0.0000000000
45749  -34.477  -24.189  64.145 0.0000000000
45762  -34.842  -23.464  63.820 0.0000000000
51087  -39.005  -18.204  56.649 0.0000000000
52133  -39.318  -17.490  56.698 0.0000000000
53051  -39.512  -16.937  56.620 0.0000000000
53972  -39.301  -16.401  56.069 0.0000000000
63678  -46.577  -5.622  47.396 0.0000000000
64600  -47.488  -4.582  48.394 0.0000000000
65534  -47.822  -4.353  48.250 0.0000000000
66452  -49.260  -2.348  46.918 0.0000000000
67325  -49.682  -1.490  47.267 0.0000000000
67333  -49.068  -2.466  46.029 0.0000000000
67342  -49.212  -2.452  45.744 0.0000000000
36261  -13.141  -32.530  74.676 0.0000000000
36188  -13.900  -32.630  77.023 0.0000000000
48839  -35.842  -20.647  61.009 0.0000000000
48857  -36.482  -21.001  60.166 0.0000000000
48877  -36.150  -20.848  59.787 0.0000000000
47832  -35.717  -21.328  59.360 0.0000000000
47844  -35.360  -21.612  59.036 0.0000000000
42383  -27.241  -26.985  76.267 0.0000000000
42374  -27.728  -26.722  76.986 0.0000000000
44630  -34.122  -24.171  72.262 0.0000000000
46646  -33.688  -22.515  73.959 0.0000000000
40301  -19.916  -28.372  76.729 0.0000000000
40272  -20.508  -28.283  78.759 0.0000000000
58119  -41.335  -10.915  52.661 0.0000000000
59082  -41.982  -10.760  52.936 0.0000000000
59083  -42.890  -10.331  53.138 0.0000000000
49844  -36.944  -19.397  67.132 0.0000000000
49862  -36.237  -19.813  66.021 0.0000000000
48811  -34.509  -20.401  62.872 0.0000000000
51002  -34.690  -19.158  62.133 0.0000000000
40362  -21.724  -28.424  74.029 0.0000000000
41391  -22.473  -27.895  73.549 0.0000000000
42464  -22.765  -26.650  71.094 0.0000000000
41422  -22.724  -26.843  71.658 0.0000000000
42447  -23.742  -26.568  72.180 0.0000000000
41409  -24.630  -26.951  73.033 0.0000000000
41394  -25.442  -27.340  73.838 0.0000000000
43714  -33.101  -25.297  65.898 0.0000000000
44693  -33.714  -24.898  68.455 0.0000000000
44677  -35.209  -24.432  69.607 0.0000000000
45685  -36.018  -24.309  69.640 0.0000000000
45686  -36.845  -23.805  69.465 0.0000000000
46734  -36.982  -22.666  66.056 0.0000000000
47747  -37.787  -21.707  66.793 0.0000000000
47736  -37.792  -21.391  67.567 0.0000000000
48746  -37.819  -20.192  67.828 0.0000000000
41389  -20.375  -28.114  73.345 0.0000000000
49949  -42.802  -20.235  61.532 0.0000000000
49965  -43.645  -19.646  60.716 0.0000000000
53033  -43.683  -16.801  58.478 0.0000000000
53034  -44.316  -16.497  58.831 0.0000000000
54894  -44.957  -14.859  58.729 0.0000000000
60939  -43.834  -8.412  50.009 0.0000000000
60928  -44.436  -8.434  50.514 0.0000000000
61818  -44.995  -7.676  50.679 0.0000000000
62703  -45.346  -6.637  50.438 0.0000000000
65489  -46.663  -3.981  51.142 0.0000000000
64561  -46.376  -4.691  50.970 0.0000000000
65490  -47.262  -3.635  51.735 0.0000000000
68260  -50.677  -0.084  43.023 0.0000000000
58115  -37.756  -11.221  51.878 0.0000000000
60058  -40.499  -9.890  48.379 0.0000000000
60077  -41.038  -9.507  47.816 0.0000000000
60965  -40.977  -9.305  46.759 0.0000000000
60966  -41.517  -8.872  47.268 0.0000000000
63698  -42.263  -6.490  45.033 0.0000000000
62769  -44.324  -6.658  45.884 0.0000000000
32710  -10.742  -35.872  75.946 0.0000000000
38095  -12.457  -30.724  80.766 0.0000000000
36150  -12.166  -32.498  81.209 0.0000000000
36147  -9.887  -33.060  81.982 0.0000000000
34474  -8.712  -33.861  80.847 0.0000000000
34479  -8.931  -34.460  80.295 0.0000000000
33564  -7.934  -35.485  80.037 0.0000000000
32661  -7.075  -35.794  80.396 0.0000000000
32660  -6.760  -36.176  79.788 0.0000000000
52021  -38.459  -17.930  66.160 0.0000000000
50974  -41.010  -18.896  65.162 0.0000000000
49900  -41.482  -19.266  64.333 0.0000000000
49901  -41.990  -19.120  64.361 0.0000000000
49917  -42.227  -19.537  63.712 0.0000000000
48816  -41.025  -20.463  62.970 0.0000000000
48878  -38.376  -21.507  58.601 0.0000000000
48895  -39.042  -20.780  58.158 0.0000000000
50005  -38.828  -20.216  57.586 0.0000000000
50022  -37.770  -20.230  57.046 0.0000000000
41334  -23.966  -28.651  77.941 0.0000000000
41321  -24.580  -28.129  78.355 0.0000000000
42370  -24.909  -27.358  78.701 0.0000000000
42344  -27.949  -26.115  80.507 0.0000000000
42343  -26.940  -26.400  80.450 0.0000000000
42531  -25.792  -25.891  68.676 0.0000000000
43557  -27.352  -26.159  71.696 0.0000000000
43665  -29.335  -26.237  67.262 0.0000000000
43642  -28.857  -26.300  67.697 0.0000000000
42554  -29.169  -26.388  67.790 0.0000000000
42515  -29.929  -26.451  69.491 0.0000000000
42474  -32.130  -26.709  71.869 0.0000000000
42493  -31.802  -26.745  71.156 0.0000000000
43517  -31.527  -24.684  75.628 0.0000000000
40318  -17.591  -28.964  74.835 0.0000000000
39211  -17.022  -29.289  74.907 0.0000000000
39210  -16.492  -29.812  74.995 0.0000000000
39199  -16.284  -29.892  75.984 0.0000000000
39191  -16.066  -29.820  77.025 0.0000000000
39182  -15.770  -29.798  77.750 0.0000000000
41273  -19.357  -27.909  80.638 0.0000000000
54011  -39.432  -15.928  53.275 0.0000000000
56015  -43.408  -12.852  54.617 0.0000000000
55971  -44.834  -14.032  56.833 0.0000000000
57031  -45.126  -13.151  56.887 0.0000000000
60893  -44.749  -8.392  53.339 0.0000000000
59975  -44.553  -9.001  54.096 0.0000000000
60884  -44.987  -8.432  54.014 0.0000000000
59964  -45.656  -9.059  54.953 0.0000000000
63714  -47.410  -5.097  44.337 0.0000000000
63726  -47.239  -5.483  43.697 0.0000000000
65577  -48.879  -3.740  40.877 0.0000000000
66552  -47.621  -2.557  36.141 0.0000000000
66538  -49.697  -2.010  37.744 0.0000000000
67412  -50.166  -0.953  37.984 0.0000000000
69253  -51.555  0.671  38.209 0.0000000000
69296  -52.034  0.535  34.859 0.0000000000
69286  -52.792  0.331  35.436 0.0000000000
47763  -36.888  -21.611  64.956 0.0000000000
48799  -36.527  -21.136  64.659 0.0000000000
47794  -35.474  -21.167  63.612 0.0000000000
47793  -35.016  -21.393  63.129 0.0000000000
48825  -33.776  -20.577  62.170 0.0000000000
42489  -23.221  -26.742  70.403 0.0000000000
43747  -31.404  -25.778  63.850 0.0000000000
43732  -31.879  -25.737  64.465 0.0000000000
44753  -32.955  -25.164  64.818 0.0000000000
44738  -34.655  -24.793  66.468 0.0000000000
44716  -35.841  -24.339  67.162 0.0000000000
44740  -36.049  -24.195  66.350 0.0000000000
45732  -36.440  -23.579  66.346 0.0000000000
45742  -36.531  -23.190  65.455 0.0000000000
46752  -36.881  -22.391  65.284 0.0000000000
49987  -42.444  -19.688  59.212 0.0000000000
50009  -41.981  -19.495  58.665 0.0000000000
51074  -41.772  -18.783  58.246 0.0000000000
52107  -41.485  -17.887  57.842 0.0000000000
52121  -40.460  -17.912  57.455 0.0000000000
52106  -40.877  -17.734  57.651 0.0000000000
53031  -41.604  -16.849  58.054 0.0000000000
53950  -41.641  -16.367  57.856 0.0000000000
53964  -42.105  -15.771  57.301 0.0000000000
63660  -44.080  -5.942  48.829 0.0000000000
63644  -44.338  -5.892  49.147 0.0000000000
65524  -45.731  -4.847  49.288 0.0000000000
65513  -45.877  -4.357  49.738 0.0000000000
65526  -46.256  -4.429  49.273 0.0000000000
68233  -49.947  -0.894  46.789 0.0000000000
68247  -49.917  -0.751  45.127 0.0000000000
36260  -12.502  -32.961  74.877 0.0000000000
35395  -12.192  -33.349  74.459 0.0000000000
35383  -12.226  -33.947  75.026 0.0000000000
35373  -11.914  -34.127  76.595 0.0000000000
35364  -12.093  -34.338  76.828 0.0000000000
49913  -38.100  -19.938  63.621 0.0000000000
49932  -38.473  -21.027  63.276 0.0000000000
48858  -36.920  -21.852  60.363 0.0000000000
47820  -36.971  -22.014  59.655 0.0000000000
47821  -37.394  -21.840  59.378 0.0000000000
42381  -25.867  -27.498  76.918 0.0000000000
43472  -26.953  -25.993  78.747 0.0000000000
43463  -27.766  -25.726  79.991 0.0000000000
43464  -28.516  -25.832  80.139 0.0000000000
43638  -25.688  -25.562  68.285 0.0000000000
42532  -26.030  -25.791  68.624 0.0000000000
42512  -26.241  -25.894  68.777 0.0000000000
43599  -32.522  -26.423  70.930 0.0000000000
43575  -32.708  -26.202  72.010 0.0000000000
43545  -32.284  -25.614  73.980 0.0000000000
44618  -32.728  -24.694  74.532 0.0000000000
44609  -32.740  -23.999  74.736 0.0000000000
40373  -17.853  -28.910  73.099 0.0000000000
40359  -17.724  -28.800  73.874 0.0000000000
40339  -18.076  -28.748  74.445 0.0000000000
40338  -17.651  -28.841  74.354 0.0000000000
40283  -17.348  -28.754  77.010 0.0000000000
40256  -19.107  -28.008  79.308 0.0000000000
41304  -19.349  -27.978  79.263 0.0000000000
41288  -19.159  -27.922  79.785 0.0000000000
56021  -40.405  -13.611  52.566 0.0000000000
57077  -40.422  -12.969  52.683 0.0000000000
57067  -41.935  -12.993  52.655 0.0000000000
57068  -42.412  -12.543  53.477 0.0000000000
57069  -42.875  -12.532  54.405 0.0000000000
57056  -42.913  -12.072  54.817 0.0000000000
58085  -44.153  -11.686  55.543 0.0000000000
64680  -45.898  -4.735  40.174 0.0000000000
66567  -49.315  -2.258  36.017 0.0000000000
67427  -50.144  -1.532  36.222 0.0000000000
67442  -50.518  -1.156  35.989 0.0000000000
67456  -49.650  -1.194  34.683 0.0000000000
68355  -50.472  -0.875  34.766 0.0000000000
68356  -51.257  0.066  34.784 0.0000000000
38151  -14.170  -30.927  77.629 0.0000000000
38137  -13.885  -30.704  78.437 0.0000000000
39152  -12.507  -29.986  81.387 0.0000000000
50937  -37.069  -18.940  66.706 0.0000000000
50938  -37.593  -18.568  66.608 0.0000000000
49897  -35.732  -19.818  65.041 0.0000000000
49896  -35.433  -19.363  64.781 0.0000000000
49881  -35.631  -19.168  65.060 0.0000000000
50968  -35.545  -19.001  64.781 0.0000000000
50969  -35.843  -18.835  64.737 0.0000000000
51018  -35.195  -19.024  61.848 0.0000000000
51034  -34.789  -19.435  61.260 0.0000000000
40303  -22.023  -28.488  76.853 0.0000000000
40305  -24.415  -28.621  76.473 0.0000000000
40306  -24.881  -28.505  76.143 0.0000000000
41353  -26.244  -28.006  75.481 0.0000000000
42413  -25.772  -27.306  74.002 0.0000000000
43709  -28.478  -25.874  65.336 0.0000000000
43692  -31.974  -25.644  66.516 0.0000000000
44675  -33.976  -25.073  69.557 0.0000000000
46670  -34.877  -23.240  72.030 0.0000000000
46671  -35.448  -22.990  72.043 0.0000000000
46672  -36.689  -22.449  71.748 0.0000000000
45718  -36.205  -23.827  67.674 0.0000000000
45701  -37.013  -23.553  68.359 0.0000000000
49802  -37.863  -19.348  71.020 0.0000000000
50901  -37.839  -18.461  69.750 0.0000000000
40396  -17.846  -28.775  71.313 0.0000000000
40375  -19.288  -28.332  73.273 0.0000000000
41404  -19.498  -27.902  72.760 0.0000000000
41388  -19.709  -28.434  73.512 0.0000000000
50978  -45.440  -18.054  64.435 0.0000000000
51020  -44.144  -19.318  62.282 0.0000000000
51056  -44.079  -18.688  59.518 0.0000000000
51057  -44.578  -18.642  59.928 0.0000000000
60017  -41.718  -9.575  51.424 0.0000000000
60905  -43.315  -8.951  52.349 0.0000000000
60906  -43.911  -8.530  52.290 0.0000000000
60918  -44.537  -8.541  51.522 0.0000000000
61787  -45.264  -7.974  53.110 0.0000000000
61788  -45.724  -7.691  53.332 0.0000000000
61778  -46.584  -7.163  54.342 0.0000000000
63646  -45.425  -5.917  49.827 0.0000000000
62690  -45.820  -6.598  51.250 0.0000000000
63620  -46.535  -5.481  51.656 0.0000000000
62691  -46.282  -6.215  51.611 0.0000000000
62683  -46.190  -6.925  51.981 0.0000000000
31751  -7.592  -38.102  77.916 0.0000000000
53075  -37.504  -17.452  54.418 0.0000000000
53102  -38.454  -16.410  52.689 0.0000000000
54025  -37.670  -15.972  52.259 0.0000000000
54981  -38.967  -14.365  52.373 0.0000000000
56031  -38.516  -13.622  51.838 0.0000000000
59999  -40.264  -9.942  51.897 0.0000000000
60016  -40.859  -9.763  51.371 0.0000000000
60047  -42.920  -9.106  49.919 0.0000000000
60046  -42.428  -9.107  49.565 0.0000000000
60938  -43.202  -8.382  49.521 0.0000000000
61863  -41.556  -8.510  46.089 0.0000000000
61850  -42.004  -8.283  46.687 0.0000000000
61864  -42.419  -8.021  46.182 0.0000000000
61851  -42.528  -7.875  47.250 0.0000000000
61852  -42.856  -7.447  47.783 0.0000000000
62729  -43.940  -6.450  48.326 0.0000000000
62730  -44.438  -5.958  48.026 0.0000000000
63677  -45.656  -6.045  47.526 0.0000000000
62770  -44.840  -6.708  46.011 0.0000000000
63689  -46.447  -5.837  46.849 0.0000000000
64620  -47.064  -5.095  46.251 0.0000000000
65541  -47.521  -4.393  45.778 0.0000000000
65550  -47.814  -4.022  45.564 0.0000000000
65549  -47.418  -4.530  45.503 0.0000000000
64637  -46.892  -5.154  44.970 0.0000000000
64645  -45.411  -5.554  44.340 0.0000000000
63747  -44.609  -6.265  41.885 0.0000000000
64665  -43.234  -5.021  41.058 0.0000000000
37146  -13.760  -31.752  77.690 0.0000000000
36170  -13.340  -32.424  77.934 0.0000000000
36157  -13.273  -32.392  78.777 0.0000000000
35352  -12.699  -33.816  78.104 0.0000000000
34491  -12.120  -34.440  77.959 0.0000000000
37085  -11.027  -31.548  82.371 0.0000000000
36149  -11.249  -32.331  81.655 0.0000000000
35321  -11.608  -33.074  81.354 0.0000000000
35319  -9.921  -33.189  81.530 0.0000000000
35332  -11.403  -33.651  80.108 0.0000000000
34481  -11.659  -33.968  79.329 0.0000000000
34486  -11.185  -34.492  78.604 0.0000000000
34490  -11.556  -34.739  77.770 0.0000000000
33581  -11.038  -35.070  77.624 0.0000000000
33580  -10.640  -35.644  77.654 0.0000000000
32672  -9.514  -36.149  78.213 0.0000000000
30783  -6.887  -37.660  79.537 0.0000000000
31730  -6.702  -37.024  79.642 0.0000000000
30774  -6.965  -37.337  79.874 0.0000000000
51989  -39.450  -17.330  68.241 0.0000000000
50957  -39.462  -18.317  65.695 0.0000000000
52011  -41.723  -16.827  66.705 0.0000000000
52026  -42.932  -17.609  66.190 0.0000000000
52037  -43.389  -17.759  65.399 0.0000000000
52038  -44.177  -17.593  65.295 0.0000000000
49935  -43.089  -20.120  62.751 0.0000000000
48863  -42.239  -20.489  60.519 0.0000000000
48881  -41.049  -20.732  59.574 0.0000000000
51102  -38.579  -18.444  56.390 0.0000000000
52131  -38.171  -17.942  56.016 0.0000000000
52143  -37.740  -17.800  55.306 0.0000000000
50004  -33.783  -20.418  59.307 0.0000000000
48891  -34.464  -21.244  59.114 0.0000000000
47843  -34.862  -21.624  58.889 0.0000000000
47853  -34.797  -21.868  58.473 0.0000000000
47862  -34.757  -21.868  57.437 0.0000000000
47864  -36.282  -21.359  56.548 0.0000000000
48930  -35.220  -21.044  55.304 0.0000000000
48918  -36.543  -20.709  56.023 0.0000000000
50036  -37.074  -20.082  55.899 0.0000000000
51112  -35.899  -19.173  54.648 0.0000000000
52142  -37.117  -18.095  54.949 0.0000000000
52161  -37.263  -17.799  54.724 0.0000000000
40274  -22.670  -28.240  78.830 0.0000000000
41320  -23.784  -28.402  78.530 0.0000000000
43615  -23.522  -26.546  69.466 0.0000000000
43641  -28.319  -26.185  68.002 0.0000000000
43640  -27.454  -25.929  68.179 0.0000000000
42491  -30.060  -26.665  70.392 0.0000000000
43574  -28.651  -26.035  70.237 0.0000000000
42470  -28.070  -26.213  71.486 0.0000000000
44594  -31.237  -24.055  76.284 0.0000000000
36262  -14.029  -32.253  74.661 0.0000000000
39229  -16.843  -29.841  72.998 0.0000000000
37248  -15.183  -31.273  72.739 0.0000000000
38173  -14.531  -31.009  75.804 0.0000000000
38152  -14.665  -30.588  77.080 0.0000000000
39189  -14.691  -30.331  77.712 0.0000000000
53971  -38.921  -16.356  55.954 0.0000000000
54969  -41.147  -14.415  53.288 0.0000000000
54970  -41.560  -14.458  53.551 0.0000000000
54945  -42.270  -14.902  54.737 0.0000000000
54961  -42.620  -14.436  54.441 0.0000000000
54946  -42.951  -14.582  55.066 0.0000000000
54922  -43.055  -15.559  57.068 0.0000000000
55937  -45.029  -14.157  58.845 0.0000000000
55956  -45.057  -14.246  57.839 0.0000000000
59074  -43.582  -10.394  54.198 0.0000000000
59974  -43.976  -9.462  53.799 0.0000000000
59075  -44.283  -9.785  54.440 0.0000000000
59053  -44.746  -11.205  55.831 0.0000000000
59040  -45.978  -11.368  57.189 0.0000000000
58060  -46.194  -11.774  58.018 0.0000000000
66466  -48.036  -3.667  45.482 0.0000000000
66467  -48.538  -3.150  45.433 0.0000000000
65562  -47.814  -4.178  44.515 0.0000000000
63740  -48.331  -5.074  42.563 0.0000000000
64657  -49.156  -4.251  42.321 0.0000000000
64649  -49.495  -4.086  42.882 0.0000000000
68259  -50.334  -0.645  43.251 0.0000000000
65597  -47.950  -3.577  38.922 0.0000000000
66502  -48.970  -3.158  39.083 0.0000000000
69268  -52.820  0.606  36.138 0.0000000000
30794  -7.817  -38.385  77.381 0.0000000000
32649  -6.948  -36.154  80.536 0.0000000000
32669  -6.512  -36.953  79.207 0.0000000000
32697  -10.890  -35.693  76.283 0.0000000000
33563  -7.124  -35.863  79.520 0.0000000000
34485  -10.437  -34.626  78.969 0.0000000000
34499  -12.048  -34.573  77.425 0.0000000000
34507  -11.788  -33.907  75.664 0.0000000000
35324  -8.879  -33.703  81.253 0.0000000000
35327  -11.205  -33.553  80.913 0.0000000000
35341  -13.273  -33.181  78.425 0.0000000000
36148  -10.342  -32.505  82.051 0.0000000000
36212  -13.768  -32.274  76.468 0.0000000000
36285  -14.937  -32.039  74.128 0.0000000000
37104  -12.833  -31.739  79.987 0.0000000000
37166  -13.625  -32.178  76.196 0.0000000000
37167  -13.887  -31.848  76.304 0.0000000000
37207  -14.463  -31.769  74.949 0.0000000000
40326  -24.524  -28.449  75.837 0.0000000000
40361  -19.158  -28.520  73.675 0.0000000000
42428  -24.921  -26.950  73.136 0.0000000000
42513  -28.724  -26.318  68.822 0.0000000000
42573  -29.794  -26.299  65.931 0.0000000000
42587  -29.882  -26.147  65.840 0.0000000000
43491  -27.052  -26.734  77.594 0.0000000000
43568  -23.985  -26.231  71.217 0.0000000000
44595  -31.666  -24.066  75.605 0.0000000000
44741  -36.296  -23.963  66.528 0.0000000000
45731  -36.165  -23.926  66.039 0.0000000000
45760  -33.792  -24.527  63.338 0.0000000000
46735  -37.550  -22.304  66.511 0.0000000000
48904  -36.731  -20.902  56.891 0.0000000000
49929  -35.095  -19.520  63.229 0.0000000000
49951  -44.511  -19.160  61.241 0.0000000000
50952  -35.440  -19.055  64.984 0.0000000000
51103  -39.076  -18.593  56.561 0.0000000000
51132  -36.143  -18.481  54.356 0.0000000000
52119  -39.257  -17.903  56.756 0.0000000000
53040  -39.998  -17.084  56.938 0.0000000000
53042  -41.129  -16.846  57.605 0.0000000000
54001  -41.826  -15.133  54.287 0.0000000000
54959  -41.482  -14.907  53.728 0.0000000000
56012  -41.762  -13.406  52.783 0.0000000000
57070  -43.181  -12.410  54.747 0.0000000000
57088  -38.147  -11.939  51.551 0.0000000000
58083  -42.824  -11.871  54.756 0.0000000000
59985  -44.176  -8.876  53.488 0.0000000000
60885  -45.622  -8.272  54.216 0.0000000000
60908  -45.350  -8.020  51.841 0.0000000000
60926  -42.821  -9.125  51.125 0.0000000000
61777  -46.091  -7.659  53.947 0.0000000000
61799  -45.135  -8.130  52.790 0.0000000000
62716  -45.136  -6.325  49.770 0.0000000000
62759  -45.209  -6.604  46.423 0.0000000000
62791  -44.692  -6.663  43.168 0.0000000000
62797  -44.054  -6.523  42.203 0.0000000000
63645  -44.999  -5.600  49.385 0.0000000000
63663  -46.698  -5.384  47.936 0.0000000000
63751  -48.512  -4.938  42.007 0.0000000000
64571  -45.260  -4.954  50.048 0.0000000000
64583  -45.342  -4.938  49.602 0.0000000000
64611  -48.090  -4.234  47.298 0.0000000000
64622  -47.928  -4.372  47.094 0.0000000000
64656  -48.744  -4.675  42.303 0.0000000000
64683  -48.578  -3.957  40.753 0.0000000000
65479  -47.569  -3.637  52.487 0.0000000000
65512  -45.630  -4.610  49.534 0.0000000000
66423  -47.820  -2.732  51.390 0.0000000000
66459  -48.045  -3.433  45.785 0.0000000000
66461  -48.984  -2.530  46.293 0.0000000000
68310  -51.443  0.344  37.652 0.0000000000
69287  -53.279  0.328  35.788 0.0000000000
