#!ascii label  , from subject 3321 vox2ras=TkReg
863
59625  -18.939  -10.462  2.278 0.5555555820
59643  -19.601  -10.461  1.697 0.6666666865
60569  -20.024  -8.932  0.740 0.7777777910
60557  -20.394  -9.659  0.917 0.7777777910
61466  -19.986  -7.944  -0.282 0.8888888955
61468  -22.363  -8.245  -0.182 0.8888888955
59624  -18.234  -10.519  2.824 0.5555555820
60541  -18.251  -9.500  2.412 0.5555555820
60555  -18.729  -8.994  1.710 0.6666666865
60568  -19.193  -8.557  1.037 0.8888888955
60570  -20.976  -9.296  0.527 0.8888888955
61467  -21.049  -7.968  -0.318 0.8888888955
62376  -22.031  -7.314  -0.703 1.0000000000
62377  -23.016  -7.644  -1.244 0.8888888955
63286  -22.712  -6.762  -1.591 1.0000000000
61421  -18.217  -8.370  2.278 0.7777777910
61464  -18.470  -7.626  0.260 1.0000000000
62373  -18.673  -6.939  0.009 1.0000000000
62374  -19.866  -7.204  -0.396 1.0000000000
63284  -20.595  -6.165  -0.925 1.0000000000
64210  -19.920  -5.683  -0.974 1.0000000000
63296  -20.947  -5.727  -1.433 1.0000000000
64211  -21.882  -5.776  -1.442 1.0000000000
64213  -22.901  -5.972  -1.847 1.0000000000
64225  -21.451  -5.447  -1.713 1.0000000000
64226  -22.110  -5.497  -1.709 1.0000000000
65134  -23.143  -5.092  -1.907 1.0000000000
65145  -22.495  -4.446  -2.291 1.0000000000
66063  -23.067  -4.107  -2.332 0.7777777910
63270  -17.619  -5.795  0.130 0.8888888955
63283  -19.449  -6.242  -0.664 1.0000000000
64224  -20.377  -5.310  -1.592 1.0000000000
64209  -19.138  -5.400  -1.300 1.0000000000
64223  -19.679  -4.868  -1.800 1.0000000000
65132  -21.151  -4.804  -2.202 1.0000000000
65144  -21.788  -4.250  -2.441 1.0000000000
66076  -21.832  -3.725  -2.500 1.0000000000
66064  -23.942  -4.207  -2.021 0.8888888955
66980  -23.285  -3.110  -2.138 1.0000000000
66981  -24.472  -3.186  -1.751 0.7777777910
66982  -25.328  -3.069  -2.100 0.7777777910
65106  -17.240  -4.271  -0.176 0.5555555820
66060  -18.416  -2.941  -1.345 0.7777777910
65129  -18.429  -3.779  -1.276 0.8888888955
65131  -20.248  -4.154  -2.038 1.0000000000
66062  -19.545  -3.562  -2.015 0.8888888955
65142  -20.670  -3.556  -2.642 1.0000000000
65153  -21.164  -3.500  -2.719 1.0000000000
67007  -21.880  -2.932  -2.548 1.0000000000
66995  -22.200  -2.623  -2.455 1.0000000000
67868  -23.976  -2.157  -1.526 0.8888888955
68774  -24.628  -1.462  -1.435 0.7777777910
67870  -25.774  -2.107  -2.245 0.6666666865
68775  -25.563  -1.269  -1.522 0.6666666865
66951  -16.632  -2.187  0.491 0.4444444478
66968  -17.702  -2.400  -0.484 0.7777777910
67855  -17.643  -1.619  -0.878 0.6666666865
67879  -18.916  -1.379  -2.294 0.7777777910
66991  -19.417  -2.195  -2.567 0.8888888955
66992  -20.096  -2.148  -2.947 0.8888888955
66088  -21.091  -2.934  -2.907 1.0000000000
66994  -21.494  -2.141  -2.703 1.0000000000
67883  -22.022  -1.514  -2.570 1.0000000000
68789  -23.772  -0.917  -1.552 0.7777777910
67871  -26.367  -1.771  -2.709 0.5555555820
68790  -24.806  -0.756  -1.321 0.7777777910
69694  -26.180  -0.478  -2.038 0.6666666865
68759  -17.428  -0.925  -1.085 0.6666666865
67854  -17.230  -1.112  -0.746 0.6666666865
68773  -18.517  -0.825  -1.983 0.7777777910
68772  -17.724  -0.371  -1.700 0.7777777910
67880  -19.564  -1.276  -2.869 0.8888888955
67894  -19.797  -0.855  -3.277 1.0000000000
67881  -20.325  -1.235  -3.209 1.0000000000
68786  -20.885  -0.741  -3.168 1.0000000000
68788  -22.438  -0.704  -1.824 0.8888888955
69712  -23.199  0.276  -1.493 0.8888888955
69711  -22.077  0.415  -1.947 0.8888888955
69693  -25.440  -0.356  -1.494 0.7777777910
69714  -25.870  0.395  -1.961 0.6666666865
68771  -17.063  0.109  -1.353 0.6666666865
68758  -16.919  -0.399  -0.770 0.5555555820
68784  -18.750  -0.374  -2.696 0.8888888955
68799  -19.066  0.181  -3.201 1.0000000000
67895  -19.993  -0.724  -3.453 1.0000000000
69728  -20.873  0.404  -3.158 1.0000000000
68787  -21.537  -0.401  -2.786 0.8888888955
70542  -23.934  1.322  -1.315 0.7777777910
70543  -25.351  1.362  -1.543 0.6666666865
70544  -26.461  1.416  -2.786 0.5555555820
69692  -17.116  0.263  -1.735 0.7777777910
69707  -16.118  0.892  -2.204 0.6666666865
69709  -18.116  0.242  -2.658 0.8888888955
69726  -19.355  0.685  -3.541 1.0000000000
69727  -20.125  0.536  -3.639 1.0000000000
70539  -21.171  1.375  -2.867 0.8888888955
69710  -21.456  0.632  -2.580 0.8888888955
70540  -21.829  1.407  -2.214 0.8888888955
71332  -23.303  2.387  -1.517 0.7777777910
71333  -24.633  2.305  -1.360 0.7777777910
72197  -22.632  2.911  -1.673 0.7777777910
71334  -26.080  2.574  -1.900 0.5555555820
71315  -24.032  3.003  -1.482 0.6666666865
70514  -15.540  1.648  0.036 0.4444444478
69706  -15.697  1.117  -2.024 0.5555555820
70552  -17.501  1.713  -2.968 0.7777777910
70554  -18.971  1.609  -3.611 1.0000000000
69724  -17.869  1.144  -2.986 0.8888888955
70555  -19.795  1.522  -3.643 0.8888888955
71346  -20.213  2.441  -3.324 0.8888888955
71347  -20.865  2.052  -3.080 0.8888888955
71330  -21.425  2.379  -2.502 0.8888888955
71331  -22.218  2.300  -1.732 0.8888888955
71316  -25.011  3.101  -1.460 0.5555555820
73134  -17.035  4.580  -2.960 0.6666666865
72193  -16.801  3.729  -2.671 0.6666666865
72208  -18.183  3.754  -3.767 0.7777777910
71345  -19.398  2.603  -3.660 0.8888888955
72209  -18.973  3.729  -3.977 0.7777777910
72210  -19.693  3.717  -3.345 0.7777777910
72194  -20.322  3.236  -2.870 0.8888888955
73135  -20.288  4.115  -2.673 0.7777777910
71329  -20.757  2.675  -2.860 0.8888888955
73136  -21.109  4.361  -2.292 0.7777777910
72195  -20.982  3.365  -2.509 0.7777777910
72196  -21.955  3.477  -1.812 0.6666666865
74149  -21.641  5.201  -1.783 0.6666666865
73121  -22.446  4.215  -1.571 0.6666666865
72178  -22.478  3.721  -1.598 0.6666666865
72179  -23.038  3.487  -1.462 0.5555555820
74134  -22.140  5.408  -1.546 0.6666666865
73122  -23.372  4.534  -1.374 0.5555555820
73123  -24.612  4.623  -1.296 0.5555555820
76090  -16.041  8.389  -3.111 0.3333333433
76089  -15.959  7.791  -2.720 0.3333333433
74158  -16.935  6.327  -3.176 0.5555555820
73147  -17.595  5.003  -3.370 0.6666666865
75137  -17.599  7.487  -3.455 0.5555555820
73148  -18.331  4.791  -3.787 0.7777777910
73149  -19.257  4.909  -3.820 0.7777777910
74161  -19.528  6.044  -3.598 0.6666666865
73150  -19.978  4.970  -3.348 0.6666666865
74147  -20.544  4.986  -2.722 0.6666666865
74148  -21.000  5.569  -1.960 0.6666666865
74133  -21.467  5.823  -1.599 0.6666666865
75115  -22.463  6.588  -1.279 0.6666666865
74135  -23.719  5.748  -1.130 0.5555555820
74118  -24.531  6.115  -0.996 0.5555555820
76091  -16.913  8.976  -2.971 0.4444444478
76077  -16.508  8.435  -2.246 0.4444444478
76098  -16.175  8.330  -3.674 0.4444444478
76100  -17.779  8.840  -3.365 0.5555555820
75138  -18.673  7.247  -3.214 0.6666666865
75139  -19.675  7.029  -3.145 0.6666666865
74162  -20.226  5.911  -2.969 0.6666666865
74163  -20.489  6.215  -2.533 0.6666666865
75114  -21.432  6.534  -1.655 0.6666666865
75116  -23.160  6.972  -0.865 0.6666666865
76061  -23.419  7.772  -0.827 0.5555555820
75099  -24.026  6.480  -0.783 0.6666666865
76092  -17.669  9.406  -2.932 0.4444444478
76101  -18.799  8.197  -2.981 0.6666666865
75129  -20.106  7.264  -2.863 0.6666666865
75140  -20.237  6.637  -2.829 0.6666666865
76082  -22.570  7.583  -1.183 0.6666666865
61452  -19.395  -8.447  0.063 0.8888888955
61465  -18.933  -7.909  -0.423 1.0000000000
62388  -20.288  -7.554  -0.399 1.0000000000
63285  -21.761  -6.369  -1.048 1.0000000000
67837  -16.958  -1.504  -0.281 0.5555555820
69674  -16.554  0.203  -0.919 0.5555555820
71313  -15.590  2.693  -1.023 0.5555555820
69708  -17.337  0.617  -2.433 0.7777777910
71298  -15.137  2.855  -0.247 0.2222222239
72180  -24.236  3.741  -1.304 0.6666666865
76960  -18.716  9.169  -2.964 0.6666666865
67836  -16.393  -1.353  0.275 0.4444444478
68757  -16.430  -0.017  -0.589 0.4444444478
74119  -25.381  6.290  -1.285 0.5555555820
76055  -17.396  7.705  -1.820 0.2222222239
75100  -24.766  6.935  -1.189 0.5555555820
58694  -18.950  -11.483  2.564 0.5555555820
58713  -19.539  -11.115  2.101 0.5555555820
59644  -20.482  -10.419  1.246 0.5555555820
60571  -22.012  -9.235  0.221 0.7777777910
58693  -18.127  -11.522  3.091 0.5555555820
59659  -20.984  -9.992  0.907 0.6666666865
61469  -23.254  -8.517  -0.840 0.7777777910
63299  -23.606  -6.813  -1.789 0.8888888955
59623  -17.743  -10.546  3.456 0.4444444478
61397  -17.294  -8.849  3.725 0.5555555820
63287  -23.163  -6.443  -1.917 1.0000000000
62334  -17.659  -7.649  2.684 0.2222222239
62351  -18.056  -7.684  1.681 0.6666666865
65135  -24.471  -5.443  -2.085 0.8888888955
66065  -25.161  -4.249  -1.875 0.6666666865
62362  -17.701  -6.780  0.673 0.5555555820
63269  -17.028  -5.923  0.884 0.4444444478
67885  -26.272  -2.301  -2.796 0.5555555820
68792  -27.284  -1.631  -4.453 0.5555555820
66014  -16.653  -3.652  0.795 0.2222222239
68777  -26.884  -1.131  -2.942 0.5555555820
69715  -26.611  0.071  -3.286 0.5555555820
68721  -16.018  -0.340  1.194 0.3333333433
70557  -26.758  1.466  -4.614 0.5555555820
70526  -15.681  1.676  -0.944 0.4444444478
70494  -15.704  1.636  1.003 0.3333333433
72198  -26.070  3.397  -1.871 0.4444444478
76075  -15.811  6.856  -1.434 0.3333333433
75112  -15.774  6.743  -1.643 0.3333333433
74145  -16.074  5.767  -1.976 0.4444444478
74136  -25.057  5.403  -1.201 0.4444444478
76078  -17.288  9.063  -2.156 0.3333333433
76966  -18.063  9.544  -3.263 0.6666666865
76094  -20.218  7.878  -2.767 0.6666666865
76080  -21.030  7.737  -2.401 0.6666666865
76950  -22.267  8.118  -1.815 0.6666666865
76932  -22.556  8.646  -1.270 0.6666666865
76062  -24.339  7.965  -0.377 0.4444444478
75101  -25.608  7.155  -1.385 0.3333333433
60542  -19.004  -9.802  1.874 0.6666666865
60556  -19.608  -9.558  1.300 0.7777777910
61482  -20.465  -7.741  -0.377 1.0000000000
61453  -20.460  -8.428  0.264 0.8888888955
60540  -17.611  -9.631  3.160 0.5555555820
61454  -21.367  -8.615  0.132 0.8888888955
62375  -20.886  -7.182  -0.552 1.0000000000
63298  -23.120  -7.192  -1.673 1.0000000000
64212  -22.393  -5.865  -1.538 1.0000000000
61420  -17.491  -8.674  2.898 0.5555555820
61437  -18.321  -7.995  1.438 0.8888888955
61451  -18.616  -8.135  0.436 1.0000000000
61450  -18.033  -7.646  0.845 0.8888888955
62372  -18.147  -7.296  0.409 0.8888888955
62363  -18.050  -6.464  0.010 1.0000000000
64227  -23.565  -6.056  -2.083 0.8888888955
65119  -22.595  -5.487  -1.776 1.0000000000
65133  -22.136  -5.097  -2.062 1.0000000000
64208  -18.043  -5.215  -0.713 1.0000000000
63282  -18.465  -6.067  -0.481 1.0000000000
65130  -19.132  -4.329  -1.780 1.0000000000
65143  -21.064  -4.074  -2.537 1.0000000000
66089  -21.678  -3.282  -2.577 1.0000000000
66077  -22.316  -3.582  -2.453 1.0000000000
65105  -16.901  -4.213  0.318 0.5555555820
64195  -16.753  -5.155  0.540 0.5555555820
65115  -17.219  -3.807  -0.116 0.6666666865
65116  -17.765  -4.116  -0.606 0.6666666865
64196  -17.260  -4.853  -0.177 0.7777777910
66051  -18.086  -3.111  -0.723 0.7777777910
66969  -18.154  -2.325  -0.911 0.6666666865
66979  -18.445  -2.224  -1.426 0.8888888955
66061  -18.879  -3.400  -1.774 0.8888888955
66072  -18.739  -2.730  -1.759 0.8888888955
65117  -18.461  -4.616  -1.206 0.8888888955
66074  -19.970  -3.145  -2.733 0.8888888955
66087  -20.636  -3.161  -2.928 1.0000000000
67884  -22.871  -1.867  -1.862 0.8888888955
67869  -25.006  -2.237  -1.579 0.7777777910
67886  -26.765  -1.914  -3.310 0.5555555820
68776  -26.361  -1.270  -2.207 0.6666666865
67838  -17.440  -1.932  -0.346 0.5555555820
66936  -16.367  -2.184  1.333 0.3333333433
66033  -16.432  -2.964  0.813 0.3333333433
66034  -16.944  -3.198  0.324 0.4444444478
66050  -17.465  -3.165  -0.291 0.6666666865
67866  -17.735  -1.090  -1.304 0.6666666865
67867  -18.309  -1.395  -1.514 0.7777777910
67005  -21.238  -2.493  -2.802 1.0000000000
67882  -21.228  -1.376  -3.018 1.0000000000
69713  -24.610  0.201  -1.377 0.7777777910
69695  -26.639  -0.685  -2.530 0.5555555820
68802  -20.925  -0.279  -3.157 1.0000000000
68737  -16.446  -1.010  -0.265 0.4444444478
70541  -22.725  1.352  -1.665 0.7777777910
69673  -15.986  0.569  -0.681 0.5555555820
69725  -18.421  0.667  -3.166 0.8888888955
70556  -20.519  1.378  -3.363 1.0000000000
70527  -15.977  1.974  -1.324 0.5555555820
70537  -16.263  1.692  -1.835 0.5555555820
70553  -18.188  1.705  -3.381 1.0000000000
71343  -17.805  2.683  -3.444 0.7777777910
71328  -17.072  2.669  -2.981 0.7777777910
71344  -18.603  2.659  -3.715 0.7777777910
73132  -15.888  4.911  -1.650 0.5555555820
72192  -16.167  3.779  -1.920 0.5555555820
73146  -16.878  5.462  -2.909 0.4444444478
72207  -17.474  3.799  -3.323 0.6666666865
73157  -18.043  4.587  -3.804 0.6666666865
71314  -16.195  2.688  -1.509 0.7777777910
72177  -15.773  3.406  -1.310 0.6666666865
73158  -18.272  4.595  -3.894 0.7777777910
73137  -21.718  4.691  -1.831 0.6666666865
72181  -25.395  3.807  -1.547 0.4444444478
74146  -16.325  6.394  -2.662 0.4444444478
75136  -16.560  7.567  -3.561 0.5555555820
74160  -18.578  6.111  -3.675 0.6666666865
75130  -20.632  6.823  -2.407 0.6666666865
76081  -21.958  7.551  -1.885 0.6666666865
72176  -15.338  3.760  -0.713 0.3333333433
66950  -16.288  -1.711  0.813 0.4444444478
68736  -16.093  -0.472  0.016 0.4444444478
76063  -25.321  7.918  -0.516 0.3333333433
60582  -22.903  -9.265  -0.248 0.6666666865
58692  -17.661  -11.290  3.655 0.4444444478
59605  -17.512  -10.650  4.195 0.3333333433
65088  -16.879  -4.347  1.698 0.1111111119
67821  -16.186  -1.136  0.828 0.4444444478
69650  -15.856  0.603  0.574 0.3333333433
73120  -15.433  4.832  -0.928 0.3333333433
76933  -23.628  8.646  -0.610 0.6666666865
76923  -24.396  8.659  -0.345 0.4444444478
58698  -22.838  -12.171  1.715 0.4444444478
57682  -24.322  -12.287  2.790 0.2222222239
58695  -19.925  -11.931  2.233 0.4444444478
58696  -20.807  -12.157  1.780 0.4444444478
58714  -20.258  -11.270  1.668 0.4444444478
58716  -22.270  -11.693  0.971 0.4444444478
58718  -24.192  -11.366  1.604 0.2222222239
59645  -21.260  -10.598  0.898 0.4444444478
58728  -21.896  -10.974  0.643 0.4444444478
59647  -24.479  -10.726  1.193 0.1111111119
59648  -25.288  -10.329  1.624 0.1111111119
58738  -22.374  -10.562  0.409 0.4444444478
59662  -23.809  -10.384  0.326 0.3333333433
59661  -23.142  -10.764  0.045 0.3333333433
59663  -24.813  -10.151  0.681 0.2222222239
58739  -22.822  -10.589  0.066 0.4444444478
59671  -23.189  -10.168  -0.339 0.3333333433
59660  -21.759  -10.076  0.630 0.5555555820
60584  -24.265  -9.264  -0.811 0.2222222239
60585  -24.913  -9.033  -0.387 0.1111111119
61472  -25.527  -8.316  -0.699 0.1111111119
60583  -23.581  -9.332  -0.726 0.3333333433
62378  -23.539  -8.044  -1.222 0.4444444478
62390  -23.939  -7.543  -1.536 0.5555555820
62379  -25.370  -7.419  -2.092 0.4444444478
64215  -25.528  -6.363  -2.367 0.3333333433
64228  -24.318  -6.372  -2.257 0.6666666865
65121  -25.176  -5.948  -2.430 0.5555555820
65136  -25.522  -5.226  -2.369 0.5555555820
65122  -25.810  -5.694  -2.426 0.5555555820
65137  -26.381  -5.099  -2.897 0.3333333433
66079  -26.475  -3.923  -2.969 0.4444444478
66996  -26.026  -2.987  -2.589 0.5555555820
66066  -25.919  -4.526  -2.519 0.4444444478
66998  -27.139  -2.341  -3.385 0.4444444478
76961  -19.571  8.470  -2.690 0.5555555820
76949  -21.561  8.811  -2.191 0.5555555820
77771  -23.204  9.497  -0.979 0.5555555820
58697  -21.805  -12.159  1.685 0.4444444478
58699  -23.817  -11.994  1.985 0.2222222239
60572  -24.353  -9.608  -0.003 0.2222222239
60573  -25.152  -9.487  0.390 0.1111111119
61484  -24.782  -8.076  -1.510 0.4444444478
61485  -25.230  -8.130  -1.369 0.3333333433
61470  -24.082  -8.451  -1.200 0.4444444478
63300  -24.496  -7.049  -2.290 0.6666666865
63288  -25.233  -7.114  -2.576 0.4444444478
67008  -27.265  -2.794  -3.296 0.4444444478
68791  -26.986  -1.024  -4.245 0.4444444478
77786  -20.316  10.263  -2.247 0.5555555820
63289  -25.795  -6.839  -2.028 0.2222222239
56631  -21.024  -13.810  2.736 0.4444444478
57679  -21.404  -12.834  2.280 0.4444444478
57655  -21.990  -13.204  3.007 0.4444444478
57681  -23.357  -12.411  2.594 0.2222222239
57657  -23.897  -12.616  3.435 0.2222222239
57658  -24.885  -12.783  3.384 0.1111111119
57677  -19.383  -12.712  2.712 0.4444444478
57678  -20.439  -12.918  2.342 0.4444444478
58719  -24.913  -10.891  2.170 0.1111111119
59664  -25.457  -9.897  0.982 0.1111111119
60587  -26.166  -8.735  0.697 0.1111111119
61473  -26.078  -8.106  0.289 0.1111111119
62381  -26.194  -7.458  -0.387 0.1111111119
63290  -26.438  -6.461  -0.836 0.2222222239
64216  -26.457  -5.748  -2.068 0.1111111119
65146  -27.318  -4.480  -3.377 0.2222222239
66098  -27.318  -3.788  -3.589 0.3333333433
67887  -27.021  -2.013  -4.053 0.4444444478
68804  -27.529  -1.451  -5.039 0.3333333433
68808  -27.692  -0.836  -5.654 0.3333333433
68803  -27.137  -0.402  -5.500 0.3333333433
72191  -15.677  4.142  -1.331 0.4444444478
71335  -26.774  2.621  -4.019 0.4444444478
73124  -25.860  4.632  -1.612 0.3333333433
76948  -19.743  8.980  -2.254 0.5555555820
76931  -22.089  9.208  -1.788 0.5555555820
77770  -22.471  9.620  -1.531 0.5555555820
78578  -22.922  10.080  -1.404 0.5555555820
57676  -18.739  -12.075  2.937 0.4444444478
59670  -22.556  -10.000  0.148 0.5555555820
62389  -23.376  -7.316  -1.606 0.6666666865
66078  -25.814  -3.762  -2.320 0.4444444478
69729  -26.865  0.369  -5.026 0.4444444478
57680  -22.373  -12.578  2.425 0.4444444478
58715  -21.225  -11.381  1.179 0.4444444478
58717  -23.306  -11.567  1.091 0.4444444478
58729  -22.714  -11.090  0.448 0.4444444478
58730  -23.352  -11.013  0.515 0.4444444478
59646  -23.874  -11.104  0.862 0.2222222239
58720  -25.572  -10.711  2.251 0.1111111119
59672  -23.786  -9.822  -0.449 0.3333333433
61471  -24.889  -8.738  -1.223 0.2222222239
60586  -25.517  -8.774  0.254 0.1111111119
61483  -24.427  -7.871  -1.535 0.4444444478
62391  -24.797  -7.593  -2.039 0.4444444478
62392  -25.166  -7.743  -1.721 0.4444444478
65120  -24.738  -6.125  -2.431 0.5555555820
64214  -24.927  -6.554  -2.624 0.5555555820
67009  -27.612  -2.552  -3.659 0.4444444478
62380  -25.678  -7.517  -1.378 0.2222222239
57656  -22.930  -12.869  3.211 0.4444444478
57654  -19.103  -13.098  3.141 0.4444444478
58700  -24.697  -11.646  2.464 0.1111111119
60558  -25.717  -9.740  1.657 0.1111111119
51694  -22.670  -18.874  6.900 0.1111111119
52709  -19.543  -17.263  4.704 0.3333333433
51723  -21.347  -17.641  5.575 0.2222222239
51707  -21.616  -18.282  6.230 0.2222222239
51708  -22.830  -18.177  6.460 0.1111111119
52696  -22.107  -17.534  5.779 0.1111111119
55557  -18.248  -15.092  4.805 0.3333333433
53671  -18.539  -16.253  4.729 0.3333333433
53656  -18.934  -16.790  4.881 0.3333333433
52725  -20.224  -16.588  4.558 0.3333333433
53673  -20.948  -16.478  5.068 0.3333333433
52710  -21.047  -17.187  5.090 0.2222222239
53674  -21.384  -16.012  5.141 0.2222222239
53645  -22.143  -17.196  5.544 0.2222222239
53646  -22.540  -17.126  5.690 0.1111111119
53658  -21.776  -16.833  5.326 0.2222222239
56584  -17.340  -13.615  4.804 0.2222222239
55574  -17.844  -14.132  4.690 0.2222222239
55556  -17.622  -14.655  5.212 0.2222222239
54638  -18.584  -15.572  4.531 0.3333333433
53672  -19.201  -16.337  4.522 0.3333333433
53682  -19.756  -16.060  4.513 0.3333333433
54625  -22.118  -15.936  5.148 0.1111111119
56609  -17.446  -13.352  4.103 0.2222222239
56585  -17.890  -13.790  4.381 0.3333333433
56610  -18.178  -13.554  3.820 0.3333333433
55595  -18.694  -14.128  3.762 0.3333333433
56611  -18.986  -13.650  3.435 0.3333333433
55576  -18.972  -14.866  4.053 0.3333333433
55596  -19.211  -14.676  3.649 0.3333333433
54655  -20.481  -15.430  4.081 0.3333333433
55597  -20.292  -14.648  3.358 0.3333333433
55577  -21.048  -15.086  4.017 0.3333333433
55578  -21.674  -14.376  4.420 0.3333333433
54641  -21.477  -15.293  4.887 0.3333333433
55558  -22.249  -15.023  5.247 0.1111111119
58671  -17.345  -11.750  4.231 0.2222222239
57652  -17.551  -12.712  3.742 0.2222222239
56629  -19.464  -13.466  3.032 0.3333333433
56612  -19.618  -14.075  3.187 0.3333333433
55609  -20.527  -14.180  2.881 0.3333333433
55598  -21.061  -14.344  3.512 0.3333333433
55610  -20.718  -14.274  3.062 0.3333333433
55579  -22.690  -14.324  4.873 0.1111111119
56630  -20.074  -13.822  2.664 0.3333333433
56613  -21.693  -13.772  3.729 0.3333333433
56614  -22.468  -13.187  3.924 0.3333333433
66092  -27.872  -3.291  -3.608 0.2222222239
67896  -27.645  -2.013  -4.402 0.2222222239
67010  -28.215  -2.545  -4.290 0.2222222239
70565  -26.680  1.238  -5.787 0.2222222239
51727  -20.108  -17.686  4.548 0.3333333433
51728  -20.483  -17.374  4.636 0.3333333433
53659  -22.717  -16.505  5.576 0.1111111119
55575  -18.484  -14.549  4.349 0.3333333433
54654  -19.871  -15.433  3.996 0.3333333433
54640  -20.862  -15.670  4.754 0.3333333433
57653  -18.453  -12.657  3.276 0.3333333433
51693  -21.895  -19.053  6.868 0.1111111119
53655  -18.362  -16.560  5.412 0.3333333433
52708  -19.090  -17.412  5.226 0.3333333433
51721  -19.776  -18.219  4.974 0.3333333433
51722  -20.703  -17.987  5.105 0.3333333433
54624  -18.102  -15.673  4.953 0.3333333433
52697  -23.122  -17.559  6.161 0.1111111119
56568  -17.097  -13.978  5.273 0.2222222239
53647  -23.370  -16.964  6.005 0.1111111119
57632  -16.934  -12.897  5.117 0.2222222239
54626  -22.941  -15.729  5.522 0.1111111119
55559  -23.198  -14.922  5.477 0.1111111119
57633  -17.087  -12.731  4.457 0.2222222239
56587  -22.175  -13.800  4.336 0.1111111119
56615  -23.415  -12.848  4.168 0.1111111119
59589  -17.184  -10.859  5.088 0.1111111119
68809  -27.867  -1.491  -5.413 0.2222222239
71348  -26.628  2.264  -5.176 0.2222222239
70558  -26.891  1.913  -5.689 0.2222222239
60521  -17.465  -9.734  3.943 0.2222222239
62350  -17.709  -7.404  1.624 0.5555555820
58672  -17.714  -11.999  3.483 0.4444444478
68811  -27.248  0.035  -6.555 0.2222222239
52720  -20.007  -16.867  4.418 0.3333333433
54623  -17.694  -15.672  5.551 0.2222222239
52721  -20.507  -16.807  4.620 0.3333333433
53683  -20.273  -16.071  4.676 0.3333333433
53657  -21.246  -16.857  5.150 0.2222222239
54639  -19.165  -15.363  4.225 0.3333333433
58655  -16.759  -12.053  5.089 0.2222222239
56586  -21.786  -13.933  4.187 0.3333333433
52695  -18.506  -17.564  5.702 0.3333333433
53644  -18.073  -16.906  6.104 0.2222222239
51720  -19.108  -18.160  5.479 0.3333333433
51706  -20.529  -18.497  5.949 0.3333333433
55543  -17.285  -15.176  5.725 0.2222222239
67016  -28.677  -2.198  -5.266 0.1111111119
67011  -28.938  -2.630  -4.743 0.1111111119
67898  -29.524  -1.875  -4.687 0.1111111119
69739  -28.989  -0.257  -5.753 0.1111111119
69735  -29.696  0.006  -5.282 0.1111111119
69732  -26.874  0.533  -6.261 0.1111111119
69734  -29.029  0.817  -6.040 0.1111111119
70568  -27.438  0.935  -6.517 0.1111111119
70567  -27.977  1.083  -6.383 0.1111111119
72199  -26.558  3.378  -2.758 0.2222222239
70566  -27.179  1.300  -6.275 0.1111111119
72183  -26.685  4.060  -3.006 0.1111111119
72182  -26.240  4.012  -2.134 0.2222222239
74137  -26.096  5.585  -1.889 0.1111111119
73126  -26.500  4.366  -3.690 0.1111111119
77784  -18.360  10.168  -2.113 0.4444444478
76947  -18.414  10.027  -2.725 0.4444444478
74120  -25.961  6.492  -2.019 0.1111111119
77787  -21.601  9.882  -1.720 0.4444444478
77764  -24.873  9.110  -0.436 0.3333333433
76044  -25.116  8.400  -0.265 0.2222222239
76064  -26.083  7.849  -1.308 0.1111111119
75102  -26.346  7.304  -2.228 0.1111111119
78584  -21.310  11.084  -1.903 0.4444444478
78585  -22.317  10.535  -1.773 0.4444444478
78586  -23.382  10.661  -1.522 0.4444444478
78587  -24.537  10.824  -1.328 0.4444444478
77789  -24.326  10.204  -0.907 0.2222222239
77790  -24.938  10.336  -1.033 0.2222222239
77773  -25.292  9.635  -0.762 0.2222222239
78580  -26.120  9.981  -1.088 0.2222222239
77774  -26.243  9.333  -1.185 0.2222222239
80943  -26.026  14.546  -2.785 0.1111111119
80926  -26.618  12.876  -1.950 0.1111111119
78590  -27.100  9.758  -2.292 0.1111111119
77768  -18.735  10.380  -1.843 0.4444444478
78576  -19.410  10.331  -1.384 0.4444444478
77769  -19.364  10.662  -2.032 0.4444444478
78577  -20.285  10.982  -1.374 0.3333333433
78601  -21.691  11.576  -2.143 0.4444444478
79404  -22.737  11.740  -1.685 0.4444444478
78603  -22.545  11.138  -1.879 0.4444444478
80171  -22.334  12.434  -1.882 0.3333333433
79405  -23.924  11.642  -1.573 0.3333333433
80173  -24.551  12.595  -1.615 0.1111111119
79406  -25.051  11.576  -1.408 0.1111111119
80174  -25.548  12.368  -1.566 0.1111111119
78588  -25.565  10.599  -1.205 0.2222222239
79407  -26.170  11.415  -1.527 0.1111111119
80175  -26.520  12.321  -1.714 0.1111111119
79402  -20.863  11.933  -1.707 0.3333333433
79417  -21.457  11.908  -2.165 0.3333333433
79403  -22.330  12.035  -1.875 0.3333333433
80172  -23.301  12.584  -1.751 0.2222222239
80164  -24.959  12.913  -1.701 0.1111111119
80931  -23.442  13.806  -3.095 0.1111111119
80923  -23.803  13.350  -2.223 0.1111111119
80932  -24.379  13.904  -2.610 0.1111111119
80925  -25.907  13.102  -1.721 0.1111111119
81668  -24.785  14.308  -2.764 0.1111111119
80924  -24.900  13.345  -1.883 0.1111111119
79397  -20.812  11.995  -0.796 0.3333333433
80162  -21.279  12.584  -0.896 0.3333333433
80170  -21.477  12.425  -1.717 0.3333333433
80922  -22.804  13.320  -2.714 0.2222222239
80930  -23.002  13.861  -3.197 0.1111111119
81667  -24.155  14.358  -3.120 0.1111111119
81680  -25.277  14.805  -3.029 0.1111111119
83055  -25.598  16.479  -3.684 0.1111111119
79383  -20.572  12.133  2.045 0.1111111119
79393  -21.245  12.799  0.883 0.1111111119
80157  -21.220  12.483  -0.012 0.2222222239
80158  -21.813  13.126  0.127 0.2222222239
80163  -22.139  12.814  -0.990 0.3333333433
80914  -22.565  13.927  -0.485 0.2222222239
81652  -22.695  14.341  -1.658 0.2222222239
81657  -22.827  15.004  -2.421 0.1111111119
81656  -22.709  14.070  -2.604 0.1111111119
81666  -23.178  14.661  -3.220 0.1111111119
81678  -23.752  15.370  -3.266 0.1111111119
82410  -23.622  15.914  -3.338 0.1111111119
81679  -24.248  15.087  -3.207 0.1111111119
82413  -26.052  15.682  -3.492 0.1111111119
81681  -26.462  15.042  -3.046 0.1111111119
79384  -20.859  12.768  1.924 0.1111111119
80147  -22.351  14.160  2.440 0.1111111119
80146  -22.153  13.167  1.919 0.1111111119
80915  -23.089  14.207  0.468 0.1111111119
81644  -23.338  15.094  0.015 0.1111111119
81653  -23.239  15.182  -1.375 0.1111111119
83035  -22.895  17.110  -1.748 0.1111111119
83043  -22.952  16.940  -2.756 0.1111111119
82400  -23.218  15.877  -2.849 0.1111111119
80902  -23.003  14.548  1.576 0.1111111119
80903  -23.747  14.721  2.241 0.1111111119
81630  -23.706  14.876  0.950 0.1111111119
82367  -23.444  15.913  -0.318 0.1111111119
82382  -23.610  16.204  -0.455 0.1111111119
81646  -24.512  15.341  1.314 0.1111111119
82369  -25.143  15.759  0.870 0.1111111119
83020  -24.471  16.497  -0.324 0.1111111119
67000  -29.348  -2.598  -3.832 0.1111111119
67907  -28.901  -1.204  -5.978 0.1111111119
68810  -29.580  -1.038  -5.460 0.1111111119
68806  -29.752  -0.893  -4.370 0.1111111119
73125  -26.319  4.799  -2.702 0.1111111119
77785  -18.947  10.337  -2.433 0.4444444478
77772  -24.239  9.372  -0.565 0.4444444478
76934  -25.273  8.750  -0.444 0.2222222239
76935  -25.814  8.663  -0.922 0.1111111119
76936  -26.582  8.505  -1.469 0.1111111119
74121  -26.227  6.624  -2.525 0.1111111119
78589  -26.637  10.288  -1.739 0.2222222239
80176  -27.236  12.042  -2.071 0.1111111119
80179  -21.842  12.225  -2.111 0.3333333433
80933  -25.610  14.020  -2.433 0.1111111119
82381  -23.166  16.296  -0.839 0.1111111119
68793  -29.791  -0.614  -3.008 0.1111111119
74138  -26.296  5.955  -2.930 0.1111111119
78602  -22.018  11.306  -2.075 0.4444444478
82368  -24.152  15.985  -0.017 0.1111111119
67888  -29.739  -1.790  -3.497 0.1111111119
66093  -28.604  -3.231  -3.771 0.1111111119
66094  -29.071  -3.005  -4.064 0.1111111119
69697  -30.059  0.506  -2.276 0.1111111119
68778  -29.596  -0.614  -1.654 0.1111111119
69696  -30.158  0.943  -3.102 0.1111111119
69730  -29.292  0.908  -4.803 0.1111111119
70545  -29.466  1.499  -4.078 0.1111111119
70559  -28.241  1.891  -5.489 0.1111111119
71349  -26.931  2.824  -5.521 0.1111111119
71336  -26.389  3.204  -4.963 0.1111111119
72212  -26.345  4.002  -5.465 0.1111111119
73138  -26.510  5.037  -3.924 0.1111111119
76937  -26.949  8.125  -2.241 0.1111111119
74139  -26.422  6.761  -3.072 0.1111111119
77803  -27.233  8.976  -2.749 0.1111111119
78604  -26.977  10.692  -2.277 0.1111111119
78571  -19.884  10.369  -0.376 0.2222222239
80181  -27.031  12.601  -2.181 0.1111111119
78562  -21.054  11.160  1.136 0.1111111119
80944  -26.803  14.289  -2.881 0.1111111119
81682  -27.464  14.906  -3.433 0.1111111119
79375  -20.303  12.450  3.319 0.1111111119
80894  -21.085  14.132  3.635 0.1111111119
80887  -21.578  13.960  4.365 0.1111111119
83056  -26.329  16.291  -3.904 0.1111111119
80888  -22.934  13.705  4.218 0.1111111119
80896  -24.000  14.153  2.824 0.1111111119
83717  -23.610  17.964  -3.623 0.1111111119
83054  -24.426  16.923  -3.991 0.1111111119
83063  -25.031  17.646  -4.495 0.1111111119
80904  -24.242  14.668  2.332 0.1111111119
81632  -24.804  15.127  1.929 0.1111111119
83029  -23.043  17.328  -0.967 0.1111111119
83703  -23.353  17.934  -1.904 0.1111111119
83031  -24.662  16.755  -0.539 0.1111111119
77788  -23.636  10.024  -0.877 0.4444444478
68813  -28.575  -0.623  -5.953 0.1111111119
69738  -28.243  0.319  -6.358 0.1111111119
69731  -29.650  0.088  -4.048 0.1111111119
72200  -26.515  3.675  -4.151 0.1111111119
76065  -26.566  7.893  -1.750 0.1111111119
78581  -26.408  9.807  -1.365 0.2222222239
77775  -26.790  9.141  -1.508 0.1111111119
82412  -25.104  15.585  -3.310 0.1111111119
80934  -26.963  13.312  -2.553 0.1111111119
78605  -27.194  10.158  -2.920 0.1111111119
79420  -26.733  11.064  -2.039 0.2222222239
79408  -26.842  11.611  -1.897 0.2222222239
80169  -20.979  12.405  -1.458 0.3333333433
79401  -20.838  12.187  -1.319 0.3333333433
78572  -20.773  11.014  -0.045 0.1111111119
80917  -22.553  13.419  -1.727 0.2222222239
82411  -24.402  15.903  -3.398 0.1111111119
79392  -20.866  12.068  0.712 0.1111111119
79376  -20.292  12.921  2.832 0.1111111119
80901  -22.599  13.720  0.746 0.1111111119
82389  -23.020  16.075  -2.037 0.1111111119
80138  -20.748  13.579  3.019 0.1111111119
80139  -21.675  14.087  2.864 0.1111111119
81643  -22.970  14.594  -0.895 0.1111111119
83053  -23.391  16.778  -3.549 0.1111111119
80895  -22.497  14.319  3.095 0.1111111119
81631  -23.958  15.119  1.560 0.1111111119
81645  -24.109  15.395  0.817 0.1111111119
83030  -23.869  16.775  -0.559 0.1111111119
76951  -27.085  8.798  -1.896 0.1111111119
79421  -27.456  11.238  -2.497 0.1111111119
83709  -23.337  17.998  -2.458 0.1111111119
83705  -24.260  17.727  -1.084 0.1111111119
69717  -29.990  0.356  -3.237 0.1111111119
73139  -26.166  4.351  -4.754 0.1111111119
80935  -27.600  13.043  -3.365 0.1111111119
80137  -19.926  13.432  3.691 0.1111111119
83718  -23.925  17.372  -3.954 0.1111111119
84402  -22.752  19.113  -1.686 0.1111111119
84406  -22.516  18.918  -2.211 0.1111111119
51705  -19.641  -18.683  5.877 0.2222222239
63255  -17.085  -6.321  1.599 0.2222222239
64182  -16.565  -5.315  1.476 0.2222222239
76959  -18.044  9.752  -2.838 0.3333333433
76079  -18.309  8.954  -2.437 0.2222222239
77767  -18.778  9.842  -1.328 0.1111111119
78570  -19.503  9.916  -0.805 0.1111111119
78575  -18.944  10.156  -1.337 0.2222222239
74131  -15.542  5.870  -1.335 0.2222222239
73104  -15.039  4.574  -0.293 0.1111111119
74109  -15.018  5.041  0.053 0.1111111119
76054  -16.558  7.226  -1.676 0.1111111119
76057  -19.278  8.251  -1.440 0.1111111119
76930  -19.072  9.117  -0.724 0.1111111119
77762  -19.645  9.642  -0.328 0.1111111119
78560  -19.471  9.855  0.492 0.1111111119
62335  -18.155  -7.698  2.012 0.3333333433
67822  -16.294  -1.209  1.521 0.3333333433
76946  -18.193  9.551  -1.873 0.3333333433
63236  -17.419  -6.574  2.516 0.2222222239
75094  -18.408  6.721  -1.599 0.1111111119
76056  -18.341  8.015  -1.683 0.1111111119
51704  -18.628  -18.588  5.918 0.1111111119
50622  -20.402  -19.248  6.580 0.1111111119
51703  -17.891  -18.598  6.515 0.1111111119
52694  -17.907  -17.686  6.249 0.1111111119
53654  -17.765  -16.271  6.006 0.1111111119
54612  -17.289  -15.644  6.187 0.1111111119
61382  -17.449  -9.044  4.420 0.1111111119
64164  -16.990  -5.643  2.273 0.1111111119
70478  -15.895  1.660  1.812 0.2222222239
64181  -16.813  -4.972  2.108 0.1111111119
50619  -17.853  -19.294  6.761 0.1111111119
50621  -19.434  -19.410  6.263 0.1111111119
51692  -17.398  -18.606  7.146 0.1111111119
53643  -17.297  -16.661  6.617 0.1111111119
55542  -16.749  -14.709  6.042 0.1111111119
55555  -16.963  -14.311  5.496 0.1111111119
56583  -16.971  -13.481  5.296 0.1111111119
61370  -17.700  -9.179  4.961 0.1111111119
62293  -17.560  -8.179  4.418 0.1111111119
63215  -17.552  -6.909  3.668 0.1111111119
69634  -15.912  0.705  1.685 0.2222222239
71263  -15.849  2.512  1.070 0.2222222239
72128  -15.580  3.529  0.740 0.1111111119
50623  -21.182  -18.941  6.569 0.1111111119
50620  -18.536  -19.579  6.373 0.1111111119
71278  -15.393  2.691  0.489 0.2222222239
71277  -14.972  3.312  0.227 0.1111111119
62310  -17.445  -7.942  3.620 0.1111111119
65089  -16.530  -4.385  1.033 0.1111111119
56567  -16.744  -13.876  5.654 0.1111111119
58654  -16.879  -12.575  5.398 0.1111111119
60502  -17.512  -9.856  4.715 0.1111111119
62281  -17.645  -8.718  4.661 0.1111111119
52691  -17.361  -17.736  6.916 0.1111111119
54611  -16.757  -15.610  6.890 0.1111111119
61371  -18.151  -9.161  5.508 0.1111111119
71264  -16.004  2.814  1.052 0.1111111119
72129  -16.021  3.489  0.833 0.1111111119
75091  -15.430  6.382  -0.633 0.1111111119
68722  -16.452  -0.357  2.257 0.1111111119
75074  -15.307  5.683  0.202 0.1111111119
76053  -15.979  6.930  -1.267 0.1111111119
52711  -21.544  -17.295  5.453 0.2222222239
52724  -20.058  -16.406  4.544 0.3333333433
61436  -17.969  -7.701  1.290 0.8888888955
61481  -20.231  -7.840  -0.350 1.0000000000
62387  -20.057  -7.662  -0.363 1.0000000000
63297  -21.354  -5.898  -1.328 1.0000000000
65118  -22.363  -5.445  -1.785 1.0000000000
65152  -20.907  -3.301  -2.871 1.0000000000
65154  -21.513  -3.775  -2.562 1.0000000000
65155  -27.498  -4.104  -3.581 0.3333333433
65162  -27.469  -3.922  -3.673 0.3333333433
66073  -19.250  -2.868  -2.135 0.8888888955
66075  -20.525  -2.742  -3.012 1.0000000000
66082  -29.137  -3.148  -3.617 0.1111111119
66090  -22.045  -3.105  -2.499 1.0000000000
66091  -27.278  -3.529  -3.465 0.3333333433
66099  -27.487  -3.680  -3.567 0.3333333433
66935  -16.251  -1.578  1.121 0.3333333433
66952  -17.280  -2.358  0.015 0.5555555820
66990  -18.885  -2.124  -1.928 0.8888888955
66993  -20.841  -2.157  -2.932 1.0000000000
66997  -26.789  -2.813  -3.001 0.4444444478
67006  -21.584  -2.732  -2.649 1.0000000000
67015  -28.432  -2.307  -5.029 0.1111111119
67856  -18.158  -1.862  -1.138 0.6666666865
67897  -28.002  -2.043  -4.975 0.2222222239
67902  -27.966  -1.327  -5.578 0.2222222239
67903  -28.274  -1.757  -5.447 0.2222222239
67904  -29.034  -1.738  -5.602 0.1111111119
67905  -28.069  -1.078  -5.734 0.2222222239
67906  -28.492  -1.143  -5.845 0.1111111119
68783  -17.954  0.023  -2.406 0.8888888955
68785  -19.497  -0.684  -3.039 1.0000000000
68800  -19.626  -0.228  -3.361 1.0000000000
68801  -20.375  -0.349  -3.367 1.0000000000
68805  -27.921  -1.761  -5.240 0.2222222239
68807  -27.200  -0.120  -6.296 0.2222222239
68812  -27.811  -0.367  -6.212 0.1111111119
68814  -29.133  -1.051  -5.936 0.1111111119
69690  -15.717  0.865  -1.692 0.5555555820
69691  -16.384  0.304  -1.629 0.5555555820
69733  -27.158  0.862  -6.491 0.1111111119
69736  -27.063  0.214  -6.557 0.2222222239
69737  -27.371  0.438  -6.526 0.2222222239
70536  -15.814  1.327  -1.625 0.5555555820
70538  -16.776  1.660  -2.499 0.5555555820
70569  -27.736  0.753  -6.562 0.1111111119
71297  -14.805  3.433  0.036 0.1111111119
71317  -25.640  3.213  -1.671 0.5555555820
71327  -16.637  2.676  -2.214 0.7777777910
72141  -15.148  3.665  0.606 0.1111111119
72142  -15.525  3.134  0.694 0.1111111119
72161  -14.808  3.797  0.282 0.1111111119
72162  -14.798  3.783  -0.122 0.3333333433
72220  -17.903  4.304  -3.698 0.6666666865
72221  -18.154  4.391  -3.865 0.6666666865
73072  -15.685  4.064  0.736 0.1111111119
73103  -14.824  4.376  0.204 0.1111111119
73133  -16.355  4.940  -2.490 0.5555555820
74110  -15.110  5.494  -0.499 0.2222222239
74117  -24.091  5.961  -0.895 0.5555555820
74132  -15.870  6.443  -2.019 0.3333333433
74159  -17.653  6.235  -3.433 0.5555555820
75073  -15.130  5.254  0.286 0.1111111119
75090  -15.039  5.686  -0.055 0.1111111119
75113  -15.983  7.162  -2.394 0.3333333433
75127  -16.127  7.613  -3.088 0.3333333433
75128  -16.061  8.108  -3.543 0.4444444478
75135  -16.454  7.045  -3.172 0.4444444478
76043  -24.812  8.283  -0.186 0.2222222239
76076  -15.986  7.542  -2.086 0.3333333433
76093  -19.553  7.980  -2.862 0.6666666865
76099  -16.667  8.536  -3.656 0.4444444478
76924  -24.861  8.705  -0.298 0.3333333433
76967  -18.312  9.124  -3.221 0.6666666865
77763  -24.601  8.968  -0.377 0.3333333433
77791  -26.621  9.610  -1.521 0.1111111119
77792  -27.018  9.438  -1.898 0.1111111119
78579  -23.262  10.086  -1.158 0.4444444478
79396  -20.827  12.185  -1.078 0.3333333433
79418  -22.086  11.902  -2.140 0.4444444478
79419  -22.310  11.527  -1.964 0.4444444478
80161  -20.930  12.391  -1.170 0.3333333433
80165  -25.156  12.734  -1.614 0.1111111119
80180  -22.081  12.197  -2.075 0.3333333433
80897  -24.494  14.552  2.349 0.1111111119
80918  -25.276  12.987  -1.686 0.1111111119
80919  -25.475  12.801  -1.625 0.1111111119
81665  -22.827  13.917  -3.068 0.1111111119
83697  -23.336  17.549  -1.244 0.1111111119
