#!ascii label  , from subject 3321 vox2ras=TkReg
1500
40110  8.819  -32.275  78.954 0.0000000000
57408  43.455  -16.212  53.908 0.0000000000
43492  26.622  -28.868  69.526 0.0000000000
46475  36.213  -25.821  73.010 0.0000000000
43497  18.543  -28.613  69.645 0.0000000000
41135  16.842  -30.598  78.214 0.0000000000
66724  49.806  -6.208  46.356 0.0000000000
62507  52.443  -10.819  55.358 0.0000000000
53265  35.091  -20.349  64.248 0.0000000000
70648  47.088  -2.354  40.550 0.0000000000
42315  25.219  -30.377  74.537 0.0000000000
42247  12.282  -30.256  78.828 0.0000000000
66653  50.715  -6.737  51.089 0.0000000000
62562  46.259  -10.351  51.266 0.0000000000
53354  44.611  -19.756  58.365 0.0000000000
56300  48.471  -17.271  58.321 0.0000000000
51289  39.611  -21.987  58.716 0.0000000000
46576  32.423  -26.589  66.158 0.0000000000
44425  31.652  -27.925  70.404 0.0000000000
42319  21.751  -30.393  74.479 0.0000000000
42217  20.501  -29.791  79.506 0.0000000000
42323  17.359  -29.653  74.281 0.0000000000
42355  13.656  -30.111  73.441 0.0000000000
44430  22.356  -27.797  70.110 0.0000000000
70591  53.359  -2.180  46.194 0.0000000000
69574  54.378  -4.108  51.232 0.0000000000
59525  48.264  -14.375  54.370 0.0000000000
51190  40.081  -22.587  64.915 0.0000000000
47816  37.095  -23.747  67.697 0.0000000000
71476  46.807  -1.842  43.689 0.0000000000
70617  52.192  -3.274  43.634 0.0000000000
67816  53.454  -5.915  40.143 0.0000000000
43360  24.469  -29.367  76.264 0.0000000000
41142  10.929  -31.209  78.831 0.0000000000
43297  11.830  -29.516  82.141 0.0000000000
42184  10.005  -30.284  82.174 0.0000000000
63600  46.513  -9.899  49.103 0.0000000000
52325  44.971  -21.541  59.891 0.0000000000
52341  47.566  -20.772  59.626 0.0000000000
39038  4.642  -33.044  81.402 0.0000000000
52412  38.806  -20.583  55.824 0.0000000000
44492  26.868  -28.092  67.447 0.0000000000
44503  29.656  -27.737  67.394 0.0000000000
43489  29.213  -28.777  70.407 0.0000000000
42377  20.175  -29.769  72.411 0.0000000000
42321  19.335  -30.057  74.451 0.0000000000
43428  17.721  -28.893  72.304 0.0000000000
44432  20.693  -28.360  70.182 0.0000000000
43423  22.489  -28.757  72.557 0.0000000000
42219  18.540  -29.982  79.484 0.0000000000
68670  51.380  -4.655  46.405 0.0000000000
70552  53.934  -2.574  49.612 0.0000000000
68640  52.167  -4.918  49.682 0.0000000000
63546  51.873  -9.546  52.153 0.0000000000
65560  53.808  -7.469  53.412 0.0000000000
58519  42.694  -14.480  52.160 0.0000000000
59547  45.363  -13.745  52.532 0.0000000000
57415  45.506  -15.448  53.977 0.0000000000
52288  35.022  -21.434  62.398 0.0000000000
50139  37.620  -22.651  62.203 0.0000000000
52254  37.629  -21.796  65.028 0.0000000000
46520  34.634  -26.215  69.272 0.0000000000
46549  35.118  -25.314  66.958 0.0000000000
46506  37.344  -25.387  70.219 0.0000000000
68687  46.341  -4.663  45.374 0.0000000000
70611  44.711  -2.977  44.179 0.0000000000
69645  47.649  -3.358  44.965 0.0000000000
71463  50.338  -2.242  44.834 0.0000000000
68791  50.480  -3.885  38.921 0.0000000000
68760  49.527  -4.492  40.491 0.0000000000
68734  53.134  -5.151  42.214 0.0000000000
68714  48.874  -4.671  42.220 0.0000000000
43419  26.294  -29.912  71.914 0.0000000000
42394  28.648  -29.827  72.004 0.0000000000
42313  27.642  -30.448  74.677 0.0000000000
41115  14.524  -30.587  79.112 0.0000000000
42191  15.893  -30.348  81.414 0.0000000000
42205  14.223  -30.287  80.838 0.0000000000
65647  47.304  -7.529  46.481 0.0000000000
66681  50.325  -6.671  48.946 0.0000000000
64604  48.293  -8.794  48.924 0.0000000000
64564  48.170  -8.877  50.956 0.0000000000
62541  49.544  -10.690  51.744 0.0000000000
55309  44.037  -18.167  55.727 0.0000000000
56338  46.525  -17.197  55.986 0.0000000000
54301  46.545  -18.737  58.247 0.0000000000
51196  33.883  -21.189  63.638 0.0000000000
48877  38.085  -23.954  73.480 0.0000000000
39074  6.859  -32.498  79.192 0.0000000000
40050  8.621  -31.543  82.290 0.0000000000
40069  6.084  -32.813  81.936 0.0000000000
55348  40.853  -17.769  54.069 0.0000000000
53388  41.487  -19.521  56.329 0.0000000000
52364  41.834  -20.576  58.415 0.0000000000
51244  43.558  -22.299  61.483 0.0000000000
45529  29.907  -27.187  65.818 0.0000000000
45472  31.784  -26.906  68.547 0.0000000000
45438  33.721  -27.481  71.648 0.0000000000
43418  30.835  -28.900  72.737 0.0000000000
45417  33.150  -27.612  73.926 0.0000000000
109860  23.342  -29.441  76.364 0.0000000000
43313  22.091  -29.396  78.124 0.0000000000
42274  21.377  -30.047  76.957 0.0000000000
42276  19.098  -30.168  76.342 0.0000000000
42278  17.386  -30.228  76.065 0.0000000000
42398  15.834  -29.065  71.548 0.0000000000
42325  15.264  -29.857  74.319 0.0000000000
41185  15.013  -30.585  76.414 0.0000000000
41187  13.237  -30.470  76.539 0.0000000000
41189  11.697  -31.412  75.970 0.0000000000
40143  9.703  -32.138  76.343 0.0000000000
44474  25.037  -28.339  67.892 0.0000000000
44476  22.963  -27.684  68.303 0.0000000000
43470  24.594  -28.812  70.153 0.0000000000
42373  24.022  -29.744  72.709 0.0000000000
43390  23.778  -29.885  75.117 0.0000000000
68626  55.360  -4.313  50.358 0.0000000000
68613  52.665  -4.979  51.381 0.0000000000
62546  43.791  -11.176  51.509 0.0000000000
60526  47.265  -12.424  52.401 0.0000000000
60487  50.109  -12.540  54.850 0.0000000000
57370  48.882  -15.933  56.457 0.0000000000
59477  50.682  -13.791  57.504 0.0000000000
51291  37.181  -22.196  59.465 0.0000000000
50157  40.049  -22.769  61.544 0.0000000000
51188  43.327  -22.331  64.314 0.0000000000
49045  34.921  -23.231  64.333 0.0000000000
51151  35.850  -21.521  66.203 0.0000000000
49975  39.296  -23.051  71.503 0.0000000000
51087  38.520  -21.499  69.355 0.0000000000
52197  37.133  -20.457  67.184 0.0000000000
52194  40.858  -21.612  67.977 0.0000000000
51121  43.361  -21.697  67.517 0.0000000000
69678  46.137  -3.265  42.274 0.0000000000
71487  49.168  -2.530  43.294 0.0000000000
72379  52.522  -1.523  43.693 0.0000000000
42239  25.961  -29.986  77.868 0.0000000000
40091  9.881  -31.576  79.217 0.0000000000
41103  10.399  -30.897  80.452 0.0000000000
41104  9.660  -31.143  80.702 0.0000000000
51242  45.575  -21.735  61.744 0.0000000000
51240  47.261  -21.534  61.190 0.0000000000
39079  2.524  -32.214  80.102 0.0000000000
43510  27.049  -28.647  68.853 0.0000000000
44471  27.917  -28.307  68.741 0.0000000000
43491  27.609  -28.780  69.809 0.0000000000
43449  19.157  -28.951  71.381 0.0000000000
43427  18.649  -29.069  72.096 0.0000000000
43450  18.216  -28.854  71.357 0.0000000000
44478  19.834  -27.612  68.446 0.0000000000
43496  19.538  -28.716  69.809 0.0000000000
43448  20.132  -29.214  71.512 0.0000000000
42220  17.306  -30.381  79.262 0.0000000000
42202  17.594  -29.930  80.462 0.0000000000
67734  50.961  -5.242  46.265 0.0000000000
68661  52.137  -4.682  47.322 0.0000000000
67712  51.717  -5.720  47.945 0.0000000000
62523  52.795  -10.562  54.175 0.0000000000
63530  53.333  -9.499  54.068 0.0000000000
57418  43.175  -15.717  53.265 0.0000000000
58505  43.861  -15.112  52.861 0.0000000000
57407  44.312  -15.978  54.165 0.0000000000
53281  33.404  -20.385  63.076 0.0000000000
53279  35.088  -20.685  63.542 0.0000000000
52271  36.037  -21.411  63.528 0.0000000000
52239  36.748  -20.991  64.981 0.0000000000
45444  35.192  -26.934  70.495 0.0000000000
46519  36.102  -26.119  68.943 0.0000000000
46496  36.790  -26.250  71.143 0.0000000000
67737  48.301  -5.885  45.916 0.0000000000
68686  47.481  -4.348  45.210 0.0000000000
68673  48.389  -4.901  45.767 0.0000000000
69634  50.151  -4.066  45.770 0.0000000000
69728  48.802  -3.100  39.707 0.0000000000
69707  48.570  -3.569  40.369 0.0000000000
68736  49.514  -4.900  41.460 0.0000000000
69689  47.727  -3.823  41.442 0.0000000000
42371  25.899  -30.071  72.789 0.0000000000
42342  26.579  -30.257  73.884 0.0000000000
42314  26.728  -30.365  74.902 0.0000000000
41116  13.627  -30.424  79.099 0.0000000000
42223  13.929  -30.436  79.935 0.0000000000
42224  13.026  -30.229  79.740 0.0000000000
43286  10.983  -28.970  83.162 0.0000000000
42181  12.792  -29.903  82.321 0.0000000000
65633  46.670  -8.088  46.854 0.0000000000
64618  48.033  -9.047  47.340 0.0000000000
63631  47.542  -9.617  47.661 0.0000000000
63584  45.875  -9.592  49.809 0.0000000000
64580  47.545  -9.199  50.215 0.0000000000
63564  47.649  -9.612  51.223 0.0000000000
63548  48.913  -10.125  51.587 0.0000000000
62560  47.993  -10.269  51.521 0.0000000000
54318  44.650  -18.812  57.269 0.0000000000
55292  45.295  -18.028  57.097 0.0000000000
53352  45.995  -19.190  58.319 0.0000000000
66728  45.782  -6.323  46.128 0.0000000000
39055  6.119  -32.669  80.096 0.0000000000
54376  39.601  -18.495  54.197 0.0000000000
54354  41.544  -18.817  55.268 0.0000000000
54356  39.275  -19.066  54.890 0.0000000000
52366  39.830  -21.085  57.791 0.0000000000
52365  41.016  -20.775  57.838 0.0000000000
52348  41.085  -20.988  58.855 0.0000000000
51285  42.838  -21.651  59.770 0.0000000000
51287  41.193  -21.629  59.467 0.0000000000
45530  28.581  -27.283  65.308 0.0000000000
44444  30.777  -27.937  69.527 0.0000000000
44488  30.666  -27.393  68.252 0.0000000000
45458  31.608  -27.518  69.284 0.0000000000
45457  32.598  -27.053  69.394 0.0000000000
44424  32.657  -27.815  70.662 0.0000000000
42339  29.499  -30.162  73.468 0.0000000000
42393  29.471  -29.758  72.085 0.0000000000
43387  30.948  -29.481  74.528 0.0000000000
44364  32.658  -28.121  74.204 0.0000000000
46479  33.811  -27.342  74.473 0.0000000000
42294  22.562  -29.966  75.304 0.0000000000
43361  22.266  -29.238  76.670 0.0000000000
42295  21.383  -29.964  75.798 0.0000000000
42322  18.362  -29.716  74.389 0.0000000000
42296  19.951  -30.240  75.562 0.0000000000
41200  18.526  -30.300  75.605 0.0000000000
42277  18.226  -30.314  76.255 0.0000000000
42299  16.937  -30.105  75.143 0.0000000000
43478  15.942  -29.290  70.462 0.0000000000
42354  14.609  -29.745  73.427 0.0000000000
42326  14.245  -29.887  74.415 0.0000000000
42280  15.698  -30.455  75.854 0.0000000000
42302  13.922  -29.873  75.285 0.0000000000
41186  14.062  -30.473  76.590 0.0000000000
42303  13.416  -30.042  75.335 0.0000000000
40142  10.709  -31.914  76.059 0.0000000000
44508  24.972  -27.491  66.275 0.0000000000
45492  24.234  -27.489  66.406 0.0000000000
44453  21.593  -27.574  69.490 0.0000000000
44452  22.516  -27.538  69.123 0.0000000000
44451  23.464  -27.999  68.922 0.0000000000
44429  23.213  -27.903  69.845 0.0000000000
43444  23.729  -28.959  71.142 0.0000000000
43445  22.844  -28.354  71.668 0.0000000000
42347  21.948  -30.410  73.362 0.0000000000
42346  22.788  -29.644  73.287 0.0000000000
42293  23.278  -30.023  75.015 0.0000000000
43375  23.496  -29.271  75.861 0.0000000000
43329  21.531  -29.700  78.059 0.0000000000
41087  7.358  -30.964  83.050 0.0000000000
41075  8.716  -30.405  83.264 0.0000000000
71444  54.866  -0.984  47.514 0.0000000000
70542  54.294  -3.347  50.354 0.0000000000
70541  54.758  -3.179  50.134 0.0000000000
69573  55.000  -3.894  51.225 0.0000000000
67652  55.274  -5.550  52.264 0.0000000000
67671  49.997  -5.868  50.524 0.0000000000
68628  50.860  -5.368  50.402 0.0000000000
67669  51.168  -5.924  51.406 0.0000000000
66629  53.955  -6.461  53.347 0.0000000000
59535  46.289  -14.043  52.904 0.0000000000
60527  46.119  -12.888  52.276 0.0000000000
60513  48.457  -12.965  52.907 0.0000000000
60512  49.356  -12.539  53.110 0.0000000000
60488  49.330  -13.273  55.114 0.0000000000
56322  47.380  -16.921  56.836 0.0000000000
57372  47.359  -16.600  55.771 0.0000000000
57342  48.638  -16.327  57.776 0.0000000000
51292  36.123  -22.368  59.417 0.0000000000
50122  38.917  -22.716  63.225 0.0000000000
50158  39.128  -22.662  61.543 0.0000000000
50120  40.704  -22.862  63.480 0.0000000000
51225  41.997  -22.560  63.022 0.0000000000
50105  41.907  -22.628  64.489 0.0000000000
46624  31.808  -26.292  64.106 0.0000000000
46602  33.103  -25.880  65.230 0.0000000000
47817  36.565  -24.476  67.632 0.0000000000
47852  35.207  -24.277  65.432 0.0000000000
49009  35.960  -23.348  65.747 0.0000000000
50071  35.695  -22.324  65.692 0.0000000000
50069  36.855  -22.590  66.625 0.0000000000
48876  38.570  -23.771  72.740 0.0000000000
52140  39.339  -20.871  70.351 0.0000000000
52175  38.394  -21.002  68.384 0.0000000000
52174  39.319  -20.863  68.556 0.0000000000
52195  39.631  -21.536  67.437 0.0000000000
52173  40.390  -20.971  68.624 0.0000000000
70610  45.926  -2.257  44.039 0.0000000000
70622  46.640  -2.811  43.330 0.0000000000
70621  47.426  -2.774  43.334 0.0000000000
72373  48.335  -1.521  42.991 0.0000000000
71461  51.751  -1.933  45.699 0.0000000000
71472  50.834  -1.848  44.423 0.0000000000
71470  52.313  -1.606  45.201 0.0000000000
72367  53.596  -1.328  44.723 0.0000000000
67818  51.195  -5.347  39.528 0.0000000000
68697  52.758  -4.370  43.405 0.0000000000
69669  54.276  -2.965  42.880 0.0000000000
70630  53.619  -2.585  43.588 0.0000000000
43373  24.767  -30.151  75.808 0.0000000000
43359  25.908  -30.158  76.619 0.0000000000
43325  26.357  -29.696  77.792 0.0000000000
41141  11.551  -30.937  78.458 0.0000000000
42225  12.245  -30.049  79.572 0.0000000000
42208  11.470  -30.245  80.244 0.0000000000
42182  11.274  -29.587  82.237 0.0000000000
43287  10.664  -29.334  83.065 0.0000000000
62596  44.205  -10.457  48.624 0.0000000000
63567  44.755  -10.297  50.766 0.0000000000
52344  44.577  -20.809  59.486 0.0000000000
53341  46.201  -19.715  58.846 0.0000000000
52323  46.854  -21.376  60.129 0.0000000000
52321  48.550  -20.737  60.735 0.0000000000
39056  4.985  -32.791  80.268 0.0000000000
39078  2.990  -32.511  79.471 0.0000000000
39039  3.775  -32.833  81.513 0.0000000000
53415  38.817  -19.847  55.361 0.0000000000
52368  37.929  -21.231  57.670 0.0000000000
44514  28.688  -27.714  66.240 0.0000000000
44491  27.873  -28.123  67.762 0.0000000000
44470  28.856  -27.973  69.048 0.0000000000
44426  30.564  -28.532  70.635 0.0000000000
42348  20.817  -30.526  73.251 0.0000000000
42320  20.574  -30.579  74.415 0.0000000000
42349  19.744  -30.032  73.450 0.0000000000
42350  18.725  -29.670  73.525 0.0000000000
42351  17.763  -29.340  73.315 0.0000000000
42328  12.336  -30.583  74.055 0.0000000000
42357  11.537  -30.480  73.132 0.0000000000
45462  20.557  -27.327  68.881 0.0000000000
44431  21.361  -28.090  70.426 0.0000000000
44411  22.215  -28.021  71.008 0.0000000000
43472  21.303  -28.385  71.194 0.0000000000
42396  21.052  -29.329  72.076 0.0000000000
41112  19.832  -30.020  79.181 0.0000000000
69631  52.498  -3.126  46.648 0.0000000000
70573  53.714  -2.067  47.382 0.0000000000
69623  52.757  -3.389  47.422 0.0000000000
69602  53.434  -3.836  49.632 0.0000000000
69591  53.753  -4.272  50.647 0.0000000000
64560  51.451  -8.163  51.622 0.0000000000
65570  52.487  -7.488  52.401 0.0000000000
64551  52.805  -8.444  52.615 0.0000000000
64534  54.251  -8.389  54.530 0.0000000000
60530  42.783  -12.752  51.834 0.0000000000
58518  43.637  -14.503  52.241 0.0000000000
58516  45.155  -14.471  52.890 0.0000000000
58501  47.206  -14.738  53.996 0.0000000000
56309  49.456  -16.198  58.687 0.0000000000
51269  34.570  -21.810  60.488 0.0000000000
50161  36.547  -22.454  61.170 0.0000000000
51228  36.321  -21.998  62.663 0.0000000000
51210  37.257  -22.130  63.717 0.0000000000
51192  38.413  -22.114  64.648 0.0000000000
46532  33.826  -26.278  68.240 0.0000000000
46575  33.536  -25.908  66.230 0.0000000000
46531  35.133  -25.776  68.090 0.0000000000
47793  35.699  -25.369  68.163 0.0000000000
47791  37.235  -24.208  68.544 0.0000000000
69648  44.484  -3.792  45.475 0.0000000000
70612  43.983  -3.128  44.447 0.0000000000
69647  45.522  -3.678  45.269 0.0000000000
70597  46.801  -2.591  44.681 0.0000000000
70596  47.870  -2.519  44.595 0.0000000000
70608  48.303  -1.914  44.291 0.0000000000
69654  49.273  -3.127  44.769 0.0000000000
69642  50.546  -3.067  45.615 0.0000000000
70660  49.250  -2.879  39.028 0.0000000000
67819  50.528  -4.962  39.873 0.0000000000
67802  51.605  -5.598  40.610 0.0000000000
67801  52.718  -5.708  40.809 0.0000000000
67785  50.904  -5.452  41.503 0.0000000000
68712  50.677  -5.002  42.575 0.0000000000
69673  50.072  -4.148  42.983 0.0000000000
43442  26.046  -29.488  71.172 0.0000000000
43467  27.837  -29.329  70.567 0.0000000000
42370  27.111  -29.893  72.607 0.0000000000
42341  27.843  -30.164  73.610 0.0000000000
42289  28.612  -30.102  75.644 0.0000000000
41114  15.503  -30.810  79.083 0.0000000000
42203  16.527  -30.183  80.581 0.0000000000
42222  14.948  -30.283  79.899 0.0000000000
42204  15.350  -30.215  80.744 0.0000000000
42194  12.464  -29.734  81.672 0.0000000000
42179  14.143  -29.741  82.963 0.0000000000
66710  49.146  -7.410  46.721 0.0000000000
66696  50.519  -7.150  47.994 0.0000000000
65630  49.754  -7.915  47.344 0.0000000000
66698  49.208  -7.375  48.960 0.0000000000
66668  48.807  -7.437  50.154 0.0000000000
63599  47.358  -9.608  48.915 0.0000000000
65594  48.370  -8.181  50.330 0.0000000000
65580  49.338  -7.930  50.767 0.0000000000
63561  50.303  -9.204  51.459 0.0000000000
62540  50.886  -10.544  52.186 0.0000000000
62533  51.240  -11.294  53.262 0.0000000000
56355  43.376  -17.348  54.804 0.0000000000
56354  44.341  -17.210  54.862 0.0000000000
55326  45.251  -17.488  55.813 0.0000000000
56323  46.638  -17.384  56.922 0.0000000000
55269  47.929  -17.913  58.286 0.0000000000
54291  47.047  -19.074  58.774 0.0000000000
54290  47.993  -18.871  58.741 0.0000000000
55267  49.755  -17.800  58.557 0.0000000000
53266  34.332  -20.419  64.027 0.0000000000
47708  36.804  -25.184  73.250 0.0000000000
69635  43.970  -3.891  45.656 0.0000000000
67748  45.042  -4.985  45.137 0.0000000000
67738  47.291  -5.959  45.854 0.0000000000
73282  46.916  0.219  39.507 0.0000000000
72424  46.748  -0.543  39.848 0.0000000000
39073  7.978  -32.406  79.275 0.0000000000
40082  8.557  -32.023  80.689 0.0000000000
39054  7.565  -32.513  80.460 0.0000000000
39019  7.386  -32.528  82.183 0.0000000000
40052  6.615  -32.108  82.673 0.0000000000
40070  5.457  -32.678  82.093 0.0000000000
56380  41.406  -16.361  53.059 0.0000000000
56381  40.602  -16.572  53.297 0.0000000000
55347  41.821  -17.540  54.495 0.0000000000
55330  41.977  -17.986  55.090 0.0000000000
54335  42.520  -18.755  55.774 0.0000000000
53370  42.624  -19.783  57.344 0.0000000000
52410  40.269  -20.017  56.279 0.0000000000
53357  41.842  -20.140  57.662 0.0000000000
53355  43.522  -19.985  58.383 0.0000000000
52345  43.573  -20.984  59.512 0.0000000000
51260  44.314  -21.874  60.682 0.0000000000
51243  44.538  -21.955  61.635 0.0000000000
46577  31.551  -26.603  65.623 0.0000000000
45510  30.232  -27.299  66.947 0.0000000000
45509  31.172  -26.740  66.559 0.0000000000
45489  32.126  -26.765  67.483 0.0000000000
45471  33.007  -26.784  68.407 0.0000000000
45445  34.615  -26.877  70.329 0.0000000000
45426  35.157  -26.800  71.900 0.0000000000
43466  28.739  -29.116  70.830 0.0000000000
43465  29.686  -29.053  70.910 0.0000000000
44409  31.060  -28.835  71.673 0.0000000000
43386  31.513  -28.990  74.157 0.0000000000
44392  31.520  -28.502  72.646 0.0000000000
44391  32.333  -27.988  72.323 0.0000000000
45439  33.043  -27.669  72.031 0.0000000000
45415  34.407  -26.999  73.319 0.0000000000
46477  34.944  -26.382  73.886 0.0000000000
109858  23.095  -30.336  76.915 0.0000000000
43328  21.869  -29.411  77.151 0.0000000000
43345  21.707  -29.433  77.556 0.0000000000
42259  21.088  -29.946  77.715 0.0000000000
42275  20.431  -30.033  76.888 0.0000000000
42260  20.325  -29.814  77.767 0.0000000000
42261  19.382  -29.767  77.538 0.0000000000
42244  18.479  -29.934  78.350 0.0000000000
41161  17.165  -30.619  77.442 0.0000000000
43451  17.244  -28.987  71.321 0.0000000000
43429  16.690  -28.914  72.168 0.0000000000
42352  16.681  -29.363  73.164 0.0000000000
43453  14.596  -29.523  71.075 0.0000000000
42353  15.597  -29.481  73.348 0.0000000000
42324  16.298  -29.724  74.246 0.0000000000
42300  15.958  -30.313  75.072 0.0000000000
41184  16.043  -30.769  76.571 0.0000000000
41162  16.436  -30.771  77.427 0.0000000000
41164  14.549  -30.711  77.400 0.0000000000
41165  13.588  -30.602  77.438 0.0000000000
41166  12.692  -30.557  77.371 0.0000000000
41219  12.492  -30.473  74.845 0.0000000000
41188  12.464  -30.827  76.360 0.0000000000
41167  11.751  -31.113  77.263 0.0000000000
40125  11.336  -31.441  77.839 0.0000000000
40108  10.233  -31.579  78.472 0.0000000000
40127  9.352  -32.149  77.479 0.0000000000
39122  8.520  -32.825  77.365 0.0000000000
39123  7.544  -32.981  77.234 0.0000000000
44507  25.755  -27.641  66.317 0.0000000000
44493  25.870  -27.996  67.220 0.0000000000
44449  25.328  -28.456  68.714 0.0000000000
44475  23.900  -27.994  67.903 0.0000000000
44450  24.401  -28.276  68.739 0.0000000000
43493  25.528  -28.770  69.445 0.0000000000
43443  24.888  -29.520  71.033 0.0000000000
43421  24.363  -29.440  72.018 0.0000000000
42344  24.384  -29.854  73.539 0.0000000000
43422  23.447  -28.954  72.421 0.0000000000
42345  23.551  -29.688  73.265 0.0000000000
43389  24.143  -30.120  75.096 0.0000000000
43374  24.212  -29.367  75.613 0.0000000000
109859  23.810  -29.047  76.180 0.0000000000
40066  9.158  -31.348  81.652 0.0000000000
42171  9.572  -29.921  83.291 0.0000000000
71431  55.152  -1.919  49.031 0.0000000000
67699  51.656  -5.628  49.047 0.0000000000
69577  52.149  -4.965  50.667 0.0000000000
69561  53.731  -4.519  51.758 0.0000000000
66641  53.125  -6.476  52.666 0.0000000000
67646  53.918  -5.517  53.025 0.0000000000
68590  54.775  -5.129  52.770 0.0000000000
62565  43.292  -10.700  50.912 0.0000000000
62563  45.281  -10.538  51.188 0.0000000000
61541  44.362  -11.994  51.514 0.0000000000
61540  45.417  -11.982  51.786 0.0000000000
62543  46.791  -11.000  51.613 0.0000000000
61537  48.700  -11.625  52.117 0.0000000000
61525  50.681  -11.828  53.532 0.0000000000
62508  51.778  -11.432  55.344 0.0000000000
57391  46.294  -16.248  55.076 0.0000000000
57403  47.420  -15.762  54.960 0.0000000000
58480  48.380  -15.186  55.033 0.0000000000
57351  49.515  -15.366  57.821 0.0000000000
58459  49.504  -14.507  56.378 0.0000000000
59512  49.482  -13.867  55.667 0.0000000000
60470  50.214  -12.966  55.980 0.0000000000
61479  51.603  -12.107  56.436 0.0000000000
52369  37.010  -21.638  57.604 0.0000000000
51290  38.311  -22.248  59.338 0.0000000000
50180  36.970  -22.436  60.294 0.0000000000
50178  38.804  -22.646  60.640 0.0000000000
51264  40.295  -22.167  59.839 0.0000000000
50155  41.840  -22.615  61.645 0.0000000000
51224  42.625  -22.500  62.471 0.0000000000
51205  43.972  -21.950  63.556 0.0000000000
46601  34.128  -25.302  65.332 0.0000000000
50109  34.427  -22.410  63.929 0.0000000000
51194  34.659  -21.225  64.791 0.0000000000
53234  35.676  -20.430  65.838 0.0000000000
47732  37.876  -25.076  71.210 0.0000000000
48921  38.255  -24.192  70.832 0.0000000000
48968  37.872  -23.355  69.052 0.0000000000
51072  38.666  -21.785  70.093 0.0000000000
50034  37.974  -22.476  68.810 0.0000000000
51104  37.216  -21.571  67.653 0.0000000000
52198  36.260  -20.699  67.116 0.0000000000
53232  36.736  -20.303  66.359 0.0000000000
52216  37.514  -20.519  66.476 0.0000000000
52214  39.191  -21.753  66.674 0.0000000000
51148  40.806  -22.241  66.602 0.0000000000
52171  42.368  -21.035  68.556 0.0000000000
51122  42.386  -21.914  67.290 0.0000000000
51172  41.301  -22.616  65.940 0.0000000000
51171  43.323  -22.244  65.261 0.0000000000
71522  45.781  -1.196  40.712 0.0000000000
69690  46.593  -3.150  41.494 0.0000000000
69676  47.703  -3.932  42.417 0.0000000000
69660  48.627  -3.479  43.187 0.0000000000
71503  50.748  -2.517  43.014 0.0000000000
72371  49.794  -2.187  43.624 0.0000000000
72381  50.572  -2.095  43.203 0.0000000000
72392  52.177  -1.831  43.255 0.0000000000
72390  53.426  -1.729  43.761 0.0000000000
43327  23.966  -30.387  76.830 0.0000000000
41131  24.853  -30.632  77.239 0.0000000000
40109  9.435  -31.950  78.633 0.0000000000
40080  9.912  -31.483  79.982 0.0000000000
40092  9.375  -31.904  79.494 0.0000000000
51220  46.617  -21.403  62.382 0.0000000000
44448  26.253  -28.645  68.756 0.0000000000
43475  18.810  -28.809  70.542 0.0000000000
43474  19.753  -28.837  70.694 0.0000000000
67735  50.325  -5.664  46.325 0.0000000000
67723  51.260  -5.696  46.846 0.0000000000
66708  50.887  -6.343  46.946 0.0000000000
63516  53.140  -10.021  55.125 0.0000000000
63509  53.086  -10.400  55.793 0.0000000000
57417  44.070  -15.612  53.496 0.0000000000
53280  34.267  -20.287  63.082 0.0000000000
53264  35.672  -20.890  64.181 0.0000000000
46497  35.983  -26.802  71.515 0.0000000000
46487  36.442  -25.956  72.212 0.0000000000
67736  49.267  -5.643  46.026 0.0000000000
70647  47.857  -2.564  40.094 0.0000000000
69708  47.410  -3.093  40.781 0.0000000000
69688  48.323  -4.151  40.958 0.0000000000
42343  25.304  -30.142  73.831 0.0000000000
41234  25.857  -30.473  74.204 0.0000000000
41199  25.977  -30.326  75.024 0.0000000000
41139  13.032  -30.479  78.437 0.0000000000
41117  13.112  -30.332  79.098 0.0000000000
42246  12.735  -30.224  79.124 0.0000000000
65634  45.523  -7.661  46.932 0.0000000000
64619  47.101  -8.994  47.140 0.0000000000
64620  46.008  -8.816  47.030 0.0000000000
63566  45.839  -9.689  50.671 0.0000000000
64566  46.829  -9.365  50.552 0.0000000000
63565  46.842  -9.715  50.987 0.0000000000
62561  47.157  -10.291  51.337 0.0000000000
54304  44.289  -19.437  57.792 0.0000000000
54303  45.057  -19.256  57.739 0.0000000000
53353  45.482  -19.518  58.298 0.0000000000
39075  5.953  -32.739  78.995 0.0000000000
55350  39.127  -17.931  53.796 0.0000000000
52349  40.454  -21.361  58.431 0.0000000000
51288  40.521  -21.585  59.096 0.0000000000
45459  31.080  -27.704  68.945 0.0000000000
44443  31.453  -27.848  69.717 0.0000000000
45447  32.306  -27.664  69.961 0.0000000000
42288  29.783  -30.160  74.965 0.0000000000
42310  30.220  -29.926  74.111 0.0000000000
42287  30.472  -29.828  74.774 0.0000000000
43376  22.451  -29.597  76.192 0.0000000000
42297  18.874  -30.248  75.319 0.0000000000
42298  18.001  -30.175  75.316 0.0000000000
42327  13.150  -29.992  74.567 0.0000000000
44410  23.122  -27.891  70.799 0.0000000000
42318  22.704  -30.216  74.257 0.0000000000
42241  21.264  -29.673  78.563 0.0000000000
41077  7.216  -30.348  83.795 0.0000000000
71451  53.874  -1.572  46.314 0.0000000000
71445  54.270  -1.505  47.009 0.0000000000
69590  54.700  -3.606  50.694 0.0000000000
68610  55.174  -4.525  51.408 0.0000000000
68611  54.873  -4.363  51.725 0.0000000000
66654  49.804  -6.930  50.538 0.0000000000
67670  50.473  -5.911  51.015 0.0000000000
59534  47.504  -14.116  53.471 0.0000000000
60514  47.003  -13.299  52.784 0.0000000000
59533  48.276  -13.762  53.678 0.0000000000
60504  48.811  -13.507  54.098 0.0000000000
56311  47.945  -17.065  57.793 0.0000000000
57353  48.350  -16.427  57.074 0.0000000000
56310  48.771  -16.610  58.297 0.0000000000
51293  35.061  -22.100  59.576 0.0000000000
50107  40.111  -22.841  64.241 0.0000000000
50121  39.663  -22.861  63.507 0.0000000000
50106  40.884  -22.728  64.514 0.0000000000
46603  32.106  -26.205  65.071 0.0000000000
47836  35.996  -24.460  66.540 0.0000000000
47835  36.946  -23.939  66.978 0.0000000000
49008  36.728  -23.386  66.314 0.0000000000
49007  37.113  -23.146  66.938 0.0000000000
53207  39.799  -20.771  70.722 0.0000000000
52158  39.240  -20.824  69.510 0.0000000000
52157  40.089  -20.778  69.692 0.0000000000
71477  46.249  -2.102  43.652 0.0000000000
70623  45.761  -2.856  43.257 0.0000000000
71491  46.461  -2.126  43.460 0.0000000000
71490  47.102  -1.877  43.241 0.0000000000
71475  47.919  -1.443  43.571 0.0000000000
71453  52.111  -2.221  45.990 0.0000000000
71460  52.852  -2.136  45.698 0.0000000000
72361  53.834  -1.385  45.584 0.0000000000
67817  52.474  -5.907  39.762 0.0000000000
66787  53.273  -6.318  39.573 0.0000000000
69658  52.602  -3.634  43.610 0.0000000000
69670  53.567  -3.510  43.255 0.0000000000
69671  53.002  -3.384  43.592 0.0000000000
70631  52.617  -2.924  43.646 0.0000000000
43342  25.586  -29.694  77.085 0.0000000000
41118  11.196  -30.740  79.369 0.0000000000
42226  11.745  -30.323  79.150 0.0000000000
41097  10.009  -30.702  81.056 0.0000000000
42196  10.637  -30.277  81.201 0.0000000000
42183  10.795  -29.749  82.236 0.0000000000
42170  10.258  -29.765  82.835 0.0000000000
63602  44.221  -10.533  49.460 0.0000000000
63585  44.984  -10.097  50.056 0.0000000000
63586  44.102  -10.447  50.346 0.0000000000
52343  45.559  -20.731  59.394 0.0000000000
52324  45.923  -21.376  60.015 0.0000000000
39102  3.621  -32.434  78.496 0.0000000000
39058  2.931  -32.706  80.641 0.0000000000
39040  2.797  -32.798  81.664 0.0000000000
44506  26.745  -27.856  66.564 0.0000000000
44505  27.747  -27.932  66.840 0.0000000000
44446  28.363  -28.467  69.434 0.0000000000
44445  29.471  -28.399  69.767 0.0000000000
42378  19.105  -29.636  72.665 0.0000000000
42379  18.342  -29.330  72.775 0.0000000000
44454  20.471  -27.977  69.374 0.0000000000
44477  20.321  -27.475  68.740 0.0000000000
44412  21.692  -28.213  71.089 0.0000000000
43473  20.614  -28.547  70.879 0.0000000000
42397  20.759  -29.444  71.979 0.0000000000
42376  21.266  -29.723  72.444 0.0000000000
42218  19.569  -29.935  79.605 0.0000000000
69632  52.069  -3.746  46.519 0.0000000000
69624  52.391  -3.984  47.175 0.0000000000
68650  52.262  -4.937  48.533 0.0000000000
68649  52.676  -4.150  48.081 0.0000000000
68639  52.963  -4.400  49.101 0.0000000000
70544  53.681  -3.807  50.016 0.0000000000
69603  52.784  -4.363  49.915 0.0000000000
64553  51.449  -8.834  51.733 0.0000000000
64552  51.991  -8.424  52.154 0.0000000000
63545  52.422  -9.025  52.358 0.0000000000
64535  53.699  -8.830  54.134 0.0000000000
59550  42.264  -13.596  52.200 0.0000000000
59549  43.259  -13.647  51.985 0.0000000000
57416  44.862  -15.425  53.778 0.0000000000
58504  44.667  -14.963  53.186 0.0000000000
58503  45.617  -14.899  53.305 0.0000000000
58502  46.590  -14.750  53.583 0.0000000000
58493  46.718  -15.265  54.192 0.0000000000
51270  33.770  -21.369  60.582 0.0000000000
51248  34.339  -21.536  61.174 0.0000000000
51247  34.965  -21.931  61.444 0.0000000000
51229  35.578  -22.129  62.170 0.0000000000
52270  36.701  -21.560  63.940 0.0000000000
51211  36.682  -21.876  63.349 0.0000000000
51193  37.683  -22.068  64.358 0.0000000000
46507  36.556  -25.825  70.199 0.0000000000
47770  36.583  -25.491  68.935 0.0000000000
47792  36.260  -25.108  68.455 0.0000000000
46517  37.355  -25.064  69.630 0.0000000000
68688  45.217  -4.462  45.462 0.0000000000
68685  48.465  -4.074  45.245 0.0000000000
69646  46.580  -3.549  45.074 0.0000000000
70595  48.518  -2.555  44.529 0.0000000000
69644  48.729  -3.281  44.746 0.0000000000
69643  49.746  -3.380  45.322 0.0000000000
69633  50.833  -3.634  46.059 0.0000000000
70582  51.575  -3.216  46.029 0.0000000000
69706  49.362  -3.844  40.082 0.0000000000
68781  49.688  -4.032  39.874 0.0000000000
68759  50.213  -4.779  40.073 0.0000000000
67803  50.452  -5.224  40.497 0.0000000000
67786  50.108  -5.332  41.209 0.0000000000
68735  50.205  -5.039  41.809 0.0000000000
68713  49.745  -4.705  42.361 0.0000000000
43441  27.151  -29.849  71.322 0.0000000000
42312  28.775  -30.581  74.305 0.0000000000
41137  15.029  -30.764  78.261 0.0000000000
42192  14.426  -30.324  81.912 0.0000000000
42207  12.332  -29.788  80.540 0.0000000000
66711  48.581  -7.682  46.595 0.0000000000
64617  48.538  -8.975  47.798 0.0000000000
65618  48.893  -8.100  48.509 0.0000000000
65604  48.685  -7.933  49.209 0.0000000000
66683  48.903  -7.496  49.488 0.0000000000
66684  48.503  -7.675  49.880 0.0000000000
63615  45.934  -10.200  48.147 0.0000000000
63614  46.992  -9.832  48.284 0.0000000000
64579  48.130  -9.028  50.484 0.0000000000
65595  48.212  -8.855  50.097 0.0000000000
65593  48.826  -7.837  50.417 0.0000000000
65581  48.699  -8.318  50.662 0.0000000000
64562  49.816  -8.575  51.334 0.0000000000
64563  48.951  -8.763  51.154 0.0000000000
62559  50.147  -10.319  51.466 0.0000000000
62532  52.077  -10.509  53.120 0.0000000000
55328  43.788  -17.859  55.175 0.0000000000
55327  44.621  -17.640  55.478 0.0000000000
55308  44.652  -18.015  56.340 0.0000000000
55281  45.635  -18.310  57.500 0.0000000000
55280  46.236  -17.949  57.515 0.0000000000
55279  47.256  -18.034  57.826 0.0000000000
52342  46.593  -20.739  59.386 0.0000000000
53340  47.309  -19.837  59.170 0.0000000000
54289  49.160  -18.832  58.909 0.0000000000
54288  50.189  -18.660  59.119 0.0000000000
53268  32.989  -20.805  63.489 0.0000000000
53267  33.394  -20.609  63.591 0.0000000000
52258  33.973  -20.829  63.866 0.0000000000
68677  44.202  -4.521  45.824 0.0000000000
68676  44.847  -4.781  45.511 0.0000000000
67740  44.996  -5.451  45.625 0.0000000000
66727  46.831  -6.681  45.968 0.0000000000
66726  48.129  -7.013  46.129 0.0000000000
39098  7.380  -32.953  78.176 0.0000000000
39036  6.777  -32.922  81.491 0.0000000000
38077  4.534  -33.033  80.897 0.0000000000
38067  5.035  -33.166  80.736 0.0000000000
57420  41.181  -15.935  52.596 0.0000000000
55365  40.422  -17.345  53.612 0.0000000000
55366  39.706  -17.171  53.567 0.0000000000
56372  40.888  -17.139  53.639 0.0000000000
56371  41.670  -16.883  53.620 0.0000000000
55346  42.433  -17.587  54.780 0.0000000000
55331  41.257  -18.049  54.887 0.0000000000
53412  41.267  -19.380  55.814 0.0000000000
54321  42.034  -19.177  56.381 0.0000000000
54320  42.671  -19.154  56.709 0.0000000000
52439  39.177  -20.186  55.677 0.0000000000
52438  39.371  -19.968  55.603 0.0000000000
52411  39.697  -20.218  56.023 0.0000000000
53358  41.235  -20.102  57.243 0.0000000000
53356  42.585  -20.142  58.064 0.0000000000
52363  42.600  -20.483  58.784 0.0000000000
53344  43.594  -20.364  59.056 0.0000000000
52362  43.183  -20.517  59.062 0.0000000000
51261  43.357  -21.887  60.428 0.0000000000
45547  30.526  -26.866  64.906 0.0000000000
46604  31.208  -26.349  64.940 0.0000000000
45528  30.869  -26.713  65.582 0.0000000000
44504  28.767  -28.088  67.146 0.0000000000
44513  29.483  -27.695  66.669 0.0000000000
45490  30.810  -26.947  67.811 0.0000000000
45446  33.409  -27.469  70.482 0.0000000000
45437  34.457  -27.207  71.256 0.0000000000
43440  28.226  -29.729  71.270 0.0000000000
42392  30.167  -29.587  72.248 0.0000000000
43438  30.030  -29.631  71.548 0.0000000000
43437  30.732  -29.382  71.974 0.0000000000
43464  30.471  -29.166  71.292 0.0000000000
44393  31.066  -28.930  72.238 0.0000000000
44379  31.929  -28.474  73.744 0.0000000000
44378  32.449  -28.039  73.336 0.0000000000
45429  33.133  -27.778  73.011 0.0000000000
45416  33.767  -27.370  73.660 0.0000000000
109864  22.879  -30.218  76.815 0.0000000000
43377  21.884  -29.537  76.567 0.0000000000
43344  22.328  -28.992  76.928 0.0000000000
43362  21.786  -29.201  77.072 0.0000000000
42263  17.693  -30.394  76.929 0.0000000000
42262  18.425  -30.002  77.225 0.0000000000
42245  17.681  -30.274  77.914 0.0000000000
41183  16.934  -30.680  76.683 0.0000000000
42410  15.963  -29.224  71.114 0.0000000000
43452  16.365  -29.089  71.305 0.0000000000
43430  16.147  -28.863  71.857 0.0000000000
43407  16.761  -29.085  72.661 0.0000000000
42380  16.512  -29.099  72.579 0.0000000000
42400  14.372  -29.651  71.646 0.0000000000
42382  14.913  -29.442  72.481 0.0000000000
41163  15.517  -30.766  77.385 0.0000000000
41203  13.668  -30.269  75.855 0.0000000000
41205  12.125  -30.772  75.396 0.0000000000
41168  11.165  -31.450  76.556 0.0000000000
40126  10.620  -31.597  77.282 0.0000000000
39146  8.485  -32.653  76.496 0.0000000000
39147  7.787  -32.754  76.451 0.0000000000
38114  7.821  -33.123  77.477 0.0000000000
44494  24.793  -27.854  66.999 0.0000000000
44473  26.053  -28.183  68.086 0.0000000000
45474  23.106  -27.411  67.514 0.0000000000
44428  24.002  -28.302  69.565 0.0000000000
43494  24.758  -28.509  69.332 0.0000000000
42372  24.850  -29.926  72.768 0.0000000000
43446  21.869  -28.427  71.699 0.0000000000
42317  23.431  -30.016  74.171 0.0000000000
42316  24.010  -29.827  74.259 0.0000000000
41158  22.774  -30.686  78.021 0.0000000000
42178  16.494  -29.835  82.192 0.0000000000
40067  8.774  -31.656  81.520 0.0000000000
41099  9.153  -31.360  81.401 0.0000000000
40049  9.131  -31.363  81.956 0.0000000000
42172  8.621  -29.856  83.853 0.0000000000
42159  9.350  -29.361  84.202 0.0000000000
43278  9.858  -28.812  84.346 0.0000000000
42152  9.513  -29.286  85.097 0.0000000000
70561  53.691  -2.421  48.404 0.0000000000
71424  54.333  -1.914  48.770 0.0000000000
71423  54.678  -2.002  49.233 0.0000000000
69589  55.190  -3.636  50.453 0.0000000000
67713  51.189  -6.425  48.521 0.0000000000
67700  50.790  -5.948  49.352 0.0000000000
68614  51.523  -5.267  50.997 0.0000000000
68627  51.729  -5.106  50.360 0.0000000000
69576  52.511  -4.644  50.869 0.0000000000
65569  53.254  -7.562  52.903 0.0000000000
66642  52.126  -6.570  52.107 0.0000000000
66630  53.502  -6.967  53.151 0.0000000000
67645  54.524  -5.704  53.173 0.0000000000
68591  54.232  -5.097  52.728 0.0000000000
67644  55.140  -5.710  52.996 0.0000000000
62547  42.723  -11.086  51.534 0.0000000000
62564  44.342  -10.770  51.144 0.0000000000
62545  44.832  -11.283  51.388 0.0000000000
60529  43.837  -12.866  51.528 0.0000000000
60528  44.972  -12.956  51.639 0.0000000000
61539  46.503  -11.854  51.881 0.0000000000
61538  47.561  -11.571  51.895 0.0000000000
60525  47.991  -12.125  52.373 0.0000000000
60502  50.182  -12.357  54.236 0.0000000000
61526  49.959  -12.095  53.155 0.0000000000
61517  50.212  -12.158  53.849 0.0000000000
62525  51.137  -11.643  53.856 0.0000000000
61515  51.228  -11.664  55.073 0.0000000000
56353  45.547  -16.902  55.148 0.0000000000
56352  46.344  -16.687  55.364 0.0000000000
57371  47.998  -16.408  56.187 0.0000000000
57389  47.805  -15.965  55.398 0.0000000000
57388  48.569  -15.821  55.727 0.0000000000
58481  47.799  -15.490  54.992 0.0000000000
58460  49.150  -15.060  56.047 0.0000000000
58434  50.250  -14.281  57.532 0.0000000000
59478  50.110  -14.016  57.093 0.0000000000
59497  49.374  -14.306  55.949 0.0000000000
59496  49.871  -13.968  56.310 0.0000000000
60471  49.772  -13.538  55.738 0.0000000000
59495  50.386  -13.546  56.772 0.0000000000
51315  36.551  -21.896  58.490 0.0000000000
51314  37.589  -21.735  58.516 0.0000000000
50160  37.348  -22.663  61.241 0.0000000000
50177  39.674  -22.643  60.667 0.0000000000
50176  40.502  -22.640  60.716 0.0000000000
50156  41.095  -22.745  61.431 0.0000000000
51207  42.292  -22.501  63.516 0.0000000000
51206  43.125  -22.425  63.418 0.0000000000
51223  43.756  -22.141  62.534 0.0000000000
46574  34.465  -25.431  66.239 0.0000000000
47865  35.017  -23.765  64.836 0.0000000000
47866  34.560  -24.412  64.518 0.0000000000
49046  34.209  -23.451  63.738 0.0000000000
51152  35.516  -21.679  65.639 0.0000000000
50093  35.324  -22.076  65.263 0.0000000000
51176  35.579  -21.158  65.781 0.0000000000
52241  34.794  -20.658  65.105 0.0000000000
52218  35.842  -20.740  66.331 0.0000000000
47707  37.640  -24.481  73.937 0.0000000000
47721  37.157  -25.425  71.929 0.0000000000
47720  37.933  -24.638  72.612 0.0000000000
48896  39.033  -23.369  71.782 0.0000000000
48897  38.711  -23.768  71.631 0.0000000000
48920  38.643  -23.495  70.723 0.0000000000
48946  38.262  -23.716  69.890 0.0000000000
48945  38.790  -23.320  70.256 0.0000000000
52160  38.653  -21.399  69.984 0.0000000000
52142  38.856  -21.432  70.359 0.0000000000
51088  38.361  -21.847  69.439 0.0000000000
50035  37.601  -22.363  67.920 0.0000000000
51103  38.050  -21.646  68.479 0.0000000000
52176  37.257  -20.982  67.731 0.0000000000
53225  36.535  -20.275  66.767 0.0000000000
53248  36.967  -20.391  65.933 0.0000000000
52215  38.558  -21.190  66.310 0.0000000000
51149  39.849  -22.062  66.446 0.0000000000
51125  40.229  -21.846  66.913 0.0000000000
52155  41.979  -20.695  69.244 0.0000000000
52154  42.789  -21.033  69.342 0.0000000000
52192  42.755  -21.378  67.932 0.0000000000
51147  41.915  -22.457  66.509 0.0000000000
51146  43.006  -22.194  66.326 0.0000000000
50090  42.685  -22.415  65.688 0.0000000000
71478  43.867  -2.930  44.042 0.0000000000
69691  45.907  -3.135  41.861 0.0000000000
70640  45.807  -2.541  41.553 0.0000000000
69677  46.924  -3.477  42.308 0.0000000000
70620  48.163  -2.749  43.288 0.0000000000
70619  48.764  -2.822  43.348 0.0000000000
70634  49.466  -3.309  43.090 0.0000000000
71504  49.955  -2.723  42.972 0.0000000000
70607  49.143  -2.584  44.456 0.0000000000
71474  49.071  -1.632  44.047 0.0000000000
71473  49.977  -2.365  44.190 0.0000000000
72369  51.563  -1.377  43.970 0.0000000000
72370  50.707  -1.844  43.721 0.0000000000
72380  51.620  -1.764  43.362 0.0000000000
71485  51.064  -2.063  42.957 0.0000000000
72391  52.633  -1.687  43.509 0.0000000000
72377  54.249  -1.112  44.285 0.0000000000
69742  50.337  -3.304  38.470 0.0000000000
68790  50.969  -4.268  38.480 0.0000000000
67783  53.045  -5.437  41.747 0.0000000000
42240  25.122  -30.174  77.423 0.0000000000
41119  10.528  -31.199  79.498 0.0000000000
51259  45.266  -21.762  60.782 0.0000000000
51258  46.227  -21.690  60.855 0.0000000000
51241  46.654  -21.539  61.700 0.0000000000
44472  26.994  -28.339  68.250 0.0000000000
44447  27.818  -28.541  69.294 0.0000000000
43490  28.522  -28.772  70.137 0.0000000000
43426  19.417  -29.368  71.981 0.0000000000
44455  19.248  -28.143  69.067 0.0000000000
43495  20.277  -28.673  70.114 0.0000000000
42189  17.750  -30.130  81.362 0.0000000000
62531  52.920  -10.161  53.447 0.0000000000
63538  52.786  -9.541  52.847 0.0000000000
63515  53.847  -9.354  54.989 0.0000000000
58506  43.004  -15.267  52.487 0.0000000000
57406  45.093  -15.858  54.326 0.0000000000
53295  33.787  -20.665  62.515 0.0000000000
52273  34.806  -20.787  62.903 0.0000000000
52287  35.687  -21.564  62.764 0.0000000000
53278  35.496  -21.062  63.621 0.0000000000
52256  36.442  -21.036  64.404 0.0000000000
46509  34.828  -26.593  69.898 0.0000000000
46508  35.568  -26.548  70.313 0.0000000000
46495  37.281  -25.761  70.778 0.0000000000
68674  47.426  -5.142  45.757 0.0000000000
68684  49.079  -3.820  45.294 0.0000000000
68672  49.490  -4.541  45.718 0.0000000000
68671  50.536  -4.651  46.070 0.0000000000
68761  48.707  -4.267  40.774 0.0000000000
67804  49.806  -5.166  40.861 0.0000000000
68737  48.579  -4.450  41.410 0.0000000000
68738  48.012  -4.245  41.855 0.0000000000
42290  27.361  -30.191  75.587 0.0000000000
41138  14.037  -30.811  78.315 0.0000000000
42206  13.236  -29.968  80.730 0.0000000000
43290  12.111  -29.363  82.691 0.0000000000
65632  47.714  -8.339  46.911 0.0000000000
63613  47.971  -9.533  48.420 0.0000000000
64594  46.545  -9.408  49.722 0.0000000000
64581  46.567  -9.130  50.111 0.0000000000
64565  47.520  -9.341  50.749 0.0000000000
63563  48.491  -9.606  51.379 0.0000000000
63549  48.498  -10.122  51.575 0.0000000000
62542  48.644  -10.644  51.635 0.0000000000
54333  44.271  -18.659  56.787 0.0000000000
55293  44.720  -18.350  56.891 0.0000000000
54317  45.286  -18.637  57.474 0.0000000000
53339  48.525  -19.972  59.444 0.0000000000
65648  46.281  -7.163  46.543 0.0000000000
39099  6.264  -32.783  78.189 0.0000000000
55349  40.050  -18.037  53.557 0.0000000000
54375  40.215  -18.265  54.101 0.0000000000
54355  40.359  -18.619  54.876 0.0000000000
53413  40.666  -19.376  55.539 0.0000000000
52385  39.357  -20.851  56.772 0.0000000000
52384  40.399  -20.301  56.895 0.0000000000
52347  41.872  -20.954  59.185 0.0000000000
52346  42.677  -21.002  59.375 0.0000000000
51286  42.062  -21.704  59.666 0.0000000000
51262  42.359  -22.191  60.350 0.0000000000
44489  30.152  -27.678  68.039 0.0000000000
44468  30.632  -27.741  68.644 0.0000000000
45473  31.055  -27.269  68.595 0.0000000000
44423  33.100  -27.819  70.739 0.0000000000
44406  33.144  -27.960  71.145 0.0000000000
42368  29.048  -29.996  72.726 0.0000000000
42367  29.755  -29.744  72.779 0.0000000000
42338  30.117  -29.690  73.349 0.0000000000
43401  30.810  -29.334  73.575 0.0000000000
109863  22.832  -29.390  76.542 0.0000000000
41201  18.312  -30.324  75.774 0.0000000000
42411  15.595  -29.405  71.014 0.0000000000
42383  14.048  -29.916  72.478 0.0000000000
42301  14.915  -30.127  75.341 0.0000000000
41202  14.313  -30.274  75.887 0.0000000000
41204  12.976  -30.448  75.548 0.0000000000
40141  11.171  -31.671  75.712 0.0000000000
40158  9.889  -32.144  75.177 0.0000000000
44495  23.861  -27.624  67.091 0.0000000000
43471  23.673  -28.394  70.300 0.0000000000
42375  22.126  -29.432  72.785 0.0000000000
42374  22.510  -29.130  72.926 0.0000000000
40051  7.819  -31.898  82.578 0.0000000000
41086  8.204  -30.908  82.803 0.0000000000
41076  7.919  -30.306  83.486 0.0000000000
42173  7.687  -29.716  84.068 0.0000000000
70551  54.611  -2.588  49.734 0.0000000000
67701  49.974  -6.112  49.578 0.0000000000
67686  50.397  -5.566  49.957 0.0000000000
68616  50.204  -5.681  50.624 0.0000000000
68615  50.483  -5.579  50.648 0.0000000000
68600  52.000  -5.384  51.517 0.0000000000
65559  54.411  -7.478  53.857 0.0000000000
59546  46.041  -13.515  52.591 0.0000000000
60515  46.364  -13.420  52.654 0.0000000000
60503  49.587  -12.725  53.887 0.0000000000
56337  47.395  -16.925  56.136 0.0000000000
60448  51.127  -13.327  57.662 0.0000000000
51316  35.274  -21.803  58.222 0.0000000000
51267  36.706  -22.366  59.791 0.0000000000
50138  38.479  -22.664  62.500 0.0000000000
50137  39.456  -22.722  62.460 0.0000000000
50136  40.425  -22.861  62.484 0.0000000000
50135  41.559  -22.747  62.513 0.0000000000
50119  41.557  -22.662  63.588 0.0000000000
51189  42.651  -22.497  64.127 0.0000000000
47818  35.713  -25.019  67.699 0.0000000000
46573  35.030  -24.846  66.196 0.0000000000
49029  35.230  -23.024  65.177 0.0000000000
50070  36.311  -22.330  66.251 0.0000000000
50053  36.608  -21.962  66.806 0.0000000000
48858  38.496  -23.482  73.686 0.0000000000
49954  38.992  -23.043  73.038 0.0000000000
49953  39.448  -22.674  72.325 0.0000000000
52159  38.764  -21.066  69.674 0.0000000000
51102  38.546  -21.357  68.969 0.0000000000
52196  38.380  -20.799  67.412 0.0000000000
71492  44.141  -2.880  43.810 0.0000000000
69664  45.899  -3.136  42.693 0.0000000000
69663  46.351  -3.257  42.887 0.0000000000
69662  47.073  -3.487  43.086 0.0000000000
71489  47.862  -1.798  42.829 0.0000000000
72384  48.318  -1.768  42.831 0.0000000000
71471  51.627  -1.649  44.826 0.0000000000
72368  52.558  -1.462  44.461 0.0000000000
72362  52.999  -1.469  45.142 0.0000000000
68779  50.920  -4.855  38.947 0.0000000000
67830  52.161  -6.072  38.700 0.0000000000
68710  52.857  -5.026  42.791 0.0000000000
69687  53.838  -4.109  42.656 0.0000000000
69686  54.503  -3.788  42.344 0.0000000000
43388  24.700  -30.422  74.903 0.0000000000
42292  25.404  -30.450  75.238 0.0000000000
43372  25.542  -30.401  75.905 0.0000000000
42248  11.921  -30.435  78.631 0.0000000000
42195  11.542  -29.698  81.531 0.0000000000
42209  10.871  -30.523  80.490 0.0000000000
43291  11.373  -29.362  82.584 0.0000000000
43281  10.930  -28.833  84.030 0.0000000000
63616  44.687  -9.992  48.076 0.0000000000
63601  45.259  -10.365  49.056 0.0000000000
53342  45.078  -20.004  59.030 0.0000000000
52322  47.593  -21.160  60.561 0.0000000000
52340  48.229  -20.731  59.984 0.0000000000
39101  4.479  -32.734  78.439 0.0000000000
39077  4.207  -32.715  79.402 0.0000000000
39057  4.079  -32.803  80.549 0.0000000000
40072  3.835  -32.699  82.184 0.0000000000
52386  38.354  -21.122  56.692 0.0000000000
52367  38.865  -21.230  57.572 0.0000000000
51312  39.223  -21.518  58.062 0.0000000000
44490  28.957  -27.773  68.185 0.0000000000
44469  29.804  -27.929  68.848 0.0000000000
41217  21.602  -30.595  73.897 0.0000000000
41237  20.924  -30.992  73.820 0.0000000000
42384  13.069  -30.033  72.403 0.0000000000
42356  12.659  -30.316  73.310 0.0000000000
45461  20.991  -27.034  69.026 0.0000000000
43424  21.601  -28.935  72.339 0.0000000000
43447  21.053  -28.895  71.748 0.0000000000
70580  52.986  -2.557  46.623 0.0000000000
70574  53.269  -2.662  47.576 0.0000000000
69611  53.584  -2.802  49.061 0.0000000000
68660  52.516  -4.068  47.490 0.0000000000
69612  53.243  -3.353  48.661 0.0000000000
69601  53.556  -3.075  49.437 0.0000000000
70553  53.721  -3.311  49.831 0.0000000000
70543  53.932  -3.743  50.280 0.0000000000
70531  54.185  -4.029  50.718 0.0000000000
65578  51.102  -7.535  51.339 0.0000000000
66652  51.475  -6.681  51.498 0.0000000000
65577  51.750  -7.471  51.862 0.0000000000
64544  53.562  -8.483  53.483 0.0000000000
64543  53.939  -7.894  53.896 0.0000000000
59548  44.269  -13.674  52.091 0.0000000000
58517  44.513  -14.434  52.599 0.0000000000
59526  47.655  -14.585  54.089 0.0000000000
56299  49.153  -17.023  58.628 0.0000000000
50182  35.338  -22.156  60.523 0.0000000000
50141  36.201  -22.360  61.891 0.0000000000
50140  36.845  -22.499  62.034 0.0000000000
51227  37.081  -22.289  62.847 0.0000000000
51226  37.756  -22.409  62.987 0.0000000000
51209  38.221  -22.371  63.623 0.0000000000
51208  38.936  -22.415  63.913 0.0000000000
51191  39.360  -22.430  64.607 0.0000000000
46551  32.985  -26.241  67.266 0.0000000000
46550  34.197  -25.914  67.148 0.0000000000
70599  44.680  -3.196  44.908 0.0000000000
70598  45.713  -3.067  44.595 0.0000000000
70609  47.246  -1.877  44.207 0.0000000000
70594  50.385  -2.626  45.313 0.0000000000
70593  51.188  -2.617  45.834 0.0000000000
70592  51.760  -2.298  45.962 0.0000000000
69743  49.536  -3.077  38.815 0.0000000000
69726  50.196  -3.718  39.114 0.0000000000
69727  49.473  -3.454  39.417 0.0000000000
68780  50.384  -4.315  39.526 0.0000000000
67784  52.005  -5.569  41.536 0.0000000000
67767  52.338  -5.408  42.302 0.0000000000
67768  51.504  -5.456  42.239 0.0000000000
68711  51.779  -5.013  43.023 0.0000000000
69659  51.949  -4.182  43.676 0.0000000000
70618  52.046  -3.545  43.698 0.0000000000
43468  26.819  -29.301  70.397 0.0000000000
42395  27.853  -29.854  71.964 0.0000000000
42369  28.198  -30.035  72.702 0.0000000000
41233  28.942  -30.599  73.819 0.0000000000
42311  29.504  -30.394  74.109 0.0000000000
42291  26.264  -30.399  75.618 0.0000000000
42272  27.897  -29.770  76.295 0.0000000000
43357  28.481  -29.337  76.851 0.0000000000
42271  28.517  -29.653  76.346 0.0000000000
43498  17.791  -28.636  69.407 0.0000000000
41113  16.393  -30.890  78.969 0.0000000000
42221  16.020  -30.413  79.777 0.0000000000
42193  13.401  -30.096  81.755 0.0000000000
66725  49.196  -6.541  46.284 0.0000000000
66709  50.392  -6.954  46.745 0.0000000000
65629  50.250  -7.496  47.597 0.0000000000
65617  50.037  -7.739  48.062 0.0000000000
65631  48.821  -8.452  46.947 0.0000000000
66697  49.768  -7.335  48.658 0.0000000000
66682  49.563  -6.870  49.267 0.0000000000
66667  49.481  -6.556  49.978 0.0000000000
63632  46.507  -9.609  47.521 0.0000000000
63598  47.814  -9.240  49.056 0.0000000000
64593  47.454  -9.320  49.602 0.0000000000
65606  48.107  -9.175  49.838 0.0000000000
65605  48.380  -8.342  49.578 0.0000000000
66669  48.341  -7.775  50.047 0.0000000000
66655  49.143  -7.486  50.429 0.0000000000
65579  50.201  -7.647  51.186 0.0000000000
64561  50.755  -8.484  51.461 0.0000000000
63547  50.983  -9.444  51.667 0.0000000000
63562  49.569  -9.675  51.341 0.0000000000
62558  50.444  -9.907  51.402 0.0000000000
62539  51.779  -10.179  52.473 0.0000000000
62524  51.728  -11.293  54.306 0.0000000000
56369  43.818  -16.684  54.450 0.0000000000
56339  45.729  -17.247  55.833 0.0000000000
55291  46.046  -17.541  56.736 0.0000000000
56312  47.090  -17.462  57.367 0.0000000000
54300  47.339  -18.500  58.428 0.0000000000
55268  48.763  -17.973  58.330 0.0000000000
47709  36.236  -25.581  73.497 0.0000000000
47695  36.793  -24.466  74.617 0.0000000000
67747  45.515  -5.070  45.326 0.0000000000
67739  46.219  -5.638  45.686 0.0000000000
68675  46.818  -5.347  45.676 0.0000000000
71520  47.282  -1.915  39.978 0.0000000000
71521  46.540  -1.507  40.357 0.0000000000
40093  8.813  -32.349  79.845 0.0000000000
39053  8.268  -32.422  80.091 0.0000000000
40083  8.000  -31.863  81.206 0.0000000000
39035  7.682  -32.470  81.570 0.0000000000
39018  7.892  -32.455  82.160 0.0000000000
41088  6.926  -31.159  83.520 0.0000000000
39037  5.532  -33.263  81.140 0.0000000000
41089  6.341  -31.670  83.736 0.0000000000
58507  42.242  -15.161  52.327 0.0000000000
57430  41.649  -15.345  52.416 0.0000000000
57419  42.106  -15.814  53.005 0.0000000000
57409  42.641  -16.327  53.629 0.0000000000
56370  42.749  -16.988  54.347 0.0000000000
56356  42.828  -17.456  54.790 0.0000000000
55329  42.823  -18.009  55.107 0.0000000000
55310  43.355  -18.300  55.609 0.0000000000
54353  42.225  -18.420  55.282 0.0000000000
54334  43.595  -18.645  56.306 0.0000000000
54319  43.606  -19.323  57.267 0.0000000000
53414  39.751  -19.543  55.471 0.0000000000
53389  40.773  -19.751  56.229 0.0000000000
53372  41.142  -19.854  56.746 0.0000000000
53371  41.838  -19.622  56.952 0.0000000000
53369  43.114  -19.893  57.719 0.0000000000
53343  44.139  -20.198  59.081 0.0000000000
52326  44.150  -21.372  60.036 0.0000000000
51222  44.779  -21.779  62.683 0.0000000000
45491  30.245  -27.467  67.513 0.0000000000
45508  32.019  -26.707  66.771 0.0000000000
46552  32.392  -26.586  66.932 0.0000000000
45488  32.877  -26.716  67.696 0.0000000000
46533  33.240  -26.620  67.849 0.0000000000
46521  33.878  -26.229  69.003 0.0000000000
45456  33.741  -26.628  69.458 0.0000000000
45455  34.442  -26.555  69.751 0.0000000000
45436  35.232  -27.056  70.937 0.0000000000
46488  35.809  -26.386  72.532 0.0000000000
43439  29.152  -29.636  71.364 0.0000000000
44427  29.732  -28.708  70.392 0.0000000000
44408  31.532  -28.163  71.516 0.0000000000
43400  31.263  -28.731  73.302 0.0000000000
43417  31.168  -28.643  72.895 0.0000000000
44407  32.375  -27.934  71.352 0.0000000000
45428  33.700  -27.279  72.661 0.0000000000
45427  34.407  -27.008  72.286 0.0000000000
45414  35.177  -26.770  72.967 0.0000000000
46476  35.713  -25.987  73.504 0.0000000000
43312  22.625  -30.180  77.106 0.0000000000
41179  20.926  -30.178  77.307 0.0000000000
42242  20.485  -29.866  78.654 0.0000000000
41134  20.089  -30.066  78.989 0.0000000000
42243  19.592  -29.928  78.701 0.0000000000
43476  17.766  -28.866  70.314 0.0000000000
43406  17.123  -29.055  72.732 0.0000000000
42399  15.157  -29.374  71.504 0.0000000000
42381  15.919  -29.107  72.342 0.0000000000
42279  16.505  -30.313  75.928 0.0000000000
41136  15.964  -30.698  78.226 0.0000000000
41140  12.219  -30.608  78.178 0.0000000000
40107  11.049  -31.570  78.244 0.0000000000
40128  8.835  -32.448  76.944 0.0000000000
39121  9.084  -32.639  77.659 0.0000000000
39096  9.126  -32.696  78.143 0.0000000000
39097  8.350  -32.851  78.350 0.0000000000
39124  6.533  -32.839  77.248 0.0000000000
43469  25.726  -29.198  70.257 0.0000000000
43420  25.328  -29.950  71.873 0.0000000000
43402  24.916  -30.205  74.369 0.0000000000
43404  22.998  -28.963  73.042 0.0000000000
43403  24.565  -30.014  74.312 0.0000000000
43343  24.630  -29.689  76.590 0.0000000000
42190  16.875  -29.861  81.442 0.0000000000
40081  9.307  -31.814  80.330 0.0000000000
41098  9.490  -30.976  81.547 0.0000000000
41085  9.182  -30.858  82.556 0.0000000000
43288  10.149  -29.533  83.273 0.0000000000
43282  10.462  -28.842  83.844 0.0000000000
71433  54.237  -1.443  48.008 0.0000000000
71432  54.843  -1.451  48.517 0.0000000000
66695  51.086  -6.461  47.463 0.0000000000
68641  51.213  -5.366  49.848 0.0000000000
69593  52.363  -4.595  50.396 0.0000000000
69592  53.267  -4.283  50.378 0.0000000000
69575  53.595  -4.417  51.170 0.0000000000
69560  54.038  -4.360  51.775 0.0000000000
67655  51.776  -5.904  51.716 0.0000000000
67654  52.595  -5.646  51.946 0.0000000000
66640  53.604  -5.892  52.972 0.0000000000
67668  53.129  -5.262  51.750 0.0000000000
68599  53.821  -4.740  52.229 0.0000000000
68598  54.476  -4.584  52.199 0.0000000000
68597  55.125  -4.890  52.334 0.0000000000
62583  43.287  -10.644  49.758 0.0000000000
61542  43.277  -11.921  51.425 0.0000000000
62544  45.836  -11.162  51.531 0.0000000000
61556  47.520  -10.865  51.505 0.0000000000
61555  48.126  -11.077  51.500 0.0000000000
61536  49.878  -11.529  52.352 0.0000000000
61527  49.305  -12.207  52.662 0.0000000000
61535  50.584  -11.537  52.822 0.0000000000
56368  44.738  -16.468  54.597 0.0000000000
56367  45.324  -16.254  54.651 0.0000000000
57405  45.909  -15.828  54.549 0.0000000000
57390  46.947  -16.330  55.308 0.0000000000
57404  46.842  -15.815  54.707 0.0000000000
58492  47.612  -15.128  54.534 0.0000000000
58491  48.088  -14.885  54.648 0.0000000000
57341  49.151  -15.898  58.133 0.0000000000
57352  49.098  -15.754  57.313 0.0000000000
58416  49.831  -14.984  57.993 0.0000000000
58435  49.671  -14.757  57.179 0.0000000000
58436  49.179  -15.357  56.758 0.0000000000
59513  48.944  -14.228  55.292 0.0000000000
60489  48.829  -13.823  54.731 0.0000000000
60459  51.030  -12.988  57.018 0.0000000000
61480  50.983  -12.310  56.308 0.0000000000
61498  50.705  -12.116  55.439 0.0000000000
61497  51.390  -11.848  55.806 0.0000000000
62497  52.164  -11.631  56.176 0.0000000000
62496  52.912  -10.839  56.473 0.0000000000
51313  38.572  -21.659  58.300 0.0000000000
50181  36.051  -22.512  60.310 0.0000000000
51268  36.474  -22.479  59.950 0.0000000000
50197  37.444  -22.401  59.973 0.0000000000
50159  38.230  -22.726  61.412 0.0000000000
50179  37.929  -22.555  60.331 0.0000000000
50196  37.717  -22.387  59.772 0.0000000000
51265  39.224  -22.397  59.866 0.0000000000
51263  41.353  -22.357  60.279 0.0000000000
51245  42.548  -22.439  61.324 0.0000000000
50134  42.140  -22.572  61.988 0.0000000000
47853  34.644  -24.760  65.231 0.0000000000
51213  34.288  -21.725  63.299 0.0000000000
50108  34.868  -22.084  64.700 0.0000000000
51195  34.387  -21.423  64.107 0.0000000000
52257  34.500  -20.779  64.440 0.0000000000
53251  34.712  -20.417  64.717 0.0000000000
53250  35.173  -20.213  65.227 0.0000000000
47733  37.343  -25.703  71.259 0.0000000000
47719  38.482  -24.228  72.226 0.0000000000
48898  38.308  -24.399  71.364 0.0000000000
47749  37.781  -24.667  70.193 0.0000000000
47768  37.569  -24.467  69.397 0.0000000000
47790  37.717  -23.940  69.213 0.0000000000
51053  39.552  -22.259  71.475 0.0000000000
51054  39.716  -21.691  71.509 0.0000000000
51071  39.217  -21.849  70.677 0.0000000000
49994  39.070  -22.776  70.573 0.0000000000
50016  38.596  -22.642  69.672 0.0000000000
48969  37.642  -23.240  68.165 0.0000000000
50052  37.090  -22.272  67.196 0.0000000000
51126  36.619  -21.457  67.219 0.0000000000
52177  36.772  -21.092  67.477 0.0000000000
52199  35.864  -21.063  66.782 0.0000000000
52217  35.998  -20.500  66.683 0.0000000000
53233  36.086  -20.336  66.336 0.0000000000
53249  36.259  -20.392  65.254 0.0000000000
52238  37.349  -20.979  65.543 0.0000000000
52237  38.114  -21.659  65.483 0.0000000000
51175  38.815  -21.974  65.475 0.0000000000
51174  39.589  -22.322  65.542 0.0000000000
51173  40.502  -22.606  65.637 0.0000000000
52156  41.081  -20.723  69.363 0.0000000000
52172  41.432  -20.936  68.568 0.0000000000
52193  41.869  -21.481  67.957 0.0000000000
51123  41.399  -21.943  67.281 0.0000000000
50092  41.316  -22.711  65.234 0.0000000000
50091  42.036  -22.654  65.565 0.0000000000
50104  42.668  -22.562  64.911 0.0000000000
51170  44.099  -21.829  65.695 0.0000000000
51187  44.157  -21.933  64.615 0.0000000000
72413  46.051  -0.497  40.395 0.0000000000
70639  46.507  -2.327  41.038 0.0000000000
69709  46.895  -2.745  40.977 0.0000000000
68715  48.264  -4.372  42.137 0.0000000000
69661  47.859  -3.531  43.172 0.0000000000
69675  48.387  -4.082  42.724 0.0000000000
69674  49.179  -4.127  42.835 0.0000000000
70633  50.460  -3.315  43.086 0.0000000000
70632  51.534  -3.211  43.489 0.0000000000
72372  48.907  -1.709  43.416 0.0000000000
72383  48.738  -1.945  43.068 0.0000000000
72382  49.711  -2.357  43.293 0.0000000000
72394  50.198  -2.457  43.008 0.0000000000
71502  51.753  -2.248  43.255 0.0000000000
71501  52.693  -2.070  43.597 0.0000000000
71500  53.569  -1.946  43.752 0.0000000000
72378  53.442  -1.303  43.995 0.0000000000
72389  54.311  -1.542  43.848 0.0000000000
38068  4.849  -33.319  80.957 0.0000000000
38076  4.699  -32.959  80.678 0.0000000000
38097  8.034  -33.324  77.775 0.0000000000
38098  7.663  -33.199  77.675 0.0000000000
38113  8.053  -33.064  77.406 0.0000000000
40068  8.237  -32.110  81.909 0.0000000000
40156  11.290  -31.460  75.422 0.0000000000
41102  10.931  -30.744  80.034 0.0000000000
41105  9.154  -31.471  81.028 0.0000000000
41111  20.079  -29.939  79.329 0.0000000000
41159  20.748  -29.977  77.490 0.0000000000
41160  20.524  -29.933  77.377 0.0000000000
41180  20.693  -30.073  77.260 0.0000000000
41181  18.820  -30.328  75.793 0.0000000000
41182  18.607  -30.355  75.968 0.0000000000
41190  11.219  -31.659  76.101 0.0000000000
41198  26.297  -30.333  75.035 0.0000000000
41213  29.334  -30.446  73.788 0.0000000000
41214  29.160  -30.597  73.941 0.0000000000
41215  26.201  -30.391  74.603 0.0000000000
41216  25.694  -30.417  74.640 0.0000000000
41218  21.245  -30.805  74.076 0.0000000000
41232  29.132  -30.505  73.657 0.0000000000
41235  25.514  -30.378  74.283 0.0000000000
41236  21.307  -30.722  73.675 0.0000000000
42197  10.053  -30.565  81.503 0.0000000000
42340  28.760  -30.393  73.426 0.0000000000
42366  30.327  -29.371  72.849 0.0000000000
42391  30.534  -29.337  72.433 0.0000000000
43283  9.969  -29.112  83.663 0.0000000000
43292  11.025  -29.431  82.518 0.0000000000
43298  11.541  -29.582  82.158 0.0000000000
43405  22.699  -29.006  72.997 0.0000000000
43425  21.227  -29.185  72.170 0.0000000000
43509  27.405  -28.647  69.230 0.0000000000
45448  31.775  -27.836  69.793 0.0000000000
45470  33.594  -26.429  68.797 0.0000000000
46518  36.827  -25.501  69.491 0.0000000000
46530  35.773  -25.592  68.414 0.0000000000
46600  34.685  -24.940  65.688 0.0000000000
47731  38.309  -24.464  71.811 0.0000000000
47769  37.085  -25.089  68.974 0.0000000000
47834  37.153  -23.504  67.287 0.0000000000
48875  39.100  -23.324  72.193 0.0000000000
48987  37.330  -23.049  67.498 0.0000000000
49976  38.864  -23.226  71.117 0.0000000000
49993  39.364  -22.574  71.109 0.0000000000
49995  38.885  -22.181  70.227 0.0000000000
50015  38.913  -23.194  69.960 0.0000000000
50067  42.702  -22.355  66.017 0.0000000000
50068  42.460  -22.448  66.034 0.0000000000
50162  35.807  -22.200  61.243 0.0000000000
50198  35.679  -22.466  59.817 0.0000000000
50199  35.525  -22.388  60.052 0.0000000000
51070  39.343  -22.313  70.936 0.0000000000
51124  40.574  -21.854  67.258 0.0000000000
51127  36.085  -21.465  66.880 0.0000000000
51150  39.067  -22.012  66.176 0.0000000000
51177  35.093  -21.328  65.308 0.0000000000
51246  41.855  -22.555  60.973 0.0000000000
51257  47.005  -21.749  60.843 0.0000000000
51266  38.577  -22.497  60.039 0.0000000000
52191  43.199  -21.374  67.966 0.0000000000
52240  35.361  -20.668  65.597 0.0000000000
52255  37.082  -21.481  64.576 0.0000000000
52259  33.314  -20.970  63.654 0.0000000000
52272  35.371  -21.093  63.111 0.0000000000
52305  34.383  -21.576  61.861 0.0000000000
53226  36.443  -20.300  66.928 0.0000000000
53390  40.231  -19.801  55.908 0.0000000000
53391  38.658  -20.256  55.540 0.0000000000
54302  45.761  -18.805  57.851 0.0000000000
54336  41.776  -19.150  55.892 0.0000000000
55306  46.052  -17.358  56.374 0.0000000000
55307  45.634  -17.520  56.337 0.0000000000
58494  46.088  -15.289  53.869 0.0000000000
59536  45.614  -14.303  52.874 0.0000000000
61516  50.729  -11.920  54.399 0.0000000000
63529  53.772  -9.015  54.428 0.0000000000
63539  52.106  -9.938  52.663 0.0000000000
63568  44.125  -10.546  50.855 0.0000000000
63612  48.360  -9.336  48.101 0.0000000000
63630  48.189  -9.454  47.822 0.0000000000
64592  48.067  -8.997  49.364 0.0000000000
64603  48.462  -9.005  48.369 0.0000000000
65616  50.287  -7.476  47.902 0.0000000000
65619  48.525  -8.407  49.035 0.0000000000
65646  48.131  -7.808  46.610 0.0000000000
67653  53.477  -5.416  52.409 0.0000000000
67667  53.516  -5.003  51.978 0.0000000000
67687  49.883  -5.783  50.099 0.0000000000
67724  50.726  -6.172  46.734 0.0000000000
67766  52.848  -5.284  42.268 0.0000000000
68592  53.881  -5.142  52.644 0.0000000000
68601  51.600  -5.573  51.415 0.0000000000
68612  53.435  -4.767  51.692 0.0000000000
68629  50.260  -5.607  50.403 0.0000000000
68689  44.700  -4.364  45.608 0.0000000000
68696  53.117  -3.903  43.390 0.0000000000
68698  52.346  -4.742  43.307 0.0000000000
68709  53.407  -4.360  43.009 0.0000000000
69653  49.487  -2.973  44.820 0.0000000000
69657  53.089  -3.603  43.485 0.0000000000
69672  50.998  -4.189  43.285 0.0000000000
70532  54.006  -4.239  50.731 0.0000000000
70562  53.202  -2.928  48.033 0.0000000000
70579  53.644  -1.958  46.639 0.0000000000
70581  52.137  -2.790  46.084 0.0000000000
70590  53.619  -1.908  46.283 0.0000000000
70606  49.780  -2.639  44.884 0.0000000000
71452  52.510  -2.455  46.064 0.0000000000
71459  53.551  -1.899  45.961 0.0000000000
71462  50.933  -2.024  45.236 0.0000000000
71486  50.693  -2.210  42.984 0.0000000000
71488  48.461  -2.136  42.909 0.0000000000
71509  46.057  -1.760  41.094 0.0000000000
72376  54.823  -0.763  44.455 0.0000000000
72393  50.387  -2.301  43.053 0.0000000000
