#!ascii label  , from subject 3321 vox2ras=TkReg
774
96143  39.135  30.513  33.962 0.0000000000
99613  44.791  36.331  36.116 0.0000000000
94184  44.383  27.488  38.899 0.0000000000
94867  36.366  28.192  36.057 0.0000000000
92923  38.402  25.252  35.724 0.0000000000
98545  42.654  34.092  31.060 0.0000000000
99605  39.114  36.539  37.155 0.0000000000
101234  39.041  39.142  36.397 0.0000000000
94140  47.620  27.352  42.737 0.0000000000
92260  44.931  24.329  36.229 0.0000000000
97355  44.631  32.041  32.883 0.0000000000
94874  41.981  28.897  35.915 0.0000000000
97295  44.536  32.478  38.460 0.0000000000
96083  42.677  30.561  42.234 0.0000000000
101763  40.009  41.001  33.675 0.0000000000
99639  42.290  36.072  32.792 0.0000000000
110248  42.272  25.374  32.386 0.0000000000
94886  37.328  29.410  34.701 0.0000000000
93574  37.589  26.552  36.372 0.0000000000
94220  38.588  27.924  35.681 0.0000000000
96170  40.643  31.248  31.572 0.0000000000
96157  37.634  30.925  33.177 0.0000000000
100691  36.037  38.680  36.478 0.0000000000
92836  46.555  24.841  43.433 0.0000000000
92207  46.668  24.431  41.565 0.0000000000
90923  47.426  21.933  44.032 0.0000000000
102288  41.916  41.687  30.670 0.0000000000
98489  45.510  34.316  35.307 0.0000000000
96725  45.883  31.894  35.801 0.0000000000
97882  46.779  34.880  37.831 0.0000000000
97832  40.156  33.485  41.852 0.0000000000
97816  43.262  34.046  42.987 0.0000000000
96668  41.102  31.785  42.458 0.0000000000
94786  43.033  29.369  43.296 0.0000000000
99616  41.948  37.394  36.502 0.0000000000
99633  40.866  37.054  34.356 0.0000000000
98492  42.951  35.240  35.026 0.0000000000
98516  44.869  33.768  32.903 0.0000000000
94851  42.907  28.492  37.452 0.0000000000
93583  41.754  26.307  35.615 0.0000000000
92904  44.434  25.797  35.930 0.0000000000
92275  36.176  24.422  35.256 0.0000000000
92300  36.335  25.466  32.998 0.0000000000
99150  43.808  36.136  29.798 0.0000000000
99132  41.162  35.240  31.324 0.0000000000
99034  41.903  35.879  36.907 0.0000000000
98462  44.329  34.894  37.681 0.0000000000
103168  35.016  43.092  37.057 0.0000000000
102224  38.625  42.446  37.905 0.0000000000
100674  39.173  38.322  37.220 0.0000000000
94175  46.286  27.808  40.825 0.0000000000
92892  46.452  25.384  37.302 0.0000000000
92227  46.780  24.773  38.931 0.0000000000
92230  43.881  23.986  39.304 0.0000000000
96755  41.542  31.844  32.933 0.0000000000
95532  40.700  29.530  35.386 0.0000000000
96728  42.956  31.050  34.824 0.0000000000
96105  43.197  30.958  36.943 0.0000000000
96099  42.829  30.166  38.744 0.0000000000
97855  45.448  34.437  40.417 0.0000000000
97272  44.093  32.493  40.913 0.0000000000
95485  43.431  29.477  40.561 0.0000000000
94792  44.848  29.216  42.955 0.0000000000
94143  43.965  28.130  43.320 0.0000000000
102268  38.765  41.276  32.866 0.0000000000
102265  42.039  40.735  32.437 0.0000000000
101264  41.431  39.356  32.801 0.0000000000
100185  43.549  37.462  30.794 0.0000000000
99140  44.471  34.782  30.788 0.0000000000
97378  43.749  32.656  31.572 0.0000000000
93571  40.338  26.764  36.145 0.0000000000
92934  40.292  25.208  34.190 0.0000000000
92308  38.319  25.537  30.454 0.0000000000
110237  44.594  25.015  32.602 0.0000000000
95543  38.756  29.709  34.481 0.0000000000
94878  38.257  28.493  35.099 0.0000000000
95534  39.123  29.127  34.787 0.0000000000
96767  40.342  30.840  32.347 0.0000000000
96775  39.373  30.973  31.737 0.0000000000
96156  38.631  30.675  33.121 0.0000000000
96145  37.241  30.492  34.066 0.0000000000
92185  45.197  24.247  43.769 0.0000000000
92172  46.997  23.576  44.212 0.0000000000
91548  45.510  22.441  44.779 0.0000000000
91682  34.552  24.768  32.155 0.0000000000
99065  45.053  35.850  35.610 0.0000000000
98480  46.236  34.811  36.822 0.0000000000
99048  46.139  35.579  37.349 0.0000000000
97262  39.667  33.364  42.203 0.0000000000
97245  40.561  32.680  42.168 0.0000000000
99615  42.863  36.623  36.159 0.0000000000
99627  42.473  36.211  35.482 0.0000000000
99626  43.608  36.337  35.676 0.0000000000
99076  44.400  35.194  34.772 0.0000000000
94195  43.814  27.429  37.893 0.0000000000
93568  43.672  26.615  36.503 0.0000000000
93553  44.696  26.853  37.630 0.0000000000
94214  35.018  28.017  36.689 0.0000000000
94213  35.709  27.363  36.526 0.0000000000
92906  38.073  25.801  36.287 0.0000000000
92907  37.156  25.676  36.451 0.0000000000
92274  37.112  24.457  35.377 0.0000000000
92284  36.249  24.446  34.227 0.0000000000
92292  37.938  24.701  33.795 0.0000000000
99142  43.443  35.425  29.842 0.0000000000
99687  42.831  36.110  29.695 0.0000000000
98546  41.762  34.446  31.065 0.0000000000
94887  35.961  29.453  34.963 0.0000000000
95523  34.944  29.740  36.014 0.0000000000
99604  40.301  36.708  37.214 0.0000000000
98465  41.494  34.790  37.066 0.0000000000
99036  39.762  35.511  36.997 0.0000000000
100145  38.103  37.155  36.849 0.0000000000
100134  38.125  38.074  37.241 0.0000000000
100132  39.772  37.608  37.368 0.0000000000
100131  40.878  37.722  37.502 0.0000000000
94174  47.146  27.841  41.248 0.0000000000
93538  47.307  26.130  39.394 0.0000000000
93530  47.782  26.640  41.248 0.0000000000
91594  44.956  23.251  41.579 0.0000000000
92222  45.668  24.310  40.419 0.0000000000
91608  44.248  23.719  40.331 0.0000000000
96754  42.514  32.128  33.074 0.0000000000
96140  42.059  31.239  34.279 0.0000000000
96741  44.283  31.735  34.437 0.0000000000
97320  45.365  32.470  36.909 0.0000000000
96715  43.828  31.501  36.262 0.0000000000
96703  43.953  31.877  37.549 0.0000000000
96098  43.073  31.018  38.111 0.0000000000
96694  43.599  31.657  38.927 0.0000000000
98443  43.780  34.210  39.275 0.0000000000
98451  45.388  34.733  39.122 0.0000000000
98433  43.932  34.687  41.204 0.0000000000
97260  43.052  32.278  42.301 0.0000000000
97258  44.067  33.680  42.505 0.0000000000
96682  43.077  31.688  41.791 0.0000000000
96085  43.194  30.531  40.736 0.0000000000
95470  43.297  30.056  42.041 0.0000000000
95469  44.192  29.433  41.987 0.0000000000
95453  44.098  29.719  43.208 0.0000000000
94794  42.416  28.822  42.810 0.0000000000
94793  43.219  28.463  43.253 0.0000000000
102267  39.951  40.959  33.019 0.0000000000
102279  40.934  41.344  31.844 0.0000000000
102266  41.277  41.140  32.819 0.0000000000
101745  38.295  40.710  36.574 0.0000000000
101744  38.665  41.128  35.834 0.0000000000
101248  39.167  39.728  35.433 0.0000000000
99640  41.631  36.357  33.490 0.0000000000
100713  40.691  38.368  33.055 0.0000000000
100170  41.306  37.554  32.627 0.0000000000
100711  42.217  38.427  31.868 0.0000000000
100186  42.871  37.314  31.402 0.0000000000
99671  43.786  36.284  30.597 0.0000000000
99130  43.353  35.869  31.380 0.0000000000
97935  45.608  33.040  32.559 0.0000000000
97954  44.245  33.391  31.531 0.0000000000
97367  44.106  32.265  32.148 0.0000000000
97357  42.517  32.265  32.470 0.0000000000
95531  41.638  29.651  35.598 0.0000000000
94218  40.789  28.185  35.767 0.0000000000
94217  41.328  28.021  35.770 0.0000000000
92932  42.674  25.656  34.009 0.0000000000
92920  41.119  25.735  34.958 0.0000000000
92942  40.368  25.258  32.964 0.0000000000
92955  39.189  25.673  31.880 0.0000000000
92978  39.932  26.208  30.541 0.0000000000
92246  46.212  24.763  36.929 0.0000000000
91629  47.013  24.730  34.859 0.0000000000
92271  44.877  24.098  34.854 0.0000000000
94880  36.294  28.883  35.292 0.0000000000
94221  37.711  28.063  35.668 0.0000000000
94211  38.068  27.314  36.071 0.0000000000
93573  38.515  26.603  36.275 0.0000000000
97380  41.937  32.407  31.637 0.0000000000
95545  36.903  29.948  34.518 0.0000000000
93520  47.250  26.225  43.257 0.0000000000
92845  47.866  26.031  42.303 0.0000000000
92192  47.359  24.342  42.724 0.0000000000
91576  47.127  23.236  43.378 0.0000000000
97353  46.519  32.226  33.598 0.0000000000
96740  45.547  31.634  34.651 0.0000000000
97914  46.713  32.337  35.110 0.0000000000
97319  45.682  32.837  36.830 0.0000000000
97307  46.063  33.474  38.223 0.0000000000
97845  41.440  33.325  40.581 0.0000000000
98425  43.097  34.457  41.887 0.0000000000
97817  42.386  33.559  42.103 0.0000000000
97244  41.609  32.597  42.216 0.0000000000
96066  42.301  31.087  42.324 0.0000000000
95455  42.745  29.920  42.844 0.0000000000
96067  41.690  30.869  42.528 0.0000000000
95456  41.473  29.759  42.368 0.0000000000
94808  41.385  28.508  41.974 0.0000000000
102737  39.359  42.897  35.174 0.0000000000
100144  41.082  38.413  36.679 0.0000000000
100702  40.174  38.233  35.485 0.0000000000
100159  41.359  37.113  35.493 0.0000000000
99632  41.514  36.566  34.720 0.0000000000
99093  42.337  35.564  33.752 0.0000000000
98532  43.433  34.602  32.808 0.0000000000
98517  43.974  34.474  33.371 0.0000000000
98515  45.771  33.432  32.965 0.0000000000
94863  42.478  28.370  36.459 0.0000000000
94207  41.879  27.540  36.073 0.0000000000
94206  42.772  27.395  36.618 0.0000000000
93581  43.406  26.176  35.855 0.0000000000
92931  43.981  25.533  33.803 0.0000000000
91632  43.770  23.982  36.717 0.0000000000
91654  43.875  23.635  34.607 0.0000000000
92910  34.187  25.566  35.952 0.0000000000
93575  36.568  26.465  36.499 0.0000000000
92262  35.698  24.791  36.101 0.0000000000
92277  34.566  25.001  35.059 0.0000000000
92285  35.126  24.729  34.362 0.0000000000
92946  34.866  26.166  32.878 0.0000000000
92970  35.061  25.867  31.620 0.0000000000
99698  43.078  36.800  29.279 0.0000000000
99688  42.116  36.503  30.274 0.0000000000
99601  43.457  36.281  36.491 0.0000000000
99032  44.117  35.708  36.914 0.0000000000
98463  43.453  35.014  37.249 0.0000000000
97886  42.178  34.142  37.640 0.0000000000
97871  42.033  33.346  38.322 0.0000000000
97859  40.567  32.928  39.772 0.0000000000
97846  40.290  33.421  40.917 0.0000000000
102199  36.194  43.008  37.162 0.0000000000
101727  37.926  41.019  37.068 0.0000000000
101235  38.416  39.706  36.842 0.0000000000
101220  39.203  38.782  37.037 0.0000000000
100672  41.228  38.285  37.380 0.0000000000
99602  42.226  36.719  36.507 0.0000000000
94179  44.603  27.523  39.822 0.0000000000
93552  45.687  26.066  37.497 0.0000000000
93539  46.899  26.261  39.068 0.0000000000
92244  47.875  25.047  37.644 0.0000000000
92235  46.114  24.596  38.125 0.0000000000
92221  46.678  24.721  40.118 0.0000000000
92228  45.823  24.515  39.287 0.0000000000
92248  44.356  24.173  37.723 0.0000000000
96154  40.541  31.023  33.346 0.0000000000
96142  40.186  30.432  34.235 0.0000000000
96141  41.378  30.911  33.935 0.0000000000
96129  42.328  30.642  35.090 0.0000000000
96118  42.646  30.247  35.752 0.0000000000
96726  44.654  31.739  35.507 0.0000000000
96117  43.071  30.676  35.821 0.0000000000
95509  43.058  30.013  36.534 0.0000000000
95510  42.774  29.194  37.089 0.0000000000
95501  42.979  29.060  38.408 0.0000000000
95500  43.303  28.674  38.981 0.0000000000
99021  45.871  35.610  38.355 0.0000000000
97868  45.770  34.260  39.430 0.0000000000
97294  45.643  33.480  39.188 0.0000000000
98423  44.599  35.011  42.598 0.0000000000
97281  44.959  33.461  40.565 0.0000000000
97282  44.341  32.599  39.686 0.0000000000
96690  43.134  31.069  39.614 0.0000000000
95486  42.869  29.815  40.082 0.0000000000
94826  43.516  28.801  40.003 0.0000000000
94176  45.140  27.830  40.823 0.0000000000
94805  45.833  28.589  42.030 0.0000000000
94141  46.597  27.913  42.867 0.0000000000
95446  43.753  29.722  43.500 0.0000000000
94142  44.957  28.453  43.173 0.0000000000
93504  46.107  27.071  43.414 0.0000000000
93505  44.810  27.002  43.093 0.0000000000
102280  39.728  41.545  31.891 0.0000000000
102278  42.048  41.207  31.792 0.0000000000
101776  43.427  40.220  30.742 0.0000000000
100703  39.646  38.945  34.804 0.0000000000
101761  41.266  40.338  33.152 0.0000000000
101760  42.133  40.072  32.492 0.0000000000
101268  43.123  39.396  31.265 0.0000000000
101267  43.583  38.891  30.787 0.0000000000
100202  44.242  37.165  30.248 0.0000000000
99141  44.126  35.364  30.257 0.0000000000
98557  43.830  34.590  30.180 0.0000000000
98544  44.288  34.412  31.591 0.0000000000
97965  44.160  33.846  30.945 0.0000000000
97956  42.919  33.042  30.643 0.0000000000
96766  41.026  30.847  32.138 0.0000000000
94876  40.224  28.729  35.685 0.0000000000
94209  39.846  27.514  36.213 0.0000000000
93585  39.806  26.053  35.766 0.0000000000
93570  41.308  26.777  36.076 0.0000000000
92921  40.142  25.500  35.141 0.0000000000
92281  38.901  24.777  34.887 0.0000000000
92943  38.911  25.184  33.308 0.0000000000
92968  36.930  25.459  30.996 0.0000000000
93567  45.093  26.087  36.744 0.0000000000
110243  45.339  25.483  34.392 0.0000000000
110252  43.754  25.391  32.006 0.0000000000
110242  44.135  24.301  33.173 0.0000000000
93609  42.119  26.372  30.120 0.0000000000
89626  45.731  20.394  44.890 0.0000000000
89645  45.177  20.737  43.261 0.0000000000
95542  39.451  30.090  34.449 0.0000000000
96155  39.716  30.908  33.045 0.0000000000
96144  38.172  30.399  33.897 0.0000000000
91559  45.726  23.594  44.297 0.0000000000
99064  45.657  35.454  36.418 0.0000000000
99049  45.340  36.314  36.802 0.0000000000
99614  44.243  36.444  36.303 0.0000000000
99625  44.431  36.354  35.710 0.0000000000
94185  43.952  27.577  38.501 0.0000000000
94194  44.314  27.257  38.287 0.0000000000
94868  35.562  28.725  36.194 0.0000000000
92924  37.566  25.161  35.868 0.0000000000
92273  37.910  24.686  35.315 0.0000000000
92283  37.313  24.305  34.536 0.0000000000
98558  43.045  34.690  30.433 0.0000000000
98559  42.433  34.614  30.647 0.0000000000
94881  35.633  29.506  35.414 0.0000000000
99617  38.398  36.781  36.926 0.0000000000
100133  38.608  37.598  37.166 0.0000000000
94157  47.417  27.890  42.152 0.0000000000
94173  47.644  27.428  41.502 0.0000000000
94156  48.042  27.282  42.066 0.0000000000
91604  44.448  23.528  40.939 0.0000000000
97356  43.418  32.084  32.822 0.0000000000
97342  44.082  31.854  33.547 0.0000000000
97308  45.242  32.673  37.708 0.0000000000
96702  44.617  32.311  37.416 0.0000000000
97309  44.550  32.372  37.762 0.0000000000
97857  43.014  33.653  39.270 0.0000000000
97856  43.602  34.204  39.688 0.0000000000
97843  43.389  34.192  40.267 0.0000000000
96683  42.746  31.715  42.131 0.0000000000
96082  42.817  30.965  41.608 0.0000000000
95471  43.048  30.129  42.654 0.0000000000
94807  42.021  28.249  42.128 0.0000000000
102253  39.649  41.415  34.093 0.0000000000
102254  38.980  41.342  33.929 0.0000000000
101762  40.473  40.768  33.411 0.0000000000
101249  38.646  40.069  36.213 0.0000000000
99655  41.090  36.857  32.930 0.0000000000
99654  41.823  36.812  32.576 0.0000000000
100169  42.191  37.630  32.004 0.0000000000
99653  42.578  36.443  31.854 0.0000000000
99115  42.918  35.007  32.202 0.0000000000
97354  45.820  32.177  32.981 0.0000000000
97366  44.955  32.511  32.382 0.0000000000
94875  41.217  28.757  35.753 0.0000000000
94864  41.832  28.281  35.878 0.0000000000
92941  41.839  25.323  32.748 0.0000000000
92933  41.441  25.540  33.982 0.0000000000
92953  41.309  25.554  31.812 0.0000000000
92954  40.474  25.486  31.789 0.0000000000
92965  40.743  26.110  31.108 0.0000000000
92259  46.040  24.596  35.272 0.0000000000
94879  37.313  28.768  35.092 0.0000000000
94222  36.956  28.294  35.682 0.0000000000
94210  38.955  27.344  36.164 0.0000000000
96772  41.030  31.594  31.530 0.0000000000
97381  40.835  32.362  31.369 0.0000000000
96773  40.424  31.525  31.489 0.0000000000
96167  38.370  30.877  32.713 0.0000000000
96768  38.893  31.420  31.966 0.0000000000
95544  37.739  29.887  34.426 0.0000000000
95535  36.684  29.380  34.876 0.0000000000
92847  46.850  25.908  43.309 0.0000000000
92846  47.482  25.524  42.925 0.0000000000
92835  47.019  25.031  43.119 0.0000000000
91558  47.398  22.622  43.968 0.0000000000
90941  47.241  22.334  43.820 0.0000000000
90945  45.993  22.799  42.975 0.0000000000
90942  46.575  22.254  43.419 0.0000000000
102289  40.605  42.048  30.979 0.0000000000
102769  41.230  42.243  29.950 0.0000000000
97926  46.364  32.871  34.264 0.0000000000
97339  46.941  31.964  34.270 0.0000000000
97915  46.442  33.015  35.231 0.0000000000
97903  45.565  33.535  36.236 0.0000000000
97883  46.254  34.240  37.607 0.0000000000
97831  41.232  33.384  41.448 0.0000000000
96667  41.963  31.822  42.445 0.0000000000
95457  40.256  30.026  42.119 0.0000000000
95472  41.314  29.128  42.153 0.0000000000
95473  40.761  29.195  41.876 0.0000000000
100143  41.601  38.275  36.765 0.0000000000
100156  40.919  38.051  36.190 0.0000000000
100155  41.430  37.575  36.074 0.0000000000
99067  43.165  35.642  35.323 0.0000000000
99631  42.097  36.077  34.897 0.0000000000
99077  42.484  35.587  34.855 0.0000000000
99094  41.763  36.028  34.121 0.0000000000
98504  42.974  35.139  34.475 0.0000000000
98518  43.160  34.858  33.511 0.0000000000
98503  43.806  34.935  34.419 0.0000000000
98490  45.085  35.196  34.966 0.0000000000
98502  44.808  34.673  34.253 0.0000000000
98501  45.664  33.656  33.752 0.0000000000
97934  46.223  32.955  33.185 0.0000000000
94862  42.894  27.913  37.095 0.0000000000
92905  43.703  25.992  35.943 0.0000000000
92918  43.523  25.856  35.170 0.0000000000
92909  35.205  25.459  36.356 0.0000000000
94212  37.020  27.470  36.184 0.0000000000
92925  36.685  24.901  36.058 0.0000000000
92908  36.167  25.554  36.403 0.0000000000
92263  34.869  25.047  35.826 0.0000000000
92276  35.271  24.754  35.361 0.0000000000
92293  36.797  24.723  33.383 0.0000000000
92294  35.627  25.324  33.418 0.0000000000
92301  35.701  25.774  32.748 0.0000000000
92959  34.407  26.283  32.174 0.0000000000
92958  35.353  26.057  32.186 0.0000000000
99685  44.229  37.133  29.324 0.0000000000
99697  43.850  36.882  29.245 0.0000000000
99673  41.612  35.876  30.876 0.0000000000
99674  40.597  36.245  31.237 0.0000000000
99033  42.962  35.913  37.079 0.0000000000
97872  40.889  32.951  38.438 0.0000000000
110343  35.338  43.425  37.336 0.0000000000
101712  36.460  41.654  37.192 0.0000000000
101728  37.102  40.785  37.140 0.0000000000
100675  38.422  38.443  37.273 0.0000000000
101221  38.536  38.975  37.297 0.0000000000
100673  40.268  38.335  37.316 0.0000000000
99603  41.334  36.855  37.039 0.0000000000
100130  41.698  37.906  37.188 0.0000000000
94178  45.481  27.138  39.954 0.0000000000
93536  46.367  26.740  39.970 0.0000000000
92876  47.369  25.688  39.468 0.0000000000
92878  47.338  25.446  38.506 0.0000000000
92226  47.322  25.076  38.683 0.0000000000
92234  47.117  24.657  37.947 0.0000000000
92191  47.724  25.121  41.985 0.0000000000
92206  47.477  25.093  40.878 0.0000000000
92229  44.575  24.248  39.658 0.0000000000
92236  45.049  24.352  38.467 0.0000000000
92237  44.032  24.215  38.709 0.0000000000
91617  43.416  23.809  38.045 0.0000000000
96153  41.005  31.276  33.242 0.0000000000
96128  43.042  30.803  35.140 0.0000000000
96739  46.505  31.773  34.708 0.0000000000
95521  42.774  30.134  36.055 0.0000000000
96106  43.102  30.017  37.616 0.0000000000
99031  45.196  35.822  37.700 0.0000000000
98461  45.001  35.252  38.439 0.0000000000
98441  45.013  35.048  40.715 0.0000000000
98416  43.259  34.572  42.630 0.0000000000
98424  43.821  35.135  42.359 0.0000000000
98415  43.842  34.881  43.104 0.0000000000
97271  44.458  33.447  41.634 0.0000000000
96689  43.684  31.470  40.161 0.0000000000
96086  42.949  29.998  40.327 0.0000000000
94825  44.130  28.416  40.397 0.0000000000
95484  44.279  29.104  41.120 0.0000000000
94806  44.978  28.661  41.757 0.0000000000
94791  45.722  28.621  42.587 0.0000000000
95447  43.347  29.546  43.372 0.0000000000
94132  44.430  28.944  43.750 0.0000000000
102269  37.599  41.582  32.614 0.0000000000
102277  42.586  40.676  31.629 0.0000000000
100706  40.093  38.315  34.217 0.0000000000
101258  40.178  39.271  33.526 0.0000000000
101265  40.842  39.156  33.203 0.0000000000
101257  40.948  39.639  33.267 0.0000000000
100723  42.881  38.339  31.311 0.0000000000
101263  42.274  39.194  31.941 0.0000000000
100722  43.536  38.239  30.778 0.0000000000
100737  44.037  38.219  30.195 0.0000000000
98556  44.301  34.457  30.536 0.0000000000
98531  44.016  34.479  32.227 0.0000000000
98530  44.501  33.922  31.905 0.0000000000
97955  43.572  33.201  31.113 0.0000000000
97379  43.002  32.280  31.038 0.0000000000
97369  42.182  32.278  31.913 0.0000000000
96756  40.739  31.221  32.747 0.0000000000
96131  40.410  29.978  34.936 0.0000000000
95533  39.735  29.563  34.984 0.0000000000
94865  40.290  28.015  35.915 0.0000000000
93572  39.410  26.698  36.239 0.0000000000
93569  42.354  26.776  36.191 0.0000000000
92935  39.414  25.038  34.564 0.0000000000
92291  38.714  24.821  34.251 0.0000000000
92967  38.387  26.033  30.618 0.0000000000
92956  37.861  25.537  31.945 0.0000000000
92309  37.890  25.271  30.626 0.0000000000
92880  46.074  25.769  37.977 0.0000000000
93566  45.804  25.705  36.853 0.0000000000
91653  46.070  24.634  33.865 0.0000000000
110253  46.210  25.470  34.349 0.0000000000
110244  45.679  25.043  33.458 0.0000000000
110247  45.317  25.205  33.830 0.0000000000
110236  44.186  25.113  32.127 0.0000000000
91666  43.315  23.568  33.755 0.0000000000
94885  38.010  29.094  34.583 0.0000000000
94884  38.686  28.926  34.744 0.0000000000
94877  39.208  28.582  35.322 0.0000000000
96164  40.384  30.700  31.891 0.0000000000
96172  39.850  30.801  31.776 0.0000000000
96173  39.496  30.746  31.916 0.0000000000
96166  38.999  30.772  32.249 0.0000000000
92837  45.970  24.703  43.717 0.0000000000
92184  46.443  23.976  44.149 0.0000000000
92173  46.771  23.385  44.390 0.0000000000
90907  46.761  21.736  44.906 0.0000000000
99047  46.551  35.448  37.718 0.0000000000
97819  40.433  33.220  42.049 0.0000000000
97261  40.091  33.221  42.193 0.0000000000
99628  41.988  37.008  35.788 0.0000000000
99066  44.136  35.798  35.095 0.0000000000
94850  43.283  28.006  37.677 0.0000000000
94205  43.412  27.445  37.151 0.0000000000
93554  43.925  27.133  37.265 0.0000000000
91647  36.825  24.124  35.208 0.0000000000
91659  36.723  24.039  34.845 0.0000000000
99151  43.421  36.267  29.584 0.0000000000
99143  42.387  35.321  30.381 0.0000000000
99131  41.708  35.184  30.818 0.0000000000
94888  35.741  29.921  35.032 0.0000000000
94869  34.439  28.810  36.584 0.0000000000
99035  40.865  35.713  36.946 0.0000000000
100146  37.613  37.635  36.907 0.0000000000
100690  37.135  38.639  36.749 0.0000000000
93532  46.960  27.395  40.432 0.0000000000
93531  47.378  27.102  40.750 0.0000000000
93534  47.392  26.338  40.227 0.0000000000
92873  47.549  25.786  40.511 0.0000000000
92208  45.488  23.878  41.239 0.0000000000
91609  43.668  23.650  39.834 0.0000000000
96743  41.898  31.481  33.828 0.0000000000
96742  42.774  31.790  34.094 0.0000000000
96713  45.543  32.231  36.575 0.0000000000
96714  44.926  32.051  36.740 0.0000000000
96695  42.820  30.946  39.042 0.0000000000
98453  43.597  33.995  38.651 0.0000000000
98452  44.428  34.446  38.759 0.0000000000
98442  44.284  34.562  39.920 0.0000000000
97243  42.754  32.687  42.415 0.0000000000
97242  43.642  33.567  42.749 0.0000000000
97259  43.562  32.504  42.151 0.0000000000
96686  43.351  31.600  41.198 0.0000000000
94785  43.597  29.104  43.566 0.0000000000
101756  38.440  41.438  34.314 0.0000000000
102242  38.485  41.660  36.893 0.0000000000
99641  40.934  36.867  33.679 0.0000000000
100163  40.539  37.518  33.886 0.0000000000
100171  40.695  37.343  33.075 0.0000000000
100712  41.672  38.439  32.368 0.0000000000
99672  43.301  36.690  31.247 0.0000000000
99129  44.180  35.031  31.247 0.0000000000
97944  44.785  33.179  32.174 0.0000000000
97377  44.433  32.710  31.880 0.0000000000
97368  43.157  32.358  31.907 0.0000000000
94208  40.820  27.499  35.917 0.0000000000
92919  42.236  25.853  34.956 0.0000000000
92966  39.452  26.237  30.810 0.0000000000
93612  38.759  27.010  30.156 0.0000000000
92903  45.919  25.509  35.840 0.0000000000
92270  45.356  24.885  34.056 0.0000000000
93586  38.937  25.899  36.032 0.0000000000
97957  41.938  33.302  31.419 0.0000000000
97370  40.531  32.477  31.501 0.0000000000
97383  39.475  31.492  31.691 0.0000000000
96146  36.408  30.564  34.342 0.0000000000
95536  36.227  29.377  34.919 0.0000000000
100147  36.462  37.704  36.616 0.0000000000
99618  37.675  36.508  36.795 0.0000000000
93503  47.181  26.856  43.287 0.0000000000
93501  47.944  26.554  42.422 0.0000000000
93519  47.436  26.287  43.109 0.0000000000
92183  47.358  24.048  43.722 0.0000000000
91592  46.887  23.725  42.566 0.0000000000
91593  46.020  23.412  42.183 0.0000000000
97341  45.182  31.817  33.691 0.0000000000
97340  46.330  31.583  33.812 0.0000000000
96738  46.829  31.918  34.709 0.0000000000
96724  46.649  31.917  35.155 0.0000000000
97328  46.299  32.442  35.610 0.0000000000
98434  42.917  34.380  40.995 0.0000000000
97830  42.367  33.639  41.278 0.0000000000
97818  41.011  33.059  41.778 0.0000000000
96666  42.384  31.848  42.332 0.0000000000
94795  41.633  29.048  42.401 0.0000000000
100688  39.920  38.530  36.793 0.0000000000
100700  39.595  38.661  35.916 0.0000000000
100699  40.457  38.367  36.442 0.0000000000
100160  40.690  37.414  35.132 0.0000000000
93582  42.838  26.359  35.672 0.0000000000
110238  42.859  25.428  33.349 0.0000000000
91631  44.339  23.989  36.215 0.0000000000
91642  44.222  23.858  35.704 0.0000000000
91643  43.272  23.658  35.599 0.0000000000
93576  35.602  26.281  36.580 0.0000000000
92295  34.510  25.551  33.417 0.0000000000
92960  33.714  26.170  31.995 0.0000000000
99699  42.516  36.760  29.640 0.0000000000
98547  40.754  34.390  31.503 0.0000000000
99600  44.198  36.237  36.582 0.0000000000
99050  44.673  36.349  36.913 0.0000000000
98464  42.512  34.969  37.120 0.0000000000
97885  43.114  34.282  37.471 0.0000000000
97869  43.764  34.140  37.940 0.0000000000
97870  42.997  33.715  38.120 0.0000000000
97858  41.769  33.141  39.457 0.0000000000
102210  37.581  43.003  38.060 0.0000000000
101711  37.424  41.982  37.503 0.0000000000
100689  37.895  38.547  37.267 0.0000000000
101236  37.771  39.525  37.129 0.0000000000
100687  40.993  38.543  37.062 0.0000000000
100686  41.479  38.347  37.240 0.0000000000
94183  45.081  27.255  39.119 0.0000000000
93541  44.908  27.170  38.470 0.0000000000
93540  45.731  26.449  38.702 0.0000000000
92879  46.693  25.669  38.242 0.0000000000
92891  47.518  25.291  37.723 0.0000000000
92247  45.273  24.430  37.384 0.0000000000
92859  47.857  25.843  41.504 0.0000000000
92220  47.171  25.236  39.736 0.0000000000
92261  44.534  24.468  37.009 0.0000000000
96130  41.062  30.314  34.999 0.0000000000
95522  42.581  29.555  35.968 0.0000000000
96727  43.484  31.367  35.146 0.0000000000
94842  43.149  28.448  38.025 0.0000000000
94841  43.520  28.149  38.566 0.0000000000
94840  43.949  27.787  38.813 0.0000000000
99030  45.992  35.868  37.784 0.0000000000
99020  46.442  35.582  38.123 0.0000000000
98450  46.293  35.165  38.433 0.0000000000
97867  46.214  34.262  38.713 0.0000000000
98440  45.195  35.108  41.379 0.0000000000
97829  44.618  34.302  42.194 0.0000000000
97828  45.139  34.815  42.008 0.0000000000
97841  45.345  34.813  41.388 0.0000000000
96090  43.212  30.846  40.109 0.0000000000
96091  42.829  30.356  39.793 0.0000000000
95494  42.944  29.630  39.524 0.0000000000
95493  43.274  29.024  39.484 0.0000000000
94833  43.572  28.481  39.468 0.0000000000
94832  44.032  27.989  39.311 0.0000000000
94159  45.796  28.325  41.525 0.0000000000
94158  46.575  28.476  41.962 0.0000000000
95454  43.510  29.813  43.121 0.0000000000
95445  44.062  30.006  43.815 0.0000000000
94784  44.350  29.375  43.707 0.0000000000
94131  44.684  29.022  43.847 0.0000000000
92848  45.587  25.537  43.224 0.0000000000
102287  43.094  41.340  30.996 0.0000000000
101775  43.997  40.076  30.205 0.0000000000
102247  39.480  42.052  35.120 0.0000000000
101755  39.946  41.050  34.097 0.0000000000
101754  40.286  40.279  33.788 0.0000000000
101768  42.726  40.037  31.773 0.0000000000
101278  43.568  39.529  30.764 0.0000000000
101277  44.018  39.504  30.199 0.0000000000
99686  44.180  36.618  29.809 0.0000000000
97967  43.300  34.109  30.771 0.0000000000
99114  43.692  34.754  31.822 0.0000000000
99128  44.538  34.744  31.021 0.0000000000
98543  44.419  34.350  31.138 0.0000000000
97966  43.716  33.900  30.736 0.0000000000
96765  41.471  31.474  31.819 0.0000000000
96163  40.845  31.018  31.704 0.0000000000
96757  40.288  31.159  32.825 0.0000000000
94866  39.773  28.151  35.849 0.0000000000
94219  39.290  27.870  35.814 0.0000000000
93584  40.738  26.226  35.607 0.0000000000
92922  39.229  25.224  35.417 0.0000000000
92272  38.584  24.822  35.261 0.0000000000
92282  38.251  24.642  34.682 0.0000000000
92944  37.472  25.127  32.884 0.0000000000
92957  36.489  25.482  32.220 0.0000000000
92969  35.892  25.854  31.374 0.0000000000
92916  45.911  25.587  34.886 0.0000000000
92917  44.914  25.657  34.999 0.0000000000
110239  42.831  25.324  32.688 0.0000000000
110250  44.267  24.756  32.363 0.0000000000
110241  42.996  23.802  31.886 0.0000000000
110245  44.057  24.590  32.167 0.0000000000
110251  43.911  24.950  31.766 0.0000000000
93599  42.822  25.945  30.765 0.0000000000
93600  42.293  26.115  30.952 0.0000000000
93610  40.933  26.386  30.263 0.0000000000
93622  39.897  26.772  29.440 0.0000000000
90908  45.786  21.753  45.136 0.0000000000
90294  47.401  21.049  45.017 0.0000000000
89633  46.453  20.619  44.235 0.0000000000
90315  46.567  21.421  43.753 0.0000000000
89625  46.543  20.589  44.705 0.0000000000
89634  45.812  20.228  43.879 0.0000000000
90292  47.745  21.690  44.859 0.0000000000
90293  47.539  21.548  44.635 0.0000000000
90295  46.403  20.836  45.371 0.0000000000
90296  45.456  20.919  45.279 0.0000000000
90303  47.801  21.660  44.597 0.0000000000
90304  47.474  21.617  44.569 0.0000000000
90305  46.835  21.188  44.337 0.0000000000
90306  46.317  20.912  43.927 0.0000000000
90905  47.574  21.765  44.473 0.0000000000
90906  47.249  21.667  44.596 0.0000000000
90922  47.441  21.817  44.228 0.0000000000
90924  47.058  21.767  43.862 0.0000000000
90943  45.822  22.211  43.126 0.0000000000
91545  47.388  22.087  44.254 0.0000000000
91546  47.077  22.790  44.331 0.0000000000
91547  46.193  22.872  44.625 0.0000000000
91557  47.439  22.110  44.084 0.0000000000
91577  46.640  23.122  42.898 0.0000000000
91630  46.754  24.593  34.888 0.0000000000
91640  46.928  24.657  34.527 0.0000000000
91641  46.430  24.421  34.413 0.0000000000
91646  37.044  24.196  35.282 0.0000000000
91652  46.445  24.689  34.020 0.0000000000
91658  37.096  23.994  35.091 0.0000000000
92209  44.859  23.749  41.138 0.0000000000
92223  44.806  24.023  40.657 0.0000000000
92233  47.770  24.865  37.958 0.0000000000
92245  47.373  24.945  37.508 0.0000000000
92258  46.667  25.021  34.879 0.0000000000
92264  34.372  25.261  35.469 0.0000000000
92302  33.855  25.600  32.059 0.0000000000
92860  47.429  26.036  43.107 0.0000000000
92861  47.264  25.899  43.227 0.0000000000
92890  47.853  25.195  37.889 0.0000000000
92902  46.324  25.467  34.974 0.0000000000
92945  36.790  25.246  32.877 0.0000000000
92947  34.044  26.020  32.592 0.0000000000
92948  33.745  25.885  32.317 0.0000000000
92964  42.117  25.637  31.782 0.0000000000
92977  40.246  26.265  30.446 0.0000000000
92980  36.372  25.434  30.485 0.0000000000
92982  35.668  25.771  31.096 0.0000000000
92992  39.998  26.576  28.894 0.0000000000
92993  39.273  26.937  29.097 0.0000000000
93502  47.688  26.544  42.810 0.0000000000
93518  48.128  26.573  42.031 0.0000000000
93535  47.122  26.701  39.942 0.0000000000
93601  41.561  26.241  31.065 0.0000000000
93602  39.049  26.969  30.473 0.0000000000
93603  38.846  26.729  30.443 0.0000000000
93608  42.939  25.915  30.361 0.0000000000
93611  39.559  26.775  30.197 0.0000000000
93620  42.072  26.158  29.558 0.0000000000
93621  41.016  26.473  29.360 0.0000000000
93623  39.103  27.148  29.596 0.0000000000
94139  47.980  26.914  42.466 0.0000000000
94160  42.369  27.970  42.235 0.0000000000
96165  39.791  30.680  32.112 0.0000000000
96171  40.324  31.032  31.661 0.0000000000
96774  39.881  31.245  31.622 0.0000000000
97241  43.939  33.888  42.823 0.0000000000
97293  46.179  33.689  38.796 0.0000000000
97327  46.745  32.110  35.188 0.0000000000
97338  46.882  32.049  34.859 0.0000000000
97371  40.214  32.404  31.643 0.0000000000
97815  44.072  34.348  43.012 0.0000000000
97842  45.278  34.175  41.448 0.0000000000
97854  45.297  34.872  41.037 0.0000000000
97866  46.671  34.914  38.158 0.0000000000
97884  43.680  34.492  37.506 0.0000000000
97925  46.772  32.386  34.740 0.0000000000
98414  44.231  34.870  43.156 0.0000000000
98422  45.021  35.036  42.208 0.0000000000
98431  45.126  35.073  41.939 0.0000000000
98432  44.699  35.120  41.768 0.0000000000
98449  46.630  35.309  38.166 0.0000000000
98459  46.783  35.308  37.905 0.0000000000
98460  46.675  34.928  37.577 0.0000000000
98479  46.553  35.219  37.538 0.0000000000
98491  43.389  35.274  34.936 0.0000000000
99022  45.451  35.447  38.424 0.0000000000
99029  46.463  35.633  37.858 0.0000000000
99075  44.757  35.442  34.914 0.0000000000
99078  41.978  35.925  34.487 0.0000000000
100671  41.472  38.154  37.389 0.0000000000
101757  38.100  41.549  34.536 0.0000000000
102264  42.394  40.422  32.126 0.0000000000
110246  45.984  25.534  33.994 0.0000000000
110249  46.107  25.355  33.870 0.0000000000
110254  46.569  25.083  34.106 0.0000000000
