#!ascii label  , from subject 3321 vox2ras=TkReg
638
87544  36.632  16.697  43.512 0.0000000000
86845  44.145  16.575  38.482 0.0000000000
90339  40.047  21.037  37.634 0.0000000000
84689  42.813  13.412  29.789 0.0000000000
84607  37.997  13.394  40.561 0.0000000000
90950  43.855  22.727  41.295 0.0000000000
86905  45.329  16.858  33.169 0.0000000000
88344  34.976  18.960  31.422 0.0000000000
87536  44.430  18.078  43.170 0.0000000000
86828  40.227  16.045  42.878 0.0000000000
84620  41.149  13.558  37.883 0.0000000000
91019  39.726  22.881  32.425 0.0000000000
88313  37.849  18.505  33.982 0.0000000000
88257  44.025  18.676  38.537 0.0000000000
88321  42.344  17.702  33.518 0.0000000000
90385  36.482  21.624  33.522 0.0000000000
88225  40.417  17.636  43.412 0.0000000000
86809  38.932  16.102  44.193 0.0000000000
83850  39.280  12.702  39.508 0.0000000000
90976  42.168  22.970  37.027 0.0000000000
91667  42.344  23.504  33.801 0.0000000000
90361  40.086  21.829  35.074 0.0000000000
89698  37.870  20.700  34.271 0.0000000000
88979  39.158  19.443  36.142 0.0000000000
86824  44.190  16.589  41.452 0.0000000000
88242  44.829  18.411  41.730 0.0000000000
87565  45.811  17.854  38.947 0.0000000000
86927  44.483  16.795  30.438 0.0000000000
89003  44.565  19.164  33.404 0.0000000000
87643  43.120  17.102  30.999 0.0000000000
86922  41.269  16.220  32.295 0.0000000000
85415  42.184  14.376  31.712 0.0000000000
82149  41.387  11.001  33.700 0.0000000000
86083  35.749  15.269  43.690 0.0000000000
85344  37.119  14.903  42.662 0.0000000000
90955  41.648  22.118  39.304 0.0000000000
86141  43.131  15.253  36.084 0.0000000000
86865  45.273  16.724  36.543 0.0000000000
86164  43.963  14.864  33.963 0.0000000000
86182  45.707  15.123  30.508 0.0000000000
89635  44.683  20.447  44.268 0.0000000000
88936  41.588  19.493  43.262 0.0000000000
87551  42.641  17.166  43.181 0.0000000000
86841  42.487  16.478  40.189 0.0000000000
86102  38.871  15.458  41.417 0.0000000000
85356  40.316  14.925  39.215 0.0000000000
86121  42.306  15.333  37.769 0.0000000000
83879  42.422  12.598  36.501 0.0000000000
86085  33.805  15.123  43.546 0.0000000000
92330  41.914  24.980  29.828 0.0000000000
91692  38.300  23.485  31.259 0.0000000000
89716  37.423  20.913  32.595 0.0000000000
88327  36.638  18.273  32.969 0.0000000000
86897  38.126  16.339  33.092 0.0000000000
89646  44.433  20.310  43.009 0.0000000000
88956  42.673  20.418  40.943 0.0000000000
88967  41.318  19.356  39.140 0.0000000000
88262  46.040  18.775  36.603 0.0000000000
88280  42.973  18.510  36.440 0.0000000000
88282  40.699  18.343  36.865 0.0000000000
88324  39.905  17.650  33.981 0.0000000000
86910  39.597  16.519  32.672 0.0000000000
91012  36.384  21.877  34.153 0.0000000000
91680  36.495  23.174  32.140 0.0000000000
87554  38.773  17.418  43.291 0.0000000000
86810  38.068  16.048  43.708 0.0000000000
90965  40.897  22.332  37.489 0.0000000000
90988  41.464  22.798  35.767 0.0000000000
90350  39.826  21.011  36.715 0.0000000000
89687  38.839  20.569  35.744 0.0000000000
88971  39.619  19.548  37.143 0.0000000000
86839  44.323  16.513  39.524 0.0000000000
86831  45.197  16.815  39.990 0.0000000000
86838  45.024  16.830  39.050 0.0000000000
86200  43.748  15.922  29.335 0.0000000000
86928  43.737  16.889  30.227 0.0000000000
86201  42.879  16.096  29.658 0.0000000000
86192  42.412  15.805  30.554 0.0000000000
84681  42.721  13.741  30.387 0.0000000000
83919  43.040  12.220  31.679 0.0000000000
83928  42.827  12.049  30.686 0.0000000000
85346  35.767  13.993  43.300 0.0000000000
91613  42.567  23.418  38.619 0.0000000000
90953  42.596  22.609  40.168 0.0000000000
85392  43.203  14.318  35.647 0.0000000000
86153  43.925  15.147  34.624 0.0000000000
85401  43.582  14.339  34.266 0.0000000000
84680  46.427  13.791  31.090 0.0000000000
84679  46.792  13.886  30.508 0.0000000000
84686  46.395  14.608  29.686 0.0000000000
86807  40.507  16.440  43.811 0.0000000000
87552  41.769  17.081  43.365 0.0000000000
86819  41.743  16.731  42.956 0.0000000000
86826  42.095  16.457  42.219 0.0000000000
86835  41.329  16.268  41.803 0.0000000000
85349  37.301  14.485  41.797 0.0000000000
86097  37.967  15.283  42.545 0.0000000000
85354  37.675  14.362  40.981 0.0000000000
83860  40.491  12.551  38.745 0.0000000000
85357  39.600  14.556  39.697 0.0000000000
85363  40.733  14.275  38.499 0.0000000000
86111  41.167  15.436  38.838 0.0000000000
85371  41.819  14.245  37.485 0.0000000000
84631  42.148  13.643  36.821 0.0000000000
84632  41.633  13.276  37.347 0.0000000000
83054  43.320  11.443  35.748 0.0000000000
91669  40.860  23.196  33.153 0.0000000000
92307  42.782  23.896  31.488 0.0000000000
91690  40.713  23.721  31.383 0.0000000000
91704  39.744  24.055  30.660 0.0000000000
91028  39.425  23.202  31.508 0.0000000000
91021  37.912  22.512  32.342 0.0000000000
91011  38.409  22.418  33.006 0.0000000000
88993  37.645  19.487  34.882 0.0000000000
89700  37.011  19.497  34.036 0.0000000000
88314  37.166  18.571  33.704 0.0000000000
87619  36.977  17.398  33.020 0.0000000000
87618  37.918  17.179  33.239 0.0000000000
88934  44.320  19.598  43.534 0.0000000000
88933  45.125  19.236  43.523 0.0000000000
88247  44.120  18.681  40.732 0.0000000000
88958  43.695  19.152  40.868 0.0000000000
88963  43.126  19.411  40.082 0.0000000000
88964  41.639  19.685  39.836 0.0000000000
88258  42.634  18.698  38.627 0.0000000000
86883  45.743  16.793  34.811 0.0000000000
87579  46.028  17.580  36.295 0.0000000000
87600  45.774  17.540  34.384 0.0000000000
88320  43.387  18.212  33.109 0.0000000000
87601  44.046  18.830  34.744 0.0000000000
88294  43.349  18.230  35.191 0.0000000000
88281  41.617  18.247  36.666 0.0000000000
88295  41.636  18.059  35.554 0.0000000000
88296  40.333  18.074  35.191 0.0000000000
88322  41.270  17.646  33.716 0.0000000000
86176  41.126  15.514  32.351 0.0000000000
86909  40.828  16.433  32.490 0.0000000000
86165  40.522  15.545  33.102 0.0000000000
86166  39.541  15.662  33.068 0.0000000000
90946  45.383  22.448  42.449 0.0000000000
90386  35.869  21.125  33.499 0.0000000000
89719  35.289  20.305  32.273 0.0000000000
88948  39.796  19.372  42.780 0.0000000000
88235  39.447  17.916  43.036 0.0000000000
86808  39.799  16.183  44.090 0.0000000000
86078  40.117  15.826  43.941 0.0000000000
84612  38.744  13.542  40.024 0.0000000000
91644  42.274  23.344  35.482 0.0000000000
91007  41.072  22.730  34.193 0.0000000000
90999  40.010  22.360  34.166 0.0000000000
90382  39.100  22.173  33.688 0.0000000000
90374  38.600  21.047  34.858 0.0000000000
89688  38.177  20.206  35.531 0.0000000000
88992  38.328  19.165  35.242 0.0000000000
87549  44.807  17.568  42.401 0.0000000000
88232  45.095  18.476  42.788 0.0000000000
87560  44.950  17.501  41.313 0.0000000000
88245  45.261  17.945  39.799 0.0000000000
88249  45.659  18.238  39.175 0.0000000000
87627  44.866  17.510  31.945 0.0000000000
88319  45.413  18.294  33.032 0.0000000000
88333  44.643  18.282  31.921 0.0000000000
88342  43.929  18.162  31.725 0.0000000000
87613  42.577  17.273  32.674 0.0000000000
87614  41.618  17.300  32.973 0.0000000000
86920  42.442  16.495  31.521 0.0000000000
86185  41.970  15.532  31.501 0.0000000000
85416  41.662  14.507  32.310 0.0000000000
82179  42.289  10.869  32.719 0.0000000000
86812  36.223  16.010  43.922 0.0000000000
86811  37.140  16.001  43.565 0.0000000000
85338  36.164  14.714  43.448 0.0000000000
85350  36.697  14.181  42.265 0.0000000000
84604  36.636  13.444  41.549 0.0000000000
91618  42.489  23.379  37.521 0.0000000000
90964  41.767  22.978  37.700 0.0000000000
90334  40.511  21.411  38.292 0.0000000000
86119  43.784  15.891  37.250 0.0000000000
86856  44.444  16.332  37.726 0.0000000000
86130  43.786  15.761  36.479 0.0000000000
86139  44.540  15.759  34.864 0.0000000000
86893  44.857  16.064  33.401 0.0000000000
85407  44.091  14.558  32.627 0.0000000000
86174  44.356  15.422  32.407 0.0000000000
86906  44.759  16.535  32.316 0.0000000000
86918  45.373  15.787  30.573 0.0000000000
85439  45.501  15.130  29.407 0.0000000000
84695  44.202  13.498  29.366 0.0000000000
83132  43.155  11.604  29.834 0.0000000000
89636  43.436  20.586  43.922 0.0000000000
88222  43.867  18.726  43.595 0.0000000000
88224  41.299  18.315  43.370 0.0000000000
87538  42.131  17.686  43.483 0.0000000000
87537  43.281  17.879  43.372 0.0000000000
86817  44.057  16.838  42.305 0.0000000000
86833  43.323  16.348  40.891 0.0000000000
86840  43.448  16.348  39.937 0.0000000000
86080  38.499  15.561  43.827 0.0000000000
86090  38.761  15.359  43.428 0.0000000000
86095  39.566  15.839  42.293 0.0000000000
85358  39.065  14.293  40.076 0.0000000000
85352  39.191  15.164  40.433 0.0000000000
86100  40.804  16.369  40.855 0.0000000000
86099  41.635  16.277  40.310 0.0000000000
86110  42.149  16.104  38.487 0.0000000000
86109  43.172  15.974  38.202 0.0000000000
85370  42.422  14.845  37.101 0.0000000000
85381  42.685  14.520  36.396 0.0000000000
84649  42.988  13.326  35.469 0.0000000000
83042  42.432  11.729  36.951 0.0000000000
83071  43.165  12.027  35.583 0.0000000000
86813  35.219  16.086  43.670 0.0000000000
86084  34.783  15.218  43.640 0.0000000000
85342  32.748  14.135  43.902 0.0000000000
92975  43.428  24.839  30.666 0.0000000000
92332  39.805  25.854  28.992 0.0000000000
91679  37.217  22.877  32.288 0.0000000000
90393  36.897  21.572  32.848 0.0000000000
89726  36.621  20.780  31.863 0.0000000000
89707  37.728  21.023  33.429 0.0000000000
89717  36.458  20.409  32.502 0.0000000000
88335  35.880  18.483  32.079 0.0000000000
90323  44.268  21.691  42.055 0.0000000000
88954  44.229  19.403  41.914 0.0000000000
89654  43.223  20.594  41.772 0.0000000000
90326  42.722  21.655  40.848 0.0000000000
90330  41.962  21.557  40.212 0.0000000000
89661  40.967  20.582  39.268 0.0000000000
89666  40.374  19.963  38.138 0.0000000000
86843  45.765  17.375  37.734 0.0000000000
87567  46.004  18.139  38.080 0.0000000000
88256  45.394  18.560  38.314 0.0000000000
88292  45.126  18.774  35.018 0.0000000000
88278  45.458  19.165  35.941 0.0000000000
88264  44.184  18.681  37.387 0.0000000000
88265  42.824  18.423  37.603 0.0000000000
88266  41.537  18.501  37.700 0.0000000000
88267  40.347  18.904  37.525 0.0000000000
88283  39.697  18.554  36.384 0.0000000000
88297  39.255  18.430  35.294 0.0000000000
87604  39.196  17.579  34.167 0.0000000000
87615  40.599  17.453  33.183 0.0000000000
87616  39.683  17.451  33.676 0.0000000000
87617  38.704  17.470  33.633 0.0000000000
86896  38.543  16.023  32.737 0.0000000000
83086  41.285  11.568  34.192 0.0000000000
91023  35.862  22.855  32.827 0.0000000000
87556  36.988  17.417  43.211 0.0000000000
87543  37.528  16.737  43.621 0.0000000000
90338  40.327  21.643  37.118 0.0000000000
89667  39.996  20.310  37.509 0.0000000000
85432  43.355  14.616  29.664 0.0000000000
85441  43.206  15.235  29.621 0.0000000000
85433  42.812  14.464  29.922 0.0000000000
85442  42.598  15.328  29.919 0.0000000000
84690  42.510  12.800  30.121 0.0000000000
91595  44.238  23.092  41.297 0.0000000000
91605  43.789  23.224  40.718 0.0000000000
91606  43.181  23.102  40.271 0.0000000000
90951  43.283  22.470  40.975 0.0000000000
84648  43.357  13.605  34.794 0.0000000000
84656  43.712  13.506  33.933 0.0000000000
83931  46.332  13.291  30.199 0.0000000000
88336  35.161  18.557  31.860 0.0000000000
86820  40.605  16.250  43.403 0.0000000000
86806  41.238  16.660  43.664 0.0000000000
86827  41.091  16.264  42.573 0.0000000000
84608  37.310  13.703  41.079 0.0000000000
84621  40.604  13.279  38.408 0.0000000000
91018  40.317  22.873  32.992 0.0000000000
91677  40.605  23.539  32.387 0.0000000000
91678  39.967  23.547  31.731 0.0000000000
91691  39.946  23.623  31.065 0.0000000000
91020  38.903  22.703  32.213 0.0000000000
91010  39.037  22.429  33.093 0.0000000000
89005  38.090  18.835  34.435 0.0000000000
89006  37.537  19.186  34.272 0.0000000000
88326  37.430  17.948  33.438 0.0000000000
88325  38.057  17.839  33.814 0.0000000000
88221  44.956  18.833  43.491 0.0000000000
88251  43.820  18.958  39.663 0.0000000000
88962  43.730  19.125  40.282 0.0000000000
86892  45.527  16.800  33.956 0.0000000000
87588  45.925  17.386  35.346 0.0000000000
88308  43.152  18.371  34.164 0.0000000000
88309  42.081  18.006  34.416 0.0000000000
88310  40.868  17.864  34.494 0.0000000000
85417  41.070  14.952  32.845 0.0000000000
86154  40.127  15.420  33.643 0.0000000000
90375  36.289  21.508  34.306 0.0000000000
90395  35.438  21.089  32.415 0.0000000000
90394  36.161  21.427  32.369 0.0000000000
88949  38.742  19.029  42.556 0.0000000000
88236  38.349  17.978  42.493 0.0000000000
87541  39.344  16.934  43.591 0.0000000000
86079  39.358  15.605  44.063 0.0000000000
91633  42.619  23.468  36.451 0.0000000000
91643  43.272  23.658  35.599 0.0000000000
90987  42.015  23.050  36.308 0.0000000000
90989  40.719  22.290  35.476 0.0000000000
90997  41.198  22.737  34.880 0.0000000000
90998  40.482  22.461  34.600 0.0000000000
90372  40.009  22.109  34.549 0.0000000000
90373  39.391  21.868  34.397 0.0000000000
89675  38.712  19.921  35.995 0.0000000000
88980  38.554  19.703  35.771 0.0000000000
86816  44.691  17.044  41.745 0.0000000000
86830  45.436  17.260  39.264 0.0000000000
87563  45.275  17.381  40.429 0.0000000000
87562  45.440  17.570  39.606 0.0000000000
86919  44.842  16.595  31.130 0.0000000000
87641  44.393  17.598  31.267 0.0000000000
87648  43.430  17.218  30.649 0.0000000000
87642  43.710  17.697  31.427 0.0000000000
87628  43.328  17.613  32.344 0.0000000000
87629  42.957  17.145  31.898 0.0000000000
86907  42.361  17.078  32.511 0.0000000000
85435  42.149  14.948  31.010 0.0000000000
86193  42.270  15.273  30.837 0.0000000000
85426  41.899  14.777  31.493 0.0000000000
86175  41.497  15.037  31.776 0.0000000000
84673  42.567  13.624  31.996 0.0000000000
83918  43.019  11.586  31.527 0.0000000000
83110  42.657  11.482  32.500 0.0000000000
86082  36.669  15.377  43.588 0.0000000000
85345  36.364  14.291  42.888 0.0000000000
84605  36.236  13.598  42.302 0.0000000000
90958  42.348  22.937  39.350 0.0000000000
90959  41.931  22.788  38.738 0.0000000000
90960  41.128  22.361  38.563 0.0000000000
86131  43.050  15.411  36.789 0.0000000000
86152  44.392  15.553  34.121 0.0000000000
86884  45.096  16.228  34.455 0.0000000000
84663  44.575  13.628  32.574 0.0000000000
85423  45.851  14.393  30.950 0.0000000000
85414  44.782  14.447  31.821 0.0000000000
86183  44.967  15.458  31.315 0.0000000000
84694  45.532  14.117  29.514 0.0000000000
84693  45.993  14.784  29.509 0.0000000000
83939  43.893  12.448  29.385 0.0000000000
89637  42.225  20.635  43.550 0.0000000000
88935  43.063  19.591  43.674 0.0000000000
88234  40.419  18.515  43.152 0.0000000000
88233  40.887  18.715  43.175 0.0000000000
87550  43.875  17.165  43.092 0.0000000000
86818  42.975  16.723  42.687 0.0000000000
86834  42.115  16.451  41.170 0.0000000000
86825  43.141  16.568  41.825 0.0000000000
86092  36.903  15.143  43.167 0.0000000000
86081  37.569  15.586  43.416 0.0000000000
86091  37.829  15.475  43.185 0.0000000000
85348  38.093  15.074  41.599 0.0000000000
86096  38.866  15.328  42.538 0.0000000000
84611  39.325  13.706  39.646 0.0000000000
86106  39.950  15.716  40.037 0.0000000000
86101  39.719  15.943  41.155 0.0000000000
86105  40.989  15.720  39.834 0.0000000000
85362  41.573  14.784  38.167 0.0000000000
86120  43.031  15.679  37.483 0.0000000000
84641  42.663  13.493  36.095 0.0000000000
83889  42.774  12.606  35.779 0.0000000000
83070  43.706  11.764  35.045 0.0000000000
87546  34.642  17.223  43.278 0.0000000000
86814  34.069  16.192  43.592 0.0000000000
85340  34.415  14.350  43.588 0.0000000000
85341  33.536  14.209  43.677 0.0000000000
92317  42.600  24.048  30.848 0.0000000000
92316  43.435  24.289  31.612 0.0000000000
92988  43.160  24.741  30.210 0.0000000000
92976  43.403  25.395  30.622 0.0000000000
92990  42.012  25.678  29.500 0.0000000000
92991  41.005  26.128  28.921 0.0000000000
92331  40.852  25.467  29.496 0.0000000000
91035  39.208  23.642  30.920 0.0000000000
91693  37.505  23.464  31.425 0.0000000000
91030  38.160  23.165  31.585 0.0000000000
90392  37.446  21.639  33.219 0.0000000000
90400  37.269  21.195  32.125 0.0000000000
90401  36.717  21.148  31.809 0.0000000000
89725  37.102  20.885  31.907 0.0000000000
90383  38.380  21.646  33.638 0.0000000000
89007  36.748  19.073  33.616 0.0000000000
89709  36.653  19.757  33.582 0.0000000000
89016  36.249  19.204  32.724 0.0000000000
87635  36.253  17.650  32.611 0.0000000000
89627  45.187  20.682  44.866 0.0000000000
89634  45.812  20.228  43.879 0.0000000000
89645  45.177  20.737  43.261 0.0000000000
90317  44.781  21.138  42.709 0.0000000000
90318  44.150  21.091  42.346 0.0000000000
88953  45.078  18.831  42.445 0.0000000000
88959  43.027  19.700  40.757 0.0000000000
88955  42.966  20.096  41.277 0.0000000000
89657  42.816  21.073  40.886 0.0000000000
90327  42.485  21.261  40.671 0.0000000000
89658  42.529  20.786  40.741 0.0000000000
88253  41.631  19.260  39.270 0.0000000000
88965  40.798  19.993  39.204 0.0000000000
88968  40.782  19.580  38.753 0.0000000000
86866  44.654  16.000  36.994 0.0000000000
86855  45.190  16.708  37.394 0.0000000000
88277  46.119  18.505  35.799 0.0000000000
87570  46.153  18.100  36.974 0.0000000000
87571  45.951  18.448  37.285 0.0000000000
87568  45.749  18.451  37.693 0.0000000000
89002  45.340  19.077  33.228 0.0000000000
88305  45.659  18.430  33.822 0.0000000000
88306  45.123  18.938  34.060 0.0000000000
87590  44.126  18.730  34.959 0.0000000000
88293  44.349  18.801  35.160 0.0000000000
88279  44.307  18.948  36.204 0.0000000000
87581  41.238  18.123  36.440 0.0000000000
88268  39.509  19.009  36.926 0.0000000000
87583  40.321  18.037  36.332 0.0000000000
88311  39.726  17.897  34.330 0.0000000000
88298  38.655  18.588  35.067 0.0000000000
87603  39.537  17.571  34.102 0.0000000000
86908  41.838  16.832  32.681 0.0000000000
87630  40.915  17.217  32.620 0.0000000000
87631  40.080  17.130  32.808 0.0000000000
87632  39.159  17.137  32.943 0.0000000000
87633  38.473  17.070  33.033 0.0000000000
86911  38.696  16.540  32.753 0.0000000000
86155  39.347  15.411  33.903 0.0000000000
86167  38.596  15.670  33.081 0.0000000000
83899  41.658  12.596  33.995 0.0000000000
91000  36.257  21.722  34.472 0.0000000000
91022  36.816  22.329  33.163 0.0000000000
87555  37.902  17.385  43.172 0.0000000000
87542  38.430  16.773  43.721 0.0000000000
90977  41.490  22.784  36.783 0.0000000000
90978  40.969  22.104  36.432 0.0000000000
90349  40.191  21.684  36.075 0.0000000000
90362  39.307  21.161  35.618 0.0000000000
89674  39.167  20.266  36.331 0.0000000000
86832  44.361  16.432  40.523 0.0000000000
86823  45.075  16.770  41.041 0.0000000000
86934  44.221  16.446  29.730 0.0000000000
86935  43.397  16.511  29.730 0.0000000000
86929  42.975  16.736  30.302 0.0000000000
85434  42.339  14.936  30.429 0.0000000000
85425  42.526  14.307  31.073 0.0000000000
84682  42.535  13.088  30.882 0.0000000000
83927  42.899  11.647  31.210 0.0000000000
85339  35.283  14.379  43.599 0.0000000000
91612  43.334  23.829  39.022 0.0000000000
91610  42.865  23.337  39.569 0.0000000000
90954  42.130  22.325  39.635 0.0000000000
85391  43.592  14.585  35.010 0.0000000000
84672  45.619  13.509  31.519 0.0000000000
85422  46.515  14.781  30.269 0.0000000000
85421  46.734  14.829  30.006 0.0000000000
84678  46.718  14.539  30.002 0.0000000000
83937  45.862  13.377  29.818 0.0000000000
87540  40.216  16.850  43.686 0.0000000000
87539  41.152  17.205  43.871 0.0000000000
84610  39.931  13.541  38.968 0.0000000000
82118  42.743  11.173  36.668 0.0000000000
82134  43.616  11.135  35.532 0.0000000000
91676  41.714  23.485  32.883 0.0000000000
110240  42.917  23.862  32.721 0.0000000000
91689  41.521  23.810  31.826 0.0000000000
92318  41.753  24.329  30.444 0.0000000000
92319  40.760  24.712  30.226 0.0000000000
91703  40.751  23.932  30.709 0.0000000000
91034  39.404  23.521  31.036 0.0000000000
91029  38.780  23.189  31.327 0.0000000000
90384  37.953  22.182  33.237 0.0000000000
90391  37.813  21.360  33.392 0.0000000000
89699  37.329  19.892  34.525 0.0000000000
88945  44.720  19.605  42.996 0.0000000000
88243  44.173  18.843  41.377 0.0000000000
88960  42.320  20.195  40.696 0.0000000000
88252  42.346  19.117  39.398 0.0000000000
86873  45.202  16.466  35.469 0.0000000000
87580  45.650  17.156  36.398 0.0000000000
89004  43.975  19.072  33.387 0.0000000000
88307  44.111  19.083  34.211 0.0000000000
87602  43.719  18.616  34.635 0.0000000000
87592  41.209  18.008  36.214 0.0000000000
87593  40.682  17.845  35.933 0.0000000000
88323  40.311  17.630  33.879 0.0000000000
86186  41.353  15.969  32.149 0.0000000000
86177  40.061  15.977  32.729 0.0000000000
86178  39.069  15.934  32.615 0.0000000000
90947  44.474  22.452  41.777 0.0000000000
89025  35.297  19.687  31.903 0.0000000000
88226  39.860  17.313  43.454 0.0000000000
86821  40.163  15.870  43.384 0.0000000000
83851  38.638  12.574  40.143 0.0000000000
83849  40.051  12.386  39.211 0.0000000000
83859  41.004  12.591  38.306 0.0000000000
83870  41.485  12.516  37.771 0.0000000000
91655  42.891  23.499  34.643 0.0000000000
91656  42.187  23.294  34.630 0.0000000000
91645  41.852  22.884  34.984 0.0000000000
91657  41.697  23.017  34.243 0.0000000000
91668  41.289  23.035  33.633 0.0000000000
91008  40.555  22.690  33.726 0.0000000000
91009  39.721  22.499  33.502 0.0000000000
90363  38.706  20.738  35.465 0.0000000000
89689  37.736  19.684  35.175 0.0000000000
88246  44.757  18.144  40.435 0.0000000000
88250  45.007  18.612  39.382 0.0000000000
87626  45.251  17.497  32.722 0.0000000000
87611  45.582  17.577  33.513 0.0000000000
88332  45.150  18.192  32.362 0.0000000000
89022  44.704  18.864  32.243 0.0000000000
87647  43.958  17.437  30.663 0.0000000000
88341  44.139  18.157  31.632 0.0000000000
89023  44.362  18.949  32.516 0.0000000000
87612  43.112  17.584  32.715 0.0000000000
86894  42.234  17.491  32.317 0.0000000000
86895  42.088  17.372  32.487 0.0000000000
86921  41.654  16.229  32.126 0.0000000000
86184  42.383  15.890  31.170 0.0000000000
84666  41.596  13.739  33.332 0.0000000000
83101  41.754  11.599  33.467 0.0000000000
83908  42.484  12.528  32.559 0.0000000000
83100  42.244  11.881  33.008 0.0000000000
83111  42.096  11.236  32.970 0.0000000000
83847  37.370  12.627  40.984 0.0000000000
91632  43.770  23.982  36.717 0.0000000000
91619  42.105  23.213  37.752 0.0000000000
90335  40.203  20.909  38.087 0.0000000000
86108  43.793  15.942  37.901 0.0000000000
86874  44.511  16.149  36.219 0.0000000000
86140  43.897  15.514  35.528 0.0000000000
84664  44.228  13.393  33.407 0.0000000000
85408  43.802  14.198  33.386 0.0000000000
86163  44.006  15.190  33.305 0.0000000000
86926  45.320  16.180  30.240 0.0000000000
86197  46.308  15.280  29.844 0.0000000000
86198  45.683  15.673  29.738 0.0000000000
86933  44.989  16.317  29.802 0.0000000000
86199  44.802  15.853  29.391 0.0000000000
85440  44.219  14.810  29.581 0.0000000000
84696  43.328  13.007  29.502 0.0000000000
84697  42.841  12.674  29.748 0.0000000000
83940  43.205  12.190  29.585 0.0000000000
83125  43.345  11.098  29.929 0.0000000000
88937  40.497  19.955  42.877 0.0000000000
88946  41.132  18.908  43.165 0.0000000000
88223  42.561  18.591  43.563 0.0000000000
86846  43.303  16.552  38.949 0.0000000000
86089  39.690  15.604  43.395 0.0000000000
85353  38.405  14.569  40.588 0.0000000000
86094  40.412  16.261  41.960 0.0000000000
86104  41.782  16.201  39.457 0.0000000000
86847  42.610  16.532  39.370 0.0000000000
83869  42.033  12.542  37.198 0.0000000000
83055  42.828  11.708  36.198 0.0000000000
83888  43.248  12.638  35.127 0.0000000000
87557  36.129  17.413  43.166 0.0000000000
87545  35.719  16.762  43.405 0.0000000000
86086  32.931  14.914  43.790 0.0000000000
84594  34.146  13.305  43.435 0.0000000000
92333  39.271  26.465  29.254 0.0000000000
92320  39.661  24.944  29.817 0.0000000000
92321  38.523  25.540  30.068 0.0000000000
89718  35.975  20.555  32.111 0.0000000000
89024  35.651  19.430  31.856 0.0000000000
89708  37.129  20.495  33.530 0.0000000000
88343  35.342  18.894  31.599 0.0000000000
89626  45.731  20.394  44.890 0.0000000000
90316  45.755  21.321  43.164 0.0000000000
90322  44.935  21.773  42.385 0.0000000000
90948  43.839  22.186  41.563 0.0000000000
88944  45.329  19.050  43.031 0.0000000000
89653  44.157  19.928  42.472 0.0000000000
89647  43.811  20.864  42.234 0.0000000000
90324  43.501  21.545  41.770 0.0000000000
90329  42.312  22.046  40.227 0.0000000000
89660  41.580  20.676  40.196 0.0000000000
90331  41.235  21.458  39.334 0.0000000000
89663  40.473  20.421  38.391 0.0000000000
89664  40.166  20.679  37.899 0.0000000000
86844  45.054  16.866  38.181 0.0000000000
86837  45.584  17.359  38.574 0.0000000000
86854  45.663  17.324  36.957 0.0000000000
88255  45.894  18.281  38.688 0.0000000000
88291  45.627  18.287  34.766 0.0000000000
88263  45.365  18.660  37.065 0.0000000000
88259  41.337  18.957  38.651 0.0000000000
88260  40.627  19.188  38.255 0.0000000000
88970  40.306  19.573  37.877 0.0000000000
87594  39.937  18.000  35.846 0.0000000000
88991  39.166  18.977  35.718 0.0000000000
88312  38.571  18.194  34.516 0.0000000000
86912  38.276  16.831  32.998 0.0000000000
83933  42.834  12.068  29.975 0.0000000000
83120  42.769  11.222  30.932 0.0000000000
83109  43.049  11.283  31.859 0.0000000000
83119  42.887  11.219  31.405 0.0000000000
84687  46.512  13.927  29.840 0.0000000000
84688  43.386  13.950  29.568 0.0000000000
85424  42.637  14.398  30.451 0.0000000000
85430  46.619  14.978  29.829 0.0000000000
85431  46.619  15.028  30.046 0.0000000000
85438  46.198  15.128  29.614 0.0000000000
86088  40.149  15.818  43.637 0.0000000000
86190  46.518  15.176  29.964 0.0000000000
86191  46.119  15.440  30.101 0.0000000000
86864  45.662  17.210  36.642 0.0000000000
86872  45.762  16.840  35.226 0.0000000000
86936  43.021  16.504  29.802 0.0000000000
87553  39.184  17.430  43.341 0.0000000000
87582  40.940  18.025  36.435 0.0000000000
87589  45.617  17.087  36.026 0.0000000000
87591  43.912  18.603  34.943 0.0000000000
87634  38.216  17.056  33.088 0.0000000000
87649  43.189  17.049  30.599 0.0000000000
88334  44.039  18.421  32.161 0.0000000000
88947  40.717  19.156  43.037 0.0000000000
89013  45.268  18.855  32.520 0.0000000000
89014  44.742  19.160  32.747 0.0000000000
89015  44.122  18.984  32.872 0.0000000000
89021  45.045  18.610  32.165 0.0000000000
89030  35.234  19.105  31.499 0.0000000000
89031  35.119  19.315  31.515 0.0000000000
89655  42.885  20.496  41.109 0.0000000000
89715  37.604  21.180  33.193 0.0000000000
89724  37.391  20.979  32.061 0.0000000000
90387  35.187  21.281  32.913 0.0000000000
90399  37.407  21.111  32.331 0.0000000000
90963  42.133  23.103  37.380 0.0000000000
91594  44.956  23.251  41.579 0.0000000000
91614  42.103  23.240  38.069 0.0000000000
91688  42.385  23.765  31.998 0.0000000000
91701  42.225  23.743  31.353 0.0000000000
91702  41.638  23.680  30.959 0.0000000000
92328  43.137  24.493  30.604 0.0000000000
92329  42.698  24.568  30.162 0.0000000000
92979  38.737  26.696  29.632 0.0000000000
92989  42.989  25.129  29.869 0.0000000000
93619  42.888  25.779  29.782 0.0000000000
110235  41.730  23.339  33.665 0.0000000000
110241  42.996  23.802  31.886 0.0000000000
