#!ascii label  , from subject 3321 vox2ras=TkReg
1810
10801  42.040  -63.927  23.194 0.2000000030
10785  41.279  -64.783  24.059 0.2000000030
11545  42.475  -63.709  23.523 0.2000000030
10802  41.163  -64.514  22.849 0.2000000030
12229  43.635  -62.495  22.264 0.1000000015
10770  41.288  -65.093  24.778 0.3000000119
10784  42.252  -64.160  24.120 0.2000000030
11544  42.636  -63.338  22.987 0.1000000015
10800  42.306  -63.595  22.848 0.2000000030
11526  43.128  -62.698  23.312 0.1000000015
11543  43.389  -62.899  22.599 0.1000000015
12221  43.734  -62.371  22.912 0.1000000015
12912  44.115  -61.024  23.285 0.1000000015
12935  44.115  -61.528  22.766 0.1000000015
15357  44.621  -59.194  23.020 0.1000000015
12934  44.406  -60.857  23.014 0.1000000015
14508  44.611  -59.640  22.751 0.1000000015
16242  44.635  -58.256  22.090 0.2000000030
15369  44.882  -58.995  22.566 0.1000000015
12204  42.018  -62.290  24.175 0.1000000015
12914  42.495  -61.479  23.754 0.1000000015
11527  42.695  -63.597  23.980 0.2000000030
12913  43.381  -61.331  23.628 0.1000000015
12203  42.781  -62.465  23.970 0.1000000015
13675  43.812  -60.413  23.494 0.1000000015
15370  44.266  -58.741  22.881 0.1000000015
16281  43.349  -57.127  20.991 0.2000000030
16243  43.642  -58.043  22.232 0.2000000030
17163  42.558  -56.740  20.388 0.1000000015
16261  44.039  -57.628  21.548 0.2000000030
17188  42.871  -56.291  19.390 0.2000000030
18062  42.201  -55.493  18.498 0.1000000015
13676  42.987  -60.557  23.663 0.1000000015
14494  42.451  -59.839  23.287 0.1000000015
14492  44.205  -59.544  23.314 0.1000000015
17189  41.699  -56.505  19.686 0.2000000030
17209  40.911  -56.194  18.929 0.2000000030
18063  41.244  -55.494  18.399 0.2000000030
17208  41.900  -56.016  18.939 0.2000000030
18979  41.686  -54.804  18.007 0.1000000015
14493  43.368  -59.750  23.409 0.1000000015
14510  42.806  -59.161  22.922 0.1000000015
14509  43.640  -59.089  23.175 0.1000000015
16244  42.514  -57.800  22.216 0.2000000030
17136  41.254  -57.054  21.314 0.2000000030
16282  42.365  -57.148  21.094 0.3000000119
18980  40.627  -54.709  17.950 0.3000000119
19001  41.138  -54.002  17.581 0.2000000030
19936  41.700  -53.162  17.499 0.2000000030
19935  42.805  -53.235  17.584 0.2000000030
17164  41.394  -56.953  20.750 0.3000000119
16262  42.927  -57.436  21.680 0.2000000030
18981  39.534  -54.432  18.034 0.3000000119
19914  39.237  -53.789  17.949 0.3000000119
20835  38.040  -52.646  17.482 0.3000000119
19938  39.604  -53.271  17.745 0.3000000119
19937  40.626  -53.135  17.627 0.2000000030
20831  42.321  -52.295  17.484 0.2000000030
19005  37.444  -53.809  17.912 0.4000000060
18065  39.156  -55.414  18.367 0.3000000119
18982  38.511  -54.444  18.050 0.3000000119
17190  40.600  -56.681  19.787 0.2000000030
18064  40.206  -55.401  18.453 0.2000000030
20834  39.070  -52.520  17.557 0.3000000119
20832  41.238  -52.221  17.691 0.2000000030
20833  40.133  -52.300  17.665 0.2000000030
20836  37.010  -52.627  17.509 0.3000000119
19940  37.535  -53.322  17.754 0.3000000119
21760  38.490  -51.852  17.144 0.2000000030
21779  39.949  -50.735  16.843 0.2000000030
21780  38.941  -50.995  16.634 0.2000000030
21778  40.589  -50.507  16.974 0.1000000015
21758  40.800  -51.209  17.276 0.2000000030
22760  41.790  -50.723  17.233 0.2000000030
21757  41.943  -51.431  17.404 0.2000000030
20844  35.963  -52.195  16.961 0.3000000119
21782  36.695  -51.727  16.621 0.3000000119
21762  36.930  -52.208  17.123 0.3000000119
22782  36.082  -50.759  16.119 0.2000000030
21781  37.847  -51.282  16.590 0.3000000119
22781  37.133  -50.596  16.289 0.2000000030
21761  37.506  -52.068  17.098 0.3000000119
22780  38.211  -50.088  16.346 0.1000000015
23769  39.974  -49.048  16.716 0.1000000015
22779  39.396  -49.974  16.581 0.1000000015
23771  37.769  -48.909  16.349 0.1000000015
22777  41.275  -50.119  17.003 0.1000000015
21784  34.990  -51.414  16.855 0.3000000119
21783  35.601  -51.510  16.617 0.2000000030
23774  34.442  -49.110  15.946 0.2000000030
25648  33.795  -46.856  16.850 0.1000000015
22794  35.759  -49.785  15.801 0.1000000015
24737  35.245  -48.393  16.254 0.1000000015
23783  36.359  -49.133  16.183 0.1000000015
22792  37.362  -49.755  16.140 0.1000000015
23770  38.887  -48.986  16.682 0.1000000015
24725  38.508  -47.931  16.514 0.1000000015
22784  33.981  -49.734  16.688 0.2000000030
25647  34.455  -47.101  16.655 0.1000000015
25646  35.300  -47.289  16.509 0.1000000015
24728  35.729  -48.022  16.594 0.1000000015
24727  36.605  -47.891  16.563 0.1000000015
23772  36.906  -48.560  16.341 0.1000000015
25645  36.184  -47.340  16.431 0.1000000015
24726  37.481  -47.893  16.471 0.1000000015
26565  34.749  -46.709  16.385 0.1000000015
25644  37.085  -47.291  16.362 0.1000000015
25643  38.046  -47.087  16.473 0.1000000015
26566  33.952  -46.418  16.595 0.1000000015
13674  44.414  -60.292  23.160 0.1000000015
17162  43.690  -56.626  20.266 0.1000000015
10639  34.121  -64.362  32.977 0.5000000000
10627  35.301  -64.384  34.412 0.5000000000
11410  34.322  -64.296  33.986 0.5000000000
11411  33.710  -64.093  33.576 0.5000000000
11412  32.676  -63.487  33.650 0.5000000000
10614  37.414  -64.330  35.362 0.2000000030
10602  36.677  -63.961  35.893 0.3000000119
10615  36.081  -64.078  35.285 0.3000000119
10616  35.420  -63.981  35.053 0.5000000000
11397  34.428  -63.948  34.623 0.5000000000
11392  34.071  -63.206  35.340 0.5000000000
11393  33.527  -62.951  35.240 0.5000000000
11398  33.272  -63.358  34.675 0.5000000000
11424  32.830  -63.958  32.550 0.5000000000
12101  32.089  -62.821  33.925 0.5000000000
11438  32.747  -63.330  31.449 0.5000000000
12134  33.513  -62.425  30.010 0.5000000000
11379  36.223  -63.439  36.221 0.3000000119
11391  35.239  -63.520  35.583 0.5000000000
12084  32.996  -62.245  35.401 0.5000000000
12088  32.554  -62.471  34.804 0.5000000000
12114  32.052  -62.994  32.621 0.5000000000
12123  31.945  -62.494  31.154 0.5000000000
9903  33.180  -65.483  27.584 0.4000000060
10728  33.283  -64.502  27.792 0.5000000000
11487  33.319  -63.455  28.218 0.5000000000
12153  33.985  -62.858  28.859 0.5000000000
9912  32.530  -65.448  26.371 0.4000000060
11378  37.577  -63.637  36.501 0.3000000119
12075  36.857  -63.042  37.086 0.4000000060
12076  35.735  -62.653  36.932 0.4000000060
12082  34.477  -62.774  36.013 0.5000000000
12077  34.764  -62.345  36.704 0.5000000000
12078  34.063  -62.131  36.380 0.5000000000
12083  33.571  -62.472  35.746 0.5000000000
12785  33.425  -61.486  36.294 0.5000000000
12786  32.803  -61.340  36.037 0.5000000000
12790  32.599  -61.619  35.471 0.5000000000
12102  31.575  -62.151  33.437 0.5000000000
12154  33.081  -62.780  28.848 0.5000000000
12145  33.206  -62.350  29.487 0.5000000000
12135  32.546  -62.094  30.295 0.5000000000
9143  32.750  -66.739  25.330 0.4000000060
9133  32.743  -66.493  26.496 0.4000000060
10729  32.606  -64.760  26.911 0.5000000000
11342  40.274  -63.216  38.809 0.1000000015
12029  40.153  -62.388  39.561 0.1000000015
12748  40.681  -61.269  40.268 0.1000000015
12044  39.620  -62.688  38.539 0.1000000015
12749  39.801  -61.371  39.824 0.1000000015
12030  39.236  -62.043  39.176 0.1000000015
13501  39.386  -60.529  39.734 0.1000000015
11364  37.812  -63.232  37.084 0.2000000030
12062  37.749  -62.851  37.688 0.1000000015
12063  36.465  -62.313  37.987 0.4000000060
12783  35.179  -61.798  37.249 0.4000000060
12784  34.290  -61.322  36.843 0.5000000000
13534  33.843  -60.270  36.155 0.5000000000
13535  32.930  -60.703  36.096 0.5000000000
12855  32.840  -62.367  29.313 0.5000000000
12158  32.813  -63.015  28.335 0.5000000000
9926  32.548  -65.675  25.567 0.4000000060
9163  33.423  -66.684  24.462 0.5000000000
11287  39.783  -63.318  42.400 0.1000000015
11304  40.531  -63.481  40.726 0.1000000015
11303  40.969  -62.732  40.803 0.1000000015
11322  40.556  -62.929  40.052 0.1000000015
13499  41.066  -60.434  40.428 0.1000000015
11998  41.418  -61.527  41.148 0.1000000015
12019  40.974  -62.042  40.570 0.1000000015
13500  40.469  -60.427  39.914 0.1000000015
15176  38.964  -58.956  38.383 0.2000000030
12061  39.024  -62.924  37.742 0.1000000015
12045  38.559  -62.506  38.555 0.1000000015
12751  38.143  -61.479  39.339 0.1000000015
13502  38.303  -60.760  39.475 0.1000000015
14335  38.078  -59.681  38.743 0.2000000030
12046  37.500  -62.055  38.671 0.2000000030
12760  37.660  -61.341  39.136 0.1000000015
12761  37.013  -61.246  38.719 0.2000000030
14336  37.071  -59.642  38.188 0.2000000030
15177  38.232  -59.230  38.192 0.2000000030
15185  39.473  -58.482  37.784 0.2000000030
12774  36.442  -61.548  38.348 0.2000000030
12775  35.784  -61.234  37.886 0.3000000119
13530  35.306  -60.131  37.637 0.3000000119
13531  34.357  -60.082  37.150 0.5000000000
12124  31.529  -61.665  31.371 0.5000000000
14355  34.724  -59.432  36.208 0.4000000060
13615  31.380  -61.142  29.783 0.5000000000
13585  31.306  -60.813  30.538 0.5000000000
12825  31.467  -60.936  31.027 0.5000000000
13631  31.513  -61.772  28.914 0.5000000000
13614  31.738  -61.547  29.937 0.5000000000
12840  31.689  -61.322  30.399 0.5000000000
13543  32.555  -60.584  35.399 0.5000000000
13536  32.547  -61.029  35.869 0.5000000000
12159  31.978  -62.828  27.918 0.5000000000
12155  32.230  -62.526  28.714 0.5000000000
12856  32.218  -62.256  29.236 0.5000000000
12812  30.971  -61.344  31.992 0.5000000000
10740  32.397  -64.727  25.855 0.5000000000
11488  32.503  -63.745  27.298 0.5000000000
12838  32.800  -61.965  29.829 0.5000000000
12115  31.527  -62.001  32.267 0.6000000238
9951  33.013  -65.810  24.633 0.4000000060
12001  39.156  -62.867  42.653 0.1000000015
11286  40.632  -63.061  41.654 0.1000000015
12708  40.944  -61.479  41.418 0.1000000015
12729  39.649  -60.912  41.179 0.1000000015
13481  39.428  -60.381  41.006 0.1000000015
11999  41.180  -62.141  41.299 0.1000000015
13478  41.531  -60.904  41.052 0.1000000015
14295  40.870  -59.878  40.596 0.1000000015
14311  40.771  -59.648  40.120 0.1000000015
14333  40.182  -58.876  39.365 0.1000000015
15175  40.287  -58.397  38.750 0.2000000030
14313  38.857  -59.915  39.454 0.1000000015
14334  39.461  -59.174  39.107 0.2000000030
14337  36.566  -59.480  37.873 0.3000000119
14344  37.151  -59.099  37.562 0.3000000119
15186  38.254  -58.943  37.597 0.2000000030
14345  36.115  -59.347  37.343 0.3000000119
15187  37.606  -58.877  37.142 0.2000000030
14346  35.077  -59.399  37.061 0.4000000060
14353  37.167  -58.978  36.487 0.3000000119
14354  35.819  -59.057  36.230 0.4000000060
14413  29.916  -59.455  31.259 0.5000000000
14404  30.129  -59.334  32.420 0.5000000000
13576  30.339  -60.413  31.884 0.5000000000
16090  30.583  -57.217  33.140 0.5000000000
16089  31.373  -57.259  33.644 0.5000000000
15228  30.683  -58.155  33.735 0.5000000000
14394  30.361  -59.081  33.338 0.5000000000
13564  30.696  -60.736  32.708 0.6000000238
13542  33.350  -60.104  35.600 0.5000000000
13541  33.830  -59.794  35.568 0.5000000000
16088  32.288  -57.344  33.787 0.5000000000
15211  31.570  -58.675  34.404 0.5000000000
14381  30.687  -59.139  34.196 0.6000000238
12801  31.229  -61.288  33.094 0.5000000000
13551  31.710  -60.525  34.790 0.5000000000
13552  30.724  -60.363  33.963 0.5000000000
12795  31.355  -61.396  34.180 0.5000000000
9183  34.875  -66.960  23.909 0.4000000060
9162  34.123  -66.807  24.134 0.4000000060
8288  33.140  -67.194  24.850 0.4000000060
14315  36.270  -58.514  39.884 0.1000000015
14298  37.830  -59.356  40.558 0.1000000015
15138  37.600  -58.399  40.284 0.1000000015
14288  40.684  -60.254  41.196 0.1000000015
14297  39.131  -59.448  40.699 0.1000000015
15137  38.760  -58.465  40.481 0.1000000015
14296  40.343  -59.709  40.913 0.1000000015
15136  39.988  -58.428  40.514 0.1000000015
16003  39.441  -57.826  40.284 0.1000000015
15154  40.709  -59.327  40.274 0.1000000015
16019  40.063  -57.567  40.089 0.1000000015
15155  40.415  -58.678  39.868 0.1000000015
16038  40.173  -57.637  39.145 0.2000000030
16051  40.393  -57.542  38.111 0.2000000030
15253  39.806  -58.172  31.672 0.2000000030
15195  38.031  -58.816  36.908 0.2000000030
16116  38.613  -57.189  31.326 0.2000000030
16097  38.361  -57.603  31.989 0.2000000030
15237  37.841  -58.080  32.521 0.2000000030
15221  38.047  -58.618  32.995 0.2000000030
16963  37.479  -56.921  31.706 0.2000000030
16098  37.589  -57.258  32.082 0.2000000030
15238  37.193  -57.789  32.846 0.2000000030
15222  37.010  -58.361  32.992 0.2000000030
14392  36.646  -59.616  32.957 0.3000000119
14393  36.261  -59.187  33.263 0.4000000060
16965  36.142  -56.600  32.138 0.2000000030
16100  35.794  -57.263  32.844 0.3000000119
16085  35.534  -57.711  33.510 0.4000000060
15223  35.794  -58.824  33.604 0.3000000119
14376  35.542  -58.682  34.361 0.5000000000
14364  35.654  -59.050  35.113 0.4000000060
16968  32.614  -55.786  32.759 0.5000000000
16967  33.687  -56.207  32.609 0.4000000060
16956  34.065  -56.767  33.353 0.4000000060
16955  34.555  -56.880  33.244 0.4000000060
16076  34.105  -57.967  34.354 0.4000000060
15208  34.588  -58.586  34.529 0.5000000000
15207  35.160  -58.608  34.386 0.5000000000
14365  34.491  -59.347  35.323 0.5000000000
16957  33.026  -56.629  33.378 0.5000000000
15226  32.342  -58.085  34.273 0.5000000000
15210  32.402  -58.802  34.619 0.5000000000
14380  31.541  -59.538  34.625 0.5000000000
15157  35.182  -58.099  39.527 0.1000000015
14316  35.697  -58.714  39.810 0.1000000015
15156  36.076  -58.054  39.587 0.1000000015
16023  35.639  -57.273  39.336 0.1000000015
16005  37.439  -57.764  40.022 0.1000000015
16022  36.745  -57.436  39.557 0.1000000015
16021  37.838  -57.361  39.656 0.1000000015
16880  37.210  -56.939  39.151 0.1000000015
16020  38.946  -57.393  39.803 0.1000000015
16879  38.345  -56.917  39.233 0.1000000015
16878  39.503  -57.040  39.316 0.2000000030
16893  38.833  -56.674  38.592 0.2000000030
16892  39.886  -56.933  38.552 0.2000000030
15184  40.534  -58.131  37.755 0.2000000030
15193  39.807  -58.321  37.199 0.2000000030
15236  38.901  -58.260  32.336 0.2000000030
14352  38.446  -59.108  36.353 0.2000000030
15252  40.966  -58.388  31.445 0.1000000015
15235  40.022  -58.562  32.409 0.1000000015
15220  39.081  -58.746  33.011 0.1000000015
14401  36.975  -59.259  32.996 0.1000000015
14403  36.661  -60.105  33.018 0.2000000030
14363  36.717  -59.259  35.144 0.3000000119
13560  37.683  -58.872  33.511 0.1000000015
13561  37.316  -58.936  33.296 0.1000000015
13563  36.576  -58.932  33.208 0.3000000119
14378  33.716  -59.212  35.002 0.5000000000
14377  34.551  -59.013  34.826 0.5000000000
14366  33.839  -59.567  35.260 0.5000000000
15209  33.412  -58.643  34.706 0.5000000000
14379  32.626  -59.585  34.990 0.5000000000
14367  33.187  -59.781  35.321 0.5000000000
15158  34.259  -58.224  39.407 0.1000000015
16040  34.159  -56.978  38.692 0.1000000015
16039  35.027  -56.902  38.873 0.1000000015
16882  35.580  -56.782  39.094 0.1000000015
16897  34.354  -56.452  38.328 0.1000000015
16881  36.183  -56.770  39.207 0.1000000015
16895  36.527  -56.675  38.652 0.1000000015
16894  37.656  -56.628  38.592 0.1000000015
16909  40.130  -56.922  37.859 0.2000000030
16921  40.393  -57.233  37.377 0.2000000030
15194  38.898  -58.553  37.021 0.2000000030
15234  40.993  -58.653  32.616 0.1000000015
15219  40.170  -58.895  33.236 0.1000000015
14389  39.191  -58.973  33.692 0.1000000015
14361  39.106  -59.489  35.539 0.1000000015
14362  37.872  -59.218  35.399 0.2000000030
14351  39.743  -59.043  36.557 0.2000000030
13546  38.571  -59.385  33.898 0.1000000015
13547  37.822  -59.416  34.094 0.1000000015
13548  37.103  -59.076  34.128 0.2000000030
14374  37.463  -59.359  34.553 0.2000000030
16898  33.645  -56.296  38.535 0.1000000015
17789  32.125  -55.454  38.174 0.1000000015
17799  33.694  -55.783  37.733 0.1000000015
16913  35.760  -56.840  37.972 0.1000000015
16896  35.445  -56.712  38.626 0.1000000015
16911  38.129  -56.563  37.760 0.1000000015
16924  37.372  -56.778  36.785 0.1000000015
16923  38.657  -56.838  36.842 0.1000000015
16060  40.650  -57.649  37.154 0.2000000030
15192  40.539  -58.282  36.904 0.2000000030
14350  40.798  -59.113  36.443 0.1000000015
16113  42.008  -57.601  31.683 0.1000000015
16096  41.912  -57.564  32.635 0.1000000015
15233  41.598  -58.210  33.114 0.1000000015
15218  41.153  -58.729  33.730 0.1000000015
15217  41.826  -58.265  34.037 0.1000000015
14388  40.310  -59.001  34.012 0.1000000015
14372  39.720  -59.119  34.567 0.1000000015
14373  38.433  -59.503  34.620 0.1000000015
17800  32.609  -55.291  37.396 0.1000000015
17807  33.386  -55.538  36.547 0.1000000015
16927  34.087  -56.199  36.934 0.1000000015
16061  35.169  -57.308  37.013 0.1000000015
16922  39.788  -56.936  37.066 0.2000000030
16935  39.331  -56.815  35.988 0.1000000015
16934  40.565  -57.133  36.337 0.2000000030
16069  40.945  -57.529  36.626 0.2000000030
17836  41.129  -56.234  33.371 0.1000000015
16953  41.461  -57.069  34.181 0.1000000015
16944  41.605  -57.325  34.780 0.1000000015
16075  41.509  -57.613  35.487 0.1000000015
16058  41.291  -58.146  36.231 0.1000000015
16083  41.875  -57.647  33.723 0.1000000015
16074  41.958  -57.797  34.884 0.1000000015
15199  41.511  -58.685  35.354 0.1000000015
14348  41.432  -58.823  36.170 0.1000000015
15204  41.602  -58.506  34.543 0.1000000015
15205  40.958  -58.854  34.542 0.1000000015
15206  40.470  -58.867  34.705 0.1000000015
14360  40.313  -59.238  35.591 0.1000000015
16939  34.760  -56.038  35.989 0.1000000015
16938  35.520  -56.433  35.897 0.1000000015
16937  36.662  -56.694  35.796 0.1000000015
16936  37.990  -56.694  35.683 0.1000000015
17838  39.658  -55.191  33.989 0.1000000015
17825  39.437  -55.734  34.497 0.1000000015
16946  40.003  -56.432  35.277 0.1000000015
18756  39.950  -55.051  33.160 0.1000000015
18757  39.700  -54.656  33.354 0.1000000015
17824  40.284  -55.993  34.448 0.1000000015
16933  40.986  -57.215  35.886 0.1000000015
17845  40.788  -55.544  32.673 0.1000000015
16954  40.851  -56.379  34.131 0.1000000015
16945  41.078  -57.071  35.164 0.1000000015
17815  36.185  -55.815  35.161 0.1000000015
17828  36.227  -55.100  34.547 0.1000000015
17814  37.192  -56.161  35.196 0.1000000015
17827  37.224  -55.312  34.689 0.1000000015
17839  39.115  -55.151  34.167 0.1000000015
18744  38.366  -54.718  34.180 0.1000000015
16948  37.947  -55.972  34.964 0.1000000015
16947  38.864  -56.297  34.995 0.1000000015
11390  35.953  -63.666  35.686 0.4000000060
12794  32.020  -61.503  34.912 0.5000000000
11380  35.583  -63.127  36.258 0.4000000060
12064  35.722  -62.086  37.589 0.4000000060
12776  34.937  -60.900  37.382 0.4000000060
12000  40.368  -62.467  41.838 0.1000000015
13479  41.409  -60.598  40.931 0.1000000015
13518  37.620  -60.569  39.063 0.2000000030
13519  37.017  -60.327  38.585 0.2000000030
12762  36.405  -60.875  38.444 0.2000000030
14343  37.730  -59.331  38.044 0.3000000119
13520  36.146  -60.028  38.249 0.3000000119
13586  30.776  -60.465  30.871 0.5000000000
12709  39.887  -61.576  41.441 0.1000000015
14287  41.047  -60.236  41.147 0.1000000015
15135  40.517  -59.183  40.438 0.1000000015
14312  40.109  -59.557  39.610 0.1000000015
15255  29.673  -58.746  32.108 0.5000000000
15239  30.022  -58.243  32.836 0.5000000000
16102  30.022  -57.165  32.185 0.5000000000
16958  32.024  -56.427  33.402 0.5000000000
15139  36.760  -58.163  40.001 0.1000000015
16004  38.341  -57.808  40.149 0.1000000015
16002  39.937  -57.851  40.343 0.1000000015
15254  39.082  -57.707  31.754 0.2000000030
16115  39.474  -57.588  31.104 0.2000000030
16117  38.082  -57.146  31.690 0.2000000030
14390  38.019  -58.825  33.337 0.1000000015
16964  37.062  -56.808  31.809 0.2000000030
16099  36.729  -57.206  32.569 0.2000000030
16084  36.403  -57.884  33.236 0.3000000119
13550  36.080  -58.703  33.993 0.4000000060
16966  34.883  -56.670  32.665 0.5000000000
16101  35.225  -57.232  33.159 0.4000000060
16086  34.622  -57.307  33.597 0.4000000060
15224  34.994  -57.913  34.120 0.5000000000
13540  36.023  -58.813  34.416 0.5000000000
13539  36.372  -58.912  34.387 0.3000000119
16984  33.192  -55.550  31.892 0.5000000000
16087  33.361  -57.533  33.999 0.5000000000
16077  33.460  -58.121  34.377 0.5000000000
16024  34.680  -57.467  39.200 0.1000000015
16025  33.801  -57.571  39.091 0.1000000015
16041  33.299  -56.965  38.796 0.1000000015
17798  34.167  -56.035  38.162 0.1000000015
16910  39.302  -56.674  37.812 0.2000000030
15251  41.736  -58.186  31.743 0.1000000015
14371  40.397  -58.913  34.425 0.1000000015
16899  32.744  -56.266  38.543 0.1000000015
17788  33.176  -55.718  38.209 0.1000000015
17801  32.039  -54.906  37.740 0.1000000015
17787  33.920  -55.984  38.266 0.1000000015
16915  33.894  -55.979  37.268 0.1000000015
16914  34.572  -56.425  37.738 0.1000000015
16053  34.740  -57.016  37.321 0.1000000015
16912  36.905  -56.781  37.826 0.1000000015
16925  35.925  -56.875  36.918 0.1000000015
16059  41.054  -57.922  36.661 0.2000000030
15191  41.151  -58.540  36.524 0.1000000015
15201  40.344  -58.866  34.983 0.1000000015
17808  32.696  -55.107  36.751 0.1000000015
17806  34.275  -55.913  36.402 0.1000000015
16926  34.765  -56.802  36.747 0.1000000015
16962  41.847  -56.811  33.167 0.1000000015
16067  41.496  -58.072  35.695 0.1000000015
14359  41.157  -59.213  35.789 0.1000000015
17818  33.582  -55.150  35.825 0.1000000015
17816  35.102  -55.735  35.343 0.1000000015
18758  38.748  -54.483  33.885 0.1000000015
17826  38.454  -55.290  34.398 0.1000000015
17837  40.320  -55.471  33.495 0.1000000015
18746  36.705  -54.401  34.431 0.1000000015
19696  39.084  -53.876  33.105 0.1000000015
10648  39.519  -64.918  32.337 0.1000000015
10691  39.179  -65.236  30.936 0.1000000015
10649  38.789  -64.802  32.237 0.1000000015
10650  37.675  -65.059  32.148 0.1000000015
10636  36.983  -65.038  33.095 0.1000000015
10634  39.391  -64.788  33.085 0.1000000015
10625  37.857  -64.721  34.194 0.1000000015
9853  39.371  -65.408  31.318 0.2000000030
9885  39.393  -65.571  29.722 0.2000000030
10670  38.268  -64.936  31.249 0.1000000015
9886  38.863  -65.652  29.347 0.2000000030
10671  37.620  -65.014  31.516 0.1000000015
10626  36.561  -64.584  34.262 0.1000000015
9102  38.451  -66.537  29.256 0.2000000030
10693  38.347  -64.844  30.271 0.2000000030
9825  36.676  -65.254  32.708 0.2000000030
9874  37.753  -64.925  30.707 0.2000000030
9856  37.071  -65.178  31.500 0.2000000030
9840  35.998  -65.602  32.347 0.3000000119
10637  35.794  -65.000  33.179 0.3000000119
10694  37.450  -64.820  30.252 0.2000000030
9876  36.628  -65.230  31.036 0.2000000030
9110  36.821  -66.752  29.025 0.2000000030
10672  35.545  -65.419  31.777 0.2000000030
9103  37.731  -66.563  28.979 0.2000000030
6086  35.233  -70.672  26.772 0.1000000015
8224  37.594  -67.714  28.974 0.2000000030
9887  37.860  -65.853  29.566 0.2000000030
10652  35.117  -64.959  32.498 0.3000000119
10638  34.639  -64.580  33.439 0.4000000060
6788  36.907  -69.815  27.572 0.1000000015
8237  36.718  -67.565  28.608 0.1000000015
10710  37.088  -65.036  29.765 0.2000000030
10695  35.992  -64.886  30.568 0.2000000030
6062  36.817  -70.209  27.304 0.1000000015
10653  34.385  -64.664  32.438 0.4000000060
7463  36.828  -68.768  28.088 0.2000000030
6808  36.239  -69.857  26.880 0.1000000015
6809  34.985  -69.736  26.720 0.2000000030
6084  36.703  -70.100  27.055 0.1000000015
6789  36.179  -69.314  26.959 0.1000000015
10711  35.981  -64.793  29.619 0.2000000030
11453  35.633  -64.289  29.863 0.2000000030
10696  34.527  -64.381  30.798 0.4000000060
7474  36.705  -69.466  27.326 0.1000000015
11423  33.672  -64.387  32.459 0.4000000060
8238  36.075  -67.591  28.120 0.3000000119
9895  36.395  -66.082  28.776 0.3000000119
7464  36.254  -68.365  27.910 0.2000000030
8250  35.857  -68.153  27.928 0.4000000060
9889  35.845  -65.190  29.233 0.3000000119
9120  35.003  -66.349  28.188 0.4000000060
9112  35.715  -66.684  28.182 0.3000000119
16146  41.615  -58.233  29.990 0.1000000015
16114  40.303  -57.911  31.026 0.1000000015
10697  33.865  -64.184  31.067 0.4000000060
11466  35.237  -64.127  29.454 0.4000000060
11455  33.735  -63.513  30.572 0.5000000000
9901  35.073  -65.249  28.094 0.4000000060
9896  35.710  -65.508  28.701 0.3000000119
10717  35.314  -64.543  29.057 0.4000000060
10726  34.950  -64.518  28.540 0.4000000060
16132  41.091  -57.933  30.565 0.1000000015
16147  40.897  -57.410  29.543 0.1000000015
16133  40.025  -57.313  30.334 0.1000000015
12133  34.286  -63.054  29.857 0.5000000000
11456  32.911  -62.732  30.619 0.5000000000
16134  39.013  -57.044  30.594 0.1000000015
17001  38.365  -56.559  30.216 0.1000000015
17000  39.323  -56.717  30.032 0.1000000015
16980  37.707  -56.766  31.198 0.1000000015
9837  39.663  -65.276  32.565 0.1000000015
10635  38.322  -64.963  33.159 0.1000000015
10633  39.919  -64.946  32.961 0.1000000015
10624  39.076  -64.665  34.063 0.1000000015
11389  38.451  -63.945  35.818 0.1000000015
16979  38.412  -56.870  30.798 0.1000000015
9072  38.828  -66.139  31.160 0.1000000015
10673  34.913  -64.833  31.578 0.3000000119
9888  36.686  -65.730  29.254 0.2000000030
10674  34.051  -64.529  31.605 0.4000000060
11454  34.848  -63.980  29.960 0.4000000060
10612  39.592  -64.613  35.065 0.1000000015
7513  27.477  -68.450  24.091 0.1000000015
6827  27.350  -68.955  23.904 0.1000000015
6142  27.844  -70.215  22.516 0.1000000015
6828  26.872  -69.010  24.019 0.1000000015
6126  28.260  -70.276  23.422 0.1000000015
8291  27.303  -67.353  24.467 0.1000000015
7514  26.550  -68.326  24.272 0.1000000015
9169  25.431  -66.571  24.650 0.1000000015
6829  26.004  -69.071  24.116 0.1000000015
8099  24.460  -66.980  38.564 0.1000000015
10714  25.925  -63.481  29.110 0.1000000015
10732  26.033  -63.934  27.440 0.1000000015
6826  28.848  -69.567  23.835 0.1000000015
10743  25.381  -64.273  26.682 0.1000000015
7533  27.957  -69.110  23.684 0.1000000015
9952  26.137  -65.387  24.944 0.1000000015
6110  29.115  -70.197  23.761 0.1000000015
5420  28.578  -71.067  22.921 0.1000000015
8081  24.704  -67.458  39.700 0.1000000015
8957  23.881  -66.684  38.109 0.1000000015
8973  24.650  -66.260  37.873 0.1000000015
8063  24.879  -68.100  40.694 0.1000000015
9793  24.689  -65.470  36.541 0.1000000015
10642  25.282  -64.238  33.495 0.1000000015
11441  25.211  -63.701  31.015 0.1000000015
7512  28.429  -68.731  23.923 0.1000000015
8290  28.282  -67.788  24.342 0.1000000015
6825  29.577  -69.735  24.142 0.1000000015
5401  29.351  -71.305  23.331 0.1000000015
5419  29.462  -71.346  22.623 0.1000000015
8114  25.092  -66.885  38.014 0.1000000015
8972  25.606  -66.117  37.873 0.1000000015
8062  25.408  -68.428  40.369 0.1000000015
8080  25.593  -67.779  39.715 0.1000000015
8956  25.508  -66.659  38.253 0.1000000015
9773  25.236  -65.763  37.165 0.1000000015
9805  26.070  -65.551  35.828 0.1000000015
9818  25.343  -65.161  34.935 0.1000000015
9832  24.720  -64.574  33.942 0.1000000015
9831  25.608  -65.051  34.135 0.1000000015
10657  25.884  -63.964  32.787 0.1000000015
10677  26.367  -64.004  31.997 0.1000000015
11457  26.666  -63.549  31.074 0.1000000015
9915  28.054  -64.651  25.925 0.1000000015
7511  29.524  -68.895  24.262 0.1000000015
9165  28.877  -67.313  24.503 0.1000000015
9166  28.383  -66.896  24.555 0.1000000015
9927  28.224  -65.256  25.291 0.1000000015
9147  27.129  -65.448  24.922 0.1000000015
6109  29.818  -70.529  24.016 0.1000000015
5402  28.757  -70.958  23.339 0.1000000015
8988  27.552  -66.392  36.698 0.1000000015
7301  25.487  -69.095  40.512 0.1000000015
7322  25.967  -68.474  40.048 0.1000000015
8097  26.265  -67.265  38.891 0.1000000015
8954  26.946  -66.701  38.395 0.1000000015
8971  26.697  -66.138  37.573 0.1000000015
9791  26.287  -65.623  36.281 0.1000000015
9022  26.239  -66.291  34.814 0.1000000015
9040  26.325  -66.102  34.109 0.1000000015
9829  27.233  -65.699  33.394 0.1000000015
7321  26.643  -68.628  39.776 0.1000000015
8079  26.493  -67.902  39.465 0.1000000015
8096  27.163  -67.414  38.880 0.1000000015
10641  26.305  -64.570  33.494 0.1000000015
10699  27.372  -63.748  30.649 0.1000000015
11468  26.594  -63.593  30.360 0.1000000015
10712  28.068  -64.262  30.047 0.1000000015
10713  26.945  -63.840  29.585 0.1000000015
10730  28.214  -64.424  27.787 0.1000000015
10718  27.982  -64.124  28.669 0.1000000015
9905  29.241  -65.855  26.702 0.1000000015
9906  28.365  -65.039  27.070 0.1000000015
10731  27.438  -63.984  27.275 0.1000000015
8276  29.979  -67.788  25.524 0.1000000015
9135  29.164  -66.140  25.608 0.1000000015
9914  28.766  -65.504  25.951 0.1000000015
7510  29.960  -69.319  24.425 0.1000000015
6824  30.249  -69.817  24.547 0.1000000015
5400  30.213  -71.731  23.137 0.1000000015
5387  29.638  -71.021  23.673 0.1000000015
4718  30.888  -72.182  23.704 0.1000000015
5386  30.304  -71.417  23.894 0.1000000015
9004  27.202  -66.647  35.894 0.1000000015
6607  25.616  -69.884  40.967 0.1000000015
6627  26.769  -69.219  40.095 0.1000000015
7320  27.346  -68.822  39.660 0.1000000015
8953  27.716  -66.967  38.414 0.1000000015
8970  27.680  -66.542  37.695 0.1000000015
8136  26.895  -66.969  35.474 0.1000000015
9039  27.299  -66.529  33.555 0.1000000015
7300  26.127  -69.223  40.301 0.1000000015
9056  28.019  -66.448  33.109 0.1000000015
9842  27.831  -65.707  32.960 0.1000000015
10655  27.638  -64.771  32.543 0.1000000015
10654  28.094  -65.292  32.335 0.1000000015
10698  28.098  -64.175  31.051 0.1000000015
9877  28.599  -65.134  30.860 0.1000000015
9898  28.826  -64.878  28.239 0.1000000015
9891  28.830  -65.123  29.491 0.1000000015
8265  30.478  -68.203  26.498 0.1000000015
9134  29.589  -66.627  26.131 0.1000000015
9897  29.352  -65.643  27.717 0.1000000015
8275  30.333  -68.509  25.812 0.1000000015
9913  29.182  -66.044  26.119 0.1000000015
7504  30.270  -68.908  25.029 0.1000000015
7495  30.627  -69.109  26.129 0.1000000015
6820  30.774  -69.862  25.383 0.1000000015
6108  30.725  -70.682  24.656 0.1000000015
4700  30.869  -72.015  24.202 0.1000000015
5897  26.335  -71.251  40.970 0.1000000015
5898  25.797  -70.701  41.275 0.1000000015
6625  28.244  -69.993  40.102 0.1000000015
7319  28.229  -69.087  39.550 0.1000000015
9003  28.032  -66.887  35.980 0.1000000015
6606  26.434  -70.046  40.561 0.1000000015
6626  27.366  -69.569  40.090 0.1000000015
8077  27.941  -68.389  39.283 0.1000000015
8113  28.757  -67.586  37.680 0.1000000015
8135  27.508  -67.628  35.367 0.1000000015
8151  27.416  -67.878  34.596 0.1000000015
8172  26.895  -67.055  34.322 0.1000000015
8171  27.812  -67.988  33.892 0.1000000015
9038  28.272  -67.168  33.253 0.1000000015
9841  28.238  -65.744  32.420 0.1000000015
9858  28.451  -65.579  31.886 0.1000000015
9055  28.540  -66.404  32.499 0.1000000015
9076  28.982  -66.170  31.479 0.1000000015
9093  29.165  -66.161  30.313 0.1000000015
9890  29.382  -65.697  28.797 0.1000000015
9106  29.296  -65.899  29.503 0.1000000015
8266  30.081  -67.347  26.779 0.1000000015
9114  29.831  -66.332  28.317 0.1000000015
7479  30.760  -68.912  27.094 0.1000000015
8254  30.773  -67.697  27.714 0.1000000015
5385  31.097  -71.612  24.600 0.1000000015
7361  29.241  -68.931  37.183 0.1000000015
6666  29.176  -69.987  36.662 0.1000000015
5169  26.464  -72.230  40.834 0.1000000015
6605  27.264  -70.545  40.428 0.1000000015
6604  28.149  -70.965  40.392 0.1000000015
7336  28.554  -68.441  39.064 0.1000000015
8124  29.056  -68.229  37.553 0.1000000015
7362  28.687  -68.929  36.309 0.1000000015
6667  28.590  -69.877  35.665 0.1000000015
8094  28.935  -68.308  38.597 0.1000000015
8125  28.853  -68.038  36.892 0.1000000015
7374  27.676  -68.724  34.751 0.1000000015
6691  27.871  -69.602  34.037 0.1000000015
7405  28.242  -69.087  33.373 0.1000000015
7387  27.534  -68.808  34.189 0.1000000015
8189  28.854  -67.566  32.605 0.1000000015
9075  29.597  -66.832  31.261 0.1000000015
9104  30.214  -66.779  29.226 0.1000000015
9105  29.840  -66.549  29.447 0.1000000015
8255  30.159  -67.122  27.413 0.1000000015
9123  30.190  -66.874  27.876 0.1000000015
8253  31.339  -68.272  28.110 0.1000000015
7478  31.295  -68.825  27.766 0.1000000015
6792  31.059  -69.526  26.677 0.1000000015
5926  29.677  -71.386  38.658 0.1000000015
5895  28.120  -71.887  40.591 0.1000000015
5911  29.525  -71.711  39.998 0.1000000015
5925  29.649  -70.823  38.308 0.1000000015
6656  29.816  -69.913  37.926 0.1000000015
5152  26.395  -72.978  40.974 0.1000000015
5168  27.304  -72.667  40.754 0.1000000015
6624  29.184  -70.681  39.874 0.1000000015
6642  29.710  -70.138  38.970 0.1000000015
7350  29.311  -68.690  38.021 0.1000000015
5958  28.513  -70.513  35.211 0.1000000015
6690  28.205  -70.591  34.125 0.1000000015
6679  28.152  -69.814  34.724 0.1000000015
7422  28.766  -68.655  32.589 0.1000000015
8204  30.066  -67.420  31.087 0.1000000015
9092  29.644  -66.899  30.403 0.1000000015
8228  30.386  -67.101  29.502 0.1000000015
8241  30.834  -67.437  28.829 0.1000000015
6777  31.743  -69.666  28.041 0.1000000015
6048  31.819  -70.123  27.664 0.1000000015
5942  29.535  -71.165  37.368 0.1000000015
6603  28.802  -71.427  40.315 0.1000000015
5941  29.685  -70.790  38.063 0.1000000015
5971  28.855  -71.637  35.148 0.1000000015
5245  28.720  -71.857  34.608 0.1000000015
5983  28.332  -71.439  34.210 0.1000000015
5991  28.422  -71.130  33.682 0.1000000015
6717  28.623  -69.699  32.647 0.1000000015
6731  29.687  -69.266  32.047 0.1000000015
8188  29.328  -67.925  31.821 0.1000000015
8203  30.470  -67.921  31.193 0.1000000015
8215  31.410  -67.774  30.484 0.1000000015
8216  30.685  -67.469  30.471 0.1000000015
7454  32.340  -68.235  29.892 0.1000000015
8227  31.399  -67.645  29.621 0.1000000015
7465  32.273  -68.895  29.278 0.1000000015
7455  31.881  -68.238  29.156 0.1000000015
8240  31.401  -67.927  28.608 0.1000000015
6776  32.419  -69.696  28.779 0.1000000015
6047  32.344  -70.714  28.031 0.1000000015
4637  32.953  -72.659  28.722 0.1000000015
5186  29.930  -72.293  39.270 0.1000000015
4532  30.337  -72.760  37.450 0.1000000015
5244  29.566  -71.942  35.437 0.1000000015
5166  29.398  -72.654  40.366 0.1000000015
5228  29.875  -72.179  36.776 0.1000000015
4544  28.808  -72.022  34.281 0.1000000015
5280  28.944  -71.050  32.995 0.1000000015
6716  29.337  -69.882  32.346 0.1000000015
7441  32.282  -68.662  30.907 0.1000000015
7443  30.955  -67.899  31.014 0.1000000015
8214  31.966  -68.050  30.495 0.1000000015
6763  33.084  -69.554  29.998 0.1000000015
6035  32.833  -70.830  29.104 0.1000000015
4622  33.686  -72.780  29.739 0.1000000015
5323  33.961  -72.290  28.531 0.1000000015
5185  30.200  -72.347  39.489 0.1000000015
4509  30.544  -72.919  38.046 0.1000000015
4518  30.980  -73.258  36.923 0.1000000015
5969  30.781  -71.840  36.110 0.1000000015
5243  30.207  -72.127  35.666 0.1000000015
4520  30.278  -72.863  37.945 0.1000000015
4531  30.558  -72.904  36.983 0.1000000015
5257  29.607  -71.697  34.267 0.1000000015
4569  29.091  -71.760  33.797 0.1000000015
5279  29.188  -71.161  33.185 0.1000000015
6715  29.998  -69.795  32.568 0.1000000015
6729  31.051  -69.443  31.990 0.1000000015
7433  30.677  -68.499  31.403 0.1000000015
7398  36.147  -68.556  33.299 0.1000000015
6699  35.254  -69.605  32.783 0.1000000015
6711  34.468  -70.242  32.623 0.1000000015
6712  33.699  -70.445  32.385 0.1000000015
6727  33.407  -70.462  31.815 0.1000000015
7431  31.930  -69.220  31.567 0.1000000015
7442  31.452  -68.241  31.056 0.1000000015
6710  35.249  -70.043  32.569 0.1000000015
5996  34.871  -70.934  32.674 0.1000000015
6011  33.854  -71.338  31.997 0.1000000015
6743  32.738  -69.366  31.126 0.1000000015
7416  36.001  -68.962  32.616 0.1000000015
6009  35.471  -70.690  32.148 0.1000000015
5293  34.075  -72.102  31.391 0.1000000015
6022  33.732  -71.306  30.957 0.1000000015
7429  36.427  -68.060  32.372 0.1000000015
7430  36.097  -68.244  31.555 0.1000000015
6010  35.426  -70.996  31.565 0.1000000015
6034  33.330  -71.068  29.980 0.1000000015
4600  34.517  -72.374  30.788 0.1000000015
5313  33.432  -72.127  30.052 0.1000000015
6761  35.080  -69.950  29.527 0.1000000015
4613  34.329  -72.623  30.084 0.1000000015
6046  34.447  -70.912  28.692 0.1000000015
5910  31.328  -71.046  39.497 0.1000000015
5199  31.003  -72.155  38.473 0.1000000015
5212  31.295  -72.446  37.158 0.1000000015
4508  31.025  -73.124  37.599 0.1000000015
5226  30.762  -72.335  36.495 0.1000000015
5970  30.579  -71.440  35.522 0.1000000015
5256  30.059  -72.119  34.776 0.1000000015
5981  30.078  -71.327  34.489 0.1000000015
5982  29.669  -71.113  34.033 0.1000000015
5999  29.321  -70.625  32.818 0.1000000015
5998  29.730  -70.366  32.943 0.1000000015
7419  32.377  -68.870  32.783 0.1000000015
7432  31.257  -68.897  31.569 0.1000000015
6700  34.953  -69.656  32.794 0.1000000015
7417  33.921  -69.869  32.623 0.1000000015
6728  32.313  -69.736  31.846 0.1000000015
7399  35.430  -69.084  33.147 0.1000000015
8201  37.051  -67.354  31.515 0.1000000015
5924  31.631  -70.772  38.630 0.1000000015
5940  31.692  -70.938  37.508 0.1000000015
6664  31.373  -69.994  36.496 0.1000000015
5955  31.224  -71.406  36.354 0.1000000015
6665  31.212  -70.694  36.102 0.1000000015
6678  30.743  -70.274  35.846 0.1000000015
6688  30.223  -70.237  34.750 0.1000000015
5989  29.773  -70.392  33.164 0.1000000015
6701  30.673  -69.474  33.052 0.1000000015
6702  30.078  -69.871  33.422 0.1000000015
7420  31.658  -68.656  33.019 0.1000000015
6714  31.177  -69.337  32.576 0.1000000015
7400  34.235  -69.118  32.962 0.1000000015
8146  36.694  -67.607  34.157 0.1000000015
8165  36.017  -68.207  33.813 0.1000000015
6713  32.695  -69.803  32.298 0.1000000015
8163  37.181  -67.514  33.374 0.1000000015
6640  31.923  -69.712  38.237 0.1000000015
6654  31.837  -69.556  37.328 0.1000000015
6677  30.926  -69.527  36.017 0.1000000015
7372  30.622  -69.112  35.374 0.1000000015
7386  30.406  -69.073  34.288 0.1000000015
8169  31.532  -68.025  33.480 0.1000000015
7403  30.899  -68.996  33.281 0.1000000015
7402  32.638  -68.547  33.043 0.1000000015
8187  31.906  -68.231  33.099 0.1000000015
7401  33.098  -68.680  33.015 0.1000000015
8184  37.426  -67.228  32.997 0.1000000015
9073  37.976  -66.536  31.497 0.1000000015
7360  31.592  -68.711  36.733 0.1000000015
8123  31.536  -67.577  36.787 0.1000000015
8133  30.910  -68.113  35.459 0.1000000015
7371  31.205  -68.870  36.020 0.1000000015
8150  30.857  -68.076  34.668 0.1000000015
7385  30.837  -68.432  33.872 0.1000000015
8168  32.442  -68.071  33.252 0.1000000015
8167  33.597  -67.915  33.369 0.1000000015
8166  34.974  -67.717  33.507 0.1000000015
9052  38.801  -66.006  32.356 0.1000000015
9854  39.049  -65.752  31.561 0.1000000015
8986  31.441  -66.532  36.838 0.1000000015
8132  31.167  -67.882  36.097 0.1000000015
9001  31.074  -66.723  35.876 0.1000000015
9002  30.918  -67.357  35.418 0.1000000015
9021  30.859  -67.529  35.018 0.1000000015
9020  31.226  -66.844  34.661 0.1000000015
8149  31.190  -67.681  34.084 0.1000000015
9037  31.464  -67.201  33.861 0.1000000015
9036  31.968  -67.133  33.522 0.1000000015
9032  38.528  -66.582  33.538 0.1000000015
8145  37.217  -67.520  33.861 0.1000000015
9034  33.965  -67.038  33.699 0.1000000015
9031  39.555  -65.877  33.379 0.1000000015
9804  31.538  -65.703  35.242 0.1000000015
9815  32.922  -65.856  34.183 0.1000000015
9803  32.357  -65.299  34.868 0.1000000015
9817  31.509  -66.149  34.721 0.1000000015
9814  33.834  -65.855  34.438 0.1000000015
9019  31.661  -66.664  33.939 0.1000000015
9827  32.464  -66.269  33.947 0.1000000015
9014  37.744  -67.071  34.479 0.1000000015
8147  35.878  -67.526  34.267 0.1000000015
8148  35.287  -67.192  34.207 0.1000000015
9801  34.435  -65.682  35.103 0.1000000015
9816  31.918  -66.081  34.359 0.1000000015
9017  34.629  -66.611  34.325 0.1000000015
8999  36.059  -66.382  35.191 0.1000000015
9018  33.659  -66.370  33.991 0.1000000015
9016  35.628  -66.826  34.606 0.1000000015
11442  24.889  -64.036  30.667 0.1000000015
11469  26.037  -63.523  29.887 0.1000000015
10719  26.657  -63.783  28.382 0.1000000015
10720  25.635  -64.020  28.377 0.1000000015
6127  27.224  -69.651  23.090 0.1000000015
10742  26.339  -63.989  26.457 0.1000000015
9146  27.645  -65.677  24.895 0.1000000015
10758  26.452  -64.361  25.630 0.1000000015
8292  26.108  -67.374  24.433 0.1000000015
7515  25.620  -68.306  24.272 0.1000000015
9168  26.626  -66.055  24.641 0.1000000015
8100  23.358  -67.007  38.755 0.1000000015
11459  25.402  -63.847  30.184 0.1000000015
10759  25.518  -64.450  25.892 0.1000000015
8098  25.385  -67.099  38.758 0.1000000015
9792  25.656  -65.472  36.431 0.1000000015
8289  29.242  -67.917  24.534 0.1000000015
9145  28.577  -65.981  24.967 0.1000000015
8955  26.062  -66.617  38.323 0.1000000015
9772  26.085  -65.631  37.048 0.1000000015
9006  26.063  -65.755  35.326 0.1000000015
9806  25.497  -65.316  35.658 0.1000000015
9005  26.598  -66.163  35.588 0.1000000015
9041  25.868  -65.656  34.575 0.1000000015
10656  26.872  -64.248  32.763 0.1000000015
10676  27.318  -63.963  31.739 0.1000000015
10741  27.249  -64.234  26.224 0.1000000015
7505  29.853  -68.321  24.741 0.1000000015
9144  29.321  -66.820  24.943 0.1000000015
8152  26.725  -67.137  35.053 0.1000000015
9830  26.601  -65.540  33.645 0.1000000015
9124  29.693  -66.598  27.308 0.1000000015
8987  28.437  -67.002  36.907 0.1000000015
8095  28.277  -67.676  38.712 0.1000000015
8969  28.330  -66.981  37.945 0.1000000015
8134  28.315  -67.861  36.087 0.1000000015
7373  28.028  -68.856  35.507 0.1000000015
7406  27.722  -69.063  33.831 0.1000000015
8170  28.470  -68.136  33.204 0.1000000015
9054  29.209  -66.952  32.006 0.1000000015
6791  31.370  -69.705  27.324 0.1000000015
6811  31.471  -70.276  26.572 0.1000000015
6098  31.151  -70.572  25.373 0.1000000015
5896  27.241  -71.584  40.672 0.1000000015
7318  29.040  -69.684  39.593 0.1000000015
7335  29.177  -69.096  38.860 0.1000000015
6680  27.699  -69.248  34.344 0.1000000015
6705  28.027  -69.497  33.774 0.1000000015
8229  30.002  -66.963  29.645 0.1000000015
7466  31.737  -68.788  28.532 0.1000000015
6066  31.895  -70.524  27.274 0.1000000015
5957  29.114  -71.077  35.810 0.1000000015
5972  28.457  -71.094  34.799 0.1000000015
6704  28.281  -70.104  33.497 0.1000000015
7421  29.298  -69.063  32.225 0.1000000015
8217  29.962  -67.191  30.048 0.1000000015
6065  32.267  -71.233  27.378 0.1000000015
5213  29.816  -72.335  37.797 0.1000000015
5201  29.993  -72.587  38.429 0.1000000015
4542  29.767  -72.271  34.886 0.1000000015
6000  28.755  -70.694  32.945 0.1000000015
7434  29.904  -68.559  31.598 0.1000000015
6730  30.208  -69.298  31.867 0.1000000015
5314  32.921  -71.978  29.390 0.1000000015
5325  32.529  -71.792  28.672 0.1000000015
5200  30.268  -72.610  38.597 0.1000000015
5227  30.427  -72.222  36.510 0.1000000015
6762  33.403  -70.502  30.507 0.1000000015
4621  34.133  -72.940  29.234 0.1000000015
4623  33.252  -72.483  29.472 0.1000000015
4614  34.093  -72.532  30.675 0.1000000015
5312  34.482  -72.125  29.470 0.1000000015
4530  30.749  -72.820  36.767 0.1000000015
6703  29.692  -70.620  33.658 0.1000000015
5997  34.272  -71.158  32.534 0.1000000015
6742  33.323  -70.070  31.074 0.1000000015
5277  34.771  -71.392  32.286 0.1000000015
7415  36.490  -68.314  32.984 0.1000000015
6725  35.554  -69.692  31.558 0.1000000015
5303  33.745  -72.338  30.638 0.1000000015
4601  34.382  -72.320  31.120 0.1000000015
8200  37.437  -67.071  32.333 0.1000000015
6021  35.144  -71.235  30.779 0.1000000015
5302  34.820  -72.031  30.420 0.1000000015
6775  35.242  -70.070  28.749 0.1000000015
6033  34.761  -70.947  29.742 0.1000000015
7418  33.308  -69.532  32.664 0.1000000015
6689  29.797  -70.628  34.086 0.1000000015
7404  30.556  -69.104  33.717 0.1000000015
9033  37.697  -67.165  33.554 0.1000000015
9053  37.906  -66.662  32.762 0.1000000015
9035  32.885  -66.797  33.563 0.1000000015
11477  34.967  -63.792  29.053 0.4000000060
11485  34.838  -63.927  28.795 0.4000000060
11478  34.411  -63.334  28.919 0.4000000060
9902  34.088  -65.400  28.111 0.3000000119
11479  33.956  -63.093  28.617 0.4000000060
7545  38.702  -68.743  23.054 0.1000000015
7527  38.746  -68.612  23.383 0.1000000015
7529  37.200  -68.736  23.514 0.2000000030
9182  35.829  -66.796  23.998 0.3000000119
8251  35.048  -67.672  27.939 0.3000000119
9950  33.858  -65.994  24.180 0.4000000060
8309  35.391  -67.753  23.654 0.2000000030
9968  34.819  -65.901  24.045 0.3000000119
12165  31.854  -63.076  26.547 0.4000000060
8336  38.319  -68.382  21.989 0.1000000015
8308  36.615  -67.727  23.695 0.3000000119
10756  32.547  -64.780  24.908 0.4000000060
11493  32.169  -63.882  26.235 0.4000000060
8322  38.681  -68.105  22.681 0.1000000015
13632  31.123  -61.226  28.548 0.5000000000
9180  37.823  -67.043  24.223 0.2000000030
9949  34.259  -66.224  24.097 0.3000000119
11503  32.175  -63.857  25.176 0.4000000060
13624  31.136  -61.118  29.096 0.4000000060
13602  31.067  -60.733  30.153 0.4000000060
10776  33.516  -65.233  24.153 0.4000000060
10777  33.054  -64.675  24.290 0.4000000060
12175  31.931  -63.087  25.505 0.4000000060
12176  31.459  -62.461  25.625 0.4000000060
12160  31.164  -62.230  27.321 0.5000000000
8305  39.437  -67.379  24.290 0.2000000030
8306  38.907  -67.902  23.682 0.2000000030
8285  38.916  -67.458  24.485 0.2000000030
9181  37.175  -66.683  24.045 0.2000000030
8307  37.965  -67.709  23.972 0.2000000030
10789  34.576  -64.616  23.621 0.3000000119
9179  38.950  -67.195  23.155 0.1000000015
11517  32.611  -63.825  24.323 0.4000000060
10790  33.641  -64.446  23.726 0.4000000060
12192  32.242  -62.719  24.535 0.4000000060
12861  30.896  -61.639  27.764 0.5000000000
13616  30.808  -60.585  29.521 0.4000000060
11532  33.379  -63.541  23.705 0.4000000060
12193  31.692  -62.578  24.996 0.4000000060
12868  30.785  -61.714  26.758 0.5000000000
12862  30.625  -60.826  27.419 0.5000000000
13625  30.681  -60.504  28.785 0.4000000060
8284  39.419  -67.341  24.427 0.2000000030
9160  38.253  -66.621  24.489 0.2000000030
9161  37.475  -66.178  24.333 0.2000000030
9967  36.218  -65.749  24.079 0.4000000060
9966  36.989  -65.904  24.356 0.2000000030
10775  36.349  -64.938  24.159 0.4000000060
10788  35.629  -64.725  23.815 0.3000000119
12881  31.015  -61.515  25.651 0.5000000000
14447  30.290  -59.707  28.288 0.5000000000
14439  29.870  -59.212  29.592 0.4000000060
14427  30.176  -60.068  30.085 0.4000000060
10787  36.305  -64.348  23.992 0.4000000060
11531  34.186  -63.565  23.408 0.4000000060
12213  32.963  -63.012  23.986 0.4000000060
12869  30.614  -60.941  26.892 0.5000000000
9158  39.672  -66.959  24.503 0.2000000030
15272  29.375  -58.217  30.666 0.4000000060
9947  37.514  -65.541  24.442 0.2000000030
12212  33.692  -62.659  23.608 0.4000000060
12898  31.590  -61.818  24.670 0.4000000060
9178  39.588  -67.048  23.873 0.2000000030
9945  39.279  -65.953  24.873 0.2000000030
10774  36.925  -64.577  24.356 0.3000000119
15256  29.425  -58.346  31.491 0.4000000060
11530  35.159  -63.672  23.561 0.3000000119
13640  30.530  -60.208  27.030 0.5000000000
16959  31.223  -56.489  33.247 0.4000000060
9964  40.023  -65.585  24.030 0.2000000030
9159  39.412  -66.946  24.891 0.2000000030
12897  32.214  -61.789  24.162 0.4000000060
15313  29.909  -59.188  27.971 0.5000000000
15287  29.495  -58.206  29.618 0.4000000060
16982  35.513  -55.953  31.419 0.4000000060
10771  39.891  -65.163  25.331 0.2000000030
9946  38.394  -65.535  24.618 0.2000000030
10773  37.873  -64.642  24.628 0.2000000030
12210  35.759  -62.939  23.640 0.4000000060
13666  31.360  -60.586  24.714 0.5000000000
14457  30.220  -59.540  26.419 0.5000000000
9977  39.336  -65.147  22.555 0.2000000030
11529  35.975  -63.771  23.719 0.4000000060
13652  30.823  -60.375  25.456 0.5000000000
15286  30.072  -58.768  29.074 0.5000000000
10786  40.713  -64.866  23.485 0.2000000030
16983  34.318  -55.774  31.795 0.2000000030
16970  30.739  -56.187  32.690 0.4000000060
16119  29.359  -57.251  31.293 0.4000000060
9944  40.165  -65.970  25.041 0.2000000030
11515  37.292  -63.644  24.447 0.4000000060
15303  29.633  -58.185  28.611 0.4000000060
16135  29.293  -57.447  30.327 0.4000000060
9963  40.814  -65.399  24.718 0.2000000030
10772  38.948  -64.867  24.785 0.2000000030
9925  40.506  -65.261  25.315 0.2000000030
16986  31.093  -55.272  32.237 0.4000000060
16988  29.771  -56.349  31.314 0.4000000060
17008  29.553  -56.385  30.435 0.4000000060
12922  32.912  -61.814  23.719 0.3000000119
14468  30.559  -59.323  25.504 0.5000000000
14454  29.345  -58.970  27.030 0.5000000000
16149  29.330  -57.150  29.738 0.4000000060
11516  36.574  -63.694  24.033 0.4000000060
12211  34.792  -62.428  23.596 0.4000000060
12921  33.974  -61.664  23.637 0.3000000119
13665  32.298  -60.769  23.995 0.4000000060
12189  36.558  -62.645  23.966 0.4000000060
14467  31.144  -59.621  24.876 0.5000000000
11502  40.084  -64.643  25.399 0.2000000030
17006  30.787  -54.948  31.727 0.4000000060
15314  29.549  -58.479  27.600 0.5000000000
15322  29.565  -58.339  26.526 0.5000000000
14499  33.041  -60.408  23.695 0.4000000060
14458  29.642  -59.116  26.613 0.5000000000
14482  31.995  -59.410  24.404 0.5000000000
10727  34.174  -64.461  28.374 0.4000000060
16969  31.593  -55.681  32.853 0.4000000060
16987  30.233  -55.905  31.984 0.4000000060
15332  30.504  -58.179  25.489 0.5000000000
7493  33.468  -68.550  26.251 0.3000000119
8263  33.264  -67.576  26.797 0.3000000119
9132  33.281  -66.924  27.231 0.2000000030
6818  33.519  -69.485  25.453 0.2000000030
7503  33.153  -68.180  25.644 0.3000000119
8274  33.114  -67.654  25.404 0.3000000119
7509  33.503  -68.438  24.523 0.2000000030
8311  33.967  -67.931  24.192 0.2000000030
8287  33.659  -67.662  24.442 0.2000000030
10813  40.810  -64.656  21.574 0.1000000015
13698  40.142  -60.193  22.770 0.1000000015
6790  35.670  -69.263  26.930 0.1000000015
8252  33.876  -67.648  27.437 0.2000000030
7492  34.272  -69.183  26.580 0.2000000030
7477  33.679  -68.199  27.024 0.2000000030
6087  34.707  -70.429  26.237 0.1000000015
6096  34.134  -70.538  25.583 0.1000000015
6810  34.136  -69.699  26.171 0.2000000030
5384  33.986  -71.085  24.839 0.1000000015
9965  39.127  -66.176  23.416 0.1000000015
10803  40.275  -64.660  22.791 0.1000000015
11511  41.345  -63.693  25.279 0.1000000015
12185  40.742  -63.053  24.843 0.1000000015
12206  39.953  -62.519  24.102 0.1000000015
12207  38.895  -62.471  24.244 0.1000000015
12184  41.703  -62.902  24.790 0.1000000015
12917  39.024  -61.761  23.360 0.1000000015
12918  37.798  -61.777  23.952 0.1000000015
12916  40.294  -61.838  23.331 0.1000000015
13700  38.252  -60.147  22.648 0.1000000015
14516  36.715  -59.618  22.801 0.1000000015
14515  37.617  -59.325  22.587 0.1000000015
15377  36.892  -58.463  22.570 0.1000000015
12920  34.710  -61.374  23.656 0.3000000119
9943  41.013  -65.254  25.182 0.1000000015
10754  40.796  -64.593  25.510 0.1000000015
11513  39.595  -64.095  25.069 0.1000000015
12188  37.664  -62.646  24.345 0.1000000015
12894  36.947  -61.746  24.170 0.2000000030
12896  35.286  -61.229  23.835 0.3000000119
14480  34.115  -59.637  24.114 0.3000000119
15348  32.762  -58.582  24.598 0.3000000119
10769  41.702  -64.488  24.931 0.1000000015
12919  36.945  -60.993  24.079 0.1000000015
13661  36.243  -60.894  24.004 0.2000000030
15346  34.669  -58.845  24.570 0.3000000119
11510  42.231  -63.409  24.705 0.1000000015
13680  37.225  -60.767  23.486 0.1000000015
15359  35.749  -58.846  23.358 0.2000000030
15358  36.295  -58.900  22.967 0.1000000015
16231  35.573  -57.759  23.683 0.2000000030
17097  34.576  -56.996  24.554 0.4000000060
15376  37.971  -58.295  22.632 0.1000000015
16251  36.122  -57.544  23.246 0.1000000015
17113  35.563  -57.056  23.611 0.3000000119
8211  38.624  -66.855  30.055 0.1000000015
16208  29.624  -57.711  26.131 0.4000000060
15331  31.524  -58.480  24.951 0.4000000060
14481  33.049  -59.548  23.962 0.3000000119
15349  32.149  -58.638  24.637 0.4000000060
16221  33.350  -57.703  24.797 0.4000000060
17083  32.931  -56.550  25.240 0.4000000060
16220  34.549  -57.634  24.716 0.4000000060
17098  33.964  -56.742  24.692 0.5000000000
17114  35.098  -56.715  24.062 0.3000000119
17115  34.213  -56.137  24.102 0.5000000000
16249  37.399  -57.529  22.559 0.2000000030
16250  36.557  -57.558  22.792 0.1000000015
17979  34.398  -56.084  23.374 0.4000000060
16248  38.306  -57.349  22.499 0.1000000015
17124  38.050  -57.058  22.465 0.1000000015
17126  36.953  -56.924  22.405 0.2000000030
17127  35.812  -56.981  22.869 0.2000000030
16246  40.422  -57.602  22.157 0.1000000015
16247  39.367  -57.508  22.314 0.1000000015
17141  36.595  -56.444  21.923 0.2000000030
16245  41.439  -57.694  22.149 0.1000000015
16265  39.798  -57.036  21.807 0.1000000015
16180  29.271  -57.340  27.889 0.4000000060
16163  29.335  -57.278  28.925 0.3000000119
16192  29.444  -57.304  26.669 0.4000000060
16206  31.284  -57.339  25.470 0.4000000060
16207  30.142  -57.217  25.850 0.4000000060
16205  32.427  -57.410  25.047 0.4000000060
17071  30.174  -56.123  26.030 0.4000000060
17082  33.372  -56.625  24.976 0.4000000060
17950  33.346  -56.288  24.943 0.4000000060
17951  32.820  -55.691  25.151 0.4000000060
17964  33.547  -55.895  24.494 0.5000000000
17980  33.594  -55.678  23.502 0.4000000060
17142  35.479  -56.317  21.789 0.3000000119
17128  34.894  -56.291  22.688 0.4000000060
17985  34.047  -55.739  22.403 0.4000000060
16302  38.643  -57.237  20.363 0.2000000030
16285  38.169  -57.187  20.718 0.2000000030
16283  39.508  -57.172  21.170 0.1000000015
16284  38.687  -57.214  21.261 0.2000000030
15387  45.174  -58.395  21.547 0.1000000015
17042  29.148  -56.357  28.343 0.4000000060
17939  29.658  -55.282  26.698 0.4000000060
17070  31.208  -55.772  25.968 0.4000000060
17938  30.558  -55.211  26.016 0.4000000060
17952  31.800  -55.276  25.621 0.4000000060
17965  32.980  -55.193  24.236 0.4000000060
18862  32.147  -55.009  24.732 0.4000000060
17981  32.663  -55.301  23.261 0.3000000119
17986  33.086  -55.528  22.456 0.4000000060
17170  34.916  -56.247  20.573 0.3000000119
17143  34.450  -56.142  21.618 0.3000000119
17191  39.454  -56.966  19.889 0.2000000030
17192  38.341  -56.898  19.603 0.2000000030
17168  37.410  -56.935  20.945 0.2000000030
17169  36.026  -56.658  20.833 0.2000000030
17165  40.318  -56.971  20.626 0.2000000030
15401  45.276  -58.425  20.771 0.1000000015
15386  45.358  -58.017  21.254 0.1000000015
16260  44.993  -57.601  21.466 0.1000000015
17007  30.018  -55.482  31.148 0.3000000119
17911  29.225  -55.507  28.832 0.4000000060
17895  29.650  -55.327  29.859 0.3000000119
18841  29.458  -54.398  27.408 0.4000000060
18853  30.247  -54.250  26.278 0.4000000060
18854  29.743  -54.451  26.814 0.4000000060
18852  31.028  -54.755  25.771 0.4000000060
18863  31.358  -54.596  25.090 0.4000000060
18899  31.949  -55.060  22.993 0.4000000060
18880  32.150  -54.924  23.825 0.3000000119
18043  34.280  -55.432  19.713 0.3000000119
18044  33.819  -55.399  20.048 0.3000000119
18024  33.386  -55.546  20.530 0.3000000119
18004  32.462  -55.311  21.537 0.3000000119
17987  32.230  -55.306  22.412 0.3000000119
18066  38.043  -55.486  18.369 0.2000000030
17212  37.734  -56.365  18.937 0.2000000030
18041  36.086  -55.730  19.162 0.3000000119
18042  35.211  -55.672  19.395 0.2000000030
17171  33.968  -56.256  20.817 0.3000000119
17144  33.826  -56.130  21.287 0.3000000119
17211  38.771  -56.278  18.948 0.2000000030
17194  36.424  -56.377  19.692 0.2000000030
17893  31.248  -54.366  31.165 0.3000000119
18805  31.768  -53.735  30.600 0.3000000119
17894  30.292  -54.751  30.699 0.3000000119
18807  30.028  -54.412  29.739 0.4000000060
17871  29.873  -55.294  30.568 0.3000000119
20697  29.833  -52.847  27.782 0.3000000119
19765  29.737  -53.430  28.303 0.4000000060
20704  30.353  -52.305  26.302 0.4000000060
19779  29.957  -52.963  27.328 0.4000000060
19792  29.732  -53.891  26.937 0.4000000060
19805  30.592  -53.218  25.863 0.4000000060
19821  30.453  -53.230  24.782 0.3000000119
18882  30.808  -54.027  24.467 0.4000000060
18864  30.685  -54.047  25.390 0.4000000060
19883  32.017  -53.479  20.089 0.3000000119
20785  31.289  -52.701  20.588 0.2000000030
19885  30.944  -53.589  21.113 0.2000000030
19852  30.608  -53.467  22.539 0.2000000030
18901  30.852  -54.149  23.508 0.3000000119
18881  31.495  -54.524  24.190 0.3000000119
19894  34.080  -54.135  19.041 0.3000000119
18942  32.480  -54.848  20.539 0.3000000119
18943  31.642  -54.203  20.731 0.2000000030
18926  31.759  -54.797  21.497 0.2000000030
18912  31.516  -54.791  22.466 0.2000000030
18983  37.321  -54.374  18.207 0.2000000030
18984  36.255  -54.481  18.570 0.3000000119
18985  35.215  -54.621  18.816 0.3000000119
18954  34.966  -55.104  19.037 0.3000000119
17869  32.302  -54.620  31.290 0.3000000119
17853  32.013  -54.798  31.569 0.3000000119
17005  31.595  -55.201  31.523 0.3000000119
20716  30.405  -52.198  25.134 0.3000000119
22695  31.021  -51.067  22.194 0.2000000030
22696  30.590  -50.843  22.670 0.2000000030
20731  30.351  -52.385  24.032 0.2000000030
22715  31.399  -50.673  20.923 0.2000000030
21693  30.792  -52.023  21.625 0.2000000030
20756  30.610  -52.489  22.235 0.2000000030
20743  30.275  -52.481  22.990 0.2000000030
17851  33.815  -55.138  31.304 0.2000000030
16264  40.818  -57.136  21.944 0.1000000015
19917  36.555  -53.702  18.263 0.3000000119
17210  39.845  -56.171  19.042 0.2000000030
9904  32.651  -65.677  27.012 0.3000000119
8286  34.002  -67.386  24.186 0.2000000030
9101  39.189  -66.293  29.591 0.1000000015
9121  33.885  -66.535  27.792 0.2000000030
11514  38.332  -63.809  24.722 0.1000000015
12190  35.627  -62.029  23.737 0.3000000119
17852  32.782  -55.059  31.407 0.3000000119
12187  38.739  -63.087  24.642 0.1000000015
17029  29.246  -56.344  29.381 0.3000000119
13664  34.044  -60.347  23.695 0.2000000030
12895  36.018  -61.473  23.988 0.2000000030
11512  40.464  -63.709  25.292 0.1000000015
8264  32.897  -67.539  26.052 0.3000000119
6823  33.407  -69.293  24.482 0.1000000015
12937  39.676  -61.063  22.738 0.1000000015
7476  34.608  -68.661  27.079 0.2000000030
12205  41.048  -62.395  24.143 0.1000000015
12186  39.731  -63.132  24.793 0.1000000015
13701  37.401  -60.258  22.817 0.1000000015
14496  36.103  -59.502  23.211 0.1000000015
12893  37.443  -62.051  24.208 0.2000000030
13663  34.697  -60.483  23.805 0.3000000119
13662  35.438  -60.479  23.855 0.3000000119
15347  33.763  -58.707  24.688 0.4000000060
16222  32.713  -57.941  24.745 0.4000000060
14497  35.620  -59.780  23.589 0.3000000119
15345  35.229  -58.983  23.968 0.3000000119
16219  35.102  -58.146  24.371 0.3000000119
16191  29.760  -56.737  26.205 0.4000000060
17084  32.040  -56.366  25.704 0.4000000060
16266  38.745  -56.993  22.096 0.2000000030
17140  37.517  -56.722  22.048 0.2000000030
17059  29.236  -56.311  27.250 0.4000000060
17085  31.029  -56.552  25.894 0.4000000060
16303  37.977  -57.147  20.238 0.2000000030
17928  29.158  -55.322  27.833 0.4000000060
18022  34.646  -55.788  19.989 0.3000000119
17195  35.628  -56.299  20.099 0.2000000030
17213  37.084  -56.349  19.198 0.2000000030
18823  29.505  -54.264  28.672 0.4000000060
18822  30.112  -53.786  29.358 0.4000000060
18957  32.758  -54.045  19.764 0.3000000119
18067  36.812  -55.622  18.732 0.2000000030
18806  30.823  -53.990  30.047 0.4000000060
19836  30.456  -53.324  23.724 0.2000000030
20784  31.978  -52.192  20.184 0.2000000030
21710  30.817  -52.421  21.058 0.2000000030
19866  30.863  -53.546  21.600 0.2000000030
19751  30.666  -53.145  29.397 0.3000000119
20668  31.285  -52.561  29.407 0.3000000119
17892  32.029  -54.133  31.044 0.2000000030
18804  32.739  -53.954  30.680 0.2000000030
7532  33.896  -68.462  24.040 0.1000000015
7531  34.760  -68.726  23.103 0.1000000015
7475  36.053  -68.776  27.374 0.1000000015
8310  34.331  -67.696  23.978 0.1000000015
7530  36.061  -68.762  23.284 0.1000000015
17004  35.510  -55.502  30.698 0.1000000015
17850  34.786  -55.363  31.019 0.1000000015
17889  36.265  -55.176  29.836 0.1000000015
17890  35.476  -54.949  30.155 0.1000000015
18786  34.013  -54.539  30.662 0.1000000015
18802  34.807  -54.399  30.293 0.1000000015
18787  33.251  -54.406  30.851 0.1000000015
19747  34.490  -53.606  29.877 0.1000000015
19749  32.456  -53.231  30.116 0.1000000015
19750  31.450  -53.116  30.000 0.2000000030
19748  33.461  -53.463  29.966 0.1000000015
20665  34.187  -52.906  29.524 0.2000000030
20682  30.579  -52.167  28.682 0.2000000030
21581  34.057  -52.023  29.408 0.2000000030
20680  32.633  -52.037  29.278 0.2000000030
20681  31.789  -51.874  29.171 0.2000000030
21595  33.877  -51.298  28.885 0.2000000030
21596  32.787  -51.302  28.762 0.2000000030
21597  31.574  -50.977  28.538 0.2000000030
20696  30.090  -52.403  27.476 0.2000000030
21610  30.450  -51.327  26.644 0.2000000030
21628  30.494  -51.290  24.929 0.1000000015
21594  34.860  -51.425  29.138 0.2000000030
21598  30.674  -50.956  27.681 0.2000000030
22621  30.993  -50.765  25.889 0.1000000015
21618  30.550  -51.441  25.690 0.1000000015
17867  34.418  -54.862  30.704 0.1000000015
17003  36.206  -55.825  30.557 0.1000000015
17865  35.858  -55.383  30.254 0.1000000015
17864  36.518  -55.683  29.987 0.1000000015
18801  35.865  -54.501  29.759 0.1000000015
19746  35.587  -53.650  29.518 0.1000000015
20666  33.171  -52.588  29.609 0.2000000030
19918  35.697  -53.477  18.414 0.2000000030
19920  34.015  -53.505  18.897 0.2000000030
19919  34.668  -53.642  18.711 0.2000000030
19942  36.214  -53.244  18.118 0.2000000030
20838  34.987  -52.265  17.720 0.2000000030
20798  33.375  -52.716  19.175 0.2000000030
20813  35.075  -52.792  18.326 0.2000000030
20814  33.997  -52.727  18.709 0.2000000030
21763  35.269  -52.001  17.162 0.2000000030
20799  32.749  -52.676  19.562 0.2000000030
21738  33.885  -51.488  18.406 0.1000000015
21737  34.514  -52.101  18.167 0.2000000030
21721  33.313  -52.002  19.108 0.2000000030
21722  32.576  -51.448  19.714 0.2000000030
21765  33.998  -50.925  17.894 0.1000000015
22738  33.397  -50.420  18.213 0.1000000015
22724  33.151  -51.022  18.948 0.1000000015
24708  33.188  -48.281  17.216 0.1000000015
23775  33.788  -48.725  16.588 0.1000000015
21580  34.953  -52.320  29.372 0.1000000015
22714  31.920  -50.525  20.312 0.1000000015
23729  32.794  -49.538  18.615 0.1000000015
22725  32.721  -50.392  19.420 0.1000000015
23750  33.282  -49.526  17.527 0.1000000015
24709  32.712  -47.839  17.743 0.1000000015
26553  33.580  -46.215  17.301 0.1000000015
22585  35.635  -50.946  28.552 0.1000000015
22584  36.591  -51.236  28.513 0.1000000015
21593  35.833  -51.934  29.003 0.1000000015
22704  31.076  -50.603  21.595 0.1000000015
21708  31.850  -51.399  20.184 0.1000000015
23714  32.512  -49.471  19.898 0.1000000015
24690  32.506  -48.277  18.454 0.1000000015
26537  33.126  -45.983  17.791 0.1000000015
26538  32.618  -46.483  18.331 0.1000000015
22600  36.352  -50.470  27.926 0.1000000015
22587  33.688  -50.604  28.180 0.1000000015
24659  31.952  -48.374  21.189 0.1000000015
23695  31.090  -49.430  21.669 0.1000000015
25588  32.419  -47.453  21.158 0.1000000015
23704  31.993  -49.338  20.910 0.1000000015
23705  31.559  -50.116  21.112 0.1000000015
26524  32.570  -46.477  20.624 0.1000000015
24667  32.451  -48.449  20.459 0.1000000015
27500  32.404  -45.492  20.071 0.1000000015
25596  32.620  -47.492  20.052 0.1000000015
25601  32.366  -47.452  18.996 0.1000000015
24676  32.562  -48.471  19.434 0.1000000015
28474  32.443  -44.513  19.584 0.1000000015
26528  32.468  -46.471  19.481 0.1000000015
27513  32.501  -45.396  18.869 0.1000000015
22601  35.419  -50.211  27.835 0.1000000015
23686  30.745  -49.586  22.575 0.1000000015
28465  32.747  -44.570  20.730 0.1000000015
27498  32.686  -45.551  21.064 0.1000000015
29413  32.613  -43.732  20.109 0.1000000015
23687  30.563  -50.159  22.983 0.1000000015
21764  34.494  -51.380  17.423 0.1000000015
22762  33.963  -50.545  17.272 0.1000000015
25609  32.522  -47.430  18.236 0.1000000015
27512  32.911  -45.599  18.151 0.1000000015
24660  31.532  -48.516  21.831 0.1000000015
18997  45.392  -54.350  17.224 0.1000000015
19946  45.505  -53.598  16.529 0.1000000015
18107  44.993  -54.867  16.175 0.1000000015
17229  44.836  -55.884  16.718 0.1000000015
17231  43.527  -57.022  16.061 0.1000000015
15452  43.066  -58.254  16.166 0.1000000015
14605  40.843  -59.447  16.166 0.1000000015
18080  45.234  -55.625  17.745 0.1000000015
17230  44.206  -56.356  16.345 0.1000000015
16330  43.996  -56.913  16.900 0.1000000015
20829  44.289  -52.530  17.224 0.1000000015
19934  43.875  -53.320  17.546 0.1000000015
18999  43.401  -54.212  17.998 0.1000000015
18081  45.020  -55.245  18.145 0.1000000015
19954  45.500  -53.435  15.903 0.1000000015
19000  42.236  -54.040  17.822 0.1000000015
18977  43.512  -55.137  18.280 0.1000000015
20827  45.354  -52.876  16.675 0.1000000015
20830  43.355  -52.402  17.382 0.1000000015
22759  42.580  -50.843  17.164 0.1000000015
21775  44.800  -51.344  16.486 0.1000000015
21755  43.847  -51.738  17.122 0.1000000015
22775  43.373  -50.618  16.790 0.1000000015
18998  44.460  -54.276  17.619 0.1000000015
14625  40.758  -59.097  15.673 0.1000000015
4510  30.258  -72.876  38.270 0.1000000015
4519  30.645  -73.152  37.496 0.1000000015
4543  29.204  -72.064  34.595 0.1000000015
4553  29.830  -72.207  34.660 0.1000000015
4554  29.524  -72.061  34.487 0.1000000015
4555  29.002  -72.004  34.050 0.1000000015
4568  29.263  -71.831  34.054 0.1000000015
4635  34.041  -73.038  28.826 0.1000000015
5242  30.522  -71.979  36.007 0.1000000015
5258  28.528  -71.867  33.984 0.1000000015
5268  29.303  -71.460  33.692 0.1000000015
5269  28.881  -71.467  33.510 0.1000000015
5276  35.042  -71.177  32.480 0.1000000015
5278  34.338  -71.660  32.016 0.1000000015
5291  35.204  -71.252  32.146 0.1000000015
5292  34.858  -71.889  31.471 0.1000000015
5956  31.107  -70.989  35.864 0.1000000015
5990  29.570  -70.761  33.300 0.1000000015
5995  35.198  -70.894  32.483 0.1000000015
6063  36.109  -70.419  27.432 0.1000000015
6085  36.349  -70.235  27.113 0.1000000015
6125  29.127  -70.756  23.568 0.1000000015
6641  29.712  -70.542  38.399 0.1000000015
6655  29.750  -70.516  38.154 0.1000000015
6726  35.201  -70.394  30.945 0.1000000015
6807  36.844  -69.888  27.127 0.1000000015
6812  31.128  -69.735  26.111 0.1000000015
6819  31.260  -70.263  25.861 0.1000000015
6845  36.731  -69.244  23.179 0.1000000015
6848  28.187  -69.441  23.669 0.1000000015
6849  27.488  -69.332  23.582 0.1000000015
7490  36.588  -69.678  26.762 0.1000000015
7491  36.352  -69.354  26.781 0.1000000015
7494  33.017  -68.021  25.829 0.3000000119
7502  33.285  -68.370  25.133 0.3000000119
7534  27.723  -68.909  23.803 0.1000000015
8078  27.307  -68.105  39.327 0.1000000015
8112  28.964  -68.018  38.130 0.1000000015
8115  24.771  -66.900  37.982 0.1000000015
8164  36.609  -67.865  33.487 0.1000000015
8185  36.915  -67.619  32.763 0.1000000015
8186  32.086  -68.423  32.988 0.1000000015
8210  38.993  -66.667  30.135 0.1000000015
8222  39.032  -66.666  29.853 0.1000000015
8226  31.875  -67.814  30.108 0.1000000015
8239  35.487  -67.060  28.139 0.3000000119
8273  33.290  -67.712  24.959 0.3000000119
8283  39.626  -67.200  24.432 0.2000000030
8989  26.800  -65.955  36.507 0.1000000015
9023  25.801  -65.645  35.025 0.1000000015
9071  39.141  -65.961  31.009 0.1000000015
9090  38.669  -66.541  30.560 0.1000000015
9111  36.185  -66.560  28.439 0.3000000119
9113  30.360  -66.872  28.704 0.1000000015
9119  35.557  -66.038  28.302 0.3000000119
9122  32.995  -66.245  27.335 0.2000000030
9164  33.007  -66.616  24.754 0.4000000060
9167  27.710  -66.387  24.676 0.1000000015
9790  31.332  -65.791  36.230 0.1000000015
9826  36.398  -65.325  32.732 0.3000000119
9828  32.152  -66.520  33.788 0.1000000015
9838  39.261  -65.553  32.108 0.1000000015
9839  36.706  -65.349  32.293 0.2000000030
9855  37.554  -65.031  31.151 0.2000000030
9857  36.299  -65.461  31.542 0.2000000030
9875  37.081  -65.001  30.834 0.2000000030
9907  27.818  -64.437  26.640 0.1000000015
9923  41.016  -64.730  25.493 0.1000000015
9924  40.859  -64.975  25.463 0.1000000015
9928  27.556  -65.004  25.165 0.1000000015
9929  26.696  -65.086  25.129 0.1000000015
9942  41.197  -64.832  25.362 0.1000000015
9948  36.781  -65.338  24.292 0.4000000060
9953  25.471  -65.574  24.855 0.1000000015
9969  34.057  -65.264  23.859 0.4000000060
10603  36.240  -63.761  35.752 0.3000000119
10628  34.640  -64.369  34.160 0.5000000000
10640  27.224  -64.972  33.349 0.1000000015
10647  39.709  -65.046  32.448 0.1000000015
10651  35.535  -65.382  32.474 0.3000000119
10668  39.507  -65.114  31.857 0.1000000015
10669  39.239  -64.875  31.501 0.1000000015
10675  28.106  -64.767  31.755 0.1000000015
10692  39.043  -64.917  30.569 0.1000000015
10707  39.304  -65.116  30.097 0.2000000030
10708  39.010  -65.008  29.745 0.2000000030
10709  38.202  -65.079  29.707 0.2000000030
10753  41.173  -64.422  25.434 0.1000000015
10755  40.422  -64.858  25.479 0.2000000030
10757  27.252  -64.504  25.510 0.1000000015
10768  42.324  -63.947  24.416 0.1000000015
10783  42.480  -63.928  24.215 0.2000000030
10791  33.025  -64.037  23.908 0.4000000060
11285  40.924  -62.873  41.171 0.1000000015
11396  35.095  -63.941  34.912 0.5000000000
11399  32.624  -63.070  34.293 0.5000000000
11437  33.405  -64.048  31.575 0.4000000060
11439  26.598  -63.724  31.573 0.1000000015
11440  26.012  -63.678  31.365 0.1000000015
11458  25.956  -63.546  30.642 0.1000000015
11460  25.068  -64.176  30.333 0.1000000015
11467  34.624  -63.480  29.375 0.4000000060
11470  25.652  -63.692  29.606 0.1000000015
11486  34.297  -63.761  28.652 0.4000000060
11500  40.861  -64.135  25.516 0.1000000015
11501  40.375  -64.344  25.429 0.1000000015
11528  42.454  -63.914  23.748 0.2000000030
11533  32.948  -63.598  23.964 0.4000000060
11553  43.458  -62.926  22.263 0.1000000015
12018  41.416  -61.686  40.955 0.1000000015
12031  38.310  -61.943  39.139 0.1000000015
12032  37.855  -61.755  39.118 0.1000000015
12047  36.810  -61.852  38.475 0.2000000030
12074  37.491  -63.209  37.098 0.3000000119
12081  35.138  -62.923  36.331 0.4000000060
12087  33.176  -62.724  35.189 0.5000000000
12089  31.790  -62.149  34.339 0.5000000000
12144  33.996  -62.745  29.312 0.5000000000
12166  31.310  -62.376  26.650 0.5000000000
12191  35.136  -61.722  23.663 0.3000000119
12202  43.691  -61.944  23.417 0.1000000015
12208  38.263  -62.484  24.339 0.1000000015
12209  36.265  -63.247  23.751 0.4000000060
12707  41.400  -61.257  41.165 0.1000000015
12727  41.540  -61.158  41.031 0.1000000015
12728  41.341  -61.165  40.715 0.1000000015
12750  38.822  -61.400  39.565 0.1000000015
12789  33.048  -61.872  35.814 0.5000000000
12813  30.776  -60.906  31.612 0.5000000000
12824  31.787  -61.696  30.610 0.5000000000
12826  30.865  -60.683  31.318 0.5000000000
12839  31.964  -61.711  30.086 0.5000000000
12850  32.695  -62.152  29.538 0.5000000000
12851  32.184  -61.968  29.747 0.5000000000
12860  31.623  -62.085  28.595 0.5000000000
12882  30.686  -60.971  26.161 0.5000000000
12911  44.338  -60.708  23.169 0.1000000015
12936  40.527  -61.004  23.071 0.1000000015
12938  38.799  -60.884  22.731 0.1000000015
13465  41.440  -61.021  41.184 0.1000000015
13466  41.305  -60.823  41.215 0.1000000015
13467  40.775  -60.762  41.310 0.1000000015
13480  40.191  -60.559  41.203 0.1000000015
13549  36.664  -58.821  34.017 0.3000000119
13553  30.532  -59.635  33.648 0.6000000238
13559  38.347  -58.976  33.627 0.1000000015
13562  36.991  -59.392  33.450 0.3000000119
13565  30.496  -59.922  32.995 0.5000000000
13571  37.308  -59.073  33.247 0.1000000015
13572  37.288  -59.844  33.090 0.1000000015
13573  37.056  -60.131  33.237 0.1000000015
13574  36.614  -59.861  33.339 0.3000000119
13575  30.416  -61.040  32.038 0.5000000000
13600  31.726  -61.536  30.279 0.5000000000
13601  31.584  -61.173  30.226 0.5000000000
13623  31.664  -61.709  29.541 0.5000000000
13633  30.581  -60.517  27.916 0.5000000000
13653  30.518  -60.228  26.204 0.5000000000
13679  38.024  -61.013  23.061 0.1000000015
13681  36.394  -60.324  23.478 0.1000000015
13682  35.871  -60.397  23.756 0.3000000119
13683  34.212  -60.917  23.592 0.2000000030
13684  33.514  -60.867  23.579 0.4000000060
13685  32.902  -60.952  23.640 0.4000000060
13696  44.350  -60.438  22.611 0.1000000015
13702  36.888  -60.283  23.091 0.1000000015
13790  40.097  -59.385  15.659 0.1000000015
14314  38.156  -60.204  39.243 0.2000000030
14349  41.346  -59.006  36.268 0.1000000015
14358  41.436  -58.928  35.945 0.1000000015
14375  36.887  -59.058  34.327 0.3000000119
14391  37.299  -58.993  32.908 0.1000000015
14400  37.506  -58.629  33.039 0.1000000015
14402  37.173  -60.043  32.827 0.2000000030
14414  29.610  -58.784  30.946 0.4000000060
14428  29.656  -59.055  30.347 0.4000000060
14438  30.263  -59.705  29.098 0.4000000060
14453  30.017  -59.478  27.365 0.5000000000
14478  35.252  -59.747  23.914 0.3000000119
14479  34.894  -59.704  24.131 0.3000000119
14491  44.578  -59.584  23.052 0.1000000015
14498  33.557  -60.115  23.771 0.2000000030
14604  41.800  -59.091  16.081 0.1000000015
14626  40.248  -59.481  15.836 0.1000000015
15190  41.405  -58.604  36.049 0.1000000015
15200  40.817  -58.899  35.139 0.1000000015
15212  31.042  -58.455  34.223 0.5000000000
15225  32.985  -58.257  34.401 0.5000000000
15227  31.525  -57.957  34.098 0.5000000000
15240  29.519  -58.037  32.208 0.5000000000
15302  29.996  -58.974  28.484 0.5000000000
15321  29.976  -58.783  25.975 0.5000000000
15330  32.318  -58.183  24.752 0.4000000060
15333  29.813  -58.051  25.831 0.4000000060
15356  44.727  -59.329  22.838 0.1000000015
15371  43.211  -58.522  22.683 0.2000000030
15453  42.492  -58.604  16.249 0.1000000015
16052  35.133  -57.156  37.419 0.1000000015
16062  34.839  -57.317  37.140 0.1000000015
16068  41.164  -57.557  36.052 0.1000000015
16103  29.457  -57.687  31.840 0.5000000000
16118  29.845  -56.692  31.695 0.4000000060
16204  33.225  -56.995  24.983 0.4000000060
16230  36.245  -58.149  23.187 0.1000000015
16232  35.159  -57.518  24.305 0.3000000119
16263  41.666  -57.215  21.632 0.2000000030
16301  39.229  -57.281  20.668 0.2000000030
16331  43.465  -57.422  16.404 0.1000000015
16985  32.073  -54.980  32.069 0.4000000060
17027  30.649  -54.690  31.314 0.3000000119
17028  30.388  -54.902  31.325 0.3000000119
17072  29.569  -56.336  26.507 0.4000000060
17125  37.759  -57.001  22.408 0.1000000015
17137  40.747  -57.026  21.395 0.1000000015
17138  40.017  -57.018  21.192 0.1000000015
17139  38.093  -56.911  22.249 0.1000000015
17166  39.715  -57.084  20.713 0.2000000030
17167  38.105  -56.855  21.806 0.2000000030
17172  33.559  -56.098  21.001 0.3000000119
17193  37.464  -56.789  19.712 0.2000000030
17207  42.525  -55.856  18.917 0.1000000015
17221  44.970  -56.308  17.317 0.1000000015
17222  44.413  -56.635  17.037 0.1000000015
17786  34.116  -56.194  38.364 0.1000000015
17866  35.168  -55.146  30.508 0.1000000015
17868  33.421  -54.730  31.054 0.3000000119
17870  31.553  -54.772  31.710 0.3000000119
17872  29.789  -55.661  30.484 0.3000000119
17891  34.975  -54.844  30.429 0.1000000015
17937  31.210  -55.234  25.893 0.4000000060
17988  31.793  -55.135  22.149 0.3000000119
18002  33.974  -55.838  21.707 0.3000000119
18003  33.387  -55.733  21.510 0.3000000119
18005  31.983  -55.258  21.871 0.3000000119
18023  34.172  -55.789  20.283 0.3000000119
18025  32.848  -55.476  20.985 0.3000000119
18040  43.435  -56.059  19.116 0.1000000015
18068  35.896  -55.248  18.865 0.3000000119
18082  44.101  -55.008  18.004 0.1000000015
18092  45.239  -55.273  16.840 0.1000000015
18093  44.745  -55.507  16.351 0.1000000015
18785  34.416  -54.620  30.574 0.1000000015
18803  33.792  -54.095  30.404 0.1000000015
18900  31.464  -54.666  23.310 0.3000000119
18911  31.838  -55.112  22.522 0.3000000119
18913  30.972  -54.358  22.754 0.2000000030
18925  32.188  -55.036  21.161 0.3000000119
18941  33.102  -55.076  20.242 0.3000000119
18955  34.493  -54.938  19.096 0.3000000119
18956  33.464  -54.831  19.702 0.3000000119
18978  42.702  -54.903  18.200 0.1000000015
18986  34.610  -54.331  18.889 0.2000000030
19002  40.143  -53.912  17.702 0.3000000119
19003  39.586  -53.844  17.836 0.3000000119
19004  37.875  -53.921  17.778 0.4000000060
19014  45.362  -54.268  16.379 0.1000000015
19764  30.076  -53.300  28.733 0.4000000060
19780  29.704  -53.327  27.663 0.3000000119
19791  30.140  -53.199  26.853 0.4000000060
19851  31.129  -54.176  22.013 0.2000000030
19865  31.166  -54.035  21.238 0.2000000030
19884  31.244  -53.542  20.726 0.2000000030
19895  33.399  -53.500  19.310 0.3000000119
19896  32.717  -53.424  19.648 0.2000000030
19915  38.980  -53.976  18.143 0.3000000119
19916  37.102  -53.660  18.023 0.4000000060
19932  45.400  -53.244  16.844 0.1000000015
19933  44.853  -53.363  17.305 0.1000000015
19939  38.614  -53.480  17.810 0.3000000119
19941  36.701  -53.207  17.898 0.2000000030
20667  32.119  -52.535  29.657 0.2000000030
20683  29.858  -52.856  28.146 0.3000000119
20767  30.713  -52.844  21.671 0.2000000030
20786  30.813  -53.124  21.035 0.2000000030
20812  35.563  -52.957  18.222 0.2000000030
20828  45.049  -52.647  16.836 0.1000000015
20837  35.894  -52.713  17.779 0.2000000030
20841  45.426  -52.727  16.381 0.1000000015
20842  45.005  -52.045  16.468 0.1000000015
20843  36.499  -52.326  17.209 0.3000000119
21582  33.286  -51.857  29.184 0.2000000030
21656  30.357  -51.578  23.294 0.2000000030
21676  30.993  -51.347  22.158 0.2000000030
21677  30.699  -51.630  22.372 0.2000000030
21692  31.045  -51.360  21.829 0.1000000015
21709  31.192  -51.508  20.807 0.2000000030
21754  44.545  -51.894  16.811 0.1000000015
21756  42.999  -51.409  17.208 0.1000000015
21759  39.553  -51.598  17.257 0.2000000030
21776  44.124  -51.223  16.732 0.1000000015
21777  43.586  -51.234  16.935 0.1000000015
22586  34.663  -50.683  28.457 0.1000000015
22620  31.751  -50.160  25.951 0.1000000015
22636  30.849  -50.738  25.116 0.1000000015
22705  30.859  -50.660  22.179 0.2000000030
22739  33.024  -50.350  18.815 0.1000000015
22758  42.984  -50.928  17.071 0.1000000015
22761  34.339  -50.888  16.984 0.1000000015
22778  40.352  -49.922  16.820 0.1000000015
22783  34.783  -50.540  16.404 0.2000000030
22793  36.646  -49.898  15.885 0.2000000030
22795  35.105  -49.430  15.825 0.1000000015
23694  31.599  -48.881  21.356 0.1000000015
23696  30.688  -50.185  22.226 0.1000000015
23728  33.127  -49.855  18.123 0.1000000015
23751  32.673  -48.754  17.809 0.1000000015
23773  36.252  -48.466  16.432 0.1000000015
23782  37.009  -49.247  16.150 0.1000000015
23784  35.669  -48.837  16.167 0.1000000015
23785  35.057  -48.809  15.880 0.1000000015
24729  34.735  -48.042  16.433 0.1000000015
24738  34.864  -48.533  16.085 0.1000000015
25589  31.951  -47.864  21.771 0.1000000015
25627  32.671  -47.070  17.752 0.1000000015
26554  32.958  -46.535  17.606 0.1000000015
26563  36.615  -46.939  16.096 0.1000000015
28464  33.283  -44.113  21.060 0.1000000015
28485  32.975  -44.962  18.193 0.1000000015
28486  32.698  -44.311  18.560 0.1000000015
